2587.078025  
2581.937741  
2582.060088  
2587.970916  
2591.245367  
2588.576714  
2586.217181  
2590.915263  
2584.573323  
2591.021909  
2584.231948  
2580.934163  
2583.955707  
2588.237214  
2589.059156  
2583.319797  
2578.825119  
2581.450613  
2583.565242  
2584.420841  
2581.458154  
2580.786161  
2582.940381  
2587.848593  
2577.702094  
2582.777615  
2583.548886  
2580.913244  
2581.752225  
2585.748782  
2584.200313  
2588.768845  
2593.222427  
2588.878841  
2589.434716  
2585.543191  
2588.159408  
2584.465805  
2589.977596  
2588.5504  
2585.11163  
2588.342868  
2584.152153  
2585.137351  
2583.358109  
2581.156623  
2584.280551  
2580.447471  
2589.030504  
2581.646204  
2588.314893  
2590.719062  
2585.996379  
2586.383617  
2587.57515  
2583.384126  
2579.93244  
2592.672463  
2589.106149  
2588.16699  
2588.291  
2585.549004  
2582.45587  
2581.275065  
2582.386205  
2579.666756  
2576.139446  
2575.333126  
2579.257997  
2575.986226  
2582.651293  
2584.810615  
2591.24155  
2586.654785  
2586.035993  
2583.916743  
2582.574003  
2578.111547  
2585.211103  
2579.77118  
2587.832488  
2587.005021  
2579.185077  
2578.929164  
2579.812224  
2579.783153  
2579.624159  
2573.188201  
2581.820757  
2583.452225  
2577.12016  
2580.361207  
2585.96901  
2581.129026  
2574.425596  
2574.19669  
2576.572318  
2573.79504  
2575.260925  
2578.723279  
2585.756038  
2581.948496  
2590.759194  
2587.108423  
2590.160421  
2590.624911  
2584.443036  
2583.520635  
2589.991466  
2587.453212  
2597.066491  
2591.818078  
2592.321087  
2586.688909  
2583.944101  
2574.127301  
2581.854971  
2576.884197  
2578.314672  
2578.32821  
2577.161182  
2582.808688  
2587.914153  
2587.43518  
2585.946496  
2589.534497  
2586.212444  
2583.042447  
2580.080834  
2575.894685  
2569.094084  
2577.165481  
2575.335377  
2584.092751  
2591.382401  
2589.726677  
2589.223717  
2591.119473  
2589.81806  
2584.687821  
2583.440315  
2582.96296  
2582.564981  
2578.111519  
2578.7926  
2588.689141  
2585.87563  
2591.871343  
2590.411071  
2584.279765  
2585.67483  
2586.961809  
2586.831211  
2583.888193  
2585.745904  
2580.425983  
2591.333553  
2585.300415  
2586.351893  
2588.122702  
2583.39895  
2590.315535  
2581.766719  
2583.495692  
2584.632472  
2583.851124  
2585.974015  
2588.222667  
2589.235351  
2591.203982  
2594.732024  
2595.506043  
2586.667357  
2588.303813  
2587.025614  
2586.562263  
2587.34643  
2588.525108  
2585.83447  
2585.509369  
2580.677616  
2588.865608  
2587.946954  
2586.454499  
2589.278937  
2588.068055  
2591.221363  
2592.711087  
2597.094771  
2590.238784  
2597.554159  
2591.676439  
2592.230433  
2590.687119  
2582.466561  
2589.900782  
2582.702951  
2585.791644  
2584.558627  
2591.304252  
2590.116785  
2589.663022  
2588.902945  
2579.899332  
2585.934043  
2587.245873  
2583.152778  
2578.360705  
2587.861733  
2588.94375  
2582.429884  
2589.227327  
2584.520031  
2585.722722  
2590.32943  
2588.181062  
2584.249344  
2584.807837  
2581.952283  
2580.64805  
2582.312178  
2581.936913  
2585.808928  
2582.99114  
2583.255255  
2588.931903  
2583.064141  
2589.123487  
2590.754708  
2581.744517  
2585.0669  
2582.804256  
2587.989566  
2590.729781  
2586.145825  
2592.578723  
2589.995926  
2597.329119  
2591.721586  
2594.676006  
2597.901578  
2589.67463  
2581.697842  
2583.345064  
2587.508251  
2591.274095  
2591.518049  
2589.786628  
2588.800107  
2587.592542  
2593.930332  
2595.042408  
2596.726076  
2597.528515  
2588.117635  
2592.836244  
2598.208187  
2588.730588  
2588.515578  
2581.039598  
2584.511973  
2582.350526  
2588.378567  
2574.666426  
2576.188355  
2574.687314  
2569.088631  
2573.519365  
2577.453388  
2579.858872  
2587.96892  
2595.292313  
2582.922564  
2582.955734  
2582.478517  
2586.979413  
2577.356015  
2576.971406  
2585.26566  
2585.742915  
2587.305025  
2598.770724  
2592.450255  
2587.11309  
2590.048385  
2583.326175  
2587.651834  
2583.199159  
2585.824272  
2591.12836  
2584.233592  
2583.150185  
2581.298318  
2576.476338  
2577.717247  
2580.333308  
2585.765982  
2588.964662  
2579.938562  
2588.943474  
2588.907766  
2586.368806  
2586.508482  
2588.280706  
2590.22782  
2593.959237  
2587.164472  
2604.53493  
2593.504044  
2575.475986  
2588.333069  
2572.746122  
2585.684588  
2589.689539  
2594.523057  
2589.000064  
2601.190186  
2597.277816  
2580.042895  
2586.296794  
2577.522409  
2577.7862  
2581.100579  
2575.535079  
2581.099071  
2580.189786  
2579.486808  
2589.257065  
2589.382764  
2590.555179  
2589.831953  
2588.968836  
2586.40293  
2592.808948  
2583.209748  
2580.996358  
2582.557269  
2584.692948  
2584.956673  
2582.138523  
2584.97632  
2585.911927  
2590.139787  
2577.79217  
2573.149135  
2582.928119  
2587.204808  
2587.949314  
2592.991994  
2594.119893  
2597.01809  
2594.037821  
2589.502366  
2593.668651  
2589.690068  
2592.132135  
2589.961589  
2589.293769  
2590.022284  
2602.312809  
2587.594101  
2583.740566  
2588.164776  
2590.180625  
2585.022536  
2585.784804  
2578.988873  
2580.106259  
2581.65105  
2586.431461  
2593.523263  
2593.79999  
2595.826419  
2591.11306  
2588.184276  
2594.931353  
2594.932585  
2587.433132  
2591.2442  
2588.319784  
2584.815871  
2579.267221  
2579.480446  
2586.255216  
2589.197316  
2591.59174  
2594.184984  
2591.242029  
2585.712686  
2584.522208  
2585.956204  
2586.155882  
2587.977914  
2593.006825  
2589.297962  
2583.022526  
2587.104501  
2587.294144  
2591.070141  
2594.977188  
2597.27051  
2592.110205  
2602.608164  
2603.778952  
2596.118228  
2592.101571  
2589.662772  
2584.20304  
2587.870981  
2589.373532  
2585.885332  
2585.186275  
2587.296567  
2591.078141  
2585.629398  
2588.250082  
2589.537407  
2592.429914  
2585.238083  
2580.078396  
2580.807078  
2586.04653  
2580.504751  
2580.817752  
2573.461243  
2585.397761  
2588.951519  
2582.872359  
2584.676131  
2584.467875  
2582.913883  
2587.608707  
2590.686864  
2601.852557  
2598.925225  
2594.547255  
2593.785849  
2592.08948  
2598.819427  
2599.690385  
2586.387509  
2590.759049  
2587.006531  
2586.380552  
2592.778388  
2582.945662  
2582.835927  
2582.994415  
2589.551949  
2589.705905  
2592.330034  
2585.070137  
2593.692835  
2589.370533  
2583.019891  
2590.13309  
2583.256681  
2584.546958  
2584.120587  
2593.181333  
2583.577248  
2587.185907  
2585.49117  
2590.075406  
2591.090096  
2592.820668  
2588.026044  
2585.948098  
2596.126952  
2586.840078  
2589.161066  
2581.948496  
2581.626905  
2589.1368  
2593.893517  
2589.536028  
2591.295994  
2589.791122  
2586.065026  
2589.388542  
2586.879129  
2587.225903  
2589.390189  
2584.673239  
2587.350755  
2589.166672  
2591.45621  
2594.343239  
2589.754769  
2589.574829  
2595.319045  
2591.982956  
2593.178452  
2593.969609  
2594.985307  
2593.892396  
2592.754938  
2592.412831  
2601.472298  
2595.968475  
2600.077224  
2587.457329  
2589.071028  
2594.849672  
2587.704337  
2592.186342  
2586.953377  
2594.620049  
2586.128994  
2593.120239  
2596.008341  
2595.418841  
2592.825519  
2597.752817  
2591.531868  
2595.088419  
2590.018062  
2586.349482  
2591.022723  
2588.971569  
2585.31023  
2583.306024  
2588.906628  
2592.144181  
2587.571399  
2586.23124  
2595.568251  
2595.026812  
2595.86721  
2603.197263  
2600.715419  
2605.424935  
2606.431384  
2602.538701  
2606.809083  
2601.927167  
2597.210578  
2600.003651  
2596.07035  
2588.960076  
2593.373135  
2595.125804  
2586.393647  
2587.610618  
2585.17205  
2583.073968  
2581.582856  
2577.45018  
2573.751224  
2580.253795  
2585.764548  
2589.617593  
2590.321665  
2585.808645  
2588.527885  
2583.836893  
2577.510023  
2578.212977  
2586.552963  
2589.117074  
2580.075158  
2591.89847  
2586.046236  
2584.537887  
2583.832514  
2593.609382  
2588.073479  
2592.626217  
2592.577089  
2594.56539  
2595.100718  
2587.850156  
2585.965416  
2591.122031  
2589.955048  
2594.852532  
2585.500809  
2589.943903  
2585.291631  
2587.813531  
2584.593949  
2590.360673  
2594.072821  
2586.853085  
2595.649584  
2591.081932  
2590.62432  
2595.162231  
2590.929646  
2600.561243  
2597.670519  
2601.250661  
2600.348375  
2598.591045  
2600.092029  
2598.708499  
2596.691721  
2598.397308  
2594.607841  
2587.546119  
