8891.903914  
8844.68469  
8794.558563  
8789.36136  
8802.28165  
8804.867752  
8788.556531  
8781.585773  
8767.212902  
8774.17697  
8771.124761  
8761.067311  
8753.029669  
8757.577509  
8773.508844  
8776.675616  
8780.56126  
8786.706451  
8752.427594  
8787.463734  
8763.789215  
8768.352344  
8774.963188  
8762.253463  
8743.387896  
8737.624045  
8733.802069  
8725.324625  
8730.67069  
8726.101099  
8729.914295  
8737.655605  
8754.754569  
8762.611087  
8769.450685  
8765.746568  
8776.460957  
8770.747692  
8759.103567  
8761.781711  
8761.27647  
8777.885909  
8787.226526  
8784.538299  
8777.204364  
8780.783116  
8770.546016  
8777.293207  
8761.853529  
8744.640727  
8755.493085  
8774.009823  
8782.176375  
8784.0535  
8776.765413  
8766.528306  
8749.433552  
8734.592817  
8736.205902  
8735.994471  
8740.16331  
8745.261916  
8754.031707  
8750.516234  
8769.727613  
8770.267864  
8756.939083  
8744.697649  
8773.620304  
8742.55253  
8758.872878  
8763.891272  
8774.600428  
8782.547981  
8763.706806  
8759.807521  
8764.911102  
8761.905276  
8762.579144  
8741.63059  
8733.51658  
8742.171456  
8749.949207  
8769.444782  
8724.572451  
8729.740877  
8732.03035  
8725.025602  
8737.475957  
8710.372113  
8707.162705  
8735.301157  
8726.221946  
8714.070396  
8726.206491  
8724.140043  
8729.913193  
8709.946947  
8734.205288  
8711.614231  
8721.720033  
8730.683281  
8741.141499  
8732.951983  
8740.133335  
8742.028015  
8748.507692  
8753.008628  
8731.770146  
8706.490717  
8720.545985  
8724.665443  
8731.884083  
8721.993523  
8730.290408  
8719.381799  
8748.361831  
8752.355836  
8769.588795  
8761.248201  
8771.532595  
8778.177506  
8790.35918  
8777.896419  
8788.281414  
8779.05412  
8777.708531  
8765.438889  
8788.869009  
8780.703791  
8769.014059  
8754.757476  
8743.440837  
8769.222373  
8730.506016  
8733.608067  
8737.08412  
8726.708323  
8744.849534  
8732.15941  
8746.175925  
8767.118824  
8772.057564  
8759.088339  
8775.66523  
8762.239037  
8776.503562  
8773.838794  
8753.844308  
8766.211081  
8764.849995  
8748.131022  
8766.633447  
8758.704071  
8760.811126  
8772.829571  
8767.903429  
8769.654392  
8752.406259  
8761.041441  
8763.177997  
8784.412714  
8788.026501  
8789.633355  
8781.888275  
8783.106844  
8776.399591  
8777.380537  
8752.045827  
8757.220404  
8748.00936  
8756.688164  
8747.59894  
8754.648489  
8743.747513  
8742.941814  
8768.291105  
8784.421483  
8778.142231  
8768.695934  
8742.575172  
8763.088436  
8785.600721  
8786.011368  
8778.186043  
8781.062605  
8795.248285  
8782.737074  
8787.097373  
8788.940506  
8786.478223  
8784.602923  
8787.165091  
8785.573313  
8799.196556  
8803.317791  
8794.868949  
8778.350521  
8753.958514  
8770.430532  
8751.966759  
8760.841162  
8760.876539  
8770.665763  
8767.99449  
8754.275952  
8679.536349  
8745.249177  
8770.500009  
8782.863231  
8781.195828  
8786.637534  
8779.704838  
8779.411996  
8775.607073  
8767.586338  
8728.444618  
8726.082913  
8744.542931  
8737.243085  
8742.507342  
8744.147042  
8751.30889  
8754.904524  
8759.059309  
8754.930974  
8763.393734  
8790.651361  
8778.077847  
8793.912222  
8802.085992  
8771.832888  
8764.314606  
8768.030432  
8788.586283  
8814.701912  
8802.95547  
8790.711463  
8782.284981  
8798.187481  
8808.435497  
8795.80377  
8777.111637  
8770.1673  
8782.825755  
8762.110038  
8741.335638  
8694.650951  
8687.991909  
8700.434001  
8693.195079  
8715.677543  
8741.844167  
8756.95524  
8765.143865  
8759.987749  
8735.712483  
8721.446636  
8738.951422  
8740.779666  
8757.003534  
8769.453105  
8773.351073  
8748.317133  
8730.169119  
8709.003369  
8686.531875  
8677.112096  
8687.275664  
8697.532419  
8710.471718  
8733.501956  
8720.55076  
8712.880521  
8705.033709  
8704.395145  
8716.067151  
8689.048189  
8708.936358  
8698.962051  
8742.802002  
8773.04176  
8767.426066  
8764.788382  
8749.057771  
8757.117412  
8700.015101  
8685.495209  
8710.442618  
8702.155782  
8716.989636  
8708.944794  
8712.330891  
8722.33795  
8706.846603  
8701.214629  
8736.204035  
8742.430456  
8744.944382  
8739.460018  
8721.510093  
8742.658766  
8740.764558  
8726.677677  
8719.056226  
8730.816621  
8740.532387  
8774.183975  
8769.000337  
8750.736718  
8759.090977  
8722.969413  
8728.383174  
8722.79278  
8753.276459  
8743.261463  
8761.441602  
8734.166587  
8725.279949  
8726.771476  
8716.784927  
8709.320112  
8734.791422  
8742.505261  
8752.592078  
8752.263121  
8760.587026  
8780.353357  
8767.890661  
8751.990781  
8771.060986  
8757.871469  
8767.342327  
8757.801077  
8742.139436  
8762.343109  
8759.854268  
8746.332147  
8756.754471  
8752.504611  
8781.226596  
8758.609519  
8763.970859  
8706.509866  
8669.776489  
8732.208489  
8702.662181  
8712.114976  
8714.448127  
8720.825854  
8732.523879  
8707.473692  
8694.416461  
8733.482692  
8737.807799  
8741.228862  
8737.026489  
8729.915817  
8735.634664  
8727.89213  
8711.177689  
8725.124865  
8715.691123  
8724.083  
8732.779148  
8725.877286  
8719.228409  
8708.936107  
8741.131867  
8739.867422  
8738.607922  
8751.390593  
8769.576364  
8772.628311  
8729.709547  
8751.943177  
8748.004002  
8742.698412  
8732.633739  
8739.419988  
8744.265359  
8704.189861  
8705.06512  
8701.888447  
8674.766446  
8687.673233  
8701.808949  
8705.596512  
8721.568848  
8715.597004  
8704.73169  
8696.135465  
8689.179946  
8696.103699  
8690.07982  
8703.859596  
8696.972779  
8693.910886  
8710.584256  
8709.305302  
8738.572023  
8722.148377  
8727.80138  
8747.719929  
8706.641127  
8704.39842  
8658.554043  
8669.098202  
8659.253536  
8670.889631  
8663.285136  
8687.626059  
8687.994019  
8698.193077  
8708.050973  
8714.784585  
8704.87156  
8719.119869  
8715.799388  
8732.549649  
8727.265698  
8750.732524  
8735.860359  
8730.204158  
8724.854706  
8726.550603  
8735.018196  
8709.651937  
8704.854027  
8690.316543  
8716.620394  
8719.521384  
8733.577555  
8748.174717  
8744.079968  
8748.103248  
8775.710022  
8766.643492  
8776.287513  
8774.914189  
8780.963429  
8767.163003  
8740.253478  
8726.09186  
8718.095794  
8708.122652  
8708.37343  
8722.705406  
8742.498121  
8737.571393  
8754.612033  
8744.01293  
8759.816017  
8763.24427  
8760.747996  
8753.713576  
8768.592484  
8734.410581  
8739.186044  
8741.516107  
8729.384364  
8740.621465  
8740.432673  
8743.313321  
8754.076958  
8780.45676  
8777.867133  
8760.201183  
8767.371404  
8764.717089  
8793.957627  
8804.609618  
8793.766725  
8770.0753  
8763.964158  
8772.000026  
8773.209128  
8775.915747  
8781.235918  
8774.416107  
8764.977835  
8789.05324  
8784.412498  
8791.430242  
8797.252087  
8799.819601  
8810.25502  
8802.643161  
8790.084621  
8787.359414  
8776.681525  
8794.853234  
8797.29395  
8796.327709  
8804.319292  
8806.151206  
8788.668298  
8782.506214  
8796.444629  
8813.610755  
8813.020474  
8805.640299  
8801.294203  
8812.285139  
8818.297718  
8820.369443  
8783.532036  
8768.513001  
8775.975051  
8777.136881  
8797.327931  
8779.13953  
8771.203802  
8771.792985  
8773.377544  
8795.720453  
8788.324106  
8790.195867  
8802.084621  
8793.851019  
8789.531998  
8780.016422  
8776.508573  
8784.281284  
8782.42112  
8775.657954  
8797.276677  
8804.255586  
8828.53474  
8818.470944  
8810.850537  
8807.69321  
8815.56292  
8805.04598  
8798.573907  
8810.163293  
8792.823457  
8780.704928  
8771.597979  
8769.75578  
8772.346542  
8771.084062  
8780.221488  
8775.828432  
8782.309094  
8762.838332  
8742.416129  
8734.87372  
8729.000891  
8741.086285  
8753.202538  
8758.8876  
8751.711495  
8782.254167  
8772.567891  
8761.36737  
8750.31071  
8758.526444  
8761.325313  
8757.532627  
8778.919629  
8780.940902  
8773.656208  
8785.647192  
8788.968111  
8768.174584  
8767.893575  
8773.682833  
8775.750175  
8780.044098  
8777.690663  
8762.767445  
8752.481866  
8730.292555  
8723.865044  
8716.934745  
8727.52415  
8734.231527  
8752.003521  
8740.590869  
8758.953981  
8761.176693  
8765.000145  
8788.255783  
8784.37697  
8758.183255  
8771.964071  
8774.734288  
8775.903332  
8760.60044  
8727.869578  
8717.05291  
8724.751902  
8726.599968  
8721.551105  
8728.479391  
8749.283548  
8737.894769  
8745.536242  
8734.766859  
