2642.334096  
2648.131521  
2655.925515  
2660.842279  
2660.221397  
2649.648074  
2643.27151  
2643.736219  
2637.573886  
2644.921616  
2650.191965  
2655.504058  
2656.906577  
2662.717991  
2645.27848  
2640.945855  
2636.356867  
2635.631409  
2636.909835  
2633.109459  
2645.978456  
2647.132159  
2652.969014  
2657.289578  
2650.529518  
2641.357167  
2643.464744  
2629.943514  
2639.716906  
2642.449016  
2643.643794  
2652.711149  
2651.369236  
2645.180283  
2649.586697  
2636.946153  
2640.023775  
2651.865922  
2647.197723  
2653.344051  
2661.939674  
2656.24026  
2651.659668  
2653.518592  
2642.584163  
2643.395232  
2644.866156  
2638.646876  
2656.533648  
2649.36296  
2654.14861  
2656.980548  
2659.165368  
2649.599294  
2646.668571  
2643.204556  
2631.573175  
2637.549251  
2641.945886  
2645.966942  
2643.980194  
2652.333146  
2650.436567  
2639.34581  
2648.065764  
2635.257944  
2636.481319  
2639.616717  
2639.676039  
2648.893769  
2640.114474  
2657.403368  
2664.629807  
2656.840191  
2649.093746  
2638.468559  
2634.061559  
2632.355267  
2630.079384  
2633.061815  
2646.611855  
2650.277316  
2645.119103  
2652.873967  
2655.379525  
2645.484947  
2644.892852  
2630.629184  
2649.198142  
2636.894659  
2647.811862  
2652.199531  
2652.466076  
2649.90439  
2642.582383  
2635.111197  
2636.884403  
2635.762741  
2638.742783  
2647.290491  
2642.106023  
2647.187087  
2657.796396  
2655.275617  
2656.615578  
2644.302218  
2637.076329  
2634.457973  
2636.182438  
2631.836438  
2636.482752  
2643.237215  
2644.215297  
2660.407542  
2657.899243  
2659.57039  
2648.11947  
2646.97098  
2641.586759  
2628.148935  
2632.619297  
2630.25254  
2626.677237  
2648.404395  
2645.893268  
2653.765932  
2656.901136  
2662.752652  
2655.909141  
2648.332205  
2637.955552  
2648.678147  
2631.401162  
2631.900902  
2631.88394  
2623.872424  
2641.225956  
2645.067876  
2651.790118  
2654.475252  
2657.070159  
2653.646009  
2651.318515  
2638.664405  
2632.357621  
2633.773887  
2626.865544  
2633.789396  
2646.0108  
2642.209895  
2655.9115  
2653.751313  
2651.684211  
2644.963256  
2630.938868  
2636.258957  
2639.57435  
2628.706155  
2640.971212  
2640.780669  
2659.87267  
2651.996389  
2648.235373  
2637.906208  
2645.424554  
2639.701057  
2637.172644  
2647.92261  
2650.724864  
2648.430134  
2654.927201  
2644.949631  
2648.778478  
2645.154778  
2650.507512  
2647.600364  
2640.816304  
2642.627441  
2636.544297  
2639.402662  
2642.371241  
2649.937147  
2644.754467  
2648.60761  
2644.34614  
2633.971364  
2643.240827  
2651.237207  
2651.176821  
2653.556259  
2649.310156  
2635.83745  
2633.367382  
2631.577653  
2621.24337  
2623.749998  
2636.435404  
2641.356353  
2644.255349  
2656.097608  
2642.156549  
2637.610054  
2637.271146  
2627.407339  
2641.090172  
2634.364575  
2647.315232  
2643.303412  
2647.258452  
2650.495076  
2644.737178  
2643.473923  
2637.640506  
2634.276945  
2641.096074  
2640.749544  
2654.640449  
2647.056595  
2638.781356  
2637.903422  
2632.767115  
2635.934114  
2643.229449  
2649.191052  
2650.972495  
2660.275186  
2649.523227  
2642.318305  
2638.717069  
2638.469658  
2636.253116  
2638.003475  
2638.747794  
2656.379291  
2653.198222  
2652.853779  
2647.33706  
2647.992282  
2637.567126  
2641.265288  
2641.895893  
2641.932526  
2639.5969  
2645.257233  
2652.452713  
2653.516549  
2659.327732  
2657.570903  
2675.601658  
2666.885426  
2677.084602  
2671.891579  
2664.419421  
2650.543611  
2650.228511  
2642.557068  
2647.393709  
2650.973522  
2651.064136  
2658.116129  
2659.150573  
2653.324631  
2651.221131  
2634.254957  
2640.405653  
2634.125809  
2631.336546  
2637.134583  
2639.201735  
2649.404651  
2657.527172  
2644.720713  
2646.937012  
2640.876882  
2638.381544  
2634.040248  
2639.934664  
2635.319089  
2645.848217  
2635.305479  
2642.138184  
2658.810752  
2643.62587  
2646.171625  
2642.764309  
2635.182568  
2633.976629  
2646.498574  
2643.766511  
2648.782748  
2644.969171  
2644.428575  
2636.258823  
2646.108647  
2656.372002  
2659.297828  
2654.103773  
2658.871283  
2642.683241  
2640.457464  
2630.052878  
2637.49975  
2630.254801  
2652.088738  
2661.909938  
2666.881843  
2660.625465  
2669.350577  
2640.048994  
2631.556645  
2652.169677  
2653.055168  
2678.322672  
2666.583099  
2674.120701  
2658.142177  
2659.865314  
2664.938529  
2635.529123  
2649.091068  
2650.716314  
2656.657508  
2662.169731  
2652.108572  
2642.227574  
2649.896588  
2637.919699  
2637.764255  
2641.424963  
2657.057872  
2659.544624  
2658.18274  
2662.420684  
2652.707466  
2645.03443  
2631.62902  
2635.029486  
2636.059538  
2635.382666  
2632.08206  
2644.492629  
2652.315345  
2667.278949  
2645.575765  
2646.611768  
2659.43321  
2655.948969  
2661.59853  
2665.152263  
2664.260477  
2668.904987  
2658.935353  
2671.601342  
2651.725781  
2641.9619  
2645.610758  
2647.289483  
2655.105607  
2646.031644  
2664.939048  
2666.351995  
2663.42485  
2653.61649  
2650.526345  
2632.796039  
2646.287118  
2637.718544  
2652.409436  
2649.468046  
2646.406864  
2650.298851  
2645.598737  
2641.511709  
2634.530306  
2634.565339  
2645.890357  
2647.062996  
2652.63994  
2661.226679  
2648.878793  
2651.235063  
2647.940019  
2634.915889  
2646.66446  
2654.514612  
2649.398545  
2659.38123  
2646.311314  
2653.275619  
2648.600523  
2662.625327  
2663.558833  
2674.780737  
2670.701688  
2667.478688  
2652.496582  
2663.606837  
2659.858687  
2664.873795  
2660.795361  
2653.833691  
2671.312274  
2680.296401  
2679.235695  
2658.936401  
2667.322162  
2650.069703  
2656.256666  
2650.064454  
2664.570374  
2665.250179  
2672.658399  
2675.813012  
2676.807025  
2663.71123  
2653.323418  
2652.368029  
2651.971873  
2658.480834  
2668.544131  
2666.578359  
2650.401543  
2644.943329  
2650.817012  
2641.064832  
2656.928197  
2661.996776  
2647.530952  
2658.23698  
2664.250758  
2665.864565  
2675.32211  
2669.287885  
2668.329853  
2668.533334  
2674.243632  
2663.829713  
2656.763946  
2655.791401  
2647.405172  
2645.970955  
2660.283921  
2649.545502  
2652.224406  
2659.984208  
2648.845752  
2645.076966  
2646.711157  
2644.194223  
2653.328362  
2658.081591  
2660.801582  
2658.647945  
2652.652976  
2649.868845  
2643.872607  
2642.06593  
2653.083065  
2645.648565  
2661.158647  
2653.369612  
2657.651796  
2657.945547  
2647.37447  
2646.891853  
2643.083964  
2634.811516  
2642.890136  
2641.005755  
2639.276177  
2635.992882  
2642.484533  
2658.907646  
2658.753192  
2653.484188  
2649.884932  
2643.707433  
2637.220548  
2640.299865  
2640.229069  
2638.978053  
2643.678095  
2642.298953  
2652.834609  
2646.507131  
2640.94782  
2650.213388  
2651.398361  
2642.625543  
2656.745749  
2643.07131  
2651.429342  
2648.661258  
2645.721622  
2638.897568  
2647.125847  
2653.401848  
2652.387226  
2649.655799  
2652.6758  
2649.412932  
2655.988539  
2659.321027  
2659.338613  
2643.452234  
2642.219664  
2655.53995  
2643.896801  
2653.350336  
2654.340196  
2651.801557  
2652.105631  
2655.698431  
2656.092482  
2649.167991  
2643.798784  
2643.353318  
2634.863211  
2641.449914  
2637.970319  
2638.844893  
2647.38936  
2642.525804  
2647.134732  
2653.251643  
2653.75663  
2663.590408  
2668.274459  
2666.72065  
2661.309844  
2666.525524  
2680.90655  
2674.839419  
2669.951456  
2663.882551  
2644.125319  
2643.935693  
2641.026627  
2647.827279  
2657.009222  
2679.791239  
2668.009065  
2667.058137  
2671.182425  
2664.992077  
2647.937811  
2628.413866  
2631.7946  
2641.490305  
2650.759066  
2651.501271  
2661.583878  
2659.635799  
2659.89922  
2651.333662  
2642.261319  
2639.605995  
2637.398292  
2640.06723  
2642.486715  
2652.33393  
2650.240245  
2638.003143  
2641.866603  
2643.15818  
2652.4175  
2650.570728  
2662.567333  
2655.787787  
2653.526472  
2651.956959  
2641.716569  
2638.280081  
2642.680628  
2641.158097  
2646.07382  
2639.881892  
2639.296721  
2639.239313  
2643.042059  
2649.308627  
2641.06373  
2641.634074  
2642.040755  
2642.946443  
2655.501533  
2656.42927  
2649.778844  
2661.883665  
2661.184655  
2675.308232  
2681.673681  
2676.720275  
2676.383971  
2672.175733  
2665.340831  
2657.827926  
2657.780146  
2651.07234  
2650.170436  
