5286.230322  
5275.53834  
5276.566266  
5283.937658  
5287.072825  
5276.218641  
5278.86144  
5278.63344  
5285.275984  
5292.242862  
5296.197875  
5293.730992  
5288.10998  
5288.699979  
5275.844753  
5273.260038  
5278.743107  
5277.789403  
5273.966805  
5275.077779  
5270.780085  
5272.759402  
5274.072509  
5277.283642  
5273.195933  
5269.163453  
5272.994461  
5276.991329  
5280.400523  
5274.624541  
5277.56893  
5278.608104  
5282.389531  
5275.878732  
5271.653477  
5261.538956  
5261.964269  
5268.518832  
5273.185493  
5277.424732  
5278.861095  
5276.414131  
5271.353051  
5277.887803  
5288.250775  
5282.800026  
5273.262726  
5266.576781  
5266.9538  
5263.301391  
5271.435355  
5286.318448  
5288.512407  
5284.901686  
5279.362014  
5286.695814  
5289.750943  
5291.944832  
5288.49873  
5284.876592  
5276.256508  
5281.706866  
5284.856907  
5288.819329  
5284.852732  
5285.517394  
5274.817483  
5266.218886  
5268.735216  
5279.341882  
5289.147483  
5292.307519  
5288.90998  
5280.434994  
5274.993631  
5278.748143  
5279.64754  
5274.085086  
5273.389514  
5281.643032  
5280.642138  
5282.543174  
5285.852716  
5284.232797  
5287.301912  
5281.908554  
5280.453738  
5277.507283  
5277.641158  
5271.642217  
5267.528076  
5268.223845  
5270.952956  
5277.396849  
5274.565638  
5274.144391  
5267.48792  
5274.024784  
5274.048313  
5278.017663  
5281.716908  
5285.30299  
5282.698323  
5278.341039  
5278.235699  
5275.63491  
5276.070142  
5282.479335  
5271.180584  
5268.366318  
5278.299714  
5275.141546  
5281.43985  
5280.050682  
5285.350547  
5283.955484  
5273.547315  
5284.513044  
5280.727777  
5284.18284  
5287.676192  
5281.771288  
5280.050594  
5277.523035  
5279.027777  
5279.824178  
5286.08202  
5287.270656  
5282.700221  
5275.510892  
5265.407269  
5267.643117  
5266.677646  
5274.15628  
5272.44449  
5266.866736  
5275.67082  
5279.63426  
5279.028356  
5278.297016  
5277.822926  
5271.78111  
5261.993375  
5259.42695  
5262.914505  
5268.462977  
5276.106676  
5272.673676  
5276.304324  
5274.446093  
5279.115279  
5283.7314  
5290.152595  
5285.963125  
5285.672448  
5282.962233  
5279.131683  
5274.462284  
5276.996631  
5281.39928  
5284.547226  
5285.069052  
5288.562607  
5290.182355  
5286.931513  
5292.546518  
5282.924942  
5275.393904  
5275.359515  
5272.22723  
5275.14002  
5288.122524  
5291.556116  
5292.585101  
5291.571207  
5292.491389  
5291.544993  
5296.788493  
5296.280201  
5291.818245  
5278.823403  
5277.968676  
5267.885316  
5266.569356  
5270.791423  
5272.578292  
5268.043109  
5257.927749  
5258.179387  
5258.835603  
5262.00906  
5262.690959  
5265.616819  
5259.645426  
5265.615241  
5269.33517  
5268.461205  
5270.574497  
5263.919798  
5264.319699  
5253.153585  
5249.55472  
5256.884397  
5264.448577  
5278.776305  
5285.018165  
5283.676847  
5287.287287  
5281.209984  
5275.031095  
5267.517621  
5262.564565  
5255.750073  
5257.770019  
5265.011116  
5272.07296  
5274.787847  
5273.709452  
5274.177039  
5263.55305  
5267.608289  
5270.969029  
5273.247023  
5283.82878  
5279.082095  
5273.172368  
5280.100859  
5277.439475  
5282.18551  
5281.00602  
5283.537545  
5289.055456  
5280.977352  
5282.927433  
5281.006665  
5288.812606  
5291.262023  
5288.727745  
5286.313659  
5284.472928  
5287.036302  
5282.18466  
5276.673304  
5268.585301  
5270.132479  
5268.33177  
5269.611965  
5284.123046  
5279.537124  
5284.405892  
5290.869111  
5292.168431  
5292.371832  
5281.35126  
5283.055025  
5275.292249  
5270.307527  
5271.659692  
5273.30748  
5275.776658  
5271.550531  
5268.692783  
5263.942967  
5261.917019  
5266.973176  
5272.62804  
5273.953887  
5276.477656  
5282.746462  
5291.632924  
5290.812626  
5295.963502  
5286.834799  
5279.143943  
5274.819605  
5269.561345  
5267.771633  
5263.172899  
5268.12809  
5265.42075  
5269.200642  
5274.117584  
5272.331601  
5274.48905  
5274.47618  
5271.936647  
5270.454457  
5272.880737  
5277.744253  
5278.693489  
5288.568316  
5286.31322  
5290.175295  
5292.66627  
5290.980538  
5288.001805  
5273.071288  
5264.329029  
5264.682271  
5262.642571  
5263.172939  
5259.731328  
5259.956811  
5258.747776  
5265.22607  
5268.020735  
5269.785902  
5269.101582  
5270.792951  
5270.474474  
5272.72444  
5271.443519  
5274.395776  
5268.669062  
5267.857368  
5268.356968  
5262.625121  
5263.181708  
5267.67783  
5270.59361  
5274.042325  
5270.974845  
5269.215069  
5267.627796  
5263.279309  
5264.918517  
5259.830036  
5257.254127  
5261.630484  
5258.927663  
5259.124159  
5267.240495  
5267.941932  
5256.124407  
5255.485509  
5254.708402  
5262.912987  
5264.168536  
5267.367999  
5268.321193  
5266.417117  
5264.452893  
5267.08704  
5277.549122  
5272.248971  
5270.213944  
5267.640332  
5269.164395  
5263.239641  
5260.160768  
5261.410349  
5259.447051  
5265.028738  
5269.763817  
5271.928674  
5267.111364  
5260.863126  
5256.136227  
5257.535154  
5258.883772  
5255.355752  
5259.850577  
5260.405382  
5262.656532  
5268.653049  
5264.323871  
5263.111541  
5264.752911  
5263.570038  
5268.541532  
5269.997984  
5273.484265  
5288.36446  
5284.683891  
5278.002844  
5275.622369  
5276.713547  
5276.711604  
5278.90459  
5272.091148  
5264.805675  
5255.903735  
5250.441281  
5250.779738  
5264.940717  
5267.75169  
5275.855208  
5275.954357  
5271.641399  
5276.8838  
5278.494142  
5282.571486  
5265.392207  
5267.299308  
5267.485014  
5286.048846  
5281.997876  
5277.495587  
5263.538639  
5265.036654  
5260.714778  
5251.365221  
5253.938311  
5258.012089  
5259.288675  
5259.364691  
5253.26516  
5243.887333  
5253.602803  
5245.128949  
5243.085016  
5243.401428  
5244.483778  
5245.641814  
5247.810098  
5240.166644  
5233.021971  
5222.833209  
5220.947918  
5222.923123  
5226.59017  
5227.494693  
5225.644799  
5219.949561  
5227.716742  
5217.931792  
5225.923013  
5227.192296  
5225.536358  
5223.362507  
5224.431459  
5220.865612  
5222.452982  
5220.514547  
5234.757702  
5226.686337  
5221.440357  
5213.938086  
5222.601925  
5232.773362  
5225.049755  
5221.719321  
5224.782896  
5236.514296  
5245.782857  
5230.445022  
5225.691063  
5216.416935  
5214.858613  
5212.467345  
5216.789518  
5226.808101  
5227.713297  
5222.386865  
5242.532004  
5230.54834  
5225.43561  
5237.730929  
5245.519508  
5251.373269  
5250.091182  
5250.534528  
5249.835895  
5233.652606  
5210.892971  
5203.492585  
5212.430671  
5229.818264  
5230.78035  
5255.595507  
5248.64919  
5244.443859  
5241.359455  
5243.535195  
5247.68435  
5251.897129  
5251.193453  
5245.598996  
5240.324124  
5248.790851  
5246.673023  
5252.800183  
5249.447796  
5247.749123  
5255.322871  
5249.829369  
5244.355883  
5241.14599  
5234.942288  
5233.346851  
5228.359112  
5233.906928  
5241.305277  
5245.091661  
5255.562056  
5257.775817  
5255.0954  
5254.789887  
5261.299172  
5263.951336  
5271.624795  
5272.625178  
5267.837216  
5255.768145  
5244.500355  
5235.290881  
5236.100634  
5244.710149  
5239.260313  
5246.138147  
5240.414559  
5247.904155  
5257.237784  
5259.606784  
5256.836103  
5245.802336  
5239.619226  
5236.569306  
5239.801506  
5250.869569  
5252.625968  
5252.955795  
5253.92428  
5257.718367  
5258.151368  
5262.110685  
5256.514106  
5246.560602  
5236.617099  
5237.75659  
5238.666878  
5250.039405  
5255.413804  
5257.045987  
5252.242391  
5249.017806  
5240.679121  
5244.636861  
5251.063249  
5259.844375  
5265.057071  
5254.6044  
5252.910125  
5244.727352  
5241.114573  
5237.182982  
5238.379222  
5241.512271  
5246.273197  
5254.936208  
5254.453167  
5253.835442  
5246.840601  
5242.479658  
5238.626685  
5245.755027  
5242.86681  
5246.318153  
5246.06177  
5250.333474  
5252.156086  
5250.150802  
5247.133015  
5249.721764  
5245.872788  
5239.765247  
5247.072406  
5249.876396  
5260.137482  
5258.513457  
5267.281768  
5271.543569  
5260.286648  
5255.025408  
5250.283691  
5235.689874  
5245.43495  
5242.031479  
5241.647105  
5249.561456  
5257.839085  
5268.938373  
5270.987162  
5261.445968  
5251.427144  
5240.520284  
5234.264446  
5237.868739  
5238.937465  
5240.188819  
5247.34822  
5257.760182  
5259.929436  
5263.524833  
5255.229606  
5252.331578  
5244.303169  
5244.803463  
5252.206645  
5249.654911  
