-0.3248522362  
-0.1488569773  
-0.4840987951  
-0.1764749929  
0.2110496302  
-0.02490402397  
-0.403579191  
-0.2538302781  
-0.3813856975  
0.2157268945  
1.066765542  
0.4767173961  
0.0009433260962  
0.2785128385  
0.6154882636  
0.5848059465  
0.5741332548  
1.00080284  
0.8931513014  
0.8847984975  
1.089052945  
0.4717423789  
0.3047091061  
0.009721843464  
-0.2965666342  
-0.4273958123  
-0.5142522825  
0.06114590059  
0.04898525527  
0.1313956688  
0.02414320934  
-0.0706415118  
-0.24050615  
-0.200862039  
-0.287932108  
-0.4691018404  
0.0177515031  
0.3564312302  
0.4356125963  
0.5664069032  
0.6177936864  
0.334725392  
0.06254603817  
-0.2150002576  
0.08252650839  
-0.04157198775  
-0.4610140529  
-0.814573075  
-0.8662083371  
-0.6112140695  
0.06025033637  
0.364523168  
0.6479844023  
0.5322343787  
0.9066585157  
0.8596841258  
0.6733157427  
0.7559337612  
0.9285553686  
0.7663658949  
0.8925659044  
1.113174828  
1.070603109  
0.8667614913  
0.988965579  
0.5908035961  
0.3380513105  
0.2831770712  
0.5337047393  
0.7639068789  
1.083888882  
0.9344891982  
0.6274666709  
0.4938476448  
0.7531819676  
0.6130416785  
0.8616944286  
0.7019498094  
0.8351199744  
0.9665322712  
0.4008176133  
0.3621064675  
0.1061123072  
0.05142244326  
0.1092255153  
0.02914528355  
0.1581531371  
0.2520455628  
0.482559877  
0.1894458824  
-0.01763457804  
-0.1046356929  
0.06115086414  
-0.3104717078  
-0.08995047953  
-0.21055441  
-0.3716643907  
0.245331928  
0.1856785333  
0.1950567449  
0.2963245615  
0.5756787474  
0.2992068616  
-0.3226097544  
-0.06364452705  
0.1966348939  
0.0731408038  
0.4234331013  
-0.002001697928  
-0.101415781  
0.3469268099  
0.3413708812  
0.5901728929  
0.3810033237  
0.5541797618  
0.6851677369  
0.3836914274  
0.424984834  
0.7531787396  
0.3930187951  
-0.179622697  
-0.2422559855  
0.1631169777  
0.1311151407  
0.1130001461  
0.6509752031  
0.5156556345  
0.619431685  
0.6470964118  
0.2533706071  
-0.4495096367  
-0.1306543373  
-0.427479095  
-0.05744905902  
-0.01939328941  
0.002971459168  
-0.03349000841  
0.2181577304  
0.2763098085  
0.2231818057  
0.1834208743  
0.07695536147  
-0.5595145545  
-0.2441849463  
0.01711964063  
-0.250714253  
-0.1732208463  
-0.0448845973  
-0.1068066805  
-0.2082357189  
-0.06106850796  
0.1810633393  
0.4978525414  
0.3973342467  
0.7494472292  
0.08154085837  
0.0623168078  
-0.1361271122  
0.0371954725  
0.3643866108  
-0.1113642064  
0.4053177041  
0.4561547733  
0.4584455928  
0.6838749674  
0.9712440469  
1.655191515  
1.191391094  
1.101986135  
1.412073554  
1.237218694  
1.239516386  
1.456112526  
0.7867744781  
0.7186586518  
1.087583134  
1.069139461  
0.8883853189  
1.072717965  
1.118355133  
0.8987969826  
0.351882624  
0.1752864432  
0.1910899995  
0.1389091248  
-0.08402029189  
-0.08894601222  
-0.3851213669  
-0.2760060363  
-0.1511451383  
-0.1391726418  
0.5173237807  
0.3069785472  
0.2017498922  
0.6207388418  
0.6802674955  
0.3963527978  
-0.001592136046  
-0.02934727201  
-0.343252528  
-0.7057618844  
-0.5826785062  
0.3108045855  
0.4034047595  
0.7538592851  
0.7030201057  
0.5971765669  
0.4190692094  
0.6104702938  
0.4165303796  
0.1821120727  
-0.1810737446  
-0.2847654873  
0.1474324977  
0.1795164083  
0.3847256756  
0.4046324288  
0.5728614327  
0.06512014788  
0.01068038254  
-0.04773603462  
0.1369185718  
0.5473541081  
0.2443065516  
0.05271180618  
-0.09632140245  
0.1075649378  
0.05312561316  
0.3603110641  
0.5516816721  
0.7183421858  
0.8294218598  
0.4686014707  
0.8636643951  
0.6498721356  
0.9035057686  
1.000467809  
0.9863706415  
1.024609584  
0.8835157803  
1.196649309  
1.395924395  
1.046775123  
0.8596677499  
0.8079414037  
0.116991901  
-0.1213326791  
0.3660898525  
-0.153731171  
0.0150036048  
0.4637704777  
0.7685461746  
1.015826301  
0.6909495464  
0.6877953128  
0.5534558663  
0.7812696716  
0.6801095591  
0.4298480534  
0.06332715457  
-0.4546692314  
-0.4231784417  
-0.5639901855  
-0.2446051696  
0.2101033536  
0.1809357531  
0.234577582  
0.03486718261  
0.2716532907  
-0.08169120261  
-0.0223614916  
-0.01328285978  
-0.2428623627  
-0.3659109491  
0.02928756218  
0.3558679828  
0.1366004843  
0.3232610436  
-0.09305689295  
-0.4205287962  
-0.1064781713  
0.2934168895  
-0.04130308258  
0.2695876908  
-0.09678729325  
-0.5683899767  
-0.5142806315  
-0.4255012597  
-0.1561274101  
-0.01352310765  
0.2131729545  
0.3641830089  
0.6310440729  
1.210782292  
0.6364396143  
0.5716717238  
-0.1549145388  
-0.589926266  
-0.6477621783  
-0.8962221398  
-0.5093505781  
-0.6783628766  
-0.1069123114  
0.4316805286  
0.7913412994  
0.680614562  
0.8922797058  
0.3173647596  
0.2670955641  
0.05543590886  
-0.2924392226  
-0.2447439094  
0.1700838508  
0.8205758217  
0.862828962  
0.4414025743  
0.4808581934  
-0.2764329237  
-0.04348986124  
0.008643680684  
-0.002018874207  
0.3602135427  
0.004736729247  
0.01692134884  
0.3561248193  
0.1491803045  
-0.2261557838  
-0.5203288685  
-0.2693392691  
0.1044362081  
0.002743006561  
0.1505360352  
-0.05637113278  
-0.4783930661  
-0.4267992072  
-0.5955847687  
-0.3001952278  
-0.06818762316  
-0.2205550273  
0.1803416977  
0.3275178056  
0.240745652  
-0.0005110351507  
0.3878413364  
-0.330590908  
-0.5793742022  
-0.6021555583  
-0.6311198909  
-0.2343831174  
-0.4248287114  
-0.04635725815  
-0.1068203141  
-0.03620028803  
-0.2605409342  
-0.1809361953  
-0.1903742834  
-0.2811921837  
-0.6302846339  
-0.554736592  
-0.7692740391  
-0.5784010347  
-0.3305478497  
-0.302794448  
-0.1270816972  
-0.2792362109  
-0.04755383544  
-0.06506786931  
0.2538651782  
0.1993888697  
0.1254446284  
0.2116450178  
0.2857950479  
0.7495159994  
1.011364757  
0.6148605316  
0.9283886396  
0.9826865778  
0.6293131949  
0.5281008881  
0.2928385907  
0.0891646733  
-0.4477419928  
-0.6467742708  
-0.9193081912  
-0.04808951798  
0.158235042  
0.1320257818  
0.4776492477  
0.05090772722  
0.3689759723  
1.036779323  
0.9279652619  
0.8800285398  
0.5114142551  
0.6920177218  
1.567423677  
1.254552336  
1.030340095  
0.1995989046  
0.5168592138  
0.1565234293  
-0.3836376789  
-0.5597418954  
-0.2347723004  
-0.3535570909  
-0.6799649069  
-0.04512697939  
-0.4903538214  
-0.7083489613  
-0.9730509621  
-0.8158059267  
-0.8974885387  
-0.8564272929  
-0.8806797648  
-1.010981171  
-0.9495840792  
-1.161539347  
-1.446451495  
-1.335602259  
-1.837873942  
-1.274543776  
-1.06023483  
-0.9617160378  
-0.8126555397  
-0.1847927526  
0.09687076088  
-0.05790939089  
-0.1719935649  
-0.4927339059  
-0.7781681289  
-1.242124885  
-2.091216487  
-1.767350564  
-1.686269465  
-1.103851016  
-1.059597272  
-0.8273280281  
-0.8204438137  
-0.6598781121  
-0.5696532985  
-1.02886926  
-1.590803472  
-1.561086501  
-0.3893189923  
0.3808888465  
-0.4459358503  
-0.3188447269  
-0.4644858062  
-0.7406247343  
-0.7475788101  
-1.566509101  
-1.326101982  
-2.132198414  
-2.24885822  
-0.7536655836  
-0.09839698514  
-0.0104367522  
0.5925086748  
0.6302057934  
0.7183516333  
0.7083703687  
0.7075204235  
0.8442172389  
0.07609112271  
-0.8635798637  
-1.309383992  
-0.7152596755  
-0.5739982234  
-1.150785045  
0.1365955193  
0.1688869699  
-0.5000875164  
-0.5215462038  
-0.3066012099  
-0.2902859563  
-0.1189210926  
-0.6402249332  
-0.9015094543  
-1.160958432  
-0.916806022  
-0.4128567253  
-0.2483826787  
0.1390489244  
0.3775176413  
0.5415222139  
0.01149471965  
-0.3624105941  
-0.4027819777  
-1.035233831  
-1.093723622  
-0.9408193467  
-0.6900156179  
-0.1051691776  
-0.2576609156  
-0.2361736854  
0.01889710451  
0.1769490828  
-0.01736770941  
-0.1635646995  
0.1528234475  
0.1975090738  
0.257348172  
0.3211141305  
-0.3742777157  
-0.7114917309  
-1.005915093  
-0.7203637849  
-0.737961205  
-0.8028059638  
-0.9512792647  
-0.7918591944  
-0.3909505808  
-0.4582423692  
-0.2808723907  
0.09987434078  
-0.8213092866  
-0.8995172081  
-1.01804835  
-0.3220404244  
-0.3599569791  
-0.1351578401  
-0.4245776827  
-0.07947899279  
-0.2215183557  
-0.2433442654  
-0.0241197414  
-0.08945239647  
-0.3086661202  
-0.4659853816  
-0.8737732288  
-0.2834311443  
-0.4145144198  
-0.3148329936  
-0.3913357842  
-0.5745445689  
-0.314445974  
-0.3267365464  
-0.09565065066  
-0.1352546657  
0.02484031572  
-0.3809356532  
-0.6531940573  
-0.496855375  
-0.515805035  
-0.7486402927  
-1.008176713  
-0.542365931  
-0.07984268321  
0.1949611311  
-0.005254576429  
0.1994566197  
-0.450918528  
-0.1906599298  
-0.7787992965  
-0.753182434  
-0.6453085133  
-0.05244517444  
0.1370396019  
-0.327626932  
-0.1341521148  
-0.2014747526  
-0.3780148205  
-0.3930949273  
-0.7620608781  
-0.8997115145  
-1.021958732  
-0.3569423217  
0.1775326788  
0.102235203  
0.3368359326  
0.3059913011  
0.2844889359  
-0.02116293175  
-0.3474595841  
-0.5447968069  
-0.8276018556  
-0.1266420612  
0.08889724002  
0.2509544838  
0.4734856174  
0.5766050847  
0.5962190929  
0.5972304104  
0.1869506751  
-0.09959963055  
-0.4761173598  
-0.9065119154  
-0.4409402967  
-0.6680944679  
-0.6034033508  
-0.0306310589  
-0.4743671746  
-0.3983285733  
-0.5866931228  
-0.7447912806  
-1.160707309  
-1.653503898  
-1.74147655  
-0.7029265129  
-0.6066061681  
0.7952623084  
-0.07649300992  
-0.6571621476  
-0.631192316  
-0.1935301178  
-0.3660285962  
-0.2359624608  
-0.323844233  
-0.1239803499  
0.102935367  
0.1272172996  
-0.214273676  
-0.8170882844  
-0.7304629045  
-0.5695659728  
-1.054642677  
-0.8611013042  
-0.8632616177  
-0.7397978454  
-1.029225281  
-0.6874782484  
-0.6285901577  
-0.5066678762  
-0.357674638  
-0.05360275627  
-0.3307470853  
-0.743065837  
-0.7633030642  
-0.9495780799  
-1.076601664  
-0.6516418279  
-0.2670374418  
0.01701808836  
0.07813461851  
0.4329161609  
0.3134107756  
0.1330389109  
-0.5804395748  
-0.8916737051  
-0.6797114161  
-0.6443177648  
-0.4409802636  
-0.06235775742  
-0.2391065056  
0.06909726676  
-0.3002217429  
-0.0393600576  
0.09077291624  
-0.1543869818  
-0.009049157478  
-0.2703535933  
-0.1631328478  
0.01331605628  
-0.0008488584065  
-0.02844658811  
-0.2025950925  
-0.1720356445  
-0.05113889772  
-0.1859231758  
-0.3283940321  
-0.4742374688  
-0.5955413721  
-0.3726982346  
-0.152436959  
-0.2779348231  
-0.2419206745  
-0.4612724052  
-0.4342913301  
-0.4253756876  
-0.3634618099  
-0.1389871537  
-0.1275610006  
-0.04024452682  
0.1195377268  
-0.07476757839  
-0.5734413282  
-0.5926215285  
-1.068329367  
-0.7300748119  
-0.9027224449  
-1.015933614  
-0.865492848  
-0.9447811661  
-0.9862254237  
-0.4324301621  
-0.3416765415  
-0.2543019959  
0.06563071444  
0.312312141  
-0.307634865  
-0.4403553306  
-0.8716942076  
-0.7022191663  
-0.7257176542  
-0.8282154322  
-0.7514808936  
-0.5578523639  
-1.078046247  
-0.5602899706  
-0.2106364246  
-0.3972827087  
-0.4334568568  
-0.1780124696  
-0.2043890125  
-0.4496143758  
-0.7296423641  
-0.7584339304  
-0.7959450684  
-0.7561140272  
-0.7065006057  
-0.4506283326  
-0.1045233938  
-0.1334672433  
-0.1288693066  
0.02078963266  
-0.4835538637  
-0.09236836161  
-0.004293786382  
-0.1446228137  
-0.4706693248  
-0.2539144262  
0.006932537032  
0.07479548028  
-0.2730182061  
-0.361667298  
-0.7589090931  
-0.4280315296  
-0.6378687236  
-0.5331751584  
-0.5220004686  
-0.4061137029  
-0.4481878176  
-0.1173203319  
0.2348170155  
0.01431282329  
-0.05831914915  
-0.2179356646  
-0.6371567603  
-0.6345660606  
-0.3422757818  
-0.5414661593  
-0.1760015822  
-0.08142055953  
-0.2681653363  
-0.1282015998  
-0.08709119361  
-0.1200447351  
-0.09627876052  
-0.2124727594  
-0.1994294319  
-0.2354130092  
-0.02696367055  
-0.02742158435  
-0.2602205519  
-0.2740028281  
-0.292642094  
-0.5185868885  
-0.4890122656  
-0.5364864011  
-0.6046166329  
-0.2297645192  
0.1069199789  
0.07568616494  
-0.05335021108  
0.2188337342  
-0.09817235745  
0.2203528706  
0.4220903843  
0.7628599772  
0.711469387  
0.9200597479  
0.8317931025  
0.8398153459  
-0.02491980601  
-0.4537135365  
-0.8224648355  
-0.7110984585  
-0.7643885959  
-0.6713031317  
-0.7178904641  
-0.622491992  
-0.6358681056  
-0.04956331552  
0.1444651272  
-0.1657702848  
0.1727573135  
-0.4693637365  
-0.1432418518  
-0.5205092939  
-0.4639534316  
-0.1468421357  
-0.3966385613  
-0.4412187839  
-0.2541138052  
-0.5747836612  
-0.6941529901  
-0.7714235761  
-0.5428306091  
-0.2697064621  
0.08087605617  
0.3260557636  
0.3206665501  
0.1874660072  
-0.3925287203  
-0.4774258141  
-0.8478831929  
-0.3509416575  
-0.2066242495  
0.01311940983  
0.3920095294  
0.5185826901  
0.5847302652  
0.4984710958  
0.9026772931  
0.843640722  
0.3310568734  
0.1000266574  
0.09142620978  
-0.1643455742  
-0.2170196904  
-0.4094622243  
-0.4384246543  
-0.6393943849  
-0.9912842689  
-0.567688369  
-0.3132878659  
-0.1834173115  
-0.2973381606  
-0.1703321616  
-0.233253012  
-0.1220911565  
-0.294291211  
-0.340920252  
-0.3934613479  
-0.08248654628  
0.225722364  
0.2207343768  
0.114423475  
0.147361125  
0.2804219269  
1.035985382  
1.498165977  
0.8717941519  
1.251087205  
1.683021523  
2.078212127  
1.733067902  
0.6494380881  
0.4409746018  
0.1944285105  
0.09994876277  
0.04367522974  
0.4881843082  
1.340439576  
0.5764034602  
0.6552147746  
0.4281463881  
0.1972239174  
0.3357579911  
-0.1671960807  
0.01641346617  
-0.573716698  
-0.6020936335  
-1.396145319  
-1.218975129  
-1.711631587  
-1.869120048  
-2.099383626  
-2.242458019  
-2.055646189  
-1.237481794  
-0.6204917026  
-0.7011772276  
-0.5697018302  
-0.8900138939  
-1.268256637  
-1.482124348  
-1.265515355  
-1.579166837  
-1.337073225  
-1.002469034  
0.4609226442  
0.3353513898  
0.6153298185  
-0.1044838215  
-0.3615346998  
-0.02236606301  
-0.6288090452  
-0.3027033835  
-0.377145999  
0.1108001763  
0.1467572047  
-0.5613992548  
-0.7410695792  
-0.7502194883  
-0.8061773703  
-0.4932753003  
-0.04533693594  
-0.5008628932  
-0.2623221163  
-0.8140099528  
-0.8053697194  
-0.7996087446  
-0.7350524478  
-0.7291672163  
-0.2557003791  
-0.2701803313  
0.6936987579  
0.3182638818  
-0.230339343  
-0.2775013306  
-0.4179018881  
0.2520204434  
0.7726162051  
1.567281493  
1.552640726  
1.556696351  
1.092879068  
-0.01888148949  
-0.1542356743  
-0.5734508471  
-0.1947303941  
0.1225689102  
0.4902434289  
0.1486101602  
-0.3386280044  
-0.9037425361  
-0.8247305191  
-1.007759726  
-0.811007481  
-0.4611243697  
0.02568790423  
0.5823452464  
0.5785721507  
-0.3970086912  
-0.5593844999  
-0.6432821938  
-0.7320586991  
-0.5983627819  
-0.3175854168  
0.3000328093  
-0.2947110268  
0.5857452089  
-0.319120216  
-0.1825573591  
0.3383351827  
0.5305130291  
0.7862102252  
0.8257425498  
1.10736155  
1.481366094  
1.273771182  
0.7597484898  
1.115981079  
0.5645807323  
0.8570992848  
0.9622500089  
1.090174601  
0.9911718453  
1.138505863  
0.8568689118  
0.1571533372  
-0.06742472632  
-0.1390629004  
-0.190794857  
-0.5475899368  
-0.857734598  
-0.513834739  
-0.08391208725  
-0.4541589368  
0.1081116724  
0.2057381453  
0.3135283457  
-0.002363697683  
-0.9717614283  
-0.721834365  
-0.7565631022  
-0.4814756768  
-0.6979772064  
-0.08209994077  
-0.2786852311  
-0.7731567645  
-0.6275282956  
-0.7023098488  
-0.4813111404  
-0.4309205269  
-0.1362095135  
-0.06217549025  
-0.04177887788  
-0.3886259267  
-0.6686859274  
-0.7860119956  
-0.4283534382  
0.1238771774  
-0.3509102455  
-0.4536180395  
-0.437746256  
-0.5327840602  
-0.2521019716  
0.09502740465  
0.1427135109  
-0.1203083174  
-0.2102754867  
0.6598749151  
0.4218809061  
0.4533574608  
0.3341085622  
-0.08403967587  
0.1122995122  
0.05890421195  
0.6627940168  
0.7504082861  
0.6769016509  
0.6780820807  
0.5658929714  
0.4736822665  
0.1357124261  
0.1314082131  
0.02480133613  
-0.3019356326  
-0.6885326378  
-0.7221347158  
-0.9377517795  
-0.8357899641  
-1.589486451  
-0.567992056  
-0.06075230761  
-0.3115921067  
0.0467648788  
0.3226000807  
0.7121193984  
0.6927165703  
1.103723665  
1.737380208  
1.325383233  
1.558600635  
1.369333799  
1.19386922  
0.7693546377  
0.5809073377  
-0.09341803229  
0.127472802  
-0.04535484857  
0.5654971156  
0.9714040539  
0.7061671867  
0.4095333323  
0.4066216224  
0.2095818441  
0.4455904934  
0.4554199332  
0.3322703142  
0.2390432447  
0.1961113468  
-0.004630468237  
-0.1195218322  
-0.4292522363  
-0.1199776644  
-0.1729512574  
0.09777987151  
0.3085268754  
0.6456476661  
0.465611639  
0.1037968623  
-0.23187567  
0.03646562009  
-0.4473869771  
-0.4490329209  
-0.06803085178  
-0.3029049203  
-0.02038804777  
0.2323371588  
0.3000514633  
0.3424830614  
0.3132859966  
0.6408651835  
0.5881313318  
-0.03815851823  
0.02270193947  
0.2777408538  
0.1011035026  
0.2741719841  
0.6919252257  
0.4374084414  
0.7000019852  
0.7808931835  
0.6652350762  
0.7010594147  
0.6057585592  
0.4498975446  
0.5276320717  
0.09137915485  
0.50341753  
0.2998010912  
0.4050035703  
0.6290829772  
0.4178407159  
0.3556267392  
0.2960532413  
0.6026611481  
0.4944456083  
0.2819671433  
0.7054713065  
0.5259423858  
1.056612188  
0.9799636027  
0.6042217285  
0.7117074386  
0.2927504726  
0.4115664431  
0.01491421891  
0.2246494624  
0.1040827496  
0.3283482205  
0.464568595  
0.3850981961  
0.1986620428  
0.1132156239  
-0.1348359678  
-0.02062296701  
0.1122639651  
0.2346965723  
0.2100461178  
-0.02936582331  
-0.03645059175  
0.5478746706  
0.5107210851  
1.208527769  
1.633473557  
0.9475038425  
1.629536253  
1.95346075  
1.788285244  
2.176369177  
2.293594161  
2.371953295  
2.032428578  
2.139874599  
1.79978119  
1.551527184  
1.281733753  
1.161153897  
0.1486082824  
0.001150383174  
-0.1198879898  
-0.2135530336  
-0.11015833  
-0.3806923776  
-0.6161442773  
-0.07948665926  
0.1090105935  
0.5365891043  
0.349760174  
0.4533757143  
0.140713716  
-0.3159068225  
-0.5219012734  
-0.4435760978  
-0.2681634271  
0.2781289714  
0.4421702043  
0.464995871  
0.6614161116  
0.7365757308  
0.05957338678  
-0.1579426068  
-0.4312443852  
-0.6670206344  
-0.351388557  
0.1924771776  
0.2173647047  
0.1362127541  
0.01379441652  
0.1950316872  
-0.07866721679  
0.02183166389  
-0.008248350321  
-0.07942706234  
-0.1229603519  
-0.4467299081  
-0.1148234948  
0.2663866927  
0.3034255735  
0.8468910724  
0.8790760946  
0.7702199427  
1.022528526  
2.072116758  
1.891974535  
1.957792727  
2.062410703  
2.355439824  
2.292354123  
1.461832273  
1.208245365  
0.9161619562  
0.7097959393  
0.5773433352  
-0.02694035121  
-0.5369573069  
