2469.482669  
2475.233353  
2481.134881  
2485.345231  
2479.275945  
2481.00675  
2475.025533  
2490.252928  
2484.14837  
2488.912155  
2491.563623  
2491.742792  
2485.356102  
2497.389663  
2481.76049  
2487.182149  
2482.069882  
2471.545031  
2478.037623  
2474.162997  
2488.474275  
2481.627735  
2490.532126  
2492.409104  
2482.692208  
2474.161718  
2477.330367  
2481.592855  
2475.861726  
2477.831394  
2487.58129  
2487.691477  
2491.674301  
2490.774279  
2483.995386  
2479.775747  
2488.916194  
2489.75609  
2493.851795  
2494.791277  
2501.999949  
2502.612823  
2491.763699  
2490.646146  
2492.887437  
2489.029399  
2488.135981  
2484.534965  
2498.908894  
2487.136124  
2498.759187  
2495.11019  
2491.280041  
2488.606984  
2484.001031  
2488.437619  
2474.694293  
2483.285169  
2481.224903  
2484.641373  
2487.530579  
2488.252093  
2492.222833  
2487.771046  
2475.727396  
2481.372147  
2484.150793  
2483.62662  
2485.703828  
2483.609881  
2500.450454  
2502.218683  
2501.415865  
2493.120236  
2485.06462  
2482.042431  
2473.701769  
2477.624757  
2476.345521  
2475.080352  
2490.067245  
2491.581427  
2471.531918  
2494.449009  
2480.910033  
2483.178712  
2486.329357  
2478.596006  
2491.097877  
2488.039402  
2487.72689  
2495.098946  
2491.668403  
2488.104882  
2476.00595  
2470.640766  
2475.511762  
2483.385263  
2488.131539  
2485.872589  
2490.945236  
2490.064546  
2493.384032  
2499.340039  
2486.778222  
2488.467958  
2487.493304  
2475.098327  
2475.696542  
2482.208774  
2481.020824  
2495.069916  
2500.905328  
2489.253119  
2498.252057  
2487.509021  
2490.29174  
2483.955592  
2482.6553  
2471.610882  
2473.044331  
2476.845451  
2483.811868  
2494.389812  
2487.348543  
2493.794543  
2504.361131  
2499.417636  
2484.046013  
2483.432447  
2479.669721  
2470.18123  
2470.016621  
2479.170841  
2480.635147  
2469.623062  
2485.464798  
2486.75394  
2483.851498  
2490.878854  
2492.059031  
2490.07741  
2481.304511  
2482.415995  
2471.817097  
2487.376588  
2485.300572  
2480.916705  
2481.942065  
2481.180374  
2487.427664  
2492.815593  
2481.539635  
2473.494382  
2489.833677  
2472.936219  
2475.768017  
2483.984727  
2485.603428  
2493.747618  
2492.355061  
2489.437663  
2482.294189  
2480.900883  
2479.416103  
2480.489342  
2485.612064  
2482.470503  
2489.916503  
2489.126009  
2481.312122  
2476.722899  
2470.258884  
2468.923322  
2479.553936  
2481.955577  
2489.31875  
2478.194952  
2491.772643  
2487.843616  
2480.87844  
2495.602277  
2486.01354  
2485.050489  
2480.567226  
2477.647705  
2480.144632  
2498.529808  
2494.788459  
2494.69854  
2488.245808  
2483.152773  
2466.839298  
2455.151819  
2462.707355  
2463.618842  
2472.423338  
2483.63903  
2490.632907  
2502.722067  
2486.708595  
2483.373634  
2479.072363  
2464.957233  
2471.806067  
2479.52597  
2506.482631  
2478.016041  
2488.652796  
2489.093185  
2482.206671  
2485.628672  
2478.784298  
2483.973247  
2481.889947  
2483.433341  
2485.172905  
2484.171361  
2478.281338  
2476.108032  
2471.074016  
2472.603393  
2480.224129  
2487.705422  
2495.31308  
2496.571441  
2483.225163  
2477.698272  
2472.17027  
2470.662534  
2473.010965  
2469.136505  
2486.045862  
2496.686361  
2489.246096  
2484.057284  
2479.604046  
2472.804816  
2462.47481  
2463.501812  
2482.771645  
2477.305662  
2467.554549  
2472.688685  
2483.367784  
2486.035197  
2488.87586  
2479.761114  
2484.539207  
2499.98102  
2494.589219  
2505.435404  
2506.509597  
2485.601818  
2488.701268  
2487.158194  
2496.157165  
2477.377349  
2493.063821  
2488.619982  
2481.609573  
2483.13297  
2476.016847  
2476.984159  
2479.878485  
2475.899301  
2473.873849  
2480.424088  
2484.933199  
2483.244253  
2492.974483  
2494.512771  
2487.884278  
2484.995977  
2470.355583  
2473.499926  
2480.032926  
2472.3096  
2494.577147  
2474.807365  
2473.800257  
2488.432069  
2486.719672  
2478.265479  
2478.445669  
2478.616287  
2480.439382  
2493.998775  
2480.068039  
2488.556904  
2474.757284  
2475.801606  
2474.777393  
2491.334052  
2490.161706  
2499.267872  
2492.520104  
2493.416897  
2475.482532  
2475.788863  
2472.262216  
2478.778715  
2469.513794  
2487.985345  
2481.902724  
2502.867094  
2492.234797  
2493.070027  
2474.934719  
2477.226464  
2488.700472  
2477.704178  
2492.738886  
2500.683907  
2490.568895  
2480.790948  
2490.412788  
2479.174744  
2465.861423  
2477.738098  
2476.892955  
2493.113352  
2489.732513  
2490.602234  
2469.273547  
2470.750025  
2471.428145  
2481.216515  
2474.933657  
2491.800114  
2490.396578  
2487.396232  
2494.155265  
2490.339276  
2478.257062  
2464.037623  
2484.918651  
2478.795394  
2477.851752  
2475.505455  
2484.603685  
2482.453737  
2497.417207  
2477.662264  
2496.743419  
2480.914782  
2477.92556  
2479.637106  
2494.658937  
2499.857847  
2499.834447  
2467.407168  
2484.457521  
2469.964582  
2459.561898  
2479.9396  
2478.697326  
2488.767249  
2475.980973  
2493.274948  
2486.698798  
2479.980371  
2488.950374  
2479.45108  
2471.267561  
2473.019716  
2471.642672  
2480.51469  
2486.242303  
2490.725525  
2495.464859  
2484.462862  
2473.238767  
2478.465495  
2469.284416  
2474.287322  
2478.279988  
2484.171525  
2484.913941  
2491.881437  
2478.892773  
2474.195869  
2470.734665  
2476.984798  
2488.221466  
2486.919987  
2494.893705  
2490.571999  
2489.331659  
2485.588813  
2485.72162  
2495.831867  
2505.004703  
2495.941788  
2485.76884  
2491.950347  
2489.768245  
2498.204946  
2503.854434  
2485.740746  
2493.25808  
2496.248214  
2517.57447  
2517.501619  
2502.595819  
2478.453668  
2483.678688  
2478.510962  
2481.931045  
2488.184701  
2489.044773  
2492.256845  
2504.485928  
2498.569632  
2479.343702  
2484.070351  
2474.249691  
2490.334365  
2487.934607  
2486.48225  
2489.402707  
2481.168125  
2481.234141  
2473.232237  
2483.962723  
2497.859249  
2493.742824  
2480.380763  
2485.047251  
2492.498541  
2495.303389  
2499.219638  
2501.546539  
2497.342759  
2495.008922  
2487.925916  
2488.84724  
2487.32789  
2485.636571  
2482.263449  
2478.064608  
2472.679785  
2489.721462  
2484.30469  
2475.507208  
2466.687069  
2475.577759  
2468.668159  
2478.118852  
2477.921815  
2494.32185  
2497.510758  
2490.047869  
2487.273958  
2477.41791  
2473.029681  
2472.257673  
2492.783883  
2484.516847  
2491.547682  
2485.798771  
2491.514336  
2482.277769  
2490.957096  
2482.54282  
2476.835526  
2468.080326  
2471.663776  
2475.940399  
2480.27279  
2479.108196  
2477.029666  
2486.183087  
2481.831964  
2485.011363  
2487.08427  
2480.453404  
2468.871566  
2469.424074  
2462.567791  
2466.358985  
2472.715156  
2476.775977  
2475.958368  
2482.482448  
2477.879622  
2479.452606  
2491.366252  
2487.781499  
2489.275575  
2483.508883  
2481.099536  
2475.154141  
2482.578628  
2480.983213  
2481.491534  
2486.696079  
2486.681506  
2490.322547  
2487.592885  
2474.719526  
2481.459173  
2487.245364  
2483.045922  
2479.448704  
2484.823543  
2484.685911  
2481.910904  
2478.659704  
2475.247886  
2474.572288  
2483.688497  
2478.435711  
2484.283688  
2481.80162  
2473.596072  
2469.776469  
2469.527763  
2473.908275  
2473.495166  
2476.547323  
2480.894879  
2466.572456  
2482.294352  
2491.638142  
2487.409335  
2499.361202  
2488.014812  
2491.014102  
2495.499524  
2503.78716  
2500.697782  
2511.663063  
2505.15401  
2492.679123  
2473.811841  
2465.111508  
2474.763621  
2469.077709  
2482.71312  
2483.533761  
2500.323423  
2507.032242  
2494.00698  
2487.711139  
2485.148473  
2479.4673  
2472.75199  
2470.718711  
2486.678115  
2496.472499  
2499.920971  
2504.986324  
2500.936641  
2494.414497  
2483.998142  
2477.085897  
2470.741955  
2479.689915  
2491.747461  
2493.112674  
2485.779267  
2487.651078  
2482.861013  
2472.504857  
2486.291004  
2493.980172  
2495.719813  
2500.883581  
2500.349818  
2496.999427  
2473.771599  
2478.241558  
2478.0654  
2483.523229  
2487.302631  
2476.734741  
2473.829733  
2474.895499  
2483.430652  
2492.388852  
2482.991985  
2480.939037  
2479.481686  
2489.690212  
2493.859134  
2483.470618  
2496.525656  
2486.503226  
2496.866861  
2499.038645  
2500.55279  
2496.035521  
2505.828402  
2496.359405  
2496.207763  
2485.987929  
2490.890346  
2485.901185  
2491.883603  
