0.5193408805  
0.06262819199  
-0.3388684886  
0.1453028181  
0.6315446371  
0.000491365564  
0.1184404283  
0.04552137606  
0.03184063469  
-0.03817521533  
0.2935795171  
-0.004052192868  
-0.2790685832  
-0.3744387562  
-0.4691164224  
-0.2815874931  
-0.05697216407  
0.4531450962  
0.3931023116  
0.6087835381  
0.5910947401  
0.8999549355  
0.6771419186  
0.5463722456  
0.6010295408  
0.4008452929  
0.926639112  
0.9076976206  
0.7343462081  
0.6871639541  
0.177068342  
0.3137777979  
0.2598120888  
0.4549706074  
0.2321557458  
0.3121115471  
0.5952732602  
0.4129777042  
0.5927918734  
0.7106420406  
0.9814263127  
0.8707208858  
0.7846707388  
0.5144129172  
1.043305309  
0.9324124367  
0.9343551669  
0.8696450617  
0.630778572  
0.6942498656  
0.7698879192  
0.8378492947  
1.146536776  
0.7436723023  
0.005359638432  
0.4004297059  
0.575541685  
0.776951642  
0.3199511346  
0.3878988826  
0.306868499  
0.1626073886  
0.6362415619  
0.5810214723  
0.6367188843  
0.6761882696  
0.5082279871  
0.2373739102  
0.4450706143  
0.3779454806  
0.5364521533  
0.2180951903  
0.2940887106  
0.3194401896  
-0.1839689475  
-0.3062346312  
0.1863031589  
0.1875359471  
0.5496882732  
0.6656555791  
0.6481913592  
0.7257636537  
0.7089638478  
0.5018931635  
0.275190732  
0.007931692137  
0.0963329824  
0.1743810717  
0.3066589038  
0.3665252762  
0.4973308553  
0.3006124858  
0.7293257543  
0.3151419476  
0.4789196159  
0.5339394041  
0.1487917584  
0.03164320742  
0.1921245645  
0.1824326046  
0.5098304235  
0.692785165  
0.384870841  
0.4037363697  
0.5790546189  
0.2878259727  
0.0456060586  
0.3601206192  
0.069818827  
0.2591430348  
-0.08985200974  
0.57662929  
0.7587631723  
0.2945508258  
0.8652827256  
0.8943873805  
0.68527209  
0.6517420849  
0.4729952836  
0.4416749825  
0.4998935347  
-0.1443331405  
0.2160149243  
0.4982784185  
0.1204006513  
0.5590479854  
0.8042121274  
0.6051195471  
0.6887100778  
0.4229428637  
0.5419947814  
0.376201729  
0.05849470196  
0.1947148317  
0.3178927452  
0.2462384978  
0.3172794757  
0.1814007132  
0.42736786  
0.2329486001  
0.5425290755  
0.1774458322  
0.2707506412  
0.602401153  
0.311013641  
0.4775042415  
0.4997592709  
0.1824318713  
0.4473178364  
0.003160696683  
0.4236756874  
0.5090680986  
0.6352834516  
0.6803645257  
0.5711576942  
0.2392782079  
0.2761105209  
0.4421557336  
0.1587547514  
0.7304008689  
0.7085751752  
0.7422348896  
0.701870359  
0.5301098305  
0.4042732068  
0.265889971  
0.07881984874  
0.5467828855  
0.5312490151  
0.3893096899  
0.9203597282  
0.8465487466  
0.4727518922  
0.269997554  
0.5110802982  
0.1981192884  
0.4812149071  
0.1349229761  
0.2761689013  
0.2340640915  
0.3370726286  
0.6609725627  
0.7034691578  
0.702245779  
0.6447345093  
1.254287627  
0.5485480558  
-0.0242651389  
0.03082288896  
0.4865240437  
0.1007602304  
0.3308313907  
0.09637058547  
0.3011766928  
0.6110654803  
0.4437509051  
0.3688748468  
0.5820955096  
0.2475083778  
-0.1839222411  
-0.1407553206  
-0.2057107252  
0.1190622155  
0.2360705563  
0.3960922732  
0.9629672152  
0.6010502579  
0.9783195501  
0.3595333233  
0.06401361637  
-0.01350271423  
0.09189045548  
0.1883762821  
-0.09805883506  
0.2344262286  
0.1598955335  
0.1122856407  
0.3195554721  
0.559595096  
0.4497588972  
0.8161594003  
0.8111294833  
0.06784588257  
0.163811191  
0.2410153823  
0.04664689682  
-0.1135602634  
0.05391356078  
0.4574779135  
0.332097973  
0.414997602  
0.1421199794  
0.4861686257  
0.3630932624  
0.2367742526  
0.4742703087  
0.6748581707  
0.1713283362  
0.1200680507  
0.1103812004  
0.04827224613  
0.2364197772  
0.4201002146  
0.08613509514  
0.228752065  
0.3047911851  
0.007171074984  
0.3349276347  
-0.02848265081  
0.2613995427  
0.4794603157  
0.3781056941  
0.179215261  
-0.1008722659  
0.1232463874  
-0.1237083088  
0.2948813439  
0.1461650623  
0.2008346622  
0.3106362012  
0.0188199082  
-0.2198411623  
0.03146285525  
-0.2327479358  
0.09396694004  
0.01892527421  
0.1419664957  
-0.03088168833  
0.1347196051  
0.3365812571  
-0.1146508618  
0.4060328662  
0.2782859273  
-0.1940170979  
0.09318506573  
0.1007961466  
0.5303762445  
-0.001356085718  
0.6116811046  
0.3025043337  
0.4134069826  
0.2499367916  
0.147119164  
-0.01107658607  
-0.3427897668  
-0.403251355  
-0.1879446785  
-0.379567494  
-0.07360888355  
-0.1266644956  
-0.02851488513  
0.1399383353  
0.2413550652  
0.3136247984  
0.578850933  
0.7014083799  
0.5879714642  
0.5687081074  
0.2505764545  
0.4644801151  
0.3941369794  
0.4323240571  
0.568433268  
0.2303434651  
0.6189471041  
0.5761786729  
0.1564469133  
0.3658261373  
-0.1298967993  
-0.009421225738  
-0.09977437378  
0.2082949126  
-0.1619213961  
0.01511902928  
0.48292761  
0.2356171619  
0.5223316215  
0.2690996927  
0.4038510486  
-0.03931329127  
-0.05919998626  
-0.007494959121  
-0.01604061721  
-0.4020503008  
-0.4289022784  
-0.2996097894  
-0.07128187632  
0.4705708592  
0.6458112326  
0.5174333472  
0.3510868731  
0.392832049  
0.2195955457  
0.2941201294  
0.04954521863  
0.004674828471  
0.2647160114  
-0.136070415  
0.2592527446  
0.3013412644  
-0.1969358169  
0.1749251263  
-0.1005283981  
-0.0249003175  
-0.1078277763  
-0.4886159039  
-0.6472542136  
-0.3646267852  
-0.274477768  
-0.2207065726  
0.1353265533  
0.02763203009  
0.3722829664  
0.2078331137  
-0.005573007728  
-0.1603830975  
-0.3279147045  
-0.5103515643  
-0.3749481437  
0.08576724734  
-0.4777118266  
-0.2716955633  
-0.07902973204  
-0.1620228874  
0.3225410759  
0.3460441816  
0.2179214289  
0.09933756746  
-0.3556301869  
-0.5748811531  
-0.03092227789  
-0.2839959294  
-0.1307683803  
-0.04879048175  
0.04223632579  
0.1546518508  
0.08227286333  
0.4607933926  
0.2125382975  
-0.0122886895  
-0.1970850807  
-0.4300951201  
-0.3754480836  
-0.4826622653  
-0.1692685086  
-0.4512692305  
0.1940762314  
0.2777983753  
-0.006856029403  
-0.08771141328  
-0.311055292  
-0.01631303955  
-0.4062379711  
-0.2583710423  
-0.795217621  
-0.07696587837  
-0.2553178223  
-0.4120335452  
-0.4536617044  
-0.5300566536  
-0.4846563996  
-0.2787695576  
-0.04019181784  
-0.5820845955  
-0.09490928706  
-0.9214711485  
-0.8822900552  
-1.345115715  
-0.6213174866  
-0.8469432647  
-0.5283613116  
-0.6238065977  
-0.6405235234  
-0.2639133422  
-0.5581537015  
-0.1792119585  
-0.6776635087  
-0.7526947599  
-1.404250799  
-1.364506657  
-1.554098732  
-1.251191281  
-1.373519854  
-1.200759398  
-1.842200496  
-1.795948268  
-1.491304642  
-1.242497051  
-0.9529936103  
-1.603268022  
-1.309880024  
-1.348014166  
-1.305317381  
-1.599316991  
-1.774829446  
-1.46289062  
-1.396859462  
-0.8943999096  
-1.496397398  
-0.7176396181  
-1.006022615  
-1.327982054  
-1.382258897  
-1.259087844  
-0.7503401427  
-1.197588342  
-1.407080224  
-1.849626682  
-1.630240421  
-1.339721348  
-1.011135583  
-0.9228700379  
-1.206378034  
-0.7990355781  
-0.8829190848  
-0.63637987  
-1.015592036  
-0.2342855037  
-0.3539243915  
-0.04453252764  
-0.382503176  
-0.9047036064  
-0.5342559562  
-0.8702293319  
-1.105156533  
-1.490860679  
-1.19237175  
-1.06076174  
-0.7381452283  
0.04525241995  
-0.381608305  
-0.6723812402  
-0.8073452373  
-0.8243561154  
-0.5162369935  
-0.6201692116  
-0.4922692117  
-0.6122590272  
-0.5728259199  
-0.2541917172  
-0.3135019448  
-0.1954993577  
-0.3939380859  
-0.2953376123  
-0.5070947942  
-0.5005356343  
-0.2640538956  
-0.003514622896  
0.2275320194  
-0.3345858178  
-0.2411461391  
-0.438139191  
-0.5121296022  
-0.1799954591  
-0.1193755906  
-0.2534551982  
-0.1739045024  
-0.2831016362  
-0.3637619551  
-0.135650103  
-0.1287644021  
-0.2108838152  
-0.4073739905  
-0.8396105679  
-0.7428694842  
-0.6503588332  
-0.385040091  
0.004263572411  
-0.1814629622  
0.2192306532  
0.3523824169  
0.2087536992  
0.594440517  
0.3933681653  
0.2591574249  
-0.07735565897  
-0.3559435301  
-0.5224165104  
-0.4350448046  
-0.2700584992  
-0.09333115661  
-0.1124191109  
-0.1508342469  
0.1213952965  
-0.06533201897  
-0.04593411637  
-0.175212754  
-0.2594806349  
-0.6572079708  
-0.3157456503  
-0.3399762592  
-0.05818070295  
-0.2262431033  
-0.1576299381  
-0.656550612  
-0.2240850892  
-0.5371195687  
-0.5819077425  
-0.4230435639  
0.004607385031  
-0.03930507677  
-0.3120882936  
-0.09527397393  
-0.1169081131  
-0.1265028563  
-0.02615636365  
-0.1120964774  
-4.904889988e-05  
-0.4009942308  
-0.2274039166  
-0.2052374876  
-0.2361083826  
-0.3306381139  
-0.4817501308  
-0.54663028  
-0.4460516227  
-0.9037434268  
-0.474692023  
-0.4003785767  
-0.03167617034  
0.4543440711  
-0.1007074199  
-0.2927048655  
-0.1133907041  
-0.7655844803  
-0.6993941724  
-0.5656089046  
-0.7285247165  
-0.3198344302  
-0.253761916  
-0.1525367796  
0.05985230262  
-0.4319806105  
-0.2100259676  
-0.4016175062  
-0.7525780791  
-0.4682402836  
-0.2601193384  
-0.2982759223  
-0.1545245705  
0.2698854811  
0.1463652356  
0.5399278234  
0.1302405723  
-0.1077395315  
-0.5824699915  
-0.4551329589  
0.03544363238  
0.07695329334  
0.03316497046  
0.3463667095  
0.6128289748  
0.5614952895  
0.5085006634  
-0.2048121596  
-1.052886711  
-0.932081069  
-0.8189494759  
-0.8353307937  
-0.391285956  
3.068880834  
1.983459279  
0.8501158627  
0.7403629587  
1.066034454  
1.18188907  
0.811489932  
0.6163037851  
0.312826803  
0.490398515  
0.4174897595  
0.1550871634  
-0.04753091067  
0.07927229646  
0.4072364094  
0.4699418887  
0.609633617  
0.7890291181  
-0.006781185547  
0.8191507691  
0.2927577043  
0.3659164701  
0.545919189  
0.2241097398  
-0.2230961611  
-0.3522442221  
-0.4187747996  
-0.5761910428  
-0.3934277708  
-0.5762670145  
-0.4353079388  
-0.2675602048  
0.1031958815  
0.2793885968  
0.4084891803  
0.3425235467  
0.5847981095  
0.4355108521  
0.1838822655  
0.1782545552  
0.2070186331  
0.5868536291  
0.7961489992  
0.6957864429  
0.5396432294  
0.5981003222  
0.4042105119  
0.5505450577  
0.217193387  
-0.1665913325  
0.07354458873  
0.4938396418  
0.6315979558  
0.6323272747  
0.532351341  
0.3062497247  
-0.1111693041  
-0.3805493817  
-0.3093008989  
-0.2905577028  
-0.1878807843  
-0.07020946831  
0.1067508474  
-0.05426886468  
0.2990387593  
0.3388088273  
0.0339126918  
-0.2227905097  
0.4560834426  
-0.2572176658  
0.1033755124  
0.2779441313  
0.5455102929  
0.6529287833  
0.2681290982  
0.08165116037  
0.2316704867  
0.1858429782  
0.1756771031  
-0.3235935103  
-0.4655206985  
-0.2470535566  
-0.09792931184  
0.2954053838  
-0.6538801949  
-0.6084688446  
-0.4954331061  
-0.6377957176  
-0.2690759658  
-0.9037458723  
-0.9881982865  
-0.2869300606  
-0.5162382928  
-0.8702673122  
-0.5493643177  
-0.6418361086  
-0.4152077917  
-0.9755145511  
-0.3963702633  
-0.9105612967  
-0.6417510755  
-0.4311277364  
-0.2383354833  
-0.3872249864  
-0.2417401591  
-0.2224429333  
-0.166517193  
-0.02344975374  
-0.5186077053  
-1.147062233  
-0.6995929762  
-0.6358084783  
-0.4246468132  
-0.580244083  
-0.4187826609  
-0.7536622709  
-0.084510699  
-0.008304505457  
0.3346581459  
0.1541155145  
0.3696821743  
0.5665079738  
0.7915751427  
0.4915530027  
0.7337138327  
0.4991910658  
0.5190626296  
0.2529696009  
0.7352685789  
0.5492895947  
0.2196557067  
-0.03882177466  
-0.2979853771  
0.3465473094  
-0.4549969748  
-0.3392174799  
-0.2736426911  
-0.5319744479  
-0.1208269142  
-0.4968081653  
-0.1590021282  
0.3017156801  
0.3460848041  
0.05039016647  
0.4304805448  
0.03543403736  
0.4596287733  
0.3735875815  
-0.01641943528  
0.3029589003  
0.2729933519  
-0.1666268403  
0.249172004  
0.02677955246  
0.1343272003  
0.3243689484  
0.2693952982  
0.3288098999  
-0.1126065733  
0.09546145373  
0.1141792523  
0.5805411851  
0.6480031828  
0.7327662198  
0.6021349458  
0.6522400726  
0.4815477629  
0.524776653  
0.02404424383  
0.1530485143  
-0.08190323994  
0.1438062862  
-0.083901849  
0.09531809355  
-0.1671036294  
-0.2053067728  
0.3962906632  
0.7013158524  
0.567947668  
0.3537874545  
-0.2490240774  
0.1899526305  
0.7020350424  
0.7128929774  
0.4685421033  
0.6320779768  
0.8443638989  
0.6381301381  
0.6852642104  
0.7575070177  
0.703402585  
0.6838114125  
0.7412357819  
0.7366641236  
1.061685382  
1.193092093  
0.8897665291  
0.5056885132  
-0.03483844904  
0.4336943148  
-0.04326618238  
0.2333070344  
0.18400099  
0.4017373676  
0.390304423  
0.1301492585  
-1.663717471  
-0.1291385024  
0.4517268631  
0.6238863931  
0.5894831101  
0.722635752  
0.5878863321  
0.6325335661  
0.5573426276  
0.3496247592  
-0.426476799  
-0.5757955795  
-0.07610967458  
-0.3438416539  
-0.1457176023  
-0.1440268509  
0.04773893429  
0.08754074016  
0.161341472  
0.09477313893  
0.2260302909  
0.7896037613  
0.5508119449  
0.900158963  
1.107534948  
0.4307290816  
0.2398775508  
0.2572489481  
0.7636979998  
1.365514219  
1.061810572  
0.8129854272  
0.5964187706  
0.9356919298  
1.296334878  
0.9349758014  
0.5563614346  
0.4035662606  
0.7214776463  
0.2665634642  
-0.1737633439  
-1.146999465  
-1.293133264  
-1.011675572  
-1.164927654  
-0.7152197825  
-0.1490558372  
0.1560211623  
0.3391132577  
0.2497397294  
-0.2869341645  
-0.583027154  
-0.1809442171  
-0.1686199827  
0.2797367604  
0.4692961956  
0.5523982992  
-0.03877746187  
-0.4057709172  
-0.8585068078  
-1.409058662  
-1.615864173  
-1.374289722  
-1.126246284  
-0.8759240859  
-0.3527883494  
-0.6564470776  
-0.801794843  
-0.9706625341  
-0.956130564  
-0.7483203602  
-1.322861583  
-0.8710354424  
-1.01506977  
-0.04928898847  
0.5034949016  
0.3338133733  
0.3432723553  
-0.04990803754  
0.1887776232  
-1.122629545  
-1.449485368  
-0.9280040774  
-1.113929594  
-0.682154046  
-0.8522858686  
-0.8202953482  
-0.5590005464  
-0.9819068932  
-1.114149829  
-0.2867540522  
-0.1779667888  
-0.1525897841  
-0.2756486177  
-0.6526655749  
-0.1674689662  
-0.1877525755  
-0.489993817  
-0.6707261965  
-0.3586949477  
-0.2586259495  
0.6020004989  
0.4530697858  
0.0647856509  
0.2732724235  
-0.6485594251  
-0.4362150102  
-0.6137067184  
0.08181725611  
-0.1687543438  
0.292350599  
-0.3940275149  
-0.564514792  
-0.4806400209  
-0.7191634705  
-0.9588322297  
-0.3519894359  
-0.2208401912  
-0.001391212215  
0.01049585303  
0.2203308347  
0.7350004791  
0.3762106715  
0.02996658219  
0.5245205002  
0.1826434902  
0.3518540783  
0.1540208254  
-0.2404957504  
0.257146755  
0.2096051139  
-0.1259428613  
0.1854338832  
-0.005105731865  
0.6583725871  
0.1758928206  
0.3234674303  
-1.008335346  
-1.924783087  
-0.4752473957  
-1.161427338  
-0.9324745288  
-0.8891034341  
-0.6984466237  
-0.5132744864  
-1.059305885  
-1.312310952  
-0.4110384063  
-0.3071073845  
-0.2063351968  
-0.3072372813  
-0.5200792122  
-0.3368768705  
-0.5295514871  
-0.9164830418  
-0.6020275864  
-0.8652506336  
-0.6920859659  
-0.4767931554  
-0.6229351349  
-0.7670317043  
-1.04912502  
-0.2481847052  
-0.3251993925  
-0.4397370233  
-0.1428525936  
0.3198953275  
0.4167447863  
-0.5917704026  
-0.1005351907  
-0.1802563673  
-0.2796194529  
-0.4875600515  
-0.3756826554  
-0.2292105722  
-1.146088714  
-1.087340449  
-1.192698785  
-1.800349375  
-1.523867909  
-1.258043448  
-1.135472957  
-0.7821748654  
-0.9022910669  
-1.119369014  
-1.288349695  
-1.490993635  
-1.380548708  
-1.551678767  
-1.174782919  
-1.396246328  
-1.451107865  
-1.03345337  
-1.07814483  
-0.4320867011  
-0.6727789937  
-0.513017043  
-0.1733780864  
-1.070369368  
-1.16624033  
-2.197289258  
-1.958514985  
-2.149619205  
-1.847527418  
-2.055578344  
-1.491423921  
-1.532062173  
-1.320025078  
-1.0976209  
-0.953691178  
-1.150248017  
-0.8479129392  
-0.9377066389  
-0.5407463373  
-0.7052788208  
-0.1042943116  
-0.4993140247  
-0.6185308676  
-0.7786456761  
-0.6418353322  
-0.5165642167  
-1.072422477  
-1.148728003  
-1.504184062  
-0.8297971983  
-0.8063928049  
-0.4880616743  
-0.1956280814  
-0.2703428447  
-0.09091925207  
0.4959621551  
0.2197138154  
0.403003864  
0.3597624283  
0.5481325394  
0.3102057203  
-0.3310790388  
-0.6690046881  
-0.8012026467  
-1.063208609  
-1.014405881  
-0.6440118527  
-0.273169669  
-0.3731733752  
0.004029607088  
-0.2398889924  
0.0877146922  
0.1758782658  
0.1250162607  
9.758525879e-05  
0.3183790493  
-0.4519356351  
-0.3178103104  
-0.3329585642  
-0.5714360249  
-0.2815112568  
-0.2534580552  
-0.2400278471  
0.01314946171  
0.5700578745  
0.5276686659  
0.1180624756  
0.2481619721  
0.2242444188  
0.9123023525  
1.145376368  
0.8276961688  
0.3140443613  
0.1115861551  
0.3827714346  
0.4001755446  
0.450200502  
0.5836191855  
0.4861159477  
0.2184684985  
0.8108889094  
0.7164348054  
0.8690151173  
1.000312471  
1.073567922  
1.340557347  
1.173651702  
0.8196341017  
0.7498818747  
0.445313162  
0.9441052073  
0.9824510065  
0.9193937281  
1.137252  
1.115112408  
0.775887698  
0.6291098866  
0.9576039108  
1.374096611  
1.258496313  
1.16672022  
1.029649817  
1.268410183  
1.404672604  
1.43507634  
0.5771945946  
0.2855813092  
0.4017328938  
0.5291070294  
0.9683411098  
0.6196617836  
0.3843440892  
0.3805751747  
0.3882629196  
0.933371143  
0.7589845582  
0.8408976486  
1.033175626  
0.8095512088  
0.7560373114  
0.5238111932  
0.4767247103  
0.6787578538  
0.622478829  
0.4289878412  
0.9295708989  
1.065680221  
1.602784341  
1.386146078  
1.230606545  
1.144743356  
1.367644882  
1.109493653  
0.958752898  
1.325142486  
1.003326079  
0.5985792072  
0.5075996352  
0.4057380277  
0.4635494745  
0.389999308  
0.6623266371  
0.521052986  
0.7321101217  
0.2043774332  
-0.2753267571  
-0.3884091285  
-0.5577673746  
-0.2108159255  
0.04986096772  
0.2435698173  
-0.06973630366  
0.6614349764  
0.4635586537  
0.2279568847  
-0.06395489538  
0.1683913479  
0.3207839365  
0.2193112196  
0.7686951373  
0.7446168387  
0.5912403721  
0.8242290077  
0.8753286762  
0.4038148198  
0.4544902041  
0.5873320103  
0.5759706167  
0.6593819159  
0.6464181444  
0.293973289  
0.07732070394  
-0.3734711524  
-0.5855902403  
-0.7472676735  
-0.5155361923  
-0.3556012356  
0.01915263893  
-0.2445205253  
0.113270098  
0.1446460719  
0.2483058484  
0.7485740619  
0.6605165499  
0.06372149388  
0.3504053655  
0.5153800482  
0.4785769074  
0.1706048537  
-0.5424153474  
-0.8039235624  
-0.5613013639  
-0.4729499259  
-0.6503198195  
-0.5399593687  
-0.1463851028  
-0.3353504509  
-0.1243960635  
-0.3928263904  
