3844.116913  
3823.074122  
3807.607883  
3808.116487  
3817.674171  
3813.668734  
3815.9756  
3815.133021  
3819.064773  
3824.3891  
3824.310656  
3815.831106  
3801.792691  
3804.377335  
3807.920991  
3796.577685  
3800.872165  
3800.062982  
3802.678007  
3796.988613  
3804.565922  
3805.716754  
3809.094953  
3813.273882  
3819.698928  
3813.636893  
3803.631223  
3802.931074  
3799.263797  
3796.620865  
3805.376462  
3814.357831  
3820.747298  
3823.425317  
3830.994266  
3828.642006  
3824.328543  
3808.134929  
3801.734845  
3805.981137  
3806.993704  
3811.459622  
3820.07179  
3815.965291  
3822.676902  
3814.721112  
3819.762177  
3823.816128  
3818.205601  
3821.392386  
3814.717374  
3817.661145  
3822.519007  
3821.354637  
3821.25293  
3816.745153  
3816.90605  
3820.007378  
3817.298171  
3813.349258  
3810.554698  
3806.898748  
3811.763139  
3817.122262  
3814.819568  
3814.981622  
3809.374152  
3810.54417  
3811.18602  
3811.720621  
3817.831917  
3818.134634  
3819.615907  
3823.54352  
3819.91666  
3808.85354  
3807.540174  
3795.66774  
3804.710679  
3800.077231  
3797.133367  
3800.403389  
3798.197503  
3797.779806  
3810.612329  
3812.72328  
3815.28898  
3822.02741  
3829.491616  
3815.785465  
3811.071757  
3800.761023  
3804.48533  
3803.528125  
3801.247215  
3802.363162  
3807.650445  
3795.738397  
3807.79618  
3815.778133  
3811.916389  
3810.292927  
3816.94365  
3816.34836  
3810.750574  
3804.30222  
3803.301062  
3803.582604  
3803.780858  
3805.334988  
3809.95719  
3817.524088  
3817.076311  
3817.757824  
3821.120565  
3810.676527  
3819.444613  
3821.015519  
3819.013276  
3810.369707  
3815.383008  
3820.166925  
3822.397515  
3814.286552  
3811.798117  
3803.569598  
3811.009638  
3806.370176  
3809.027181  
3809.438291  
3812.114584  
3811.053507  
3817.91299  
3826.344951  
3820.27705  
3818.854139  
3815.293961  
3806.608862  
3805.782924  
3813.187543  
3808.809207  
3817.202553  
3819.056286  
3814.927505  
3817.875632  
3818.416313  
3817.844582  
3817.230231  
3815.84119  
3816.232048  
3814.912345  
3820.58412  
3820.603415  
3815.969478  
3814.037374  
3813.744955  
3808.389225  
3809.687879  
3808.731234  
3807.141301  
3815.734797  
3824.031184  
3823.176248  
3820.633416  
3826.766431  
3819.436687  
3827.083645  
3831.960148  
3839.731271  
3838.44184  
3842.936868  
3841.056389  
3841.57865  
3820.654309  
3811.148407  
3801.711352  
3803.612686  
3802.962161  
3805.164567  
3804.292621  
3806.70382  
3805.805784  
3820.016357  
3825.098861  
3817.197658  
3824.601438  
3811.042176  
3817.777071  
3808.996938  
3810.169989  
3817.693227  
3812.151593  
3811.553824  
3814.704678  
3808.211488  
3804.385164  
3802.662659  
3807.922957  
3814.456602  
3822.72987  
3828.19684  
3829.039502  
3825.86751  
3811.869149  
3810.06169  
3800.921289  
3812.256296  
3816.153289  
3822.03203  
3830.514678  
3833.026368  
3835.205892  
3833.659523  
3842.419898  
3841.719462  
3829.562778  
3824.409558  
3822.43409  
3817.840129  
3815.729522  
3811.30297  
3810.472215  
3805.607984  
3797.856007  
3806.447606  
3812.883776  
3816.598198  
3814.101842  
3818.159647  
3815.583765  
3818.919061  
3814.546247  
3813.082102  
3811.406824  
3818.320405  
3826.417134  
3826.276077  
3823.484685  
3824.24054  
3826.70671  
3844.459638  
3854.517766  
3841.021812  
3848.977312  
3858.962648  
3868.664017  
3860.707171  
3836.944209  
3831.202292  
3825.714672  
3823.544823  
3821.59547  
3833.205997  
3852.92991  
3835.041912  
3836.996743  
3832.123307  
3825.754413  
3828.478594  
3816.507645  
3821.350609  
3807.285031  
3805.89679  
3788.637869  
3791.661916  
3779.074647  
3775.061453  
3769.908157  
3766.095405  
3769.925004  
3790.303772  
3804.853875  
3803.640422  
3806.772373  
3799.276307  
3790.795336  
3785.629493  
3789.916501  
3781.938858  
3787.830654  
3795.919342  
3830.343898  
3828.403557  
3834.389287  
3818.243987  
3812.942026  
3820.256385  
3806.550502  
3813.59615  
3811.522634  
3823.130136  
3824.314338  
3807.894341  
3803.524823  
3803.650898  
3802.086174  
3809.230762  
3820.282491  
3809.328384  
3814.128935  
3802.060727  
3801.678714  
3801.857375  
3803.767578  
3804.017751  
3815.466571  
3815.63839  
3836.92034  
3828.368932  
3814.544767  
3813.450403  
3810.949483  
3826.2839  
3838.792249  
3857.803299  
3857.225422  
3857.884543  
3847.227943  
3822.197554  
3817.663871  
3808.378547  
3817.08109  
3823.958164  
3831.879409  
3823.599925  
3812.450022  
3798.864744  
3801.054651  
3796.640702  
3802.232288  
3810.542084  
3821.050185  
3834.141854  
3834.376505  
3812.244487  
3807.607474  
3805.09109  
3802.60994  
3806.751812  
3813.32187  
3826.716029  
3813.920616  
3834.106706  
3814.423261  
3816.833332  
3828.564115  
3833.164906  
3839.262112  
3840.714474  
3846.432176  
3856.573383  
3851.628682  
3840.635914  
3848.186751  
3836.252975  
3842.199935  
3844.380672  
3847.694543  
3845.61231  
3848.510394  
3841.710689  
3824.761748  
3819.435522  
3818.308238  
3816.055685  
3808.213564  
3801.433279  
3808.882926  
3818.351105  
3810.302473  
3824.05233  
3825.850633  
3829.262662  
3821.718429  
3799.584051  
3804.8054  
3803.574734  
3810.431766  
3805.631515  
3820.139842  
3816.074421  
3804.446603  
3806.764109  
3805.376809  
3810.275025  
3812.182542  
3818.262308  
3820.633632  
3821.136153  
3813.282576  
3805.846522  
3802.763465  
3812.193442  
3824.228101  
3814.450994  
3811.679751  
3811.717809  
3809.991382  
3816.639334  
3823.607235  
3825.236327  
3820.63981  
3817.854978  
3838.560799  
3832.225902  
3834.004712  
3831.350134  
3822.041458  
3824.842117  
3824.854761  
3837.855865  
3840.028872  
3839.448996  
3838.660736  
3836.796026  
3833.919998  
3826.003495  
3825.187219  
3823.408054  
3816.098982  
3805.796815  
3804.661068  
3799.967554  
3801.337246  
3784.629954  
3809.227028  
3819.485084  
3813.854037  
3822.377818  
3828.858822  
3838.007425  
3838.068931  
3847.280353  
3862.242611  
3853.18987  
3858.065534  
3853.777687  
3849.531993  
3839.894647  
3834.594545  
3820.053808  
3824.971489  
3821.608308  
3835.195247  
3845.593383  
3838.740322  
3831.383719  
3831.164587  
3825.612274  
3831.894095  
3831.780778  
3828.810264  
3827.03892  
3825.89167  
3821.586301  
3817.938947  
3811.040488  
3818.215448  
3816.923482  
3823.399794  
3829.175419  
3837.252595  
3832.480464  
3823.225973  
3816.032171  
3821.48064  
3810.398129  
3811.243703  
3819.008696  
3813.769061  
3820.407046  
3826.710099  
3827.643398  
3828.979536  
3828.107326  
3835.738744  
3834.768491  
3821.10751  
3822.145274  
3827.411045  
3824.189811  
3827.427464  
3837.783071  
3831.719415  
3837.577189  
3838.400935  
3836.615611  
3837.723776  
3835.822727  
3831.719313  
3833.83745  
3824.044119  
3833.264604  
3828.34448  
3831.434877  
3836.225748  
3831.093278  
3830.417422  
3828.15358  
3835.79155  
3833.034632  
3828.679598  
3838.125697  
3833.958438  
3846.427861  
3844.728463  
3836.344828  
3838.294554  
3829.622321  
3831.848224  
3822.831151  
3826.916308  
3824.575721  
3829.652651  
3833.011075  
3830.102851  
3825.475671  
3823.453795  
3818.127456  
3819.983747  
3823.086312  
3825.139401  
3825.645276  
3820.42759  
3820.129051  
3834.029653  
3833.252677  
3850.512459  
3860.572296  
3844.641872  
3860.582537  
3867.777445  
3865.209793  
3873.536563  
3876.415671  
3878.050285  
3870.20541  
3871.70578  
3864.659934  
3857.654845  
3851.749261  
3848.115935  
3824.222783  
3820.538419  
3817.500889  
3815.789334  
3817.664228  
3810.300062  
3805.545322  
3817.85349  
3822.113399  
3831.871116  
3827.713234  
3831.408068  
3824.35851  
3813.728708  
3808.960028  
3810.452419  
3813.613661  
3826.897162  
3830.655362  
3830.764116  
3835.099887  
3836.836272  
3821.473034  
3816.876653  
3810.629059  
3805.068552  
3812.035597  
3825.467742  
3825.629757  
3823.978448  
3821.132704  
3825.494674  
3818.624318  
3820.295229  
3820.233756  
3818.204044  
3817.259165  
3809.752339  
3817.009961  
3826.360454  
3827.872557  
3840.247071  
3840.88346  
3838.806605  
3845.142062  
3868.478896  
3865.737571  
3867.204149  
3870.377614  
3877.745185  
3876.13615  
3856.783385  
3850.910242  
3843.760868  
3839.244317  
3835.865035  
3822.451312  
3809.909651  
