1.104222354  
0.1115881073  
-0.1323032991  
0.5427745786  
0.7361292236  
0.1812378405  
0.5109845454  
0.3095699809  
0.4835401172  
0.1159980965  
-0.3925143215  
0.04226212533  
-0.05649841425  
-0.2635091967  
-0.3804808031  
0.02982483385  
0.1641627792  
0.1944960744  
0.1769396898  
0.4651504065  
0.5773494985  
0.9436876251  
1.249367665  
1.301443432  
0.7105047498  
1.196065169  
1.202473319  
1.20052913  
0.9000557757  
0.3699969472  
0.706358754  
0.758590945  
0.4089899791  
0.1394682895  
-0.01530745006  
-0.5072323972  
-0.284839373  
-0.0481319322  
0.6364044983  
0.8163141224  
0.8026467057  
0.2127793581  
0.8531678654  
0.8978413534  
0.6076762545  
0.9606875257  
0.4787982202  
0.7400838622  
0.0901849278  
0.2733686586  
0.1300559087  
0.4103251829  
0.737190364  
0.09554023737  
-0.5357748101  
-0.4814299523  
-0.6535263011  
-0.5094633987  
-0.9714246033  
-0.7953585718  
-1.042485792  
-0.7250902862  
-0.3562071547  
-0.1393778368  
0.2492978425  
0.2249362645  
0.5095428179  
0.3285750588  
0.3219061973  
0.3700424775  
0.7652954675  
0.2077283631  
-0.2486056271  
-0.5264139986  
-0.3097929593  
-1.062995688  
-0.6118004916  
-0.9815468639  
-0.5242745365  
0.2294529442  
0.3854592769  
0.3048787143  
0.5166314963  
1.176554552  
0.2578252666  
0.7615713187  
0.3981517332  
0.4495002127  
-0.009314996552  
0.2206703161  
0.02496149631  
0.1497796374  
0.6138088821  
0.2706696865  
0.5614475497  
0.4887461276  
0.7395419088  
0.3898074302  
-0.2204697921  
-0.05384377366  
-0.2037642423  
-0.7974313861  
-0.07016042076  
0.1460282304  
0.08051878614  
0.002488211855  
-0.2960485687  
0.1006836906  
0.05366963619  
0.008578347099  
0.2039807329  
0.06119849634  
0.4999723746  
0.7067128129  
0.7361890331  
0.5530580589  
0.9049300567  
0.3020349507  
0.4068894401  
-0.09920386184  
0.8402343372  
0.5832848248  
0.39079882  
0.4329742775  
0.7337965432  
0.1930576794  
0.3169500579  
0.2136800582  
0.1157266938  
0.2015121147  
0.7994979949  
0.6061184088  
0.5554951763  
-0.02212495481  
0.5408671973  
0.1487150669  
-0.03662087054  
-0.1510864597  
-0.5140180234  
-0.9325635536  
-0.5349840099  
-0.6373640266  
-0.5082218007  
0.03667108068  
-0.1783109668  
0.2518076389  
0.6698386464  
0.2480767605  
0.390169311  
1.114992396  
0.4270458436  
0.04168918628  
-0.1656573204  
0.0375101815  
-0.1753115524  
0.008300725635  
0.2914484538  
0.5916858727  
0.7235989944  
0.4401881175  
0.5060039648  
0.519866121  
0.1021351399  
0.09238193102  
-0.3886227061  
-0.2183354388  
-0.599639847  
0.06486265232  
0.2318283029  
0.2890759909  
0.423239535  
0.547805353  
0.6952362953  
0.3322614994  
0.3073682673  
0.560951175  
0.1322430661  
0.1696160474  
-0.2303450657  
-0.180944855  
-0.4434862539  
-0.006967127001  
0.4703857887  
0.7628282596  
0.6595979454  
0.2524402942  
-0.03451391869  
-0.6862657907  
-0.7588042306  
-0.9665008869  
-0.8378919065  
-0.2574507819  
-0.1399361772  
0.1399898722  
0.02482690498  
-0.2175841378  
-0.3572204907  
-0.3103503225  
-0.6685392166  
-0.01775217151  
-0.01110914989  
-0.00767341654  
0.004441383098  
-0.2090592241  
-0.6050810305  
-0.7871289605  
-0.6965284971  
-0.5657665774  
-0.3919438826  
-0.440822965  
-0.4789745305  
-0.08922638175  
0.2211421727  
0.7714934425  
0.4556181758  
0.4450478116  
0.1179718345  
-0.5076667816  
0.09594138189  
-0.3024442174  
0.02320667651  
0.4372715875  
0.4530756254  
0.4451636524  
1.280998133  
1.123885549  
1.01375244  
0.7765211631  
0.5471463182  
0.7553030484  
0.6855603539  
0.6058949872  
-0.06556129527  
0.6350690762  
0.2757279971  
0.4961951605  
0.3877431809  
-0.04000385544  
-0.2533673327  
-0.3502168846  
-0.585506353  
-0.9066350344  
-0.5261055202  
-0.5488780802  
-0.7121580636  
-0.1782932061  
-0.3186538449  
-0.2606355772  
-0.1943227146  
-0.7980976211  
0.1493716902  
-0.7039745639  
-0.8729632914  
-1.323492174  
-0.6469638432  
-0.3883920353  
-0.4845361779  
-0.3803227504  
-0.4693773779  
-0.5532630857  
-0.2122261177  
-0.1305555253  
0.3467032771  
0.3065942953  
0.6192124537  
0.2087999483  
0.489947173  
-0.1986339589  
-0.3125888567  
-0.6037010083  
-0.6059016666  
-0.5831414809  
-0.3203893917  
0.2479798622  
-0.2263760481  
-0.1652907304  
0.1973595141  
0.04450883391  
-0.4899588573  
-0.1745593222  
-0.7052468696  
-0.3603342555  
-0.8646731394  
-0.9278461117  
-1.035793212  
-0.8521371596  
-1.087532451  
-1.183266831  
-1.120914636  
-1.204646134  
-0.6630046249  
-0.6840635292  
-0.6861711339  
0.2388418093  
-0.0683754976  
-0.04427687757  
0.05819197349  
0.2511763176  
0.2703413768  
0.1339021282  
0.4058915872  
-0.1282780256  
0.2164720915  
0.179555884  
0.3356949992  
0.6004145797  
0.2698147075  
-0.2527896001  
-0.3269189205  
0.1240140585  
-0.1578267688  
-0.1978715725  
-0.547844037  
-0.2374477472  
-0.1993506304  
-0.1819094217  
-0.03422228536  
0.2022394404  
0.3620332486  
-0.4980256984  
-0.1794859102  
-0.4366474667  
-0.2880972703  
-0.04900778992  
-0.2809651157  
-0.1232478143  
-0.3050326659  
-0.7169317146  
-0.4379533116  
-0.0656096662  
-0.5246192952  
0.05050871014  
-0.2043667954  
-0.1755337168  
-0.03219834314  
-0.2019196302  
0.1256281509  
0.1062718231  
-0.0361414179  
-0.07160636099  
-0.2869803375  
-0.1763481616  
-0.4607025005  
-0.6716858112  
-0.9199570476  
-0.7363444566  
-0.9465077642  
-0.4109338572  
-0.2713949764  
-0.6846787983  
-0.1083427022  
-0.5293756125  
-0.1786835598  
-0.3741168491  
0.2421319557  
-0.06346482971  
-0.3798526149  
-0.358646517  
-0.6619900237  
-0.5943173119  
-0.9375400137  
-0.6268341271  
-0.489728413  
-0.5073817543  
0.1438078258  
-0.07414390954  
-0.355718113  
0.08639543192  
0.4012415736  
0.2628636852  
0.2581445742  
-0.2275154214  
0.04143763524  
0.08865282555  
-0.1927010547  
-0.3279913264  
0.1612220955  
-0.08378469135  
-0.2951157684  
-0.5136768564  
-0.2478772399  
-0.2299424953  
-0.1342321939  
0.2044593875  
-0.07012302286  
-0.2838374887  
-0.4967802826  
-0.6231924105  
-0.8372717902  
-0.4777144697  
-0.5381448887  
-0.2860651825  
-0.3682630492  
-0.6479610377  
-0.8754154647  
-0.08359927469  
-0.9490251854  
-0.4934679043  
-0.8705406009  
-0.1811074864  
0.1397723736  
0.2796298794  
0.4704073784  
-0.09609427585  
0.1217324436  
-0.02979563623  
-0.6029590262  
-0.6641001394  
-0.5304461288  
-0.4909231593  
0.1535070375  
0.1449142068  
0.391889396  
0.1867823243  
0.6583728558  
-0.01751719612  
0.3747939492  
-0.2266444105  
-0.4792681674  
-0.9562418622  
-1.025055388  
-1.05091575  
-0.8599053115  
-0.9466509633  
-0.6235839562  
-0.715275864  
-0.4326463669  
-0.4834219091  
0.1812818115  
0.1750802369  
-0.01966858275  
-0.6230331144  
-0.3069882617  
-0.2745915129  
-0.9898453924  
-0.1503781896  
-0.06199582601  
-0.07985418406  
0.1714263296  
0.1181822827  
-0.2209074736  
-0.1051804088  
-0.1801732684  
-0.4592404947  
-0.4565344843  
-0.5280136389  
-0.9632546246  
-0.6400332251  
-0.7206444831  
-0.2831430129  
-0.5461229037  
-0.302101806  
-0.667124095  
-0.2406936767  
0.2681117352  
0.2093012038  
-0.4370799395  
-1.453730481  
-1.824340749  
-1.095254261  
-1.181708211  
-1.227524433  
-0.8227540875  
-0.8943668025  
-1.032366876  
-1.194263226  
-0.666545528  
-0.2408267341  
-0.4985691068  
-0.390635324  
0.01532323811  
-0.8808665034  
-0.9261706222  
-1.029118483  
-0.9192992155  
-0.382124759  
-0.2442990191  
0.2405984992  
0.02326696614  
0.1548666134  
-0.02778365722  
-0.3996558804  
-0.7965634702  
-1.229187864  
-1.312532176  
-0.6626473958  
-0.2681778646  
-0.1019178201  
0.1536352485  
0.1727143455  
0.8456000783  
0.6375259761  
0.5140252986  
0.4054021741  
0.4410844189  
0.1513751757  
-0.3904590055  
0.01101584893  
-0.2332743482  
-0.7507238322  
-0.4721935388  
-0.4643215837  
-0.3215469248  
0.2852064375  
0.176877002  
-0.2296210857  
-0.04914525188  
0.1200782431  
0.4932094656  
0.8493180544  
0.7171596238  
0.8044330231  
0.5333336357  
0.5474133725  
0.3784169744  
0.9396555849  
0.5366440767  
0.8376410591  
0.5775299283  
0.2941732708  
-0.1383268629  
-0.07771016563  
0.1669061016  
0.9098287988  
0.3533673086  
0.7252897902  
0.2840579735  
0.2490730336  
0.03481372655  
-0.1691447077  
-0.262540087  
0.5916983029  
0.7913054137  
0.09658422831  
0.3948891615  
0.7326433468  
0.4284458295  
0.06253132232  
0.4183566847  
1.011179652  
1.118838065  
0.7964638318  
0.8816051824  
0.8857840787  
0.4316832772  
0.8666959513  
0.6525470556  
0.6042160003  
0.8093958652  
0.6578874034  
0.7460564476  
0.5268089859  
0.4560148505  
0.02849223558  
0.4210260897  
0.2175017693  
-0.1242960078  
-0.6317733884  
0.1835474944  
0.5807690955  
0.4204330735  
0.5718209242  
0.4478720116  
0.879198076  
0.5439097402  
0.6890794957  
0.630302197  
0.6656933618  
0.746122219  
0.6088465417  
-0.2275331942  
-0.5446443491  
-0.3292424063  
-0.001346198514  
-0.2642432479  
-0.3210131262  
0.4075033742  
-0.13856534  
0.2823941226  
-0.00776148885  
0.4393076928  
0.6020430944  
0.4976523628  
0.3723384976  
0.2444796019  
0.2837208267  
0.3353350446  
0.291930126  
1.065991084  
0.5948176092  
1.058809603  
1.411435903  
1.56911128  
1.363054539  
0.8635677726  
0.1629524772  
0.3687470398  
0.005095985341  
0.3443863418  
0.2602266527  
1.069738583  
0.1151140927  
-0.3603041879  
-0.4373110707  
0.169152098  
-0.5412570046  
0.2019136658  
0.06836026832  
0.1398862516  
0.413237439  
-0.1078143403  
0.06015745419  
-0.1344519545  
0.2205372752  
-0.003596561177  
-0.03637925023  
0.1700927132  
-0.2112061087  
0.05926870716  
-0.2751808561  
-0.4764528525  
-0.06487480785  
-0.5954636207  
-0.3675025098  
-0.7035351256  
-0.1503409378  
-0.2644899541  
0.3597066439  
-0.1542015082  
-0.2335110164  
0.1621192914  
0.09913446445  
0.9370766275  
1.094226822  
0.4406225798  
0.6323049543  
0.5684384981  
0.4548284924  
0.06371401525  
-0.4184422078  
0.5513358706  
0.9612932264  
0.9021933805  
0.5529984886  
0.4839502216  
0.4538675176  
0.05976625192  
-0.03331928382  
-0.3137502983  
-0.089374818  
0.1462310871  
0.7111000176  
1.094256992  
0.1026610914  
0.504000704  
0.8458638946  
-0.09249729624  
0.3060842318  
-0.2697136531  
-0.01921940422  
0.09254097668  
0.1347473577  
0.3400026156  
0.3585734077  
0.350293769  
0.6505379489  
0.2174897817  
0.1558000913  
-0.02113671103  
0.106449606  
0.1520155917  
0.3207400964  
0.5325441245  
0.6553615745  
0.4214291205  
0.7665035075  
0.9304312941  
0.7925354757  
0.5700130161  
0.540869984  
0.6445468707  
0.5009383846  
-0.006797065179  
0.3545218055  
0.1075993984  
-0.5381839084  
-0.3118324547  
-0.4006529363  
-0.5360689284  
-0.5044789481  
0.007755217105  
-0.4304095495  
0.1110829399  
0.233797135  
-0.1726795005  
-0.1947905216  
-0.5419682732  
-0.2697421685  
0.1375418274  
-0.433657768  
-0.3551460618  
0.1688149369  
0.4108769512  
0.02506503285  
0.818290275  
-0.1631910091  
-0.1121032674  
0.1666480177  
0.03224920735  
-0.5500786825  
0.1449290333  
0.05811598975  
-0.4400606581  
-0.02120324041  
0.2067902219  
0.08944994898  
-0.1733162053  
0.32166662  
0.1515309019  
0.4988678316  
0.6429135075  
0.5845162379  
0.465975857  
0.1827962168  
0.2070429808  
0.445546895  
0.03485651004  
0.009547465838  
-0.344282582  
-0.156545241  
0.1002530018  
0.6697604222  
0.5810791537  
0.9015901806  
0.2311323102  
0.5746901878  
0.4579099754  
0.1730315467  
-0.04499474195  
0.3484719936  
0.4591589056  
0.7917137717  
0.4724673224  
0.3736123838  
0.6578805315  
0.6693827295  
0.2892059049  
0.7197504015  
0.4619924401  
0.1919847027  
-0.4094976228  
-0.2337871718  
0.0354362714  
-0.658497867  
0.0528116901  
0.3274231705  
-0.1847726792  
-0.02235667909  
-0.1324557744  
-0.2316239466  
-0.02241522503  
0.2477832002  
0.4849680075  
-0.176088213  
0.7098699453  
0.5241161652  
0.2338566154  
-0.3029198148  
-0.7692484008  
-0.957361012  
-0.9226891038  
-0.623003141  
-0.6244522585  
0.04970658965  
-0.7040748679  
0.06347018023  
0.3901058635  
0.1740181566  
-0.1387949556  
-0.4623216873  
-0.260925742  
-0.3039516349  
0.225102398  
0.05317684615  
0.2467967849  
0.470981444  
-0.1615833027  
0.3938088757  
0.182478115  
0.3691952413  
0.0752451524  
0.1445689221  
0.349945683  
0.5197733348  
0.3759480069  
0.9485917082  
0.3317574404  
-0.01004890283  
-0.08046665  
0.4033965698  
0.7047512086  
0.8423872706  
0.8459930961  
1.140102556  
0.1608003505  
0.2892714522  
-0.2960276771  
0.2383336838  
0.7267746223  
0.6790096738  
0.6650745013  
0.607795674  
0.5091848895  
0.0794785514  
-0.4219871486  
-1.011553028  
-0.8742816137  
-1.02990115  
-0.8101426322  
-0.4460354725  
0.213705284  
-0.02017483392  
-0.3189373675  
0.07213220144  
0.4925174154  
0.4125571267  
-0.003998192054  
0.1153732929  
0.4587994925  
0.1277590858  
-0.2760891118  
0.4874716968  
-0.1993051885  
0.1486576575  
0.2568177944  
0.8072002445  
0.9359176925  
1.483205956  
0.7481235064  
0.6092161899  
0.01347000705  
-0.4120326847  
-0.5061515248  
-0.9907476535  
-0.8668452454  
-0.751355379  
-0.3514371698  
-0.7502005789  
-0.8218039889  
-0.4437083561  
0.09780115999  
-0.4274141326  
-0.1459311631  
0.7906188634  
0.701340947  
0.3090082901  
-0.1664192246  
-0.953728533  
-0.9872959262  
-1.075547027  
-0.7957162982  
-0.7565375248  
-0.1279310386  
-0.6719489656  
-0.6729611019  
-0.5869031748  
-0.3844978298  
-0.9353335101  
-0.8698764035  
-0.06124230958  
0.1572131474  
0.8039586864  
0.5114987909  
0.3656085563  
0.5494488534  
0.4818072908  
-0.007334942687  
-0.6354492867  
-0.4414820789  
-0.7775535963  
-0.3470849151  
0.2422805579  
0.06803250955  
0.5113904972  
0.5512065982  
0.1659263991  
0.1355515121  
-0.1138198223  
0.2520995778  
0.221498707  
0.7333302021  
0.4410696173  
0.03856436852  
-0.04011536513  
-0.2061073793  
0.4144718299  
0.2781816583  
0.3957648417  
0.2763247112  
0.4204316137  
0.2658542995  
0.2193097419  
-0.3747338333  
-0.1171103783  
0.1820249481  
0.6532613314  
0.6029353813  
1.499070566  
0.7723378605  
-0.2904442095  
-0.2512758165  
-0.3364811987  
-0.1999159871  
-0.7686105519  
-0.8952897036  
-1.015911266  
-0.6364749236  
-0.3281904251  
-1.252816181  
-1.668093773  
-1.619243966  
-1.229979505  
-1.018325944  
-0.9817890889  
-0.3128546426  
-0.5611789628  
-0.4940190003  
-0.3616017377  
-0.3616031352  
-0.8138301233  
-0.3462613483  
-1.092351026  
-0.7705587961  
-0.5750951219  
-0.8261335629  
-0.7115971938  
-0.4325805633  
-0.4641982407  
-0.3458545925  
-0.4899549618  
-0.2820010362  
-0.8797254447  
-0.2300725914  
-0.9394269564  
-1.509922723  
-0.6737495825  
-0.6307474174  
-0.9008828742  
-0.9705747293  
-0.5176943228  
-0.24792063  
-1.202914625  
-1.745127852  
-0.4857971148  
-0.9740819921  
-0.2850131247  
-0.3575270755  
-0.4045391761  
-0.5059793466  
-0.2366076714  
-0.6671814714  
-0.5919878236  
-0.2940052843  
0.1522502334  
-0.08768775379  
-0.0610944786  
-0.2934452165  
-0.3404668964  
0.1042183604  
0.2847422388  
0.6594841293  
0.9028569915  
1.084392501  
1.249320786  
0.3521152576  
-0.2756981986  
0.1839229151  
-0.2702746703  
-0.0957542515  
-0.1212289234  
0.04573724228  
-0.6434287674  
-0.5514483187  
-0.2875344893  
0.0736511378  
0.07873217522  
0.1042731752  
0.3130902173  
0.8252193335  
0.6218460992  
-0.1146530518  
0.4739583226  
0.05555484841  
-0.08477325756  
0.3772554339  
0.4545166961  
-0.04258117934  
0.2340057202  
0.5380702852  
0.8804758086  
0.7713663174  
0.6873285041  
0.4818253125  
-0.1891609391  
0.2120171336  
-0.1053045143  
-0.06808483677  
-0.411620539  
-0.04896943822  
-0.4219098447  
-0.1417675008  
-0.002274569313  
-0.1104536547  
0.3444404329  
-0.1296727386  
-0.3473259105  
-0.7204637365  
-0.3481947586  
-0.1700155742  
-0.13577906  
0.2842694203  
0.445891523  
0.8349045687  
0.4234068142  
0.5318759759  
0.4747951381  
0.6674525735  
1.101981538  
0.3766769253  
0.05186961498  
0.07359914861  
-0.5738581509  
-0.4206919726  
-0.8052152264  
-0.9243596578  
-1.010414982  
-1.214739075  
-0.2533793282  
-0.01648541798  
-0.2842135143  
-0.4933884063  
-0.4879041094  
-0.8430262226  
-0.50635021  
-0.6440028529  
-0.3859168886  
-0.6971585816  
-0.8308920498  
-0.3013610052  
-0.4893156965  
-0.4146891947  
-0.2976090053  
0.05808161566  
0.04975651338  
-0.1918211359  
-0.006550940146  
-0.2778857902  
-0.3493979593  
-0.2240660398  
0.1318860387  
0.8940816586  
0.7015348999  
0.6099382557  
0.8195821369  
1.260445494  
1.413103903  
0.8956732379  
0.9041922477  
0.763215443  
1.020120876  
0.7731177468  
0.6191396182  
0.118855509  
0.4700863416  
0.3262291716  
0.5971653926  
0.4566691271  
0.1951099479  
0.2772562891  
0.4578927548  
0.5524010082  
0.01247850338  
0.4771388455  
0.9594001762  
0.7428255829  
0.5803959441  
0.4113249317  
0.1306079472  
0.1191478609  
0.009622248564  
-0.0243775026  
0.06511280472  
-0.06222758648  
-0.01087334116  
0.1099658324  
0.8120893272  
0.2913508098  
0.5530345604  
0.7434705979  
0.9104175215  
0.7068424356  
0.4875788946  
0.4488365566  
0.4488682548  
0.5307278963  
0.03105888576  
-0.1667940041  
-0.2303481769  
-0.2865874147  
-0.604047949  
-0.7220245009  
-0.4972607885  
-0.4177169854  
0.1914106651  
0.2122567923  
0.5810815447  
0.5989164284  
0.8931525705  
1.071089546  
1.030613924  
0.7633602442  
0.8249457614  
1.208937463  
1.141140262  
0.8944306178  
1.345115488  
0.6493365515  
1.411525714  
1.160462956  
1.006690042  
0.4699293107  
0.27145894  
0.1619917055  
0.004183917208  
-0.3525118131  
-0.173854649  
-0.3537684699  
-0.7714333345  
-0.8909035993  
-0.8657947669  
-0.5135644733  
0.02043659047  
-0.2998825857  
-0.6718749269  
-0.7991320342  
-0.893771319  
-0.8458999932  
-1.123162753  
-1.219501267  
-1.31249166  
-0.8262007795  
-0.4638309874  
-0.2612988389  
-0.1852510757  
-0.2127740501  
-0.2316799787  
-0.7111254705  
-0.8035394946  
-1.372647969  
-0.9165354691  
-0.677560922  
-0.864146493  
-0.2723189723  
-0.461357258  
-0.6824782138  
-0.4053192975  
-0.3271180551  
-0.3442147171  
0.1470311662  
0.4290420541  
0.5584902475  
-0.06885572717  
-0.4293991162  
-0.5229930457  
-0.6170594924  
-0.4775304005  
-0.6115165779  
-0.7167145417  
-0.6350403759  
-0.784293251  
-0.2182709882  
-0.2733068933  
-0.3768506164  
-0.6371441714  
-0.6820783174  
-0.6726606801  
-0.7931902063  
-0.717239274  
-0.4376001795  
-0.702519603  
-1.006036187  
-0.6534346697  
-0.2304950635  
-0.09669265069  
0.2173891778  
0.4416357889  
0.807161546  
0.5737542771  
0.2078157179  
0.2205934843  
