0.3244343546  
-0.06324630403  
-0.09460615853  
0.05594385316  
0.3617226534  
0.1521848074  
0.1578813439  
0.1596793288  
0.1232430338  
0.5661163038  
0.727738043  
0.5964495241  
0.06901611986  
0.2866194158  
0.385222098  
0.4391409933  
0.305381016  
0.4862349652  
0.5462419902  
0.5150861098  
0.1638491759  
0.3601866622  
0.1459169866  
0.1311904265  
0.1418592884  
-0.1574217093  
-0.04152149936  
-0.1501941616  
0.370629441  
0.2722981607  
0.1351841743  
0.2614166315  
0.3074745456  
0.3921807323  
0.3185274791  
0.002040976955  
0.1444744331  
0.1412758361  
0.2668994325  
0.2307410326  
0.2285889534  
0.1715969706  
0.278952631  
0.3215361525  
0.4735689214  
0.5091279821  
0.0708958827  
-0.0329375756  
-0.09409452434  
-0.2005342749  
0.2575435699  
0.3129538998  
0.7963470202  
0.929628534  
0.9462244369  
0.8860857084  
1.010931688  
0.9356604682  
1.01588181  
0.87293629  
0.7356010684  
0.7668029229  
0.6960718711  
0.8638566138  
0.5183325788  
0.3861816769  
0.2159480356  
-0.1231579506  
0.08878895622  
0.3932933889  
0.6251064038  
0.7233622865  
0.6099649627  
0.5154776452  
0.3505175511  
0.4641072227  
0.5338799025  
0.5369034104  
0.4902273316  
0.5514601806  
0.5313197931  
0.4585486679  
0.2256853251  
0.1189217569  
0.1054671403  
0.008041179221  
-0.1130162142  
-0.0007536225235  
0.128251906  
0.07397200828  
0.07475284025  
0.1741453097  
0.1576090722  
0.2941836183  
0.05514668215  
-0.1050642026  
-0.332961031  
-0.2354785796  
-0.3379519418  
-0.03764234542  
0.1264485503  
0.5634651151  
0.3087405926  
0.2173507432  
0.366735486  
0.3214955856  
0.2105165678  
0.382130794  
-0.05138767045  
-0.3227819612  
-0.02935176316  
0.05408344674  
0.2336034065  
0.2911165701  
0.3733842031  
0.5359283837  
0.3289874787  
0.5511722952  
0.5470790018  
0.6327558273  
0.331459947  
0.09242819557  
0.3537492604  
-0.06590928386  
0.2832074793  
0.1803103522  
0.2886682337  
0.3502029774  
0.7282575783  
0.3141085021  
0.276371545  
0.464027509  
0.1268918513  
0.4163545244  
0.1223125991  
0.08785704817  
0.2494248011  
0.1711684736  
0.2412268087  
0.4068816932  
0.6639893344  
0.2279663693  
-0.2165751988  
0.09869719981  
0.1016031197  
-0.02183778373  
0.04533920479  
0.1953371278  
0.1718890835  
-0.04192349359  
-0.01976925736  
0.3329917026  
0.396287707  
0.3267606422  
0.4242078548  
0.3627277062  
0.2390988497  
0.3927227366  
0.143534918  
0.3828679361  
0.3953367113  
0.6330989854  
0.4951166312  
0.4685054711  
0.483071114  
0.5432116234  
0.2814842007  
0.4145396649  
0.5933054984  
0.5119715454  
0.5968114328  
0.7944495479  
1.080576586  
0.9159224882  
0.800671498  
0.7385152114  
0.6967166406  
0.5165340976  
0.6016548586  
0.6288721292  
0.787385304  
0.6225453478  
0.3481438161  
0.492691468  
0.3803438083  
0.3546845617  
0.01982622337  
-0.3527641574  
-0.4149373731  
-0.3993709489  
-0.4776071474  
-0.2533413867  
-0.01123267662  
-0.1376204676  
-0.02400621478  
0.2264401658  
0.1913907801  
0.2807018249  
-0.04745224675  
-0.462412664  
-0.550266665  
-0.6933942343  
-0.5603172908  
-0.4108880602  
0.07911285481  
0.1818313636  
0.5874060794  
0.5546143588  
0.9253587013  
0.6612889869  
0.4431361629  
0.2182502844  
-0.09130142956  
-0.1633624994  
-0.1545449301  
-0.08672910762  
-0.1097107089  
-0.02639019017  
-0.01090265077  
0.1407804937  
0.2908135068  
0.496450781  
0.35396692  
0.3978683557  
0.2513594197  
-0.009276564901  
-0.06604228686  
-0.1388834042  
0.0985334868  
0.002929403764  
0.4762310049  
0.3362278545  
0.2223667819  
0.6718475518  
0.6381655087  
0.8519277321  
0.7634196026  
0.6918533985  
0.4176381553  
0.3575677198  
0.6078576218  
0.6454857613  
0.5488756632  
0.4085783745  
0.2417828304  
0.0170547564  
0.1128150239  
0.2299787002  
-0.1329650935  
0.141277582  
0.43958468  
0.7567135811  
0.6372054914  
0.2376663013  
0.4882442406  
0.09392644331  
0.298941905  
0.3845288255  
0.4830141062  
0.2367355652  
0.1003005562  
-0.2270311301  
-0.2996545658  
-0.4883390671  
-0.189850536  
-0.1795900212  
0.02702828166  
0.1717814542  
0.2105725955  
0.719330664  
0.7403547035  
0.8093492812  
0.1571656552  
0.08570830849  
-0.2431461629  
-0.2484623564  
-0.2551243941  
-0.2330409476  
0.1205255845  
-0.1279555728  
-0.09444579129  
0.2458486525  
0.2644794815  
0.3285108604  
-0.1080895973  
-0.3868132574  
-0.3129228693  
-0.3407622703  
-0.04336338804  
-0.04061114245  
0.3584952794  
0.3112595595  
0.6573897954  
0.6589758211  
0.608678369  
0.6429478296  
-0.03184718302  
-0.1802149351  
-0.3496868911  
-0.3429145279  
-0.296784984  
-0.4580865353  
-0.09986756745  
-0.3251236235  
-0.04503223616  
0.2005901847  
0.2058099225  
0.1553395052  
0.1011938995  
0.0213833374  
-0.08497824158  
-0.1036592486  
0.1327815664  
0.08259697579  
0.2630722105  
0.2051415816  
0.1305485971  
0.2194159391  
0.2597423099  
0.2290447794  
0.2898010247  
0.149455637  
-0.002505091941  
-0.09345193712  
-0.2925206465  
-0.1717804864  
-0.13643956  
-0.1291190472  
0.0217995746  
0.3087030075  
0.2623591686  
0.3198599548  
0.03063777565  
-0.3298306991  
-0.3262351324  
-0.7231969894  
-0.4394390217  
-0.2234693423  
0.003399911709  
0.03629088401  
0.006700702794  
0.1658010781  
0.06769137347  
0.3175409634  
0.0573794967  
-0.1442882058  
-0.3308109757  
-0.4743219598  
-0.4896580289  
-0.5578269746  
-0.1308461414  
-0.3147418206  
0.0553229561  
0.1881761235  
0.3394262578  
0.2729006829  
-0.1761218885  
-0.2331525458  
-0.6304427066  
-0.6018534616  
-0.6994754002  
-0.4194182908  
-0.5254459966  
-0.450934748  
-0.1890707044  
0.1036923207  
0.1334855419  
0.2707017089  
-0.09395528579  
0.100026659  
0.01362224414  
-0.05061494583  
0.4044641359  
0.4506381751  
0.3877848455  
0.3337495456  
0.522408074  
0.5995622727  
0.5076669682  
0.3384187535  
0.05552293008  
-0.1280894639  
-0.5059539324  
-0.7349432877  
-0.4381263168  
-0.5144651079  
-0.1679298612  
0.2317576668  
0.05685530236  
0.2709846553  
0.5804842037  
0.7280609916  
0.2805315732  
0.1459590611  
0.2187450912  
0.6064371262  
0.7309277006  
0.6396133478  
0.2980990167  
0.08325955279  
0.3099373292  
-0.1846499046  
-0.06332963316  
-0.1251573127  
-0.2814255518  
-0.2874917521  
-0.2822238397  
-0.3097551714  
-0.54433601  
-0.6440618002  
-0.5214953637  
-0.5433729689  
-0.3736522989  
-0.4552877554  
-0.3268963303  
-0.3971044537  
-0.9254257406  
-1.270449418  
-1.342626037  
-1.431382314  
-0.964219085  
-0.832440834  
-1.027299144  
-1.076326983  
-0.3651984909  
-0.5510588091  
-0.6432906493  
-0.464021304  
-0.5738081887  
-0.9498971149  
-1.165770646  
-1.596063895  
-1.42769315  
-1.475800489  
-0.4986272587  
-0.837911378  
-0.9760672188  
-0.5634937561  
-0.3742573245  
-0.5671564032  
-0.6025818512  
-0.8858606759  
-1.043526165  
-0.7145537412  
-0.05359853746  
-0.5481476225  
-0.7761030488  
-0.7081476646  
-0.9803083241  
-0.8611499644  
-0.6136622808  
-0.7997374842  
-0.5714596081  
-1.005743759  
-0.4230141275  
-0.9984313561  
-0.6381728555  
-0.2626320554  
-0.08154541161  
0.2600835059  
0.01902344083  
0.4144598502  
0.3081950668  
-0.08176965927  
-0.7115406514  
-1.072503641  
-0.7945364372  
-0.6464626034  
-0.8258367878  
-0.0841530306  
-0.2130464949  
-0.5929173498  
-0.2124398824  
-0.1301898332  
-0.07524598991  
0.06212191286  
0.1678685097  
0.07364067707  
-0.2763196095  
-0.07151729255  
-0.3093615768  
-0.2114126565  
-0.03741574638  
0.1162366643  
0.4361025467  
0.2513113068  
0.1037829061  
-0.1971714083  
-0.3364621639  
-0.7151535321  
-0.907903767  
-0.8272283518  
-0.9086495606  
-0.9224296399  
-0.4250608238  
-0.3273176711  
-0.1240731599  
-0.02008027519  
0.3128707469  
0.5705206207  
0.7451625086  
0.7871337931  
0.5709986487  
0.1477294714  
-0.04742085415  
-0.6460767959  
-0.7657643062  
-0.7429437387  
-0.7635826256  
-0.5160196539  
-0.5824814956  
-0.4281705258  
0.06649235149  
0.225817165  
0.0689403636  
-0.41795955  
-0.7425628804  
-0.8826450192  
-0.7513414875  
-0.5164327863  
-0.3028607575  
-0.4848993033  
-0.3116672176  
-0.01197909589  
0.09015842939  
0.2496751608  
0.03230484495  
-0.232176906  
-0.5891841129  
-0.6767250439  
-0.1975630376  
-0.1398474333  
-0.08272979251  
0.01895089988  
-0.2857318278  
-0.0911734415  
-0.3170700485  
-0.2165836208  
0.01286211561  
0.1198679032  
-0.01810653812  
-0.1571581684  
-0.529013763  
-0.7216967921  
-0.8670614822  
-0.8069480913  
-0.4306552412  
-0.3501128599  
-0.1370708641  
-0.0531455851  
-0.01855004545  
-0.1969004732  
-0.2780183247  
-0.6890546065  
-0.9120595398  
-0.7528774914  
-0.7014522801  
-0.453260139  
-0.2455688207  
-0.1501379363  
-0.0127669535  
-0.1717738324  
-0.2122894557  
-0.4278791951  
-0.7503181477  
-0.8098544761  
-0.4909308602  
-0.4996779226  
-0.1102063577  
0.1171523567  
0.2562516172  
0.1252320605  
-0.03881155625  
-0.09746894921  
-0.2892668811  
-0.5968183396  
-0.3799728225  
-0.3596079963  
-0.3032171886  
-0.1852335519  
0.1771227932  
0.3306312513  
0.213313828  
0.3916894852  
-0.06649779123  
-0.3214777059  
-0.6497731912  
-0.5408837063  
-0.4150461724  
-0.6363004003  
-0.3130487223  
-0.1891513535  
-0.143760025  
-0.1575129144  
-0.4758354067  
-0.7120058591  
-0.8692182062  
-0.9275023047  
-0.6061155728  
-0.6286736105  
1.192585731  
0.3649230656  
0.01952107236  
0.06625361665  
0.03264608553  
-0.1039996807  
-0.2916788869  
-0.5433155539  
-0.6659031881  
-0.3632580587  
-0.4591598389  
-0.4550646228  
-0.3221597971  
-0.2226892049  
-0.0288899589  
-0.2534134614  
-0.2935678761  
-0.3438714208  
-0.6139563354  
-0.6390581819  
-0.4427931641  
-0.5251675528  
-0.0510119317  
0.276837219  
-0.08414151646  
-0.1088989989  
-0.3263678599  
-0.5910657717  
-0.516846783  
-0.6160717195  
-0.4089877808  
-0.2512135849  
0.07467811395  
-0.04698497859  
0.07487662489  
-0.04656986114  
0.03066513706  
-0.2776347398  
-0.3267669668  
-0.3999300145  
-0.04018987191  
0.02909225431  
0.05193903637  
-0.02149696012  
0.06564367663  
-0.05300019115  
-0.1200236018  
0.06147909408  
-0.1246679822  
0.05878469887  
-0.05391140212  
0.2193008612  
-0.05505510506  
0.1547004285  
0.1347103339  
-0.2026732984  
-0.5040313543  
-0.3432654381  
-0.5002356995  
-0.2863652538  
-0.2302342556  
-0.1460280859  
-0.05665075668  
-0.1909418099  
-0.2447532806  
-0.4088975268  
-0.6422703997  
-0.7362100455  
-0.5632793628  
-0.6099768694  
-0.4875730651  
-0.1447946443  
0.06010374983  
0.2145746669  
0.1440208423  
-0.1312115144  
-0.390943995  
-0.627724808  
-0.6987669345  
-0.7111580881  
-0.483234991  
-0.4132233211  
-0.4035997142  
-0.1608232296  
-0.3368346541  
-0.4803978557  
-0.3683410742  
-0.4599585608  
-0.04962563488  
-0.3786981685  
-0.6974072947  
-0.5627496949  
-0.3088103796  
-0.4068903003  
-0.771823084  
-0.6548761937  
-0.4719704918  
-0.7572306369  
-0.6917016752  
-0.6700776309  
-0.5104513929  
-0.3531169648  
-0.00375223304  
-0.187994641  
-0.09489079987  
-0.2943966878  
-0.3555484544  
-0.2806143556  
-0.580336565  
-0.7007951541  
-0.3987977182  
-0.3116741826  
-0.1246007551  
-0.1586036915  
0.2644249055  
0.1116436388  
0.1948503135  
0.02034329057  
-0.09847219811  
-0.4923209447  
-0.1398344181  
0.3331705335  
0.1896220441  
0.3201495475  
-0.01645081243  
0.2960437805  
-0.1104021204  
-0.1979749601  
-0.3436234134  
-0.4597254358  
-0.4542362475  
-0.2937297883  
-0.2930674195  
-0.01072139644  
-0.06952075215  
0.08450295073  
0.1688446816  
-0.1157799857  
-0.1620531189  
-0.1304234192  
-0.1703708446  
-0.2090175554  
-0.2274086084  
-0.4136764427  
-0.3161818735  
-0.2485668268  
0.1629319202  
0.1031841263  
-0.07183747276  
0.08145369908  
0.1113103657  
0.2215153572  
-0.0801258392  
-0.1430264879  
-0.2062913468  
-0.2443662338  
-0.1459644841  
-0.1495691847  
-0.184823162  
-0.06909880351  
0.02438882835  
0.1114860558  
0.2668661991  
-0.07105645147  
-0.1015208999  
-0.1560005647  
0.2028985738  
0.3610366075  
0.5065275905  
0.7379501617  
0.7228791177  
0.8143532039  
0.6008389695  
0.2615846647  
0.08041779368  
-0.5342502455  
-0.5006297736  
-0.406891768  
-0.3478169754  
-0.6687626696  
-0.6461977798  
-0.3162046342  
-0.3244735796  
-0.1659845624  
-0.2412753327  
-0.1490427363  
-0.06145758604  
-0.1385649337  
-0.1295891236  
-0.0304045459  
0.2653892475  
0.3629598619  
0.2909364836  
0.1688170418  
-0.3037139989  
-0.3752053911  
-0.3948402791  
-0.4820589518  
-0.3049072588  
0.02401701649  
0.3797774845  
0.1667199719  
0.0975370175  
-0.1178799088  
-0.1949602234  
-0.4816347503  
-0.4655102245  
0.2181215815  
0.260355683  
0.5835255992  
0.4602201549  
0.3944286466  
0.3908992243  
0.3637160906  
0.4728660867  
0.4713899125  
0.3438197098  
-0.0231592575  
-0.1162792306  
-0.3641836966  
-0.4103124878  
-0.7628971533  
-0.5745231076  
-0.4635375642  
-0.2875519798  
-0.02087928786  
-0.03330161956  
-0.1691824972  
-0.2257557854  
-0.1646590876  
-0.01359304696  
-0.1372794586  
-0.3790211865  
-0.109620215  
0.1578942921  
0.5419503592  
0.6228484011  
0.5993986979  
0.5550849356  
0.5398634541  
1.129196653  
1.086643166  
0.4413431261  
0.5931773821  
1.008567246  
1.354961869  
1.033114195  
0.3007696141  
-0.133212355  
-0.3289002984  
-0.1229767528  
0.01328658328  
0.06684099237  
0.5978413584  
0.3458602267  
0.602274753  
0.7751418868  
0.1656280038  
0.3851761663  
0.2048421186  
0.1728752748  
0.180295796  
-0.006988572645  
-0.8188288614  
-0.6694900496  
-1.194821069  
-1.296300705  
-1.392965136  
-1.240897469  
-0.9976884381  
-0.6921048719  
-0.2503463806  
-0.2785111595  
-0.378044322  
-0.612359645  
-1.051498031  
-0.8637587973  
-1.140105968  
-0.8681307191  
-0.7777009927  
-0.2772147854  
0.4629220919  
0.1212702814  
0.09238893714  
-0.3968153267  
-0.2788746574  
-0.3950330525  
-0.4552427787  
-0.2827980253  
0.008316972859  
0.08640361603  
-0.008742300993  
-0.1407447755  
-0.404421056  
-0.4844513061  
-0.1089372548  
0.05921655857  
-0.1283003283  
-0.2353273839  
-0.2692036828  
-0.6074488771  
-0.5539822565  
-0.3599304796  
-0.3609217056  
-0.526477048  
0.09980293569  
0.1229611383  
1.212475839  
0.6692850153  
-0.3583430592  
-0.06830065299  
-0.4690350454  
0.1808917679  
0.5223252603  
1.295401657  
0.8648089324  
1.826934278  
1.509608921  
0.2627069376  
-0.04591394275  
-0.07467172714  
0.09423181219  
0.4354708389  
0.4043169148  
-0.09016838411  
-0.4096492908  
-0.870152154  
-0.8509212695  
-0.7672090292  
-0.4621852375  
0.08676987382  
0.4210032942  
0.5197834235  
0.4077239449  
-0.004737804292  
-0.7744810931  
-0.5268706565  
-1.046973387  
-0.7535326224  
-0.7126633694  
-0.1508771142  
-0.1030933923  
0.1838603818  
-1.127705355  
-1.351829259  
-0.5189662534  
-0.2654344687  
-0.05238240848  
0.0222766279  
0.5354109796  
0.8961171636  
0.8480969319  
1.156841148  
0.9032294105  
0.2026461017  
0.1946890724  
0.08077055384  
0.2930333454  
0.07782704728  
0.06799964861  
0.128631223  
-0.09921603369  
-0.5375737715  
-0.3615296886  
-0.3206161661  
-0.4466311787  
-0.8943509143  
-1.002785785  
-0.7210275569  
-0.6950688819  
-0.3357595578  
0.02636912634  
0.1474697026  
-0.01125994615  
-0.7982982178  
-0.851054405  
-0.6231932049  
-0.5315157958  
-0.37264433  
0.06955465403  
0.004085532841  
-0.4660329504  
-0.4914453954  
-0.5576730503  
-0.7714060199  
-0.4247913585  
-0.1562098566  
-0.0686701437  
0.174124715  
-0.1626832416  
-0.516784362  
-0.3853605923  
-0.03492365307  
-0.01382784582  
-0.203428211  
-0.4503060106  
-0.6714828004  
-0.5840656817  
-0.2336772345  
0.2454456696  
0.1648987224  
0.5724868607  
0.7701116328  
1.312676835  
0.5323347344  
0.4328077827  
0.08355003837  
-0.08169150069  
-0.2714369557  
-0.1098092714  
0.1647264274  
0.4200498709  
0.3536000657  
0.4662873132  
0.327186736  
0.1420819052  
-0.4514150935  
-0.2966568023  
-0.09841196732  
-0.1118761012  
-0.3259083807  
-0.3366886857  
-0.7650327043  
-1.218795597  
-1.545183332  
-0.8817036264  
-0.6703226581  
-0.6894303478  
-0.6206014195  
-0.2180982155  
0.005357075911  
-0.2270218402  
0.2733272471  
0.5668635608  
0.6428002901  
0.7880262966  
0.6879428374  
0.9836699344  
0.8423734796  
0.836180732  
0.7097485227  
0.8228578403  
0.5501676985  
0.7953146195  
0.7543659646  
0.3105839462  
0.03901349606  
-0.1237207618  
-0.2907368097  
-0.06027237191  
0.370473879  
0.1658371741  
0.4343598376  
0.4621593742  
0.05368445445  
-0.2407033504  
-0.6038477876  
-0.479336249  
-0.3876815821  
-0.0190115623  
0.1205154094  
0.1942171786  
0.06712339116  
-0.07248470633  
-0.1974858374  
0.1209810655  
-0.0368596639  
0.1547316117  
-0.2005686423  
-0.2661438989  
-0.1210535249  
-0.01601692326  
0.1193795001  
0.06610124825  
0.4013725534  
0.7890216081  
0.6953564074  
0.2417257791  
0.1236467953  
-0.3929928436  
-0.2888805959  
-0.0456560073  
-0.1530545967  
-0.1863599187  
0.14116344  
0.3344231894  
0.4279668175  
0.5935157763  
0.4473866238  
0.6114402384  
0.5935743014  
0.6730162803  
0.6478409891  
0.440080515  
0.7550572127  
0.5410854385  
0.5645224022  
0.2228291966  
0.6167653353  
0.8318037377  
0.6745278219  
0.5011544658  
0.4431430814  
0.477388091  
0.5509596988  
0.7106292892  
0.471709099  
0.3584761154  
0.6250528251  
0.6679292778  
0.7322926042  
0.6190138963  
0.5440952021  
0.5657501666  
0.6255151497  
0.6104724509  
0.131714404  
-0.05051030335  
0.1590163322  
0.07917028081  
0.01404889105  
0.2328098822  
0.1672854845  
0.2413204247  
0.04005360533  
0.1844824838  
0.521868256  
1.01977464  
1.469166496  
1.336008028  
1.550554364  
1.702920456  
1.550080708  
1.580556302  
1.601339148  
1.742087603  
1.180395295  
1.112570258  
1.213853328  
1.095604906  
1.106507388  
1.047859196  
0.4369814819  
0.1534348777  
-0.1895635707  
-0.3415739127  
-0.4761109179  
-0.9477178476  
-1.0835697  
-0.7051866569  
-0.173456078  
0.2115080106  
0.0914466117  
0.2692825357  
-0.004500315894  
-0.2580236133  
-0.6728913736  
-0.8712166091  
-0.5443744346  
-0.08759199231  
-0.009250392394  
0.1432194615  
0.2350147224  
-0.07624308396  
-0.07415792563  
-0.4580465128  
-0.556766478  
-0.3672847149  
-0.2390204211  
0.08746638634  
0.2283978423  
0.184456895  
0.06482960265  
0.0007719680538  
-0.1378017731  
0.07259688381  
0.005488104467  
-0.05355434948  
-0.3326166314  
-0.4245351778  
-0.326373171  
-0.09079310858  
0.0610911744  
0.3912600623  
0.600581569  
0.3541372369  
0.4938430182  
0.8771544385  
1.203837083  
1.152012752  
1.345402941  
1.519978309  
1.553342668  
1.430360441  
0.5278595203  
0.7635890595  
0.6180703459  
0.4664995811  
0.3109675105  
-0.2235755296  
