4520.136686  
4511.995938  
4511.067306  
4514.095735  
4521.61114  
4516.74025  
4516.945936  
4516.985181  
4516.556552  
4526.063811  
4530.095133  
4526.000119  
4514.655553  
4518.936988  
4521.480399  
4521.927029  
4519.458798  
4524.111096  
4524.312737  
4524.388555  
4516.026975  
4521.378346  
4516.1181  
4514.116639  
4514.572067  
4508.067098  
4509.352597  
4507.789628  
4520.17285  
4517.865407  
4515.283847  
4519.809788  
4519.321988  
4521.913958  
4519.988297  
4511.892403  
4515.680452  
4515.474269  
4519.056293  
4517.598343  
4517.876318  
4516.253396  
4518.448259  
4519.362975  
4524.352506  
4524.17393  
4513.892009  
4512.133432  
4509.294254  
4507.547409  
4518.071104  
4520.378703  
4532.051359  
4535.387604  
4535.627377  
4534.535833  
4538.421576  
4536.386731  
4538.054882  
4533.983822  
4530.837692  
4530.578095  
4529.403258  
4532.864187  
4526.167141  
4522.351361  
4517.240694  
4508.132905  
4512.772745  
4520.724539  
4526.415127  
4528.98219  
4526.899558  
4524.127116  
4519.449417  
4522.224455  
4524.316696  
4524.463617  
4524.125496  
4525.57975  
4525.204491  
4523.635885  
4517.826429  
4514.609533  
4514.320916  
4511.391727  
4508.331679  
4510.490806  
4513.537792  
4511.271182  
4511.911997  
4514.26855  
4514.03087  
4518.821157  
4512.778982  
4509.533928  
4503.897989  
4504.636762  
4502.820826  
4509.58  
4513.68623  
4523.070227  
4517.714274  
4516.157417  
4519.583462  
4518.646895  
4515.791864  
4520.725664  
4510.406985  
4503.724613  
4510.472868  
4512.273279  
4516.132072  
4517.402344  
4520.01787  
4523.052813  
4517.810878  
4523.863853  
4524.955922  
4526.881499  
4520.655076  
4515.371254  
4521.403873  
4510.331717  
4518.04918  
4515.804889  
4518.614777  
4518.780224  
4528.049768  
4519.333407  
4517.876929  
4522.184965  
4513.844272  
4520.513146  
4515.032417  
4514.194085  
4518.090855  
4516.271443  
4517.437895  
4520.571808  
4526.910977  
4516.530176  
4505.46535  
4513.028452  
4512.789259  
4509.861424  
4511.297367  
4515.541136  
4515.443762  
4511.15317  
4511.849653  
4519.481433  
4520.962524  
4519.806973  
4521.654751  
4519.227499  
4516.489882  
4519.597447  
4514.539931  
4521.543964  
4521.656864  
4528.13054  
4524.707828  
4524.416535  
4524.61266  
4527.34577  
4520.108066  
4522.170379  
4525.929408  
4524.044794  
4525.478272  
4530.723792  
4537.416902  
4535.254107  
4532.752653  
4531.354017  
4530.482157  
4525.332734  
4527.13934  
4526.950215  
4529.824938  
4526.187858  
4519.163021  
4522.315496  
4519.929287  
4520.361847  
4512.14209  
4503.967915  
4502.191386  
4501.278445  
4498.870817  
4503.951613  
4508.99271  
4507.239826  
4509.955155  
4514.570705  
4514.584676  
4516.506291  
4510.363328  
4500.349841  
4497.275418  
4493.73045  
4496.321921  
4501.009294  
4511.285212  
4514.72096  
4524.820505  
4524.521223  
4533.563073  
4528.161882  
4522.361731  
4517.594479  
4509.068398  
4507.394092  
4507.05947  
4508.586381  
4507.929142  
4509.233255  
4510.497649  
4514.038517  
4516.861268  
4521.26783  
4519.334706  
4519.484645  
4516.860719  
4511.597505  
4509.532719  
4507.440969  
4512.702785  
4511.09452  
4521.507206  
4518.995295  
4515.709504  
4525.769314  
4525.322838  
4531.448313  
4530.068184  
4527.823616  
4522.203274  
4519.785755  
4525.456194  
4525.550344  
4523.63663  
4520.151608  
4516.03879  
4511.526719  
4514.349202  
4518.10091  
4510.129788  
4515.931558  
4522.332017  
4530.104519  
4526.611544  
4517.377588  
4522.684154  
4513.929025  
4518.000695  
4520.043676  
4522.735353  
4517.142853  
4514.75622  
4506.826828  
4505.058775  
4500.619955  
4506.089086  
4506.401791  
4511.520397  
4515.345872  
4516.088291  
4529.267124  
4529.413185  
4531.831139  
4517.210707  
4515.274328  
4506.749913  
4505.841098  
4504.600767  
4504.50781  
4511.781326  
4506.904451  
4508.40309  
4517.244487  
4518.38498  
4519.736673  
4509.853411  
4503.039171  
4504.964991  
4504.102651  
4511.049375  
4510.475012  
4519.076082  
4518.497871  
4527.668854  
4526.887818  
4526.493402  
4527.037481  
4511.869578  
4508.789351  
4503.828307  
4503.532008  
4503.934427  
4499.05929  
4506.253353  
4501.840751  
4508.106238  
4514.154802  
4515.389405  
4514.540909  
4514.457039  
4512.968705  
4509.825404  
4510.033785  
4514.832958  
4513.467995  
4516.697082  
4515.415829  
4512.977904  
4515.097922  
4516.032407  
4515.786238  
4518.385279  
4515.520529  
4511.292302  
4508.359812  
4503.481688  
4506.02415  
4506.626823  
4506.550744  
4510.072453  
4516.068701  
4515.908233  
4517.450966  
4511.934822  
4503.382262  
4503.27241  
4493.501333  
4499.689739  
4504.890703  
4509.792675  
4510.917184  
4510.630143  
4513.744768  
4513.19331  
4518.732973  
4512.028872  
4507.711462  
4503.416529  
4499.4878  
4498.398394  
4497.33768  
4506.448314  
4502.401506  
4511.295002  
4513.85958  
4519.593636  
4517.266438  
4507.962576  
4506.42114  
4497.045051  
4497.167973  
4494.2654  
4499.855449  
4498.560516  
4500.033467  
4506.457623  
4512.73053  
4513.821172  
4516.060563  
4508.201587  
4513.50275  
4513.140692  
4511.475639  
4521.314115  
4521.80921  
4520.00323  
4517.946694  
4523.178292  
4524.835903  
4522.940493  
4520.254897  
4514.140692  
4509.485237  
4499.655278  
4494.345076  
4500.952386  
4498.44775  
4506.666027  
4515.724543  
4511.942193  
4516.559675  
4524.18283  
4528.086864  
4517.634033  
4515.080956  
4516.330554  
4526.550405  
4529.381218  
4525.56812  
4517.724391  
4512.552303  
4517.788051  
4506.66428  
4509.548303  
4508.02372  
4505.048475  
4505.051967  
4504.79854  
4503.699178  
4499.161512  
4495.833635  
4498.647066  
4498.86371  
4501.724537  
4500.633734  
4504.298209  
4502.695913  
4490.773985  
4482.073279  
4479.780066  
4477.544903  
4488.72877  
4491.655212  
4487.025019  
4486.006448  
4501.093442  
4497.747755  
4496.115178  
4500.855939  
4498.552355  
4490.913129  
4484.929982  
4476.06264  
4478.561516  
4477.213226  
4499.775071  
4491.752571  
4488.244239  
4498.349038  
4502.477208  
4498.578533  
4498.119263  
4492.544021  
4487.91444  
4495.164062  
4509.267885  
4497.712261  
4492.838784  
4493.479305  
4487.482938  
4490.358169  
4495.959116  
4492.69907  
4498.696758  
4489.141626  
4502.432714  
4488.350164  
4495.090909  
4503.030042  
4508.672862  
4515.539707  
4511.155398  
4521.154758  
4519.389926  
4509.989156  
4495.61573  
4487.583411  
4493.654507  
4497.666384  
4492.73313  
4510.489563  
4507.963504  
4497.451767  
4506.447579  
4508.752099  
4511.036494  
4514.370693  
4516.583446  
4515.456111  
4506.489322  
4511.154699  
4504.871939  
4507.360141  
4510.873773  
4514.247304  
4522.138634  
4517.742204  
4514.713643  
4506.967765  
4503.445702  
4494.599485  
4490.095363  
4491.56521  
4490.294986  
4490.307261  
4501.830779  
4502.90211  
4508.622425  
4511.644146  
4519.749632  
4526.244518  
4531.558338  
4533.082839  
4528.592517  
4518.620766  
4512.949319  
4498.974839  
4494.592128  
4494.611222  
4493.297145  
4498.83415  
4498.055512  
4501.056454  
4513.213297  
4516.273844  
4512.926828  
4502.034337  
4494.028314  
4491.10616  
4493.749997  
4499.131835  
4504.218448  
4500.056811  
4503.801644  
4510.867973  
4513.414822  
4518.110482  
4511.752363  
4505.860818  
4497.494454  
4496.054479  
4507.666656  
4508.789719  
4510.682623  
4513.759545  
4506.169465  
4510.152151  
4505.778694  
4507.158574  
4512.053664  
4515.714062  
4511.668688  
4508.37536  
4499.547313  
4495.011164  
4491.382407  
4492.612516  
4500.398089  
4502.394581  
4508.374571  
4510.467966  
4511.841349  
4508.353267  
4506.405668  
4497.474456  
4492.489937  
4495.09824  
4496.570296  
4501.435424  
4506.724649  
4509.12147  
4512.672787  
4509.346392  
4507.779138  
4502.419982  
4494.652416  
4492.365755  
4499.588969  
4499.844839  
4508.844382  
4514.582927  
4518.222004  
4515.725746  
4512.034003  
4510.43767  
4505.651689  
4498.67664  
4503.176152  
4503.97364  
4505.080957  
4508.284573  
4516.989794  
4521.397141  
4518.755256  
4522.673105  
4512.310398  
4505.060849  
4496.529647  
4498.907746  
4501.155004  
4495.682328  
4503.678164  
4507.002981  
4508.674587  
4508.14953  
4500.655242  
4495.701212  
4491.121256  
4488.242446  
4496.685268  
4496.384644  
