2664.018713  
2670.802414  
2668.533532  
2659.476952  
2664.772217  
2675.632932  
2669.369415  
2662.006629  
2667.603149  
2662.728308  
2671.700955  
2671.32086  
2676.126064  
2669.94576  
2668.066358  
2668.284657  
2667.771864  
2675.749937  
2666.517298  
2674.189828  
2675.583665  
2671.777878  
2668.972402  
2669.08884  
2673.081732  
2666.749198  
2663.544435  
2654.501223  
2668.635185  
2664.148132  
2669.719057  
2673.850976  
2676.989798  
2668.082625  
2674.670149  
2658.507844  
2651.554263  
2663.410603  
2672.449992  
2666.744294  
2667.410763  
2670.810216  
2675.44733  
2678.581538  
2668.108584  
2671.397851  
2662.62808  
2657.570264  
2664.508675  
2668.033424  
2675.059397  
2677.305688  
2664.440903  
2670.771972  
2680.792123  
2683.886782  
2673.100113  
2676.38132  
2672.661133  
2667.768202  
2677.421472  
2690.220389  
2686.769931  
2681.085459  
2679.102271  
2671.443685  
2664.714315  
2677.863641  
2678.521676  
2672.776114  
2676.087446  
2683.772019  
2680.185461  
2679.766884  
2677.059559  
2692.867461  
2675.255639  
2673.325985  
2672.030877  
2683.703143  
2674.1421  
2679.346339  
2681.626168  
2684.280711  
2679.729656  
2680.974882  
2674.944954  
2676.527737  
2670.918332  
2676.902122  
2668.063741  
2678.61062  
2681.001441  
2673.976027  
2675.429577  
2674.450518  
2679.761232  
2672.676172  
2667.064063  
2673.473055  
2672.471934  
2674.474788  
2681.101482  
2666.70199  
2686.421552  
2671.50838  
2678.01475  
2673.694646  
2678.882479  
2678.834426  
2676.321958  
2682.006428  
2667.536506  
2675.799891  
2681.145318  
2672.719233  
2675.054935  
2682.617908  
2681.760074  
2678.278613  
2681.203581  
2672.290453  
2683.164699  
2684.187816  
2672.571478  
2669.85931  
2674.651521  
2669.652588  
2659.505748  
2669.965857  
2677.440065  
2674.632806  
2669.613404  
2676.220668  
2678.86801  
2670.030941  
2672.876164  
2673.527739  
2676.476564  
2679.758529  
2673.162855  
2669.1043  
2663.89251  
2667.041353  
2669.803118  
2682.550223  
2671.937086  
2680.036997  
2672.243774  
2680.234908  
2682.338486  
2670.318732  
2666.206648  
2671.762229  
2668.974098  
2684.52867  
2674.100316  
2681.077309  
2673.576625  
2684.415573  
2671.849175  
2679.514639  
2681.98594  
2677.295307  
2677.259726  
2677.565171  
2678.398729  
2677.080027  
2683.989114  
2678.069282  
2684.903281  
2688.414388  
2692.294342  
2689.334811  
2680.370672  
2688.022505  
2680.430927  
2680.552326  
2679.444666  
2679.160181  
2680.857863  
2675.954623  
2680.380449  
2671.733962  
2681.064028  
2695.136976  
2684.319193  
2658.139088  
2665.359209  
2681.840235  
2667.164183  
2662.638899  
2669.328602  
2671.638426  
2677.665393  
2679.062114  
2682.039051  
2689.658402  
2679.026253  
2682.792906  
2676.282243  
2677.126341  
2684.075348  
2666.096701  
2666.363761  
2674.321099  
2676.91482  
2687.785527  
2682.704677  
2681.299639  
2668.097169  
2671.833923  
2675.350531  
2683.379465  
2669.795381  
2663.320244  
2668.664792  
2669.627519  
2676.872417  
2681.669385  
2685.866986  
2681.779561  
2680.751467  
2686.751019  
2695.523919  
2678.561358  
2675.886634  
2669.346188  
2672.434715  
2664.970141  
2685.979501  
2683.428374  
2670.342964  
2678.825614  
2684.173964  
2693.652953  
2679.943578  
2677.336662  
2674.991513  
2672.51976  
2672.184656  
2676.409496  
2685.13022  
2684.589138  
2674.422359  
2677.914593  
2677.656069  
2683.498967  
2672.60355  
2680.861429  
2671.513277  
2676.047647  
2675.495704  
2665.915718  
2680.052632  
2681.551043  
2681.445835  
2679.089317  
2670.831704  
2679.269719  
2677.494455  
2676.514988  
2681.120086  
2676.870668  
2675.096735  
2670.881986  
2670.667049  
2676.235943  
2675.186132  
2670.898835  
2666.700225  
2678.614749  
2686.674393  
2682.200995  
2674.260156  
2671.398988  
2670.934039  
2664.826558  
2669.511302  
2668.466912  
2679.198478  
2673.307106  
2669.888807  
2681.41216  
2679.093755  
2675.718622  
2677.243122  
2672.71245  
2669.914932  
2667.672119  
2678.686928  
2670.679951  
2677.970275  
2678.142445  
2683.467783  
2679.861682  
2673.930965  
2672.906636  
2677.305504  
2670.638552  
2664.557382  
2668.199942  
2670.167561  
2680.004545  
2681.893945  
2686.360748  
2678.238591  
2678.928103  
2673.829245  
2671.4558  
2689.514816  
2669.933775  
2674.087316  
2666.078228  
2666.224184  
2664.852562  
2675.643083  
2670.905554  
2675.161273  
2675.781726  
2681.862019  
2682.323082  
2673.840772  
2677.250853  
2670.942539  
2672.539638  
2667.893748  
2670.309659  
2668.139069  
2672.012855  
2675.000051  
2668.81927  
2666.264068  
2679.161732  
2672.01431  
2666.075563  
2667.173374  
2662.169591  
2664.783406  
2676.323771  
2680.204214  
2669.509975  
2659.434728  
2672.242895  
2664.750805  
2673.223145  
2675.892156  
2669.618023  
2661.38045  
2662.397594  
2667.307647  
2666.666662  
2680.402142  
2672.182207  
2671.535806  
2673.399184  
2667.357038  
2664.931373  
2657.576304  
2664.949502  
2668.767828  
2670.22269  
2666.245673  
2672.238149  
2678.549394  
2671.710158  
2672.165691  
2666.616627  
2678.968361  
2676.259704  
2674.118551  
2673.615335  
2673.799777  
2684.192397  
2683.902002  
2683.852162  
2686.599815  
2682.330669  
2682.577211  
2673.194552  
2684.967171  
2672.412976  
2673.762474  
2673.384558  
2672.796426  
2671.808812  
2676.97733  
2663.700866  
2659.907257  
2673.65408  
2680.012345  
2695.932876  
2683.778745  
2687.727514  
2685.418009  
2684.557534  
2676.346533  
2673.669409  
2670.84186  
2673.005766  
2679.766216  
2677.148589  
2675.354032  
2668.158897  
2678.028024  
2676.309186  
2668.084685  
2662.90234  
2675.297578  
2661.69348  
2669.772781  
2666.860427  
2666.63618  
2675.380547  
2675.909986  
2676.791706  
2673.298932  
2664.229056  
2665.99847  
2667.330909  
2674.280938  
2673.134338  
2660.829402  
2665.356917  
2666.248491  
2671.822434  
2676.507284  
2677.605833  
2675.079344  
2667.195991  
2669.294002  
2661.234813  
2663.180343  
2658.991351  
2677.580717  
2676.97954  
2666.50588  
2662.545484  
2668.78404  
2671.764947  
2680.13268  
2674.266198  
2667.849995  
2672.727032  
2666.695251  
2670.912729  
2667.297212  
2673.389755  
2667.051519  
2669.109732  
2663.104039  
2676.751696  
2671.770711  
2665.67164  
2658.15197  
2660.045508  
2660.445445  
2671.322373  
2674.684384  
2686.738335  
2692.674964  
2671.742165  
2664.657459  
2667.812716  
2654.255454  
2660.35845  
2672.322428  
2669.424336  
2670.583463  
2674.632538  
2674.748308  
2661.784502  
2671.991887  
2669.311573  
2672.597876  
2677.981039  
2683.141082  
2676.011469  
2676.341053  
2664.739417  
2667.599877  
2667.38519  
2667.413506  
2670.101226  
2668.459576  
2673.390921  
2673.715856  
2674.78667  
2671.83352  
2684.099593  
2679.286461  
2676.542615  
2668.794326  
2671.574849  
2666.928594  
2675.837593  
2674.049689  
2668.937921  
2672.322354  
2668.632726  
2683.23562  
2678.759156  
2676.755469  
2668.527329  
2662.115364  
2670.013192  
2663.985353  
2666.537256  
2672.863781  
2677.027767  
2679.069233  
2673.242385  
2672.018795  
2675.383409  
2669.098437  
2665.615248  
2665.83267  
2669.879421  
2672.288307  
2670.297483  
2680.489691  
2681.318415  
2676.635573  
2678.184952  
2677.14158  
2665.871904  
2673.909709  
2671.883154  
2678.011169  
2676.362517  
2681.231043  
2681.114308  
2679.22858  
2675.954376  
2663.850948  
2671.686503  
2667.219253  
2672.655226  
2686.367178  
2682.493115  
2679.301474  
2677.935023  
2664.844917  
2668.885164  
2661.16018  
2668.229907  
2660.761643  
2675.648706  
2677.739057  
2683.677239  
2683.422379  
2673.632045  
2677.529129  
2678.449791  
2671.915888  
2681.752689  
2684.41749  
2678.43182  
2669.712546  
2679.519052  
2678.351707  
2680.171447  
2666.013225  
2672.862561  
2667.82338  
2677.288324  
2677.602522  
2680.798397  
2690.487317  
2682.363955  
2671.782437  
2676.889942  
2671.318225  
2670.334841  
2671.102718  
2667.973358  
2671.970332  
2686.16377  
2679.49509  
2694.244817  
2688.391759  
2688.940891  
2678.742244  
2678.929183  
2679.625073  
2668.523754  
2672.04858  
2674.339813  
2673.974867  
2670.341808  
2679.613634  
2680.045341  
2675.103132  
2676.424849  
2664.755539  
2671.687538  
2663.416202  
2666.385141  
2671.491505  
2673.805714  
