-1.197125269  
-1.463352124  
-1.525001719  
-1.377088095  
-1.166716486  
-1.039458039  
-1.1356403  
-0.7285973218  
0.1617980281  
-0.1018160932  
-0.4130996135  
-0.3911804565  
-0.5715784102  
-0.5797381777  
-0.8491990083  
-0.4772099624  
-0.09571174164  
-0.1834144472  
0.3667106794  
-0.1710921048  
0.01683964441  
-0.1436779592  
0.1221514976  
0.4054497772  
0.2046883408  
0.4412986214  
0.2594186038  
-0.4812047048  
-0.3194525939  
-0.3160260787  
-0.3212417457  
0.491211617  
0.8047949549  
0.4456539386  
1.325526309  
1.39977665  
1.124762814  
0.6416186873  
0.7491480332  
0.3726821979  
0.4533406121  
0.7478020326  
0.6713850336  
0.3811188196  
0.08997892842  
0.3547905218  
-0.3174630705  
-0.2065925988  
-0.3256156386  
-0.3836338763  
-0.2109816755  
-0.3104108182  
-0.6602050914  
-0.1803041146  
-0.1476450811  
-0.2247275651  
-0.04425910165  
-0.2838206261  
-0.200524691  
-0.1700180961  
-0.6073899588  
-0.1650724253  
-0.4927836043  
-0.5715000686  
-0.4556177288  
-0.4524740505  
0.2203912954  
0.2188510557  
-0.01647530175  
-0.2263059486  
-0.3025647993  
-0.4129573778  
-0.7164719477  
-0.06623931599  
0.1715196053  
-0.1132287026  
0.2548732935  
0.1322211149  
-0.1493405138  
-0.3153908293  
0.02321905204  
0.1372147626  
0.4888988941  
0.3615034335  
0.3142044965  
0.6084823063  
0.2272085088  
0.1581670309  
0.1604289936  
0.07006571724  
-0.003507483506  
0.4899023641  
0.4726488187  
0.309178074  
0.7466875659  
0.2085754836  
-0.3418147398  
-0.4957023439  
-0.1911551288  
0.1125133919  
-0.3294398684  
-0.02442732433  
0.1423710811  
-0.3092162125  
-0.1725037928  
-0.4723479298  
0.1604121096  
0.1867438202  
0.5151463127  
0.4043320845  
0.06167945645  
0.4288316523  
-0.1161894158  
-0.2611946259  
-0.6083682597  
-0.5611136814  
-0.2992509458  
-0.5087512662  
-0.8103416901  
-1.064220445  
-0.3615976909  
-0.6713361866  
-0.2574914244  
0.1989447507  
-0.43055505  
0.08964375831  
-0.1419232823  
0.6615167059  
-0.3644277109  
0.1343632822  
-0.4698030236  
-0.4108989901  
-1.003123116  
-4.352904053  
-5.029644038  
-3.315947278  
1.467910189  
0.3847646521  
-0.1809453188  
-0.4031573726  
0.1735599265  
-0.1164221433  
-0.3602915032  
-0.7240978257  
-0.5579302189  
-0.5614575992  
-0.4680576055  
0.07482839442  
0.1950250001  
0.01320438441  
0.100017767  
-0.08284626121  
-0.1290093489  
-0.3539280936  
-0.3035859268  
-0.0691576878  
-0.4325381438  
-0.3820161928  
-0.5675826369  
-0.2751467196  
-0.2357194772  
0.1545396684  
0.1981234117  
0.09696365616  
-0.6512123314  
0.006721771536  
-0.04536166445  
-0.07643667004  
-0.319084696  
-0.2541951856  
-0.2491305691  
0.5139080946  
-0.05081639755  
0.3649335637  
0.6655013233  
0.5276218883  
-0.0824319816  
0.3151129807  
0.1105287513  
-0.1032771367  
-0.4341527594  
0.0671877992  
0.003255997348  
-0.08626032526  
-0.1544146674  
-0.1846493565  
-0.1914719496  
-0.04370391325  
0.08990718919  
0.282091206  
0.5006546482  
-0.128807253  
0.04183990421  
-0.03224601304  
0.2824192813  
-0.2762161234  
-0.3236529248  
-0.2766993781  
-0.1163833749  
-0.1722673971  
-0.06784327756  
0.1080585237  
-0.0872453186  
0.5185654165  
0.2382320881  
0.09419170954  
0.1196443727  
0.01311626783  
-0.09788751412  
-0.1544505257  
0.08459750761  
0.6027467463  
0.1747910189  
0.0592335589  
0.1771927223  
0.4397969848  
0.002044128133  
-0.003492935249  
0.02508320415  
-0.4138333517  
-0.2475262209  
-0.02642259978  
-0.3557245731  
-0.3851261298  
-0.5817761459  
-0.6211839119  
-0.861931542  
-0.6321886562  
-0.2886120333  
-0.2854918425  
-0.1351812339  
0.0992365932  
0.2373100602  
0.4324925117  
0.3070789456  
0.1905782519  
0.3449443313  
0.2930108954  
0.1628166159  
-0.5497169794  
0.1372932597  
-0.1104416017  
-0.1177586493  
0.4547818502  
0.3048326461  
0.7413204601  
0.4432485086  
0.1183019889  
0.1175153104  
0.1825096698  
0.2591317334  
0.1183470241  
0.1294443628  
-0.04347417345  
0.1256554767  
0.1164224485  
0.2831945482  
-0.008504039013  
-0.0863832744  
0.1647369362  
0.3292181862  
0.5239039359  
0.3733886819  
0.2573065828  
-0.03312409331  
0.2078419361  
0.2348123937  
0.1714622199  
-0.2129951283  
-0.5028653809  
-0.6646746512  
-0.3971706966  
-1.023076216  
0.3356021032  
0.27464182  
0.6875017212  
0.1472176246  
0.1782073447  
-0.1223195926  
-0.3844050631  
-0.473112778  
-0.5127182322  
-0.2469987713  
-0.1728178757  
-0.2738845836  
-0.1466569915  
0.2894629974  
0.4053620615  
0.1674659223  
-0.2588647177  
-0.3318791653  
0.4443910029  
-0.1038171625  
0.1298472093  
0.1644178687  
-0.04518292258  
0.5191583364  
0.6185918268  
0.2935035865  
0.340434196  
0.1767297001  
0.2405383747  
0.1457832642  
0.6735373149  
1.136185153  
0.5890128733  
0.4293457286  
0.01787137096  
-0.01128569129  
-0.2956536287  
-0.1097927568  
-0.3234457315  
-0.2314126084  
-0.6345246428  
-0.2400830665  
-0.1315982453  
0.0970119279  
-0.11276872  
0.178890783  
-0.2852550573  
-0.1913211095  
-0.2111746989  
-0.008820367682  
-0.3427945634  
0.2163223151  
-0.2153418809  
0.06617231796  
0.2241490393  
-0.0558087429  
-0.04582886723  
-0.1047186641  
-0.5066553925  
0.3926682221  
-0.371800438  
-0.3882592121  
0.1708393238  
0.3336287194  
0.08767721143  
0.288434546  
0.0398636566  
-0.3556413055  
-0.007391641016  
-0.00201050085  
-0.3089048313  
-0.486182741  
-0.4656142124  
-0.1210649473  
-0.2854820659  
-0.5332022187  
-0.5171521981  
-0.589197302  
-0.3833365358  
0.4424135884  
-0.1119743709  
0.18417603  
0.4328650809  
0.1807347429  
0.3889031515  
0.2490636657  
0.5893569666  
-0.008702226627  
-0.04276347388  
-0.2509145071  
-0.2240284949  
-0.01079557782  
-0.3786688828  
-0.405195076  
-0.2491377956  
-0.3203712145  
-0.1234045673  
-0.4227645586  
-0.3699249889  
-0.251825242  
-0.0569154109  
-0.3327116515  
-0.5423378864  
-0.5808092325  
-0.2824250777  
-0.2962938273  
-0.5926875095  
-0.3231254815  
-0.2135237666  
0.009700186372  
0.2233739255  
0.3011096071  
0.0351124083  
0.5719495408  
0.4136903208  
0.2191585942  
-0.2984600184  
-0.1183542951  
-0.1831502779  
-0.2391063975  
-0.1205155017  
0.4978052017  
0.1441177625  
-0.3587427342  
-0.2729160655  
0.05483342975  
-0.1280341735  
-0.3128707309  
0.1121495882  
0.3730975205  
0.4238856462  
0.1145830227  
0.266122899  
0.3333088744  
0.8339835156  
0.9050101688  
0.8877743167  
0.59180252  
0.5026961947  
0.6715800723  
0.3071624019  
0.2374035045  
0.2578133621  
0.3543593796  
-0.264913011  
-0.04208284503  
-0.07352174502  
-0.3708920649  
-0.300549479  
-0.4352674805  
-0.01430214883  
0.01204802225  
0.2318322246  
0.3736900334  
0.5458555803  
0.1941943075  
0.4337452585  
0.4398992538  
0.6162622778  
-0.03686848021  
0.1423882233  
0.461866766  
0.1048755582  
0.10579725  
0.1734498885  
-0.0005651681756  
0.1830992462  
0.2258761913  
-0.5718499826  
0.006496845274  
-0.4797238246  
-0.2326577444  
-0.2951316584  
-0.2302989655  
-0.1929016377  
-0.6297135215  
-0.74155927  
-0.8061735046  
-0.4481142825  
-0.7910118515  
-0.4264949648  
-0.0404678978  
-0.008362532418  
0.2169189299  
-0.01118430689  
0.03435524584  
-0.2031868358  
0.3926497141  
0.04453132191  
0.4234744516  
0.6339022841  
0.315838824  
0.05556050053  
0.2619139693  
0.003867127577  
0.05010235515  
-0.05147859516  
0.1150856999  
0.2782378656  
0.01462636746  
0.2591275378  
-0.3310300413  
-0.07294761443  
-0.4912747351  
1.168504394  
0.6188671238  
-0.6993087398  
2.138194237  
-0.1967743237  
0.7183947448  
0.6212843005  
0.7405368328  
0.1837419444  
0.2738751169  
0.1234262204  
-0.1411798743  
-0.4074816008  
0.1317696531  
0.1049883184  
0.2149073794  
0.1022259969  
0.5052202815  
0.8653017397  
0.6565141963  
0.5258347473  
0.3455728895  
0.09739587837  
0.01286756396  
-0.1212519545  
-0.09514241722  
0.3280325938  
0.1310284496  
-0.005233688136  
0.3028701357  
0.09958801762  
0.1383832615  
0.3503499023  
0.06566216991  
0.03005818323  
-0.2213464765  
-0.2899690776  
-0.1445799886  
-0.5924528337  
0.0005173572746  
-0.08208203679  
-0.2218617286  
0.3438184557  
0.3448152179  
-0.2652456693  
0.1616981159  
0.1693970646  
0.1602915049  
0.3497172463  
-0.1075772606  
-0.07139961465  
0.1801104699  
-0.5843274733  
-0.02511798816  
-0.07022491198  
-0.1250572598  
-0.07980771169  
0.6023699271  
-0.0070483052  
-0.5100831331  
-0.4720153253  
0.1088391314  
-0.02102323455  
-0.4215482561  
-0.3873076416  
-0.2765710292  
0.2365037222  
-0.02743163517  
-0.08453063122  
0.5439146453  
0.4283948255  
0.5667065568  
0.5157056604  
0.4997750488  
0.4392459532  
0.3563848408  
-0.0005218818752  
0.2258182726  
0.2599848153  
0.432499484  
0.6028100916  
0.4107084005  
0.6456831491  
0.04320602865  
0.2406985882  
0.6027184771  
0.5378565486  
0.3013236  
0.7239733532  
0.5043982354  
0.8273868212  
0.5502333492  
0.5636635245  
-0.1692997739  
0.1356668579  
0.2013245122  
0.5365964445  
0.5680272982  
0.5238504936  
0.3864053312  
0.7633512465  
0.3916130718  
0.4911675833  
0.622008932  
0.5379743898  
0.6167846776  
0.2133835532  
1.00153227  
0.6028890879  
0.4172776384  
0.7979323856  
0.795692801  
0.6896395608  
0.5431326254  
0.7278764138  
-0.5993760342  
1.637509127  
1.059998616  
0.4222777291  
-0.9631207926  
-2.23062237  
-1.001783658  
-0.4818076639  
0.1477136578  
0.5827417894  
0.2389498193  
0.5726501215  
0.681837087  
0.3203087506  
0.2171936764  
0.1295158458  
-0.2625737755  
-0.02944318632  
0.1586525666  
0.4021777881  
0.4944927114  
-0.08518621526  
-0.01241461095  
0.008924739025  
-0.1500163078  
-0.1302652769  
-0.4366033124  
-0.1686113774  
-0.06598024431  
0.2991193843  
0.1942912533  
0.1911645184  
0.1830570717  
-0.08787560998  
-0.3917533582  
-0.3876024732  
-0.2161927931  
-0.6350841382  
-0.1450261304  
0.02170658409  
-0.07648162763  
-0.4869533799  
0.115271804  
0.190899756  
0.2978275168  
0.008505153775  
-0.06096963148  
-0.03863064496  
0.3793354433  
0.142737038  
-0.1588575377  
0.04316615435  
-0.06786766217  
0.03002094495  
0.1835831124  
-0.3570078277  
0.1218111332  
0.06193981853  
-0.1263601512  
-0.1085119621  
-0.04389066569  
-0.1017701086  
0.4913605457  
0.3565642976  
0.6101909625  
0.6425293263  
0.3154774231  
0.4084348818  
0.4556971913  
0.5755217726  
0.7634230425  
0.4994844403  
0.2857262762  
0.4204820101  
0.3733540633  
0.2245078209  
0.3167652654  
-0.2719513702  
0.2697131693  
-0.01329412256  
0.1121267654  
0.3182145881  
0.2105064486  
0.2677506935  
0.2100921434  
0.05391404831  
-0.1040282495  
0.398076803  
-0.2598260458  
0.2584938041  
0.09421434445  
0.03550226402  
-0.04403683794  
0.06185085822  
-0.03478141514  
0.1239710409  
-0.1640645827  
0.156061388  
0.196194878  
0.8234670334  
0.6830748968  
0.5299779946  
0.2761706409  
0.4701666015  
0.4384486431  
0.3192375507  
0.6155078404  
0.4651409081  
-0.007925940764  
0.1097471269  
0.4255293266  
0.4849677115  
0.2185983566  
0.5040828727  
0.3436411  
0.8335395978  
0.8224136651  
0.3991568522  
0.7315444965  
0.7670318917  
1.128435166  
1.182950353  
0.4774945129  
0.7319560116  
0.7071026188  
0.691408407  
0.5660463149  
0.5548174166  
0.2262837505  
0.6899240198  
0.1098200437  
0.3993645106  
0.4804140388  
0.291751519  
0.2685021664  
-0.2590858375  
-0.6083649958  
-0.02423233743  
0.2081495304  
0.1316700778  
-0.3188152601  
-0.1310644956  
-0.3516587579  
-0.161391711  
-0.2990783013  
-0.4164059448  
0.3806713736  
0.3592428139  
0.4259989345  
1.08497885  
1.106297468  
0.7334580572  
0.5061598818  
0.2734102222  
-0.1073510528  
0.1431204519  
-0.2010378966  
0.02422166439  
-0.2657334374  
-0.1694244627  
-0.2534423928  
-0.04008491783  
0.0316030937  
-0.017155262  
0.1518816045  
0.3722901695  
0.1486898076  
0.549330016  
0.4419711488  
0.1339843603  
0.1273558655  
0.1130723707  
-0.008933962787  
0.3934499361  
0.5179550159  
0.08669646913  
-0.307536463  
-0.006312012203  
-0.05954822464  
0.2241735364  
-0.1242600618  
-0.009589471756  
0.1060251436  
0.051140508  
-0.05806577235  
-0.04492824963  
-0.3323088279  
-0.3169026615  
-0.2413097257  
-0.4936323499  
-0.4775930991  
-0.3373014403  
-0.2514194003  
-0.1198677484  
-0.1726367244  
0.07812148756  
0.1359869464  
0.03128752478  
-0.0181733827  
0.001471133495  
0.1789532596  
-0.00480010141  
0.1528957988  
0.3126521103  
0.8108863755  
0.7795632615  
0.7778324942  
0.9147465635  
1.061238436  
0.9566155713  
1.215162641  
0.8932337931  
0.5795678241  
-0.1533797148  
-0.243798407  
-0.5044250724  
-0.2881215835  
-0.6483959208  
-0.2878070951  
-0.02762725983  
0.0173715919  
0.02292146853  
0.2649946761  
0.001554645115  
0.73235981  
0.7797465681  
0.8624067809  
0.920563798  
0.5152843987  
0.6062646677  
0.4129912907  
0.5761181859  
0.01860086228  
0.01358538531  
0.1168159362  
0.03179179706  
0.268184347  
0.252835655  
0.3043642176  
0.1314840118  
0.504787531  
0.4963879385  
0.2848434583  
0.7109948678  
0.05512084273  
-0.3259843342  
-0.3812417952  
-0.2776820047  
-0.53709175  
-0.9478631506  
-0.6811258475  
-0.5692484895  
-0.437012074  
-0.6180845923  
-0.4312017279  
-0.3578610145  
-0.3136847753  
0.4731121442  
-0.1409820791  
0.06668867261  
-0.2001047593  
-0.1762468444  
-0.1558097421  
-0.2019266741  
-0.1109042476  
-0.476790274  
0.06794012924  
-0.1455730833  
0.5264321249  
0.3502497166  
0.4976396978  
-0.1971695688  
0.1460258054  
-0.08619123361  
0.2941014154  
0.72145228  
0.3707544285  
0.3118208459  
0.3524793486  
0.4189238932  
-0.04068049767  
-0.3679719976  
-0.3949219537  
0.1792138357  
-0.3405112334  
-0.1386400413  
0.2147464364  
-0.1600501898  
0.07168754608  
0.3204885207  
-0.1859829652  
-0.4835846763  
-0.1775210422  
-0.3676592257  
-0.3619733089  
-0.4011106849  
-0.4200064527  
-0.1899430944  
-0.2022574267  
-0.09358172889  
0.002105797333  
-0.2301769726  
0.004369527384  
-0.400025844  
-0.2451144248  
-0.05867631565  
-0.1500116433  
0.1969408685  
0.1149866425  
0.225520362  
-0.1217019184  
0.3307113743  
0.4732765841  
0.8039359944  
0.4835984387  
0.5652735738  
0.3696730466  
0.2860952056  
-0.1226086631  
0.2269679155  
0.4439517725  
-0.1172031057  
0.06071348882  
-0.2503864904  
0.1261036895  
0.003429233857  
-0.1920558806  
-0.1149791206  
0.2200818869  
-0.1113882501  
-0.1314595447  
0.236560865  
0.1364398417  
0.3610825525  
0.3724728973  
0.2777511295  
0.04065206615  
0.4160932625  
0.3211163873  
0.3612137108  
0.1098307313  
0.4318257567  
0.2406413395  
-0.09125589755  
0.1231077069  
-0.2887174176  
0.3055163928  
0.2350906544  
0.002185254974  
0.4264085434  
0.3408488699  
0.5999056132  
0.7159822045  
0.01460992889  
0.189543107  
-0.157662499  
-0.2608562969  
-0.4624572257  
-0.07372852678  
0.1812541817  
0.2062100811  
0.03721074867  
0.3575977111  
0.2537751545  
0.4002203744  
0.3082805781  
0.3263697173  
0.2956581731  
0.0447699786  
0.1610754115  
0.01878499252  
-0.2183821641  
0.05885936873  
-0.2264125206  
0.2906247749  
-0.05965127821  
-0.05570596373  
0.2002618459  
-0.03806444644  
0.3735548304  
0.3679301279  
0.5804808515  
0.2048110525  
0.4605573677  
0.1115405828  
0.008219137172  
0.1111205149  
0.2649077369  
0.7399588418  
0.6977827345  
0.1848670244  
-3.170214517  
-2.887010463  
-0.5528305517  
-1.003650289  
-5.258722719  
-3.720525234  
-0.7861152784  
0.5094599106  
-0.286852845  
-0.2183237574  
-0.3545901844  
-0.5931937682  
-0.07507703834  
-0.6954311652  
-0.4579547412  
-0.824103868  
-1.504575559  
-1.792638208  
-1.484736194  
-1.658564454  
-1.212894592  
-0.9096756664  
-0.9364108395  
-0.7750453215  
-0.5372373935  
-0.2658138884  
-0.1785415503  
0.07938124452  
-0.1571190162  
0.269604687  
-0.1013456396  
0.1199361514  
0.196351035  
0.3732521213  
0.6986573825  
0.7322324831  
0.5179476763  
0.2471302952  
0.007242679994  
-0.05764398828  
-0.3638683826  
-0.4779392993  
-0.3135256749  
-0.2669133333  
-0.1493687221  
-0.3790404728  
-0.5182312154  
0.2214162944  
-0.4138334484  
-0.06309859306  
0.09051580794  
-0.07022716103  
0.2788932289  
-0.07213079601  
0.1129202864  
-0.1460168356  
0.3078314139  
0.3335778167  
-0.01492648724  
0.03406004022  
0.1587550558  
-0.2132822754  
-0.2668557194  
0.08704727787  
-0.157339299  
-0.1968261734  
-0.1609909053  
-0.09538200816  
0.6532809606  
0.5606541023  
0.9530479048  
0.6909003879  
0.9198428646  
0.4702523459  
0.3833763319  
-0.01566090409  
0.2358302458  
0.2137267185  
-0.09797517739  
0.3773872826  
0.06593810832  
-0.1296891095  
-0.5355544403  
-0.1599295704  
0.09213502451  
0.2146599497  
-0.2536884015  
0.2929144526  
0.1184204664  
-0.01245300109  
-0.03755833443  
-0.1270647286  
-0.1572427804  
-0.5119637672  
-1.049467487  
-0.4199629566  
-0.06820646628  
-0.5380951004  
-0.8546450154  
-0.6535991948  
-0.4240424459  
-0.5232343076  
-0.5672651885  
-0.2401899158  
-0.2364634288  
-0.566814909  
-0.1902414496  
-0.393681009  
-0.2006359042  
-0.1626048951  
0.05142480902  
-0.6895127332  
-0.04169580263  
-0.7495001345  
-0.677206007  
-0.4236059631  
-0.8830122126  
-0.9085940815  
-0.9147824068  
-0.9462614255  
-1.124920539  
-0.5644711528  
-0.6212268906  
-0.1205006379  
0.2710239383  
0.1408726046  
-0.1678560242  
-1.267683789  
-0.6546535858  
0.1280891324  
0.1690531388  
-0.1770583119  
0.3972141129  
0.4265987693  
-0.08610511035  
0.2631516308  
-0.002803877591  
-0.3576136533  
-0.8506311181  
-0.6602012584  
-1.053493133  
-0.4707526968  
-0.2797914669  
-0.3445704891  
-0.1575319627  
0.4165767905  
0.2262671418  
0.4906448662  
0.2221830645  
0.2116494762  
0.5377475745  
0.609755805  
0.2890946942  
0.0672275515  
0.3172175686  
0.3639206134  
0.2634488224  
-0.0470384938  
0.3161120149  
0.1085316275  
0.3002264103  
0.2217259178  
-0.2791609533  
-0.2153939284  
-0.4259677106  
-0.3865202627  
-0.483398383  
-0.3929080474  
0.02831901916  
-0.155249644  
0.03565610929  
-0.1502055259  
-0.6456987004  
-0.7599902844  
-0.7293821016  
-0.4880103316  
-0.5998997307  
-0.6025674129  
-0.2298829895  
0.5659882872  
0.3859145951  
0.02148442579  
-0.1312824097  
-0.4531251169  
-0.685326766  
-0.3152681864  
-0.6227319659  
-0.5842173782  
-0.4571261852  
-0.3071406721  
-0.1385813072  
-0.05876638473  
-0.1715423854  
0.1231707504  
0.304990859  
-0.04742787995  
-0.2467706131  
0.1155873218  
-0.3680697826  
-0.1625280563  
-0.6543827349  
-0.5724396005  
-0.307926652  
-0.5148854109  
-0.1311777343  
0.0342597007  
0.002062268553  
-0.4566633226  
-0.5733307982  
-0.07542198203  
-0.2195169152  
0.08182145769  
0.1282393142  
0.3436567165  
0.626697944  
0.493527817  
0.2873721062  
