2543.150635  
2552.216603  
2551.476139  
2548.319804  
2548.763524  
2550.190041  
2551.599161  
2541.139521  
2539.434957  
2538.022073  
2555.236006  
2549.056383  
2543.341021  
2532.60589  
2542.721559  
2548.158908  
2550.86058  
2547.018961  
2544.955659  
2546.566455  
2555.326254  
2544.905429  
2542.973997  
2539.370665  
2546.070808  
2542.707342  
2537.629062  
2535.914546  
2540.713641  
2532.0915  
2537.495379  
2548.668434  
2542.875007  
2549.277302  
2547.965  
2554.950575  
2546.682759  
2543.024986  
2551.7362  
2549.725956  
2546.022357  
2551.414975  
2546.573992  
2544.610996  
2542.013409  
2538.614322  
2544.106169  
2547.849989  
2545.314525  
2546.448479  
2540.89712  
2549.017556  
2547.213486  
2554.049642  
2551.39898  
2546.1205  
2547.364852  
2539.868694  
2549.086314  
2553.277742  
2547.988752  
2549.451173  
2545.714632  
2549.922408  
2549.17884  
2547.088406  
2544.434489  
2542.065306  
2544.886012  
2544.406234  
2543.153206  
2539.5164  
2546.302938  
2547.307634  
2552.067573  
2553.91663  
2547.057758  
2547.597664  
2550.040262  
2554.566851  
2549.056368  
2545.893677  
2547.258446  
2551.754126  
2553.41705  
2544.859845  
2549.715944  
2541.462621  
2546.164749  
2547.030082  
2544.448662  
2547.772097  
2551.820616  
2535.715223  
2538.603606  
2540.70642  
2536.317155  
2534.348768  
2538.650773  
2530.89263  
2546.260221  
2538.331622  
2538.288068  
2546.441258  
2543.550345  
2542.872797  
2546.564317  
2544.634525  
2543.267156  
2539.196186  
2542.795053  
2544.108628  
2538.102707  
2547.583393  
2540.52277  
2540.285358  
2545.08232  
2551.923544  
2542.703197  
2544.590384  
2555.769136  
2551.648217  
2549.859955  
2547.189537  
2545.726198  
2554.011258  
2555.36444  
2552.053639  
2556.038864  
2546.575274  
2544.329942  
2542.47233  
2535.4869  
2537.426568  
2544.496845  
2545.78693  
2544.340799  
2550.762069  
2553.354414  
2543.059696  
2548.327622  
2548.111984  
2543.927323  
2555.956125  
2547.507967  
2543.811998  
2545.819497  
2541.862948  
2535.489983  
2539.277208  
2528.448017  
2531.2922  
2536.10117  
2539.636386  
2545.995851  
2548.754203  
2538.404862  
2540.352112  
2545.717949  
2553.114314  
2542.622663  
2551.597745  
2544.973177  
2549.213606  
2538.467931  
2544.737433  
2542.590878  
2548.977954  
2544.475545  
2539.375144  
2543.977551  
2547.190902  
2539.942653  
2541.050559  
2542.026481  
2544.470774  
2537.153758  
2535.615211  
2531.846336  
2528.344115  
2532.001882  
2535.162506  
2535.568255  
2536.918658  
2534.993241  
2536.709111  
2545.482749  
2537.478807  
2547.133266  
2548.94923  
2542.635637  
2542.46846  
2546.832146  
2545.281255  
2536.190805  
2546.779621  
2539.196513  
2547.298864  
2544.332078  
2538.449051  
2551.299578  
2549.255291  
2549.435444  
2548.056601  
2550.993105  
2546.489189  
2541.585123  
2538.376675  
2549.369159  
2546.042173  
2538.497272  
2544.883119  
2547.492509  
2548.786045  
2540.624937  
2536.951323  
2543.257348  
2544.041181  
2545.382667  
2544.336072  
2534.473821  
2547.154955  
2544.65988  
2552.029071  
2557.365233  
2547.024557  
2547.559719  
2550.18365  
2541.38641  
2539.404878  
2531.950165  
2532.852342  
2538.851328  
2538.648079  
2547.804342  
2546.949577  
2536.505733  
2543.371954  
2543.940469  
2547.240978  
2540.622149  
2544.526997  
2536.013401  
2541.081121  
2540.181551  
2534.757085  
2545.761437  
2540.613331  
2550.255057  
2550.099828  
2547.838655  
2547.636096  
2537.255675  
2547.216594  
2541.191679  
2543.65516  
2539.685701  
2542.584816  
2549.527492  
2546.163621  
2547.021085  
2547.454093  
2547.997508  
2541.152458  
2548.69358  
2542.464042  
2548.476821  
2538.926522  
2538.910065  
2541.114612  
2542.774235  
2536.590082  
2542.13303  
2546.015659  
2535.802152  
2541.496725  
2541.849897  
2535.958149  
2544.896254  
2550.974984  
2540.294218  
2553.405784  
2547.017665  
2550.852538  
2544.472358  
2543.1322  
2540.152882  
2547.104032  
2543.580993  
2539.017251  
2542.780074  
2541.846626  
2547.461588  
2541.005485  
2548.538351  
2539.68269  
2548.464738  
2548.450296  
2547.29525  
2544.472452  
2547.374343  
2536.267396  
2543.767061  
2548.241826  
2543.09846  
2546.177093  
2531.033124  
2537.391303  
2534.182073  
2540.865421  
2536.158501  
2532.487408  
2529.844273  
2539.602554  
2533.801808  
2539.044553  
2540.008791  
2551.799202  
2541.175117  
2543.074375  
2543.56091  
2544.377581  
2543.320542  
2547.039609  
2550.830524  
2551.795088  
2552.459453  
2541.469593  
2546.288333  
2546.472467  
2551.596189  
2549.861501  
2544.450752  
2542.189044  
2543.498438  
2535.017517  
2546.204705  
2551.888495  
2539.072716  
2543.086324  
2540.945572  
2538.140295  
2534.679717  
2544.663777  
2534.175409  
2543.005881  
2540.206607  
2544.425686  
2551.714227  
2542.378933  
2551.739464  
2548.005748  
2550.374577  
2551.039297  
2548.879164  
2564.25193  
2547.04679  
2548.913646  
2550.432576  
2553.90829  
2545.487755  
2546.790995  
2551.667905  
2535.75569  
2546.068552  
2547.744634  
2542.463906  
2546.979643  
2550.017294  
2545.838511  
2548.607144  
2547.593631  
2547.456444  
2549.564275  
2543.804087  
2552.021034  
2547.723972  
2547.360965  
2546.477104  
2544.506064  
2545.503667  
2544.333689  
2539.377534  
2510.375125  
2542.523975  
2537.858141  
2544.715572  
2514.702549  
2525.962876  
2566.971382  
2579.485061  
2565.909996  
2550.619703  
2543.083998  
2544.335722  
2539.631195  
2537.870034  
2535.576959  
2531.052002  
2522.421049  
2521.657586  
2516.89628  
2519.305705  
2524.210457  
2512.483257  
2524.326756  
2522.76435  
2526.189319  
2527.258295  
2533.374022  
2536.819374  
2535.264297  
2539.55169  
2533.401191  
2545.032931  
2547.750261  
2542.980662  
2543.873521  
2542.491128  
2549.246118  
2542.579004  
2543.410787  
2542.049887  
2537.675654  
2553.033608  
2546.205323  
2544.215582  
2546.961484  
2534.914768  
2549.010254  
2536.653157  
2543.758029  
2546.172409  
2541.760549  
2542.29808  
2538.504747  
2553.992999  
2550.808757  
2542.234886  
2554.665644  
2560.335732  
2549.129292  
2552.853483  
2545.693243  
2548.373985  
2550.710738  
2541.876423  
2533.094579  
2529.28738  
2532.578523  
2543.808604  
2548.59467  
2543.171596  
2550.222482  
2550.378792  
2551.848675  
2539.672264  
2542.003242  
2540.768671  
2534.621373  
2535.540597  
2544.226235  
2541.161899  
2553.576306  
2547.208172  
2543.186292  
2557.360031  
2549.655186  
2552.179503  
2546.499409  
2550.805948  
2550.291748  
2551.758811  
2554.230618  
2559.230059  
2548.729717  
2546.982168  
2550.404245  
2547.529225  
2547.786946  
2549.572223  
2542.841611  
2543.717532  
2541.9872  
2544.030352  
2546.424265  
2545.792418  
2541.938325  
2548.430566  
2542.634283  
2546.239174  
2543.972921  
2552.160391  
2555.149939  
2545.354779  
2545.379929  
2547.382055  
2542.447644  
2543.24822  
2542.648183  
2541.764933  
2551.286299  
2538.470862  
2549.02048  
2540.136419  
2543.618207  
2555.564594  
2558.221268  
2545.490113  
2551.977304  
2556.208496  
2542.990031  
2564.002017  
2559.473875  
2562.817776  
2569.859209  
2572.681805  
2575.382829  
2566.496686  
2555.231928  
2547.272677  
2538.933522  
2549.288071  
2545.800518  
2546.838758  
2534.861102  
2539.576873  
2547.639077  
2544.250446  
2548.133045  
2547.150211  
2548.713851  
2553.691594  
2548.276764  
2560.359257  
2553.699054  
2546.36717  
2546.87263  
2549.07129  
2543.060471  
2550.798467  
2551.341365  
2552.722161  
2546.349584  
2550.410795  
2544.91816  
2548.916894  
2547.990195  
2549.9989  
2553.315231  
2551.11588  
2548.18199  
2540.666461  
2547.702903  
2559.104804  
2541.101541  
2550.975253  
2551.291678  
2546.319723  
2553.666759  
2545.885342  
2545.079012  
2556.575833  
2553.393681  
2555.25446  
2551.159104  
2550.979771  
2550.714789  
2547.728623  
2550.543547  
2544.230561  
2546.240847  
2547.474812  
2546.823244  
2544.021701  
2543.87095  
2549.001978  
2544.116881  
2551.920381  
2547.72805  
2555.82418  
2550.220194  
2556.907749  
2545.786676  
2551.705479  
2545.553687  
2549.392868  
2538.80183  
2539.970683  
2545.405663  
2556.071961  
2554.360622  
2548.066647  
2557.589657  
2550.72308  
2544.140707  
2543.355319  
2545.308607  
2542.172634  
2540.790051  
