2616.195926  
2621.353266  
2607.008954  
2614.571297  
2620.792519  
2619.662357  
2613.85697  
2617.706714  
2623.71257  
2618.135817  
2624.279048  
2614.646339  
2619.371274  
2617.715798  
2619.21845  
2607.25509  
2626.564066  
2623.51663  
2608.690186  
2605.707969  
2611.658448  
2625.772785  
2618.861301  
2604.827712  
2618.465299  
2610.657647  
2613.73157  
2611.769429  
2619.304547  
2618.734757  
2611.556926  
2612.722664  
2611.582607  
2608.812407  
2625.195174  
2613.725267  
2613.280448  
2612.410505  
2620.845179  
2615.958726  
2618.366139  
2616.611176  
2618.220827  
2612.892151  
2614.270377  
2624.902107  
2617.650285  
2620.929227  
2621.737362  
2609.105955  
2607.083598  
2618.832222  
2617.160755  
2617.674429  
2618.303458  
2619.737309  
2622.123598  
2619.315007  
2622.281997  
2624.152357  
2615.148829  
2614.360532  
2624.329909  
2614.515234  
2610.419398  
2617.488191  
2616.514234  
2617.86715  
2617.39582  
2615.441754  
2608.417043  
2618.095635  
2616.948616  
2618.734884  
2618.99462  
2615.199943  
2611.082273  
2611.537517  
2617.491407  
2622.743354  
2610.963505  
2618.018099  
2615.859253  
2622.458693  
2609.119272  
2611.805527  
2606.325796  
2618.705494  
2621.60329  
2614.309128  
2619.68972  
2618.457616  
2624.725068  
2613.078281  
2619.827734  
2622.285524  
2608.106657  
2600.048893  
2608.817758  
2607.790351  
2613.981916  
2616.198731  
2609.923157  
2616.782046  
2616.022384  
2618.91713  
2622.982816  
2617.211146  
2625.483645  
2613.096065  
2622.714704  
2607.575483  
2617.593388  
2611.051133  
2607.49857  
2608.146716  
2621.731741  
2614.474463  
2618.368586  
2617.209364  
2616.461097  
2620.23235  
2619.305767  
2622.859421  
2614.486774  
2615.550328  
2622.823006  
2617.078366  
2605.782227  
2608.942215  
2608.724295  
2608.952396  
2614.121058  
2612.546291  
2613.855702  
2609.431618  
2612.020586  
2602.6886  
2614.767469  
2613.145015  
2617.351571  
2620.924721  
2621.749402  
2624.21263  
2621.812278  
2618.293653  
2614.484057  
2615.200806  
2609.52921  
2615.662583  
2618.63735  
2614.461631  
2615.285144  
2615.5161  
2623.643216  
2626.875318  
2620.157837  
2620.287172  
2616.767491  
2615.551553  
2613.556687  
2617.875639  
2619.480136  
2615.327316  
2609.547445  
2614.788219  
2613.415976  
2606.150744  
2616.8704  
2612.738068  
2607.539882  
2619.984617  
2615.508517  
2604.001813  
2612.679322  
2615.173353  
2615.626575  
2610.62547  
2613.930917  
2609.739967  
2610.311427  
2605.048544  
2608.377175  
2612.689545  
2617.887933  
2613.225146  
2616.213466  
2622.443041  
2613.474911  
2611.25252  
2612.646482  
2604.421485  
2601.022332  
2607.943398  
2605.896408  
2612.46309  
2621.108422  
2618.842395  
2613.432926  
2625.134581  
2623.841896  
2624.105053  
2620.617783  
2610.830555  
2619.924708  
2607.818216  
2608.335481  
2604.503603  
2601.568013  
2606.762026  
2610.320973  
2616.749352  
2610.642147  
2612.146468  
2617.122275  
2616.039398  
2623.200384  
2624.647418  
2625.134378  
2618.033978  
2629.349809  
2619.687861  
2611.170402  
2621.47992  
2616.361628  
2614.734325  
2610.571483  
2611.015592  
2620.596231  
2618.590842  
2613.750387  
2607.579208  
2617.084781  
2611.599673  
2605.047441  
2626.310413  
2613.200301  
2609.2766  
2608.468881  
2605.771691  
2614.748609  
2608.959981  
2608.119694  
2609.112047  
2604.857215  
2611.040416  
2603.101024  
2610.298341  
2619.889733  
2616.569381  
2614.273125  
2616.90724  
2613.397314  
2613.180605  
2618.187562  
2605.066323  
2616.81675  
2613.186446  
2621.626343  
2621.641182  
2610.443311  
2618.045303  
2612.281581  
2614.405217  
2609.619048  
2617.637812  
2611.405171  
2617.187544  
2612.473039  
2610.846586  
2608.008626  
2613.020723  
2601.171844  
2603.353278  
2608.060917  
2615.263422  
2612.050852  
2616.132581  
2616.897414  
2616.491276  
2621.388247  
2620.862761  
2607.025303  
2614.188432  
2620.723377  
2607.155983  
2610.92928  
2618.62697  
2609.072682  
2612.559139  
2617.444828  
2619.83835  
2611.722811  
2618.678738  
2615.127705  
2603.91047  
2611.314165  
2615.162272  
2614.942469  
2614.884855  
2617.99499  
2610.725046  
2608.520426  
2616.646423  
2623.777481  
2622.19541  
2614.24026  
2611.545294  
2610.476453  
2618.389353  
2612.076262  
2621.169081  
2612.643174  
2609.049879  
2620.089594  
2613.722209  
2607.771084  
2622.562708  
2609.091425  
2617.920564  
2613.857604  
2619.212393  
2618.96961  
2610.252928  
2621.887307  
2614.975589  
2609.594137  
2610.852975  
2618.464931  
2612.546826  
2615.597099  
2617.736199  
2607.692959  
2616.2446  
2618.102103  
2615.607724  
2610.270727  
2614.553747  
2615.13322  
2613.484983  
2621.319095  
2619.039378  
2611.580545  
2616.125406  
2620.065884  
2610.177376  
2616.242297  
2619.614599  
2619.169279  
2612.461609  
2628.039926  
2621.21322  
2611.754782  
2618.711002  
2627.700771  
2617.324585  
2620.009095  
2617.134023  
2628.931165  
2626.132188  
2622.754876  
2622.354725  
2628.524733  
2614.724991  
2606.990473  
2623.829177  
2619.407393  
2622.589404  
2619.154345  
2611.803643  
2614.762677  
2620.820854  
2617.657611  
2625.387425  
2610.24038  
2624.033787  
2617.407893  
2613.212868  
2610.132817  
2615.359981  
2619.115284  
2612.85409  
2620.948745  
2592.345721  
2606.405557  
2612.045959  
2607.517233  
2553.173885  
2573.048836  
2616.308729  
2622.392952  
2617.962096  
2617.645873  
2618.93817  
2623.04912  
2615.691768  
2613.189166  
2611.32451  
2612.297529  
2609.295902  
2611.124516  
2603.372213  
2612.416545  
2610.750657  
2602.875623  
2611.411362  
2608.980459  
2611.523489  
2609.693577  
2619.455837  
2621.375891  
2615.357619  
2620.394533  
2610.625302  
2622.100959  
2621.506144  
2616.568445  
2611.497385  
2625.856444  
2624.659939  
2624.036203  
2622.121437  
2624.672569  
2616.6288  
2621.05352  
2611.328243  
2625.846462  
2609.724309  
2616.120538  
2611.464832  
2618.054369  
2617.759515  
2626.159073  
2616.100981  
2619.958136  
2618.003326  
2627.57337  
2620.701059  
2610.734611  
2617.602285  
2624.217443  
2614.886535  
2614.81628  
2612.877952  
2622.909688  
2614.217181  
2613.290196  
2614.369642  
2618.470733  
2616.980763  
2620.342632  
2629.589057  
2633.412922  
2635.776949  
2629.352068  
2627.276746  
2619.77597  
2618.276451  
2624.883506  
2624.135331  
2620.85954  
2615.212291  
2618.626646  
2620.621696  
2623.78725  
2616.774931  
2627.123113  
2627.750703  
2616.793314  
2635.753764  
2624.571479  
2619.27744  
2615.978029  
2620.078587  
2616.77334  
2624.975331  
2622.403979  
2621.053988  
2620.644611  
2624.983685  
2622.669514  
2615.377669  
2619.365371  
2619.946961  
2621.394644  
2611.940204  
2608.858421  
2622.892498  
2613.208533  
2619.78257  
2614.179149  
2616.340528  
2615.66049  
2613.595413  
2611.217717  
2621.81679  
2614.944952  
2611.98931  
2602.017417  
2617.963051  
2621.438015  
2623.550543  
2619.431503  
2615.67092  
2622.085513  
2619.434008  
2615.373169  
2632.600933  
2618.579587  
2622.011711  
2610.356935  
2618.209617  
2623.0926  
2624.586093  
2626.258038  
2617.583513  
2630.59067  
2626.739678  
2628.106786  
2615.501617  
2610.941322  
2611.430032  
2605.42897  
2609.069875  
2622.15842  
2615.479279  
2619.5171  
2622.559994  
2628.478416  
2630.74079  
2621.045199  
2622.016335  
2625.302435  
2630.40305  
2622.776229  
2622.313768  
2618.857891  
2617.253947  
2616.80201  
2617.229186  
2618.366992  
2621.408242  
2625.321425  
2621.363105  
2615.014789  
2620.822038  
2630.94019  
2613.714257  
2616.873959  
2625.572814  
2622.249268  
2623.529309  
2617.875679  
2622.615276  
2617.677558  
2612.760807  
2624.505181  
2621.758354  
2623.442483  
2616.509904  
2627.046249  
2624.592641  
2625.748993  
2633.024679  
2627.612124  
2631.38286  
2618.385194  
2618.962994  
2619.639197  
2608.604925  
2621.590931  
2617.170351  
2621.003143  
2618.274395  
2619.51602  
2614.959695  
2622.260599  
2617.711308  
2619.61  
2617.818569  
2620.75083  
2615.793464  
2618.163294  
2626.248222  
2616.22907  
2622.948799  
2618.099142  
2622.606836  
2624.035453  
2619.70025  
2622.146825  
2614.886135  
2618.801443  
2612.682754  
2619.514816  
2622.889772  
2616.612418  
2624.333014  
2621.4741  
2614.71659  
