7350.843983  
7344.245468  
7338.929425  
7340.755265  
7347.192226  
7350.9947  
7350.187574  
7362.042215  
7381.925983  
7375.221373  
7369.387297  
7368.262259  
7361.789451  
7361.256044  
7354.913412  
7364.623301  
7372.739911  
7372.705004  
7384.193386  
7371.494469  
7377.095217  
7374.016996  
7381.002791  
7387.710043  
7382.103247  
7387.3073  
7385.414538  
7369.207845  
7372.889245  
7372.64795  
7371.21731  
7391.046917  
7399.671983  
7393.503001  
7412.521395  
7414.347641  
7409.463753  
7396.176247  
7396.751463  
7386.419764  
7388.642845  
7392.942544  
7392.913686  
7385.935721  
7379.760472  
7384.041135  
7368.659074  
7370.915659  
7370.827057  
7367.847645  
7371.378879  
7368.614635  
7360.893228  
7372.33347  
7372.949755  
7371.336021  
7376.244665  
7370.850174  
7373.246119  
7372.601422  
7364.31468  
7374.635652  
7363.771002  
7362.237103  
7366.704094  
7366.141508  
7382.097588  
7382.054389  
7376.355829  
7371.924671  
7369.089251  
7366.491009  
7360.388176  
7375.650121  
7381.881409  
7377.45398  
7386.54497  
7383.10635  
7377.375395  
7373.968347  
7380.42384  
7383.039165  
7391.103227  
7388.698839  
7387.572643  
7392.036612  
7385.274035  
7382.511594  
7382.037338  
7380.765718  
7379.560041  
7393.092679  
7392.864297  
7388.59693  
7397.639743  
7383.697238  
7371.883816  
7368.389697  
7373.853769  
7378.92419  
7370.003444  
7375.702916  
7380.061794  
7370.395396  
7372.323487  
7368.310125  
7382.778421  
7383.969349  
7392.196831  
7388.89703  
7379.893216  
7387.750452  
7375.099059  
7369.278857  
7361.478786  
7361.460776  
7367.748314  
7362.617094  
7355.311601  
7350.135393  
7367.070063  
7362.571626  
7371.545552  
7382.035272  
7370.319299  
7381.680474  
7376.989918  
7392.593212  
7370.171804  
7381.029894  
7365.94932  
7367.810517  
7352.497302  
7268.183978  
7254.63172  
7296.84548  
7409.545266  
7387.845302  
7370.940782  
7369.529095  
7380.157521  
7375.122343  
7367.274486  
7359.863301  
7362.157852  
7361.769725  
7364.702001  
7377.044036  
7380.30006  
7376.173582  
7378.63305  
7374.956718  
7371.079841  
7366.82403  
7365.720585  
7373.506507  
7366.175921  
7366.559353  
7362.310691  
7367.742097  
7369.481041  
7377.21142  
7379.082134  
7377.236961  
7360.235831  
7374.470643  
7374.51273  
7374.021233  
7369.512594  
7370.772505  
7370.727966  
7390.654159  
7378.415157  
7387.809873  
7394.976055  
7391.814082  
7377.808654  
7385.506625  
7377.927542  
7372.878064  
7365.508827  
7376.961405  
7375.839245  
7374.501347  
7372.035549  
7373.222016  
7372.555461  
7374.756433  
7379.204285  
7383.076101  
7388.680159  
7373.514003  
7377.387686  
7375.12364  
7383.059349  
7369.597923  
7368.685824  
7370.52692  
7371.570017  
7372.20947  
7374.078227  
7378.928477  
7374.346599  
7388.575821  
7383.667629  
7379.01392  
7381.308121  
7375.726066  
7375.054284  
7373.797985  
7378.605542  
7391.453298  
7381.648914  
7378.790335  
7382.187599  
7388.194456  
7378.00916  
7376.263902  
7375.394013  
7367.576521  
7370.352926  
7374.466332  
7367.670082  
7366.858537  
7361.428171  
7360.373995  
7355.050692  
7359.759183  
7366.910912  
7369.022753  
7374.343618  
7379.904989  
7382.597323  
7386.65531  
7383.017871  
7381.057749  
7385.789127  
7383.442351  
7380.146573  
7364.650539  
7379.784631  
7373.842293  
7372.778173  
7388.163156  
7385.206012  
7395.444025  
7387.541493  
7380.397494  
7380.999575  
7381.387051  
7381.428329  
7379.894952  
7379.033789  
7375.992798  
7379.19724  
7377.992948  
7382.91625  
7376.2794  
7375.318539  
7379.349667  
7386.670466  
7390.733941  
7384.994272  
7383.149536  
7375.772897  
7379.54032  
7380.657878  
7380.151716  
7372.020951  
7363.486209  
7359.626283  
7367.616347  
7351.905241  
7381.451581  
7381.94489  
7391.480649  
7379.773648  
7381.60371  
7375.270009  
7368.95163  
7364.639714  
7363.17297  
7370.739611  
7372.624226  
7369.684623  
7372.77679  
7383.213041  
7388.861617  
7382.086084  
7372.042153  
7367.580652  
7386.07074  
7373.305865  
7379.295579  
7378.97433  
7377.889601  
7394.158667  
7395.554263  
7389.067239  
7389.38356  
7384.165437  
7383.012334  
7381.131905  
7394.06613  
7405.122654  
7391.847101  
7386.91735  
7377.314083  
7375.985119  
7370.015332  
7372.49352  
7370.04075  
7370.687031  
7360.707218  
7371.389631  
7373.81134  
7378.750557  
7373.890182  
7382.099654  
7371.475207  
7372.685234  
7371.866747  
7375.825335  
7368.288179  
7380.525069  
7369.854993  
7375.458428  
7381.091849  
7374.821794  
7374.757395  
7374.279636  
7365.190194  
7384.982303  
7369.396388  
7368.620187  
7382.157126  
7386.705687  
7380.360171  
7385.398391  
7379.667106  
7370.106089  
7375.702682  
7373.88316  
7366.633731  
7363.859141  
7363.69823  
7371.264539  
7368.221774  
7361.289021  
7363.241842  
7359.280101  
7365.666437  
7386.229024  
7373.250907  
7382.2614  
7388.806567  
7383.808408  
7388.905284  
7385.578345  
7391.360207  
7378.848126  
7376.594558  
7372.575075  
7371.030149  
7377.128415  
7369.895483  
7368.518241  
7370.159909  
7368.778193  
7373.705936  
7366.654934  
7369.086528  
7372.627177  
7375.713942  
7370.620418  
7364.669491  
7364.803044  
7371.861177  
7370.287722  
7364.347487  
7371.03156  
7373.047405  
7376.877042  
7383.786475  
7384.816129  
7378.575996  
7389.481288  
7388.229374  
7383.523684  
7371.851288  
7375.02724  
7372.491575  
7370.313236  
7371.700712  
7388.042842  
7379.081549  
7368.604807  
7371.113965  
7377.182555  
7373.144516  
7368.561316  
7379.338777  
7384.511587  
7386.068741  
7382.14845  
7385.330307  
7386.676604  
7396.576623  
7398.749023  
7397.187084  
7393.478155  
7390.383275  
7394.911571  
7386.591872  
7385.120172  
7382.758781  
7382.800331  
7369.371153  
7373.641242  
7373.930952  
7367.103916  
7368.357  
7366.673095  
7376.574714  
7376.661427  
7382.652146  
7385.367846  
7391.092291  
7381.824716  
7389.493526  
7388.597668  
7389.004828  
7375.762417  
7379.347495  
7386.17309  
7378.908238  
7381.695132  
7379.373636  
7375.925624  
7380.047332  
7380.080938  
7360.843889  
7375.922643  
7364.641292  
7370.401667  
7371.051476  
7371.42464  
7370.974319  
7360.393468  
7357.136832  
7354.995555  
7364.96355  
7357.285434  
7366.609008  
7376.968097  
7376.852039  
7382.071915  
7376.727038  
7377.600049  
7372.405689  
7384.739932  
7376.548807  
7386.803784  
7392.186103  
7384.363349  
7380.183114  
7383.012713  
7375.811025  
7378.033542  
7373.732756  
7378.396631  
7383.245086  
7375.371332  
7382.688813  
7369.377372  
7374.025482  
7363.422403  
7405.999541  
7391.809645  
7360.978043  
7432.910189  
7374.521867  
7396.315188  
7392.800452  
7398.17734  
7383.561712  
7384.259826  
7379.127951  
7373.701587  
7368.016496  
7379.923971  
7381.343381  
7387.175818  
7382.970664  
7393.859242  
7399.007651  
7395.034969  
7389.72898  
7386.305868  
7378.139946  
7375.407867  
7371.106059  
7372.436586  
7382.72281  
7380.161787  
7376.848857  
7385.7764  
7379.684523  
7381.232436  
7385.261681  
7374.820079  
7375.931821  
7367.666565  
7368.554139  
7370.535301  
7357.89223  
7371.776065  
7371.953205  
7369.982271  
7383.169651  
7381.889535  
7370.099421  
7378.139352  
7377.480999  
7379.726014  
7383.274419  
7373.094762  
7373.641481  
7380.479407  
7363.234237  
7376.28385  
7374.164744  
7372.876544  
7372.822048  
7389.361012  
7373.036861  
7362.547615  
7363.143147  
7377.191914  
7375.132864  
7366.572864  
7367.624663  
7370.26166  
7381.375422  
7376.27421  
7372.761422  
7389.811268  
7388.195719  
7389.419582  
7388.08491  
7386.218317  
7384.887984  
7384.249701  
7375.000242  
7381.616092  
7382.754843  
7387.366479  
7391.627395  
7386.343751  
7394.329484  
7378.732641  
7383.315181  
7389.432116  
7388.828367  
7381.24293  
7391.459766  
7389.718086  
7394.91536  
7387.640197  
7386.542038  
7370.356052  
7377.418743  
7379.145546  
7388.12044  
7390.796345  
7388.817254  
7385.817809  
7394.254725  
7387.266409  
7388.248931  
7390.188321  
7390.063271  
7392.138155  
7384.001196  
7400.085866  
7392.159963  
7389.4956  
7398.031805  
7396.351663  
7395.687291  
7391.672521  
7393.130964  
7363.233072  
7416.73753  
7400.509762  
7384.89473  
7351.581017  
7322.731268  
7352.685912  
7365.640955  
