2652.892882  
2653.874164  
2665.341688  
2666.827902  
2659.462107  
2656.162667  
2653.038232  
2664.753904  
2664.813233  
2673.254521  
2671.896702  
2677.251864  
2671.192528  
2659.596915  
2666.251548  
2660.172816  
2660.211785  
2666.849476  
2653.251189  
2668.855883  
2657.914379  
2673.974308  
2671.424256  
2672.422125  
2678.954565  
2691.523638  
2676.247599  
2666.184365  
2659.000667  
2673.525131  
2658.896759  
2662.717974  
2665.084195  
2671.164324  
2669.288484  
2674.512702  
2671.221611  
2671.682286  
2676.622012  
2673.660105  
2673.556096  
2671.423096  
2682.756596  
2667.030002  
2676.543032  
2673.846787  
2673.35569  
2668.138417  
2665.727994  
2674.746297  
2661.340327  
2670.427264  
2665.037135  
2663.857235  
2677.592492  
2677.021517  
2663.657262  
2662.18918  
2668.184272  
2662.20092  
2656.936128  
2659.749551  
2664.852009  
2659.082313  
2662.338664  
2669.996545  
2664.214954  
2666.304222  
2674.117387  
2660.604025  
2655.080209  
2664.378383  
2656.641577  
2651.071285  
2654.064336  
2663.239893  
2661.203349  
2657.755475  
2667.289198  
2662.544548  
2667.930305  
2673.035097  
2667.467772  
2676.311846  
2677.624753  
2672.735294  
2655.208639  
2661.039787  
2658.540303  
2663.261435  
2667.66424  
2670.786072  
2666.60791  
2674.105142  
2660.939069  
2662.819455  
2667.261942  
2656.071517  
2653.4279  
2659.117056  
2652.571587  
2651.55336  
2658.465666  
2651.888235  
2658.114064  
2648.217006  
2656.178486  
2663.984189  
2658.145171  
2664.917891  
2664.117929  
2664.762258  
2667.145246  
2665.388033  
2667.46626  
2655.651615  
2659.540567  
2655.917304  
2651.143849  
2649.64574  
2658.562282  
2657.349349  
2649.958939  
2651.627186  
2659.38471  
2660.958137  
2645.791543  
2665.909941  
2658.648317  
2658.893917  
2650.416427  
2672.787611  
2652.711521  
2650.131348  
2610.214703  
2617.585357  
2671.587126  
2668.308777  
2669.563936  
2673.316052  
2673.852403  
2666.052763  
2669.755893  
2666.714417  
2657.781248  
2653.887527  
2659.881288  
2657.876917  
2652.113989  
2654.318599  
2664.82228  
2663.539159  
2667.334004  
2661.866979  
2663.586216  
2668.215776  
2667.369111  
2664.642626  
2662.315868  
2659.192699  
2656.981214  
2652.715007  
2667.388714  
2666.63122  
2661.811509  
2657.404049  
2656.061379  
2658.123044  
2662.662966  
2660.024106  
2655.824105  
2663.936576  
2659.495302  
2666.600324  
2665.704849  
2667.884706  
2661.578498  
2671.442625  
2678.870601  
2674.014075  
2671.783202  
2680.730468  
2672.657503  
2658.820239  
2665.899139  
2671.160049  
2663.110903  
2661.910233  
2666.987056  
2672.542456  
2681.474376  
2668.88668  
2670.022385  
2675.579329  
2680.457204  
2657.297399  
2663.702903  
2658.897487  
2660.803349  
2660.608226  
2664.328205  
2665.962455  
2665.104259  
2663.522242  
2672.963561  
2654.472162  
2664.476228  
2661.860317  
2657.392344  
2663.435183  
2661.567494  
2666.276957  
2662.896945  
2669.411197  
2661.578149  
2664.268931  
2659.192016  
2674.839363  
2666.309951  
2670.961149  
2678.645103  
2673.664655  
2662.996262  
2662.618661  
2665.279142  
2669.529456  
2666.754966  
2664.99403  
2655.084614  
2664.887013  
2669.506749  
2660.147077  
2665.782309  
2671.193682  
2665.166871  
2663.919672  
2668.963093  
2669.997746  
2667.455148  
2667.43089  
2665.991571  
2670.025929  
2664.294638  
2658.368376  
2665.619381  
2666.707894  
2667.991666  
2657.329695  
2663.54183  
2661.393591  
2673.665902  
2659.359087  
2665.434171  
2661.410805  
2666.894554  
2666.095653  
2668.072987  
2666.931033  
2657.03343  
2658.783293  
2657.867669  
2660.100244  
2666.856386  
2667.008965  
2669.097285  
2666.378937  
2669.592338  
2661.469799  
2653.061526  
2657.879458  
2661.608669  
2647.756735  
2655.790628  
2659.088467  
2672.57364  
2671.411391  
2661.982643  
2664.242676  
2672.882596  
2669.087567  
2671.527431  
2663.721599  
2662.314941  
2660.87466  
2664.161791  
2664.080767  
2661.650148  
2672.023061  
2671.720178  
2657.093597  
2668.075044  
2672.511512  
2667.704026  
2667.579047  
2663.263692  
2657.175131  
2659.545312  
2661.99454  
2663.935834  
2670.187314  
2662.408797  
2669.028292  
2669.160912  
2666.38871  
2676.60977  
2675.67075  
2660.631441  
2662.164108  
2669.077303  
2652.864657  
2662.652488  
2656.267596  
2656.982461  
2661.8395  
2659.187286  
2656.100106  
2660.797657  
2658.190864  
2672.290628  
2669.835249  
2668.426784  
2667.274346  
2676.408402  
2673.048244  
2671.894956  
2662.728961  
2672.767715  
2670.555214  
2665.17265  
2672.708176  
2664.796833  
2670.082989  
2669.820126  
2658.913702  
2663.922566  
2675.01749  
2669.005469  
2664.659605  
2663.92081  
2665.952406  
2664.650021  
2660.100521  
2664.024718  
2672.133646  
2672.028687  
2662.268419  
2670.214469  
2674.130091  
2665.402199  
2659.053991  
2664.109203  
2666.271161  
2676.952258  
2657.094396  
2665.452692  
2668.571162  
2663.185307  
2669.491949  
2663.246743  
2668.4268  
2668.855727  
2660.719947  
2662.623116  
2649.320684  
2664.391893  
2659.575998  
2664.102698  
2658.14992  
2665.615733  
2668.462874  
2675.033911  
2670.569612  
2666.040121  
2665.902644  
2659.416505  
2667.031389  
2659.986037  
2653.157513  
2653.43308  
2656.245181  
2661.522889  
2653.15336  
2657.109224  
2662.678669  
2673.689323  
2670.699182  
2669.28049  
2669.492405  
2676.079814  
2673.488096  
2671.61655  
2667.225967  
2677.88578  
2666.020509  
2672.695155  
2663.27505  
2665.393566  
2662.868286  
2658.510554  
2662.685734  
2664.006517  
2672.056694  
2661.711317  
2662.113152  
2677.658254  
2675.475511  
2667.248201  
2677.050152  
2682.861563  
2677.875666  
2673.2744  
2672.923275  
2668.440532  
2670.219375  
2665.827025  
2656.144814  
2666.98375  
2660.380461  
2669.493029  
2666.562365  
2672.566634  
2670.61257  
2679.513818  
2670.446695  
2667.636533  
2660.750396  
2667.952197  
2664.134931  
2664.545343  
2664.306009  
2663.122036  
2667.25768  
2667.63464  
2664.524754  
2670.897552  
2663.408585  
2672.377403  
2672.668164  
2672.802269  
2666.446897  
2659.533457  
2663.404402  
2656.81193  
2659.007497  
2657.006497  
2658.848768  
2658.382759  
2652.878452  
2647.472042  
2658.626085  
2652.695824  
2654.871872  
2656.159208  
2659.207043  
2663.897433  
2667.936783  
2665.580652  
2668.373112  
2668.968591  
2669.410687  
2670.112867  
2678.923277  
2676.739824  
2673.777375  
2663.068639  
2669.726263  
2672.101166  
2666.179651  
2668.641863  
2662.334864  
2670.596023  
2660.154412  
2660.566887  
2655.966174  
2656.370531  
2660.504142  
2649.854863  
2665.292116  
2663.08744  
2646.974454  
2654.942407  
2641.251681  
2660.078  
2668.948889  
2666.313883  
2663.232524  
2662.680394  
2671.197015  
2662.82527  
2651.35756  
2653.947587  
2662.575022  
2660.278493  
2659.530374  
2662.688281  
2665.753158  
2669.062607  
2679.446355  
2683.615859  
2681.285337  
2670.679395  
2676.42358  
2670.789718  
2675.305756  
2663.508807  
2667.703351  
2664.31358  
2658.41576  
2665.223792  
2658.630011  
2665.729815  
2662.396939  
2666.595772  
2664.282549  
2655.934929  
2653.920068  
2666.465977  
2666.831196  
2665.713141  
2664.794637  
2681.123674  
2671.386309  
2673.654494  
2676.335273  
2667.378493  
2677.297513  
2672.874219  
2674.200173  
2669.09852  
2663.258505  
2673.281554  
2672.556264  
2670.963723  
2666.461967  
2670.725088  
2663.469958  
2665.529449  
2660.493824  
2666.50064  
2664.279533  
2665.236822  
2657.862785  
2660.705159  
2669.358794  
2670.64681  
2671.914822  
2671.506757  
2679.71499  
2675.770817  
2671.809902  
2671.567827  
2668.396277  
2671.083952  
2670.29048  
2665.263062  
2655.793926  
2665.427687  
2662.819429  
2671.180643  
2664.456909  
2672.640827  
2679.769596  
2658.567732  
2670.032382  
2674.159955  
2675.543241  
2671.20481  
2668.505786  
2673.04355  
2665.569109  
2672.750788  
2673.455357  
2674.269196  
2674.136598  
2676.960136  
2670.770639  
2681.891517  
2669.96403  
2667.926062  
2664.465998  
2671.806963  
2663.767551  
2663.468117  
2670.502719  
2666.94356  
2674.795548  
2670.387844  
2671.194749  
2667.929464  
2665.59311  
2665.724274  
2675.947654  
2670.849157  
2676.099511  
2678.349555  
2664.209073  
2653.118506  
2651.951524  
2650.333623  
2676.601089  
