1.690909625  
1.685201322  
1.19904484  
0.8054047504  
0.7826412899  
0.713087876  
0.7680592966  
0.9097016698  
1.313728611  
1.341452478  
1.258998097  
1.983222709  
1.911074402  
1.757714703  
1.365921665  
1.692244086  
1.858469906  
1.549631038  
1.669036402  
1.193166319  
1.307951798  
0.7525854333  
0.8545486708  
1.182254184  
0.8635454427  
0.9947701085  
0.6411254256  
0.04117252496  
0.2031515464  
-0.1183334223  
-0.2925600225  
-0.2653084165  
-0.08648642957  
0.1998068938  
0.5749908959  
0.5939083215  
0.6011168559  
0.5811283532  
0.8601878465  
0.5669493017  
0.5548460149  
0.7385108543  
0.7965549376  
0.6046228025  
0.5928584112  
0.6752029334  
0.9789240625  
0.3840146592  
0.1335657983  
0.2532529567  
0.4944034417  
0.3043581753  
0.3521718143  
0.4770444571  
0.4687488169  
0.2158382461  
-0.05157824353  
-0.04232291582  
-0.06249867114  
-0.1898319094  
-0.3699973345  
-0.6015333359  
-0.3911940207  
-0.5045706599  
-0.3879923677  
-0.1333002091  
0.1931670272  
0.2506685386  
0.002156990777  
0.3256280036  
-0.3677590551  
-0.3585909884  
-0.3265244806  
-0.2209355248  
-0.2163408319  
-0.06771260415  
0.07922087699  
-0.009810393976  
0.3496702798  
0.08916895755  
0.4264343545  
0.2098109901  
0.2781604467  
0.4439109581  
0.2757297899  
0.6940105546  
0.5413794887  
0.4316927707  
0.1978999467  
0.325624709  
0.2971779864  
0.3282174451  
0.3539291188  
0.581517119  
0.6425159808  
0.3529645  
0.4357616766  
0.0443186772  
0.1319743432  
-0.1193333462  
-0.2487403999  
-0.8354768351  
-0.5296419047  
-0.6115801471  
-0.4583860982  
-1.012980763  
-0.6154178082  
-0.3498194274  
0.05743461436  
0.01810680125  
-0.08607206861  
0.3844744421  
0.01656570232  
0.02677530921  
-0.0133740965  
0.06522348748  
-0.2194801007  
-0.2391529133  
-0.4321555227  
-0.2565394565  
-0.4078800082  
-0.2522573229  
-0.2958790236  
-0.7326768269  
-0.3914969495  
-0.621135536  
-1.061266237  
-0.1747679708  
-0.3953038504  
-0.09055554101  
0.1960321123  
0.8038773019  
0.3277145924  
-3.36737948  
-5.850399316  
-3.711404531  
2.11085366  
2.163349093  
2.488676704  
2.000665616  
1.913546662  
1.285605795  
0.5995093812  
-0.5134144449  
-0.7807151838  
-0.8095734811  
-0.7446827003  
-1.09033745  
-1.131468048  
-1.095808522  
-1.134501937  
-0.7572822768  
-0.224210447  
-0.4631546662  
-0.7599119382  
-0.6711905093  
-0.3705521671  
-0.8297852348  
-0.3754471822  
-0.4602429879  
-0.3957313906  
-0.6627085218  
-0.5257640234  
-0.7940522174  
-0.9518703393  
-0.9966593295  
-1.054999952  
-1.035591685  
-1.135066778  
-1.352716435  
-1.247239882  
-0.4056475939  
-0.7804406566  
-0.6051808199  
-0.6462505651  
-1.060388557  
-0.5864417862  
-0.1728757732  
0.0178463812  
0.1731415798  
0.4516824093  
0.05380510068  
-0.0412994679  
-0.3425514677  
-0.6901168826  
-0.4513981961  
-0.4380310459  
-0.5074277815  
-0.4390276609  
0.006065731091  
-0.1334155737  
0.105628168  
-0.01216475293  
-0.1637528507  
-0.1904470365  
-0.3742252123  
-0.2701523296  
-0.7864075777  
-0.2471351921  
-0.5482766381  
-0.3158519849  
-0.2603364992  
-0.6508970048  
-0.1828265864  
-0.3927403967  
-0.3172223328  
0.134538163  
-0.03761050974  
0.03771986599  
-0.4651736059  
-0.6693005848  
-0.950627247  
-0.7254611777  
-1.18276016  
-0.5645491514  
-0.3591273324  
-0.1514564807  
-0.3942896517  
0.2319794134  
0.1429035269  
0.02400790767  
-0.3473115502  
-0.7849483022  
-0.4624873973  
-0.1911471784  
-0.3915000522  
-0.4497790195  
-0.9368161184  
-0.633797778  
-0.7636572014  
-0.4655676107  
-0.3066559692  
-0.3416742193  
0.1044388351  
-0.02727620676  
0.4105445628  
0.1300451251  
0.3045765987  
0.01384709061  
-0.116442318  
-0.3619292701  
-0.1585072328  
-0.1915764538  
-0.5285815073  
-0.6657751968  
-0.3602165798  
-0.2232904487  
-0.03396466215  
-0.1656325383  
0.5379917791  
0.1826460306  
0.1249790956  
-0.4703698092  
0.2457139562  
-0.2985909436  
-0.05264183044  
-0.2827930951  
-0.09079341247  
-0.05525808549  
0.02704128033  
0.004571563314  
0.3784031977  
0.2757086665  
0.259259651  
-0.02547362714  
0.3429775108  
0.2030245234  
-0.4068585985  
-0.6497873966  
-0.2075505027  
-0.6586118842  
-0.2869924809  
-0.002658781462  
-0.3057982045  
0.3779855581  
0.04985883153  
-0.0867233289  
-0.5326573889  
-0.3825875499  
-0.1200046417  
-0.6470111718  
-0.4179065096  
-0.636551218  
-0.1401081733  
-0.1144922749  
0.0650362334  
-0.1721015005  
0.08526204549  
-0.08773566698  
-0.1351115577  
0.004440687539  
0.06507959326  
-0.1042042255  
-0.3902260927  
-0.3887232762  
-0.6948188444  
-0.6158304856  
-0.4901284521  
-0.5288419874  
-0.09331481856  
0.1292169032  
-0.04636037214  
0.1365379724  
-0.1693610626  
0.250140772  
-0.09583142956  
0.1130877445  
0.1353471178  
-0.01440100633  
-0.09400922449  
-0.1977888739  
-0.1877450931  
-0.6154492667  
-0.8290334466  
-0.6668394883  
-0.4100357673  
-0.3138596899  
-0.3862576471  
-0.2338168492  
-0.3556852281  
-0.03246934775  
0.1253667508  
-0.05578968437  
0.06743854812  
0.3173779374  
-0.204284243  
-0.3644912531  
-0.09285934648  
-0.4013590673  
-0.2800975974  
-0.1371066291  
0.1365980743  
-0.05775196321  
-0.2360991567  
-0.3629769959  
-0.5719041019  
-0.5154088597  
-0.6128560517  
-0.6833779348  
-0.2523634345  
-0.4756152062  
-0.3419160209  
-0.4210921921  
-0.1514092773  
-0.2872814086  
0.5641674902  
0.2433883831  
0.2903968236  
0.3138918363  
0.04867557395  
-0.1983903825  
-0.07039892726  
0.0787788725  
-0.2516231044  
-0.3015706893  
-0.03000655762  
-0.01763540323  
0.1222061948  
0.1716230852  
-0.3403544181  
-0.2785290813  
-0.8114663918  
-0.9582997796  
-0.8166427102  
-0.720356989  
-0.713030338  
-0.3296082748  
-0.5370634365  
-0.4417881933  
-0.05040231057  
-0.4595110492  
-0.2939548576  
-0.2922497579  
-0.7216009493  
-0.3204306713  
-0.2794613031  
-0.4443228595  
0.2016393282  
-0.009785405817  
0.2348013683  
0.326732327  
0.294988809  
0.66675673  
0.4133329996  
0.8482794429  
0.4042786286  
0.1646489329  
0.1089119975  
0.1339766362  
-0.3976274533  
-0.5348339543  
0.2369234367  
0.02122425306  
-0.03314073549  
0.6360563135  
0.4215266124  
0.06817676613  
0.2221721058  
0.07016041263  
0.4686769033  
-0.0005209139506  
0.1531340692  
-0.09006869335  
-0.1748151123  
-0.2153679814  
-0.2066728292  
-0.5673680839  
-0.0962974119  
0.02672839346  
0.2065947324  
-0.2340006236  
-0.3137490571  
-0.288194774  
-0.4035802216  
-0.4391343372  
-0.4797492769  
-0.1406407912  
-0.1236492577  
-0.07992988309  
0.0473398182  
-0.04744642029  
-0.3553220907  
-0.311688739  
-0.3546344392  
-0.06183885786  
0.1389280009  
0.2863421105  
0.3077830266  
0.4094607559  
-0.4099422359  
-0.3865208369  
-0.2634854935  
-0.3738502283  
-0.1920333125  
0.05583617916  
0.219672858  
0.06365709192  
0.3511403906  
0.5623144055  
0.03987851569  
0.7197493306  
0.2251440933  
0.4298739004  
0.3163728341  
0.4754896701  
0.4373235023  
0.250665725  
-0.3298981157  
0.09209983602  
-0.4633734043  
-0.1207250865  
-0.2042930706  
-0.1208249272  
0.4273419166  
0.5862144885  
0.6886680719  
0.2865415953  
0.2561648937  
0.3568546165  
0.3824091713  
0.4668374183  
0.7757304503  
0.5579883437  
0.4106621493  
0.2973836547  
0.01931980953  
-0.09191970552  
-0.2595245104  
-0.3454740769  
0.204956649  
-0.01052492675  
-0.1127575848  
-0.3090770907  
-0.1575833376  
-0.6431671573  
-0.4658737364  
-1.413128629  
0.294777166  
-0.3347621129  
-2.307376191  
1.920065589  
1.006617646  
0.8290330875  
1.780257485  
2.091032951  
2.180182893  
1.403940897  
0.3282637917  
-0.3898915863  
-0.8242209479  
-1.365741971  
-0.5615162554  
-0.6889537871  
-0.5802921306  
-0.299603992  
-0.09572587915  
0.4873283403  
0.8038144328  
0.8194779901  
0.444627656  
0.2396824545  
0.1788118808  
0.1738771975  
0.245764761  
0.5694510278  
0.3154100649  
0.5001831273  
0.3174030105  
1.035888486  
1.285074521  
0.7662594067  
0.6869555479  
0.1072680578  
0.0368101582  
0.1797714136  
0.7587037599  
0.7826988596  
0.7281894783  
0.7927359199  
0.6737881914  
0.2230508493  
-0.03191227825  
0.01087575831  
0.1662321481  
0.1993771062  
-0.2429633609  
-0.2534082794  
-0.2716454124  
-0.01051068829  
-0.2079936826  
-0.3352991347  
-0.2888466365  
-0.3248135229  
-0.09425638324  
-0.1188648178  
0.4014274794  
-0.04606343395  
-0.2883253963  
-0.03374168143  
0.01297351466  
-0.1720959972  
-0.4325330844  
-0.4042799382  
0.002167586044  
0.3267972717  
0.2222042869  
0.1343156342  
0.0573439374  
0.1005287503  
0.06960780648  
-0.1994292602  
0.2295303369  
0.313230564  
-0.01065037369  
0.1969684425  
-0.1617071468  
0.01535218963  
-0.1031400971  
0.3358237411  
0.07882992063  
0.3964755113  
0.1773066748  
0.1672671451  
0.1975516782  
0.4658591864  
0.3991664437  
0.6091948166  
0.4980264631  
0.6611024345  
-0.07762089283  
0.09266590237  
-0.08773581971  
0.2261265206  
0.00742905827  
0.444259337  
0.08230281882  
0.2540259057  
0.3325743329  
0.4463821846  
0.09915373347  
0.5051067682  
0.0978442335  
0.1499862655  
0.355314321  
0.3282213509  
0.2945589861  
0.0742658369  
0.1251208094  
0.2080960026  
0.2889302002  
0.1770770679  
0.2700986517  
0.01336959003  
1.007918879  
-0.2227745249  
-0.1198745772  
-0.4340535371  
-0.1515914887  
0.2588982614  
0.9482419927  
1.135257151  
0.9990908886  
0.2331727205  
-0.01346632531  
0.1908304869  
-0.1949176021  
-0.4080767337  
-0.0620199867  
-0.4135807174  
-0.4566220136  
-0.2589300803  
-0.4307926023  
-0.3375665444  
-0.7105735807  
-0.6115662946  
-0.2271426388  
-0.4840218543  
0.3285229145  
0.6073490621  
0.3394422676  
0.3839600265  
-0.2174435329  
-0.2628871273  
-0.1439090322  
-0.247488869  
-0.5896650905  
-0.4878401439  
-0.5398681545  
-0.4287615733  
-0.4847606391  
-0.3112760168  
-0.2002318745  
-0.1580259715  
0.05038585327  
0.2506313627  
0.02226263517  
0.1866175869  
-0.01411712677  
-0.1406570981  
-0.09297366194  
0.1362844405  
0.2668311741  
-0.09719343334  
-0.2958805713  
-0.1047241263  
0.2472748682  
-0.07227924639  
0.152540152  
0.2584632138  
-0.08200022161  
0.289815116  
0.1615762776  
0.5805440267  
0.4033938999  
-0.00269307028  
0.1260177229  
0.1398589874  
0.3239924423  
0.246114724  
0.5220942118  
0.4369131981  
0.8452234214  
0.3275368842  
-0.1019696233  
0.2236469983  
0.1405137369  
-0.04735454914  
-0.2237038549  
-0.5099822307  
-0.2181649087  
-0.05909950674  
-0.2668196885  
0.02337076989  
0.08965077508  
0.4349624217  
0.3413199385  
0.5397000563  
0.2416132432  
0.2823708313  
0.4849491865  
-0.07423584272  
-0.1982879774  
0.1722394125  
-0.2050841  
-0.2250671753  
-0.3830366035  
-0.2508582871  
-0.1712635744  
-0.373041692  
-0.393325873  
-0.4605194791  
-0.4209761857  
-0.4537221796  
0.02231342616  
-0.3382524131  
-0.07820863882  
-0.1408260625  
-0.9138402779  
-0.8745169157  
-0.5618059668  
-0.7066879346  
-0.2859120095  
-0.6701927081  
-0.7412950676  
-0.5847637005  
-0.2264644447  
-0.4629471241  
-0.1386742083  
-0.4659040491  
-0.5474637609  
-0.8165630586  
-0.629465344  
-0.6950067336  
-0.5013577326  
-0.4018328466  
-0.3651489166  
-0.2694757142  
-0.2010610027  
0.6382385243  
0.6035827792  
0.9338820065  
0.8386677456  
1.311966237  
1.23557254  
0.3517562074  
0.6784790599  
0.983016372  
1.158452391  
0.6564067901  
0.8346067976  
0.6488917342  
0.4748073206  
0.03356108439  
0.1561053933  
0.602221967  
1.057307733  
0.933349886  
0.7170890833  
0.4081464653  
0.4298776689  
0.448324974  
0.7207634299  
0.5259831544  
0.02069521909  
-0.00329715228  
-0.2975523568  
-0.5439118597  
-0.6065027647  
-0.8611514743  
-0.6565269615  
-1.126469168  
-0.9944709334  
-1.340901466  
-0.7880453536  
-0.8412036884  
-0.6486841493  
-0.4907133037  
-0.1708619783  
0.4499609147  
0.3114798393  
0.1440138473  
-0.04738462454  
-0.02521003113  
-0.05838900439  
-0.2572639905  
-0.3395380309  
-0.2325490582  
0.03720521641  
-0.2859886193  
-0.1977633925  
-0.5671956052  
-0.1810146022  
0.1594727587  
-0.09812149364  
0.1960957824  
-0.1711742656  
-0.7865247748  
-0.7660998803  
-0.5748594747  
-0.8104237982  
-0.9405328644  
-1.177302054  
-0.6399390476  
-0.6275164123  
-0.2619670623  
-0.1955073196  
0.4177155806  
0.01582211211  
-0.2759012112  
-0.02591632889  
-0.432455053  
-0.06372155442  
-0.2571915144  
-0.4988599573  
-0.6672221099  
-0.595451979  
-0.1677147267  
0.031087518  
-0.03951245806  
0.7322121105  
1.032130202  
1.517597003  
1.64465335  
0.896735519  
0.9751706274  
0.4226444123  
0.3285843935  
-0.1402380686  
-0.05718426805  
-0.4022058326  
-0.2391336931  
0.1018921124  
-0.1045633591  
-0.2533993906  
0.119774978  
-0.1445024387  
-0.009838234069  
-0.4555610848  
-0.3754435366  
-0.6316104708  
-0.6735119188  
-0.3823146112  
-0.01741290831  
0.04288329632  
0.5326621935  
0.3346291075  
0.2243981302  
-0.09682907048  
-0.3580893756  
-0.3145799288  
-0.2480541518  
-0.5249467873  
-0.681014716  
-0.4783415649  
-0.3155024824  
-0.6260172633  
-0.09575577264  
-0.1956797566  
-0.7146137733  
-0.3061412522  
-0.2144488845  
-0.3911611115  
-0.6545559897  
-0.8027404065  
-0.7133782323  
-0.6400252905  
-0.2829261018  
-0.3735950125  
-0.0898121099  
0.2533341151  
0.2486754742  
0.2308733999  
0.3857816892  
0.3064706364  
0.1338732062  
0.286554169  
-0.3238285871  
0.05436103346  
0.2654988341  
0.03786289835  
-0.00358050805  
0.1771385055  
-0.1658932616  
0.1718308994  
0.4348456581  
-0.109188707  
0.1480758222  
-0.3282737764  
-0.6039490194  
-0.7023367207  
-0.6152517862  
-0.620475794  
-0.2947391997  
-0.4783622977  
-0.4654149318  
-0.1987871591  
-0.1114713649  
-0.5679591908  
0.1886787239  
0.2165063566  
0.2290527406  
0.7749649772  
-0.1090627072  
0.03173140426  
0.09887540717  
-0.3966136302  
-0.6195767581  
-0.2380700634  
-0.08878161342  
0.09034934391  
0.2641700019  
0.330463201  
-0.2639916952  
-0.1471412986  
-0.130812618  
0.08592716106  
-0.6369314368  
-0.1127684931  
-0.4551705591  
-0.3310367279  
-0.2617745702  
-0.07457833159  
-0.2641678433  
-0.4194412086  
0.06084205755  
-0.05008211204  
-0.5275025773  
-0.6738845821  
-0.6725149271  
-0.4440051916  
-1.116282042  
-0.961956281  
-0.8178164228  
-0.9382499302  
-0.8049025347  
-0.4344507938  
-0.3989129136  
-0.3356884588  
0.04537563861  
-0.2132788852  
-0.4253930874  
0.005948122183  
-0.06859556648  
0.02547394044  
0.03137177052  
-0.005910651245  
0.2421487317  
0.07410167052  
-0.1573054279  
-0.1513437274  
0.04635288232  
-0.08291738176  
-0.03678964389  
-0.0004143126639  
0.0359110611  
0.3702933856  
0.1869883458  
0.140607334  
0.2075817812  
0.06449323166  
-0.08761212717  
-0.2079555229  
-0.2727107995  
-0.3995782671  
0.1546743716  
0.007281598296  
0.3088621062  
-0.1044009214  
0.3121686512  
-0.3513841482  
0.03782844933  
-0.08772651159  
0.614191569  
0.1452870035  
0.4173954915  
0.3775043635  
0.453003878  
0.1480309868  
0.1196656575  
-0.2237063996  
0.06604892145  
0.07996336688  
0.2111402662  
0.02112544113  
0.4668995347  
-0.04129527261  
-0.1702714424  
-0.3998681383  
0.2047578453  
0.1403102388  
-0.4148412922  
-0.05145420644  
-0.374561983  
0.002955567048  
-0.6120597968  
-0.1886477016  
-0.2747166013  
0.1939127127  
0.4053133993  
0.07158831144  
0.1190919091  
-0.3596388376  
-0.1889451325  
-3.187300665  
-2.093602714  
-1.937342186  
-1.785802858  
-3.756363094  
-1.810537756  
1.675225471  
2.649279903  
2.760777664  
1.519926244  
1.167612357  
0.7488414337  
0.6813293297  
0.4358174796  
0.4086079518  
-0.5200149609  
-1.053317165  
-1.508361143  
-1.887986014  
-2.010745925  
-2.075173874  
-2.165025283  
-1.919339151  
-1.579935029  
-1.49648922  
-1.428547045  
-0.9190066534  
-0.5709704934  
-0.713246306  
-0.04216952687  
-0.09893366332  
0.2276395383  
0.02341647054  
0.7848922876  
0.9152395793  
0.6867187939  
0.4296940532  
0.2996894548  
-0.08489598486  
0.2873320069  
0.2748295323  
0.2396566115  
0.6432707464  
0.890609145  
1.043498982  
0.4550279628  
0.1799418853  
-0.3138552793  
-0.2210099549  
-0.01709893069  
-0.1543032468  
0.0464323546  
-0.05870010008  
0.6559847759  
0.4704184387  
0.9168658696  
0.487216372  
0.5809211806  
0.3788535479  
0.5372792352  
0.4597722678  
0.3851040407  
0.6709591329  
-0.2562631  
-0.3840811628  
-0.5233435766  
0.2795161834  
0.9030325599  
1.65177511  
1.820002842  
1.517524678  
1.067740957  
0.6598181458  
0.1453589016  
-0.1993236702  
-0.1577649743  
-0.1719904377  
-0.5730779464  
-0.6126570189  
-0.5331652118  
-0.2611920233  
-0.02241346859  
0.1135266408  
-0.0988833284  
0.09711331346  
0.253068273  
-0.2784624816  
-0.1322527633  
-0.193597793  
-0.06011133687  
-0.6902654569  
-0.3440776862  
0.1313088239  
-0.2477710107  
-0.2259383332  
-0.4757038779  
-0.4991447503  
-0.3550439688  
-0.6483185208  
-0.3669481486  
-0.3819661444  
-0.4484258195  
-0.5376457483  
-0.2667034235  
0.1098547886  
0.4354032351  
0.3864659348  
0.3915520612  
0.8969177902  
1.332834215  
1.399027377  
1.052513178  
0.671673338  
-0.05716446127  
-0.4553357763  
-0.5159924224  
-0.6991748844  
-0.8232920985  
-0.4904127508  
-0.4140097971  
-0.2792576182  
-0.3901859788  
-0.08463487401  
0.06379261929  
-0.2237957354  
-0.2422020721  
0.1439748478  
-0.2267108495  
0.3203415394  
1.42117556  
1.803275918  
2.118149577  
2.147907414  
2.351166817  
2.386130758  
1.885058665  
1.179578289  
0.5675356372  
0.1465363559  
0.03771412356  
0.1575432053  
0.4893181314  
0.2405227134  
-0.1580611033  
-0.03606883432  
0.2198419434  
0.5024807262  
0.8844362908  
1.076839215  
0.6861758349  
1.040496201  
0.77309342  
0.6051208771  
0.1007595682  
-0.06885796395  
-0.2755791275  
-0.3577059874  
0.08478252147  
-0.5643232479  
-0.3718018755  
-0.08896606819  
-0.133818846  
0.03808890267  
0.2587128488  
0.3969975662  
0.4932375323  
0.1864386611  
0.5321839411  
0.4341363115  
0.5941451067  
0.2609091187  
0.06050973367  
0.3200502044  
0.4842677112  
1.061226467  
0.8536175649  
0.5294403861  
0.3835515346  
0.3952502376  
0.7998696109  
0.72840547  
0.4897541542  
0.6930252162  
0.5127322445  
0.61065951  
0.5293171784  
0.3830133514  
0.4209661467  
0.5620473728  
0.5339790117  
0.3382419188  
0.6730890796  
0.5794748141  
0.3061417468  
0.222463035  
-0.1113450973  
-0.02996803717  
-0.06266620825  
0.07839227858  
-0.09313503201  
0.05706840773  
0.4084887615  
0.3803692948  
0.2802879749  
-0.3281245568  
-0.2271339423  
0.1031146574  
0.2703364735  
0.1839300035  
0.7031595036  
0.8388370912  
0.5361273292  
0.8175463998  
0.4969011239  
0.1448180443  
0.3629953339  
-0.1032312624  
