2.460607561  
2.166571405  
2.026079414  
1.610400855  
1.031584377  
1.221580798  
1.159566662  
1.151992644  
1.52179476  
1.509946004  
1.773986781  
1.953174725  
1.599536013  
1.61036633  
1.26553646  
0.8295008144  
0.9600345401  
0.1271951086  
-0.4317269349  
-0.5244781857  
-0.9311727373  
-0.6966204257  
-0.3358601201  
-0.37876414  
-0.3943728223  
-0.216699187  
0.1031380697  
-0.27166841  
0.122501453  
-0.2182821207  
-1.157475304  
-1.010930472  
-1.025051331  
-0.5777840654  
-0.6682685571  
0.03545792605  
0.111663284  
0.3739901211  
0.3488560907  
0.1815644621  
0.3343252209  
-0.7397607225  
-0.856411118  
-1.163688494  
-0.5686268848  
-0.914872378  
-0.7720613744  
-0.9693567953  
-1.055791318  
-1.171290064  
-0.9120860431  
-1.346229861  
-0.9609180524  
-0.6274572394  
-1.0573535  
-1.201180757  
-0.748484093  
-1.160317174  
-0.8855238496  
-1.037638057  
-0.532214611  
-1.026652191  
-0.4399163463  
-1.171828582  
-0.9257839907  
-0.248988338  
-0.3030063897  
-0.6704638886  
0.0239521655  
0.3758905451  
0.4838783301  
0.4864018739  
0.32130205  
0.144051951  
0.2834871451  
0.3693884428  
0.8170804275  
0.581239714  
0.8656203784  
1.115830247  
0.9104436976  
1.27526511  
1.050330238  
1.12531697  
0.8443703165  
0.5499176792  
0.3703840029  
-0.4045285218  
0.2416784177  
0.6129904583  
0.407715519  
0.6542026552  
0.3931567754  
0.2448248422  
-0.4985216835  
-0.9511878675  
-0.9942801714  
-0.7816810973  
-0.7208027986  
-1.400903616  
-1.308690281  
-1.16642277  
-1.009840117  
-1.075906144  
-1.296867453  
-1.070768798  
-1.095514459  
-0.8560320628  
-0.9226120119  
-0.7093700048  
-0.6356868841  
-1.022117403  
-0.6811723816  
-0.8005933121  
-1.031977121  
-1.130816203  
-0.4937990373  
-0.690151905  
-0.7978408706  
-0.5450154622  
-1.148047051  
-0.8287681475  
-0.6076251458  
-1.075182918  
-1.356919163  
-0.9804942767  
-0.3818034338  
-0.7232181883  
-0.6395697202  
-0.6092120839  
-0.01399339208  
0.1393615126  
0.8206948926  
-2.970089714  
-3.347490901  
-1.864655168  
0.5771785087  
1.481387441  
0.2623141444  
0.9076354468  
-0.04506934062  
0.05763244126  
-1.161561356  
-0.9542488121  
-1.205951053  
-0.6322572698  
-1.061824643  
-0.6038072766  
-0.6576709185  
-0.09982904301  
-0.705366296  
-0.4214982964  
0.004210242984  
0.7214611596  
-0.002122444846  
-0.107380139  
0.1679856395  
-0.1968883378  
0.03884453736  
-0.1291108517  
0.03537222207  
-0.1146289207  
0.2064224459  
0.08142043884  
-0.1613382851  
0.07748533211  
-0.2547104345  
0.4233409712  
-0.3637888373  
-0.3206947643  
-0.2606468741  
-0.3564933419  
-0.6001188184  
-0.2787124579  
-0.4830257497  
-0.525099471  
-0.3339333643  
-0.554136598  
-0.5903517913  
-0.4617670405  
-0.5470957866  
-0.5552538128  
-1.09184868  
-0.4766437485  
-0.6901052302  
-0.393750842  
-0.5131101123  
-0.3031295292  
0.2989985399  
-0.1891323376  
-0.567974579  
-0.5390922624  
-0.2186288214  
-0.6081604586  
-0.6411541314  
-0.6250676165  
-0.3547387379  
-0.6531172525  
-0.6490624745  
-0.478110151  
-0.8473153438  
-0.6725150061  
-0.7652042306  
-0.2310855095  
-0.3059242339  
-0.422489479  
-0.2343906259  
-0.3769519009  
-0.353728895  
-0.9309096764  
-1.106995087  
-0.8457354183  
-0.7962041038  
-0.5268991378  
0.02044196568  
0.02865739601  
-0.08853255058  
-0.1654919362  
0.3187736707  
-0.2158194755  
-0.927522244  
-0.9234155743  
-1.046990857  
-1.019857944  
-0.3959535765  
-0.5242430396  
-0.6233878035  
-0.3113541022  
-0.7544821923  
-0.8357385427  
-0.5185704041  
-0.6803044884  
-0.07889151808  
-0.07940499925  
-0.2172275185  
0.1203343536  
0.3440494004  
0.1019901461  
0.2879653968  
0.408000025  
-0.3407937163  
-0.4701532801  
-0.2530144226  
-0.3465507793  
-0.3707210062  
-1.070477377  
-0.3400236787  
-0.3481485651  
-0.5827026803  
-0.4141650087  
0.05089970397  
-0.2364085917  
-0.4633080353  
-0.6142913571  
-0.7556945819  
-0.3978241518  
-0.0311017072  
0.2231406138  
0.4445234365  
0.2353955833  
0.04146471086  
0.008307230898  
-0.2608700717  
-0.1171459832  
-0.111664286  
-0.0526184653  
0.02523956732  
-0.2084441596  
-0.5730094997  
-0.3085223981  
-0.8063662449  
-0.143212851  
0.2322340278  
0.3764737224  
0.5908962911  
0.1534310053  
0.1095254359  
-0.3731835937  
-0.09061573894  
-0.1430215982  
-0.2803764937  
0.1272259195  
0.2003865846  
0.2625405143  
0.3439913387  
0.4150407536  
0.2801976839  
0.6310423877  
0.6514647172  
0.2177593841  
0.127849299  
0.206526122  
0.005620054577  
0.3225556108  
0.06519303554  
0.477968565  
0.1850029791  
0.2131196392  
-0.08547634031  
0.2680172577  
0.4588031412  
0.2410805989  
0.6754237192  
0.415725003  
0.1413401876  
0.4195180176  
-0.06189067041  
0.3737106049  
0.2068278455  
0.400837675  
0.1886180443  
-0.1079606928  
-0.7887698661  
-0.2018813947  
-0.1628914219  
-0.5961490481  
-0.353357645  
-0.4193447534  
-0.3521714387  
-0.8713081968  
-0.6280500694  
-0.3293910743  
0.08577649162  
-0.2950035046  
-0.1937075767  
0.08328853645  
0.3508147858  
-0.1041738761  
-0.3617591395  
-0.3614613583  
0.2721503081  
0.06010149052  
0.3007722098  
0.5526748043  
0.6972797415  
0.4740254876  
0.5259368907  
0.220818794  
0.0101536382  
0.1568524828  
-0.01527562982  
-0.3396811524  
-0.1151869531  
-0.1270218856  
0.1444144406  
0.3424053815  
1.217971715  
0.5746542451  
0.4194777047  
0.09976219349  
-0.2827454955  
0.02246142237  
0.08255616565  
0.4283173303  
0.54056517  
0.6461670749  
0.7193446187  
0.8043102014  
0.9292645219  
0.9906414767  
0.456096213  
0.3426567594  
-0.1754839606  
-0.4198993979  
0.09618184219  
0.3899870664  
0.3041396148  
-0.09148339426  
0.5349003156  
0.5863533464  
0.4139043465  
0.7478795365  
0.4753051458  
0.5327693299  
0.9688730219  
0.7519269969  
0.737162596  
0.9778197902  
1.230225581  
1.50555365  
1.400732423  
1.524929728  
1.633188284  
1.700242402  
1.306072953  
0.2315282113  
0.738665194  
0.7657856675  
0.6232585627  
0.4058351641  
0.4036705196  
0.1589956747  
0.5826394304  
0.8514135491  
0.7939182548  
1.025235044  
0.7482931494  
0.7755428076  
0.8197329858  
0.6368162661  
-0.02133422257  
0.01579975097  
0.3499242758  
0.4827657649  
0.2036575001  
0.4014005399  
0.2881257443  
-0.0749512601  
-0.08102327998  
-0.1292089361  
0.341391134  
0.0347643949  
-0.07319019317  
-0.3504855737  
-0.1718957068  
-0.6387487467  
-1.156138756  
-0.9984981277  
-0.1084175151  
-0.17186252  
-0.2393383051  
-0.1378975945  
-0.0001354463596  
0.5631483393  
0.2562645714  
0.05702516572  
0.2217871786  
0.345013796  
0.1262344625  
-0.1887447606  
-0.07962831515  
-0.7231563892  
-0.7692023308  
-0.3521274436  
-0.03841569016  
-0.2805680832  
-0.07305753317  
-0.0384223735  
0.2224831352  
0.4361614361  
1.270021182  
0.4311209381  
0.7216923469  
0.8654423223  
0.6388398671  
0.4179982687  
0.2650818353  
0.5322901458  
0.5258728371  
0.2508644869  
0.1736465771  
0.5457270588  
0.4485229866  
0.7641500836  
0.6704574024  
0.3524429798  
0.171867981  
-0.06965807868  
-0.530382079  
-0.3271702115  
-0.573653948  
-0.4322551414  
-0.003006057046  
-0.4092150423  
0.005518037603  
0.2287049543  
0.3665354222  
0.3175983118  
0.3662950388  
0.1750791128  
0.05979716499  
0.02762885441  
0.2140070721  
0.4956996556  
0.06621008671  
-0.05500418237  
-0.3920479164  
0.8492455885  
-0.6422559605  
-2.47463609  
2.18699397  
1.33456657  
0.8670484215  
1.218645139  
1.733567363  
1.568196133  
1.012414413  
0.6803219475  
0.7301513209  
0.4716983249  
0.4043802573  
0.6502288208  
0.713601313  
0.2209758128  
0.2951813228  
0.2854020767  
0.4389888013  
0.5058724748  
0.7183326093  
0.7514851782  
0.7453569811  
-0.06677481634  
0.3721362275  
0.01923490317  
-0.124605335  
0.2669691305  
0.6171360754  
0.6616814788  
0.5399291729  
0.3792441701  
0.1792146469  
-0.2599267329  
0.02314686674  
-0.1396589552  
-0.08573149759  
0.05071790052  
-0.386237052  
0.1103964399  
0.2516015975  
0.02617161931  
0.1681528036  
-0.2872932528  
-0.09361982613  
0.09657091093  
0.1242278078  
-0.04193042161  
0.3988276573  
0.4490242638  
0.4781895383  
0.2875863339  
0.2252019709  
0.115314412  
-0.2727400666  
-0.4316059757  
-0.2954195147  
-0.2134830639  
-0.6984951408  
-0.7346709399  
-0.5016557163  
-0.5557488511  
-0.6747712217  
-0.1923441572  
0.103613355  
0.1006715188  
0.3886110691  
0.1041190955  
-0.01689854799  
-0.2861625347  
-0.07627662661  
-0.2699903601  
0.1183296973  
-0.07416929934  
0.08840827648  
-0.19426719  
0.2592092237  
0.009298761342  
-0.1633737272  
-0.6245341989  
-0.09957257141  
0.07540955306  
0.1744653549  
0.05092115977  
0.4079763819  
0.1401836938  
-0.3006103583  
-0.5229461869  
-0.639279785  
-0.4138351764  
-0.6139461358  
0.1641019325  
0.5141904688  
0.7318633513  
0.8051149334  
0.6659428624  
0.368123945  
-0.2273994616  
-0.01938278346  
-0.7321601925  
0.09387356266  
0.08546846413  
0.4683822985  
0.7982047239  
1.021734318  
1.208917594  
0.5467674664  
0.6422544985  
1.001937748  
0.925767396  
0.9124731965  
0.723681635  
0.9877063857  
0.7222498549  
0.5530821338  
0.5346922176  
0.5180472297  
0.01486887508  
-0.1877000604  
-0.02819027134  
-0.5021185281  
-0.2756041599  
2.935654639  
1.88279791  
0.7188798519  
0.3962142272  
0.07545816065  
-0.1923658035  
-0.2153932845  
-0.6623106516  
-0.1262607552  
0.3246511082  
0.1892254828  
0.001907122645  
-0.03627467307  
-0.4200850818  
-0.6368653301  
-1.064713311  
-0.8288558464  
-0.7538245548  
-0.7147442139  
-0.5408260254  
-0.06345665434  
-0.7280113317  
-1.037889431  
-0.8677362044  
-0.7836136464  
-0.9604728721  
-0.7557382492  
-0.9791964024  
-0.6721549934  
-0.8551048484  
-0.3961572349  
-0.7503627831  
-0.4047670124  
-0.6687960502  
-0.1715824141  
-0.7046062755  
0.0528290021  
-0.4496222909  
-0.1038368476  
-0.3013801818  
-0.1339968701  
0.1160377414  
-0.04706494106  
0.435543114  
0.1667574561  
0.4816241605  
0.4349820001  
0.5835822643  
-0.1565676242  
-0.03066128825  
-0.4056093106  
-0.6256065191  
-0.449586448  
-0.302775067  
0.0268013296  
-0.09197572033  
-0.2163877181  
0.1314017133  
0.4765722517  
0.8029902958  
0.4633091653  
0.9418116406  
0.4715522704  
-1.006506085  
-0.6831357861  
-0.7850066119  
-0.5795414752  
-0.7849643609  
0.1377396542  
-0.02734849201  
-0.1423379299  
-0.003609177812  
-0.2995610389  
-0.3562071365  
-0.2111675622  
0.1259069327  
-0.1872228482  
-0.3457337949  
-0.04278387681  
0.05575081291  
-0.2439924207  
-0.1628811808  
0.1652433745  
-0.1044583348  
-0.1199873445  
-0.5230840037  
-0.3155766748  
-0.5121680637  
-0.8128454384  
-0.2702326189  
-0.2604811974  
-0.2896297349  
0.3185047823  
0.4384719181  
0.3269598099  
0.2762800519  
0.2358933132  
0.9300825592  
0.7704429671  
0.6866773114  
1.004161208  
0.8101824741  
0.7203436443  
0.8291569336  
0.7509660286  
0.3216751747  
0.3898190501  
0.3126297297  
0.6362221469  
0.7448219588  
0.9681335257  
0.6694284714  
1.53378967  
0.9648916554  
1.060009014  
0.3280459409  
0.2931238075  
0.1065111921  
0.7035830598  
1.271701158  
1.233358115  
2.332206801  
1.794842315  
1.669166181  
1.654842861  
1.648943317  
1.626592117  
1.539649394  
1.521902265  
1.335719489  
0.8135894589  
0.8006647706  
0.5673052437  
0.12319931  
0.4288062908  
0.1525867562  
0.7834100636  
0.4111625275  
0.3086078598  
0.2900677831  
0.5019722764  
0.6772611176  
0.09850356765  
0.3919069318  
-0.05046416583  
-0.4091165599  
-0.3366015539  
0.04438411972  
-0.5164353388  
-0.6863333342  
-1.000290693  
-0.8136651269  
-0.3263429128  
-0.4674201552  
0.006861513944  
-0.5501102401  
0.2060806  
-0.01332971265  
-0.01352140236  
0.1402548727  
-0.3313972233  
-0.1103912894  
0.05050606774  
0.1460947314  
-0.2227111342  
-0.2988085644  
-0.1081718817  
-0.2376191677  
-0.5484093597  
-0.1342063935  
0.3876030219  
0.3667834029  
0.4266249002  
0.2980035205  
0.7468466498  
0.09079246644  
-0.1213031238  
-0.6483912821  
-0.5688462606  
-0.03225512706  
0.1074741326  
0.1333238614  
0.08751976567  
0.2743665136  
0.4762382454  
0.8153926263  
1.023411709  
0.9092613287  
0.8649972819  
1.03020252  
0.9320898182  
1.211361099  
0.4487814688  
0.3348814647  
-0.3069827949  
-0.5327388362  
-0.3971399922  
0.315401853  
0.6151931436  
1.225226713  
0.9686949434  
0.561113561  
0.4994019386  
-0.1537540612  
0.6158953284  
0.4678358958  
0.9099631562  
0.4024307329  
-0.1350248326  
0.07375385069  
0.06323030275  
0.2407041483  
0.3585596586  
0.2456945104  
-0.03862408634  
0.1954669163  
0.05188792104  
-0.346773441  
-0.91438512  
-0.247657705  
-0.7327797408  
-0.5526762925  
-0.4951397714  
-0.4407113655  
-0.2064249528  
-0.1898355514  
-0.4939729175  
-0.3762611956  
-0.1534814095  
-0.3908779349  
-0.6912013102  
-0.8354432522  
-0.4017353864  
-0.3012215158  
-1.372305459  
-0.1087050025  
-0.2288292505  
0.07931277014  
-0.6927116049  
-0.197513235  
-0.3299927692  
-0.03572409076  
-0.1404676724  
-0.0699385107  
-0.5074687007  
-0.3087906411  
-0.9324983486  
-0.4645169566  
-0.2394166246  
0.4166906028  
-0.1340314086  
0.3280441227  
0.03221177723  
-0.1623937479  
-0.0235681379  
-0.1768735256  
-0.2971757388  
-0.6303815599  
-0.5681336983  
-0.702605575  
-0.1672910414  
-0.2352339363  
-0.1681041649  
0.007191008603  
0.2137941805  
0.2487171682  
0.3400887662  
-0.1334991868  
-0.5709979766  
-1.218014923  
-1.238895891  
-0.9308930226  
-0.4612500318  
-0.460718564  
-0.4251804445  
-0.3327229583  
-0.5363678051  
-0.4697597868  
0.3476351709  
0.3157261016  
0.7118811816  
0.3197650624  
-0.07372951177  
-0.4744950295  
-0.05536572753  
-0.3433502864  
-0.2499624301  
-0.122527554  
-0.140419799  
-0.1316420021  
-0.1307606422  
-0.13490138  
-0.9102026428  
-0.3514641126  
-0.7423728892  
-1.043312916  
-0.5034898125  
-0.2727069821  
-0.2710036489  
0.01905578094  
-0.1111015953  
-0.1619074268  
0.00873811238  
0.03175452253  
0.7146383605  
0.3539557307  
0.10684037  
0.6219436082  
-0.05480525882  
-0.2738164225  
-0.3146596178  
-0.7119966739  
-0.3137744074  
-0.6791931446  
-0.5526116573  
-0.5812008377  
-0.5662134166  
-0.005815394985  
-0.1434313771  
0.447732917  
0.5760446329  
0.3766866628  
0.4262591701  
0.2585348386  
0.03864193691  
0.1147361265  
0.1723882792  
0.3391479017  
0.02554452352  
0.02954169837  
-0.1692579431  
-0.4393358049  
-0.3495501107  
-0.1365825989  
0.07756360776  
-0.07899360314  
0.4002158171  
0.1373577802  
0.4248002929  
-0.09859220314  
0.3759169414  
0.02796774729  
0.8101297085  
0.8162863778  
0.6247241878  
0.3487955247  
0.2406915034  
-0.01041346208  
-0.008575583872  
0.05494198258  
0.6829121074  
0.6438126313  
0.2216809355  
0.6785879286  
0.3443746931  
0.4556118966  
0.0264127068  
-0.1873642799  
0.3506149602  
0.7722224588  
0.4115561568  
0.3323005562  
0.3561462339  
-0.1029371993  
-0.345454478  
-0.1113399083  
-0.3804855273  
-0.1935954749  
-0.08576172123  
0.08108319792  
0.1563186603  
0.001122462172  
0.3091282373  
0.8105881956  
0.3597249299  
0.3646072609  
0.4732540041  
-0.2258751843  
0.5573756563  
-0.003431195049  
0.6107880082  
0.282969575  
1.452090002  
-3.71510196  
-2.137721787  
0.545922539  
-1.568832331  
-3.360513189  
-2.869857645  
1.149940298  
1.178688028  
1.38356682  
0.162961956  
-0.400561006  
-0.4747591789  
0.0381138438  
0.1566047353  
0.3585044405  
-0.297081898  
-0.4893296281  
-1.326622001  
-1.894680653  
-1.340472634  
-0.8035212107  
-1.22552598  
-0.2645746617  
-0.2925978307  
0.3208290943  
0.4696474454  
1.005235451  
1.123696601  
1.221142696  
0.837419651  
1.217559164  
1.078129193  
0.7032054992  
-0.09214230404  
-0.3829689414  
0.007820094692  
0.4261909046  
0.5791799072  
0.2720465059  
0.3492258269  
0.6603471716  
0.09327216919  
-0.1970096898  
-0.6636358215  
-0.6466555798  
-0.3269807218  
0.2709163949  
0.2995191088  
0.07597421642  
0.4025097902  
0.7408978581  
1.076331569  
0.7323777033  
0.5692526655  
0.02957413909  
0.129630439  
0.1520576039  
0.2125854222  
0.1876773318  
-0.1391761764  
0.421839718  
0.4281291672  
-0.04374086475  
-0.152539923  
-0.1627509566  
-0.06554045301  
-0.5298774815  
0.4776451105  
0.2054420971  
0.444775805  
0.03106440744  
-0.3080182526  
-0.3258308187  
-0.4064254685  
0.05607282225  
-0.1261297339  
-0.1838667629  
-0.3568699723  
-0.3684767735  
-0.1323039946  
0.1949623115  
-0.2189374049  
-0.3455485758  
0.01925559771  
0.01824165855  
0.1785689208  
0.5480025487  
0.3044500751  
-0.1639576822  
-0.3341455902  
-0.5946057819  
-0.7860294879  
-0.4103664018  
-0.7984496494  
-0.8755526321  
-0.442188102  
-0.739920429  
-0.7908494569  
-0.4110095501  
-0.2546813763  
-0.1687769143  
-0.6428883131  
-0.6266932911  
-0.188206747  
0.2973314115  
0.1059268708  
0.806925268  
0.6227590786  
0.607739203  
1.013381304  
0.6287533545  
0.5502465313  
-0.00618071769  
0.3502552095  
-0.0330291495  
-0.5510275  
-0.43857318  
0.1037696871  
-0.274419432  
-0.1909083768  
-0.02852416854  
-0.4326744175  
-0.4974897549  
-0.4239916897  
-1.08679659  
-0.7806238216  
-0.5324370994  
-1.211457279  
-0.454509339  
0.7085992297  
1.064252855  
1.28175004  
0.7893358478  
1.442106093  
1.44569166  
1.220908083  
0.3865439912  
0.5270595751  
0.2617178306  
0.3687664148  
0.1384318807  
0.4272152874  
0.6329276848  
0.6165333741  
0.3750875524  
0.2888198997  
0.3397408445  
-0.1712140068  
-0.01141082588  
-0.02580628328  
0.1070706869  
0.6669471353  
0.574965377  
-0.188449518  
0.3157568531  
0.4177782479  
0.6115822131  
0.9626609548  
0.3647712724  
-0.4944256238  
-0.624903108  
-1.16328496  
-1.074551908  
-0.5881424798  
-0.1660893685  
-0.04101224961  
-0.5377657706  
-0.9503643186  
-1.110522812  
-1.282431233  
-1.087916478  
-0.866018096  
-0.9005033309  
-0.6068589225  
0.1081967614  
0.2329163769  
-0.03696321518  
-0.4367691501  
0.01607548984  
-0.01229649431  
0.02039810785  
-0.9077147668  
-0.991885191  
-0.3575607344  
-0.06491583886  
-0.6737696358  
-0.7323417635  
-0.1644263547  
-0.2277651653  
0.2797866083  
-0.1036369188  
0.4263136569  
-0.0322160936  
-0.2794132004  
-0.8426826334  
-0.7492664369  
-1.106216003  
-1.255293216  
-0.6253103512  
-0.02889816757  
-0.07670584877  
-0.1878928201  
-0.4174066308  
-0.8155253541  
-0.4693225711  
-0.2711701166  
-0.1125667391  
-0.1366795525  
0.2126357525  
-0.3955242396  
0.2783961326  
0.3498486269  
0.141967978  
0.2190360842  
-0.1478311729  
0.4598381806  
0.7520055013  
