2743.446722  
2740.497058  
2737.490081  
2744.450411  
2745.040794  
2746.736889  
2751.999156  
2748.639853  
2750.724224  
2755.931418  
2755.597139  
2758.105662  
2756.679228  
2761.892699  
2754.635385  
2758.37644  
2753.552691  
2753.470836  
2752.290977  
2754.401045  
2753.305533  
2743.738307  
2749.159435  
2753.042285  
2755.147142  
2755.058226  
2743.939518  
2742.583515  
2738.713689  
2739.832786  
2739.797145  
2737.47716  
2741.555502  
2745.406935  
2745.705005  
2752.135316  
2750.335121  
2748.844325  
2750.864892  
2739.381508  
2746.940389  
2746.986211  
2741.296324  
2748.734361  
2740.028477  
2749.139554  
2754.005525  
2744.912961  
2736.440354  
2744.528566  
2749.727697  
2742.886247  
2738.47755  
2751.921511  
2745.456382  
2739.945436  
2748.899571  
2743.789862  
2744.490938  
2741.339167  
2735.678102  
2736.397373  
2735.266408  
2741.041042  
2746.22693  
2745.997915  
2748.599571  
2751.903951  
2756.415869  
2737.6476  
2729.897805  
2736.183698  
2735.548037  
2736.10339  
2737.35958  
2733.817161  
2744.533181  
2740.432762  
2735.440566  
2744.345992  
2740.72031  
2742.881629  
2750.972442  
2748.494949  
2744.071049  
2749.374772  
2747.389984  
2744.341655  
2750.801284  
2748.391624  
2743.594919  
2742.348225  
2749.3897  
2746.113986  
2748.954931  
2749.447201  
2742.243872  
2747.875434  
2747.59671  
2738.689917  
2738.226022  
2739.58954  
2736.469424  
2733.823575  
2734.613854  
2728.87911  
2741.164727  
2736.604548  
2742.147095  
2749.755226  
2747.876002  
2752.141203  
2745.766923  
2746.971428  
2742.520428  
2740.076877  
2726.289937  
2740.213028  
2736.579771  
2737.633972  
2732.251668  
2738.215247  
2729.449247  
2737.620912  
2731.575839  
2737.987165  
2734.777662  
2736.134319  
2742.196944  
2745.374884  
2742.220625  
2751.171322  
2746.059166  
2742.575549  
2692.793292  
2700.340954  
2740.877489  
2728.875653  
2753.111544  
2750.412218  
2755.257295  
2748.958282  
2744.941839  
2735.279054  
2738.159193  
2732.180646  
2737.356011  
2733.586016  
2733.691682  
2732.356857  
2747.556932  
2732.501775  
2745.63991  
2744.030264  
2750.961404  
2755.647549  
2751.435375  
2744.677488  
2751.913494  
2744.777119  
2741.820641  
2738.765018  
2739.954814  
2744.245857  
2743.396235  
2744.287962  
2740.049862  
2735.871288  
2740.797921  
2734.896098  
2734.077827  
2741.786604  
2747.322527  
2737.258926  
2750.992202  
2749.448005  
2743.989433  
2752.123492  
2751.966338  
2753.117757  
2748.106262  
2751.860954  
2751.924217  
2746.957417  
2747.944098  
2744.095731  
2736.673407  
2740.598233  
2745.734105  
2750.532  
2749.704374  
2751.826936  
2747.386964  
2751.216114  
2752.203488  
2745.309472  
2744.26079  
2737.035144  
2731.581518  
2750.801992  
2738.135005  
2742.369715  
2742.842889  
2745.655242  
2744.865187  
2738.336422  
2741.905107  
2743.443055  
2737.55318  
2740.972491  
2737.191709  
2742.789555  
2739.633672  
2739.720774  
2742.060889  
2743.77489  
2747.919451  
2753.013653  
2751.541557  
2742.477863  
2748.373962  
2751.771684  
2746.430312  
2743.905624  
2756.835716  
2750.306022  
2744.843816  
2742.096363  
2745.854543  
2742.172878  
2747.689912  
2748.891431  
2751.886621  
2748.916377  
2747.385114  
2748.323282  
2743.808991  
2748.692812  
2748.832357  
2740.186533  
2748.633198  
2743.55794  
2735.675667  
2739.614324  
2736.621192  
2749.04131  
2742.288846  
2740.32632  
2742.935784  
2747.407887  
2743.470152  
2740.365145  
2745.141041  
2747.491116  
2743.51961  
2745.163979  
2743.69902  
2744.747841  
2741.569402  
2734.70687  
2746.283341  
2742.333947  
2745.597723  
2742.482109  
2742.811839  
2756.8117  
2750.684049  
2750.0737  
2738.462458  
2743.505776  
2750.757695  
2741.263576  
2756.487053  
2753.561393  
2744.134125  
2752.065849  
2749.541125  
2750.018401  
2753.181774  
2751.183963  
2754.441432  
2753.797394  
2750.031678  
2741.719988  
2742.96718  
2750.740647  
2745.833055  
2744.315364  
2744.885029  
2746.642276  
2747.466711  
2739.258857  
2734.819525  
2740.915256  
2738.131476  
2740.594145  
2737.869073  
2743.398822  
2743.062725  
2743.350883  
2746.136514  
2752.67485  
2751.359675  
2754.079523  
2750.883775  
2751.215953  
2751.092508  
2751.350193  
2751.024391  
2748.249803  
2748.611689  
2752.046337  
2745.103612  
2734.165986  
2736.628347  
2739.95351  
2743.365588  
2744.409548  
2748.084645  
2745.120142  
2755.276738  
2753.584308  
2754.185475  
2749.004282  
2745.814291  
2744.448749  
2746.911213  
2739.67368  
2737.647163  
2746.098231  
2736.154875  
2733.870188  
2744.776578  
2750.447114  
2746.105281  
2757.275111  
2752.950221  
2742.027707  
2741.894441  
2739.466667  
2738.933154  
2750.137577  
2747.810145  
2745.159733  
2748.326068  
2746.310531  
2749.757419  
2744.281984  
2755.575723  
2752.188893  
2743.894982  
2744.990191  
2743.363657  
2736.789056  
2741.021044  
2736.075305  
2742.574106  
2750.963193  
2746.772374  
2741.515579  
2756.116315  
2748.355176  
2739.738078  
2740.308648  
2746.613428  
2739.372011  
2745.347276  
2744.580183  
2741.984913  
2752.267099  
2751.140997  
2748.08187  
2740.907932  
2748.132461  
2746.332823  
2743.453908  
2748.190047  
2742.399519  
2736.325473  
2741.909793  
2747.6657  
2745.102496  
2742.455243  
2749.8656  
2746.650088  
2751.896848  
2742.616118  
2748.882999  
2749.082616  
2762.140397  
2747.27643  
2752.411051  
2750.78255  
2759.467561  
2762.734604  
2756.36236  
2753.88736  
2750.980427  
2743.200926  
2749.439552  
2743.438455  
2742.054222  
2745.695598  
2749.947031  
2749.959342  
2748.535271  
2749.710824  
2756.83789  
2753.134614  
2757.329375  
2749.62498  
2747.254467  
2749.211886  
2744.662133  
2746.520479  
2737.920901  
2742.958816  
2749.785706  
2750.537978  
2741.5084  
2744.449693  
2749.552543  
2739.512383  
2744.2221  
2742.711855  
2742.489125  
2748.635854  
2749.726283  
2744.374293  
2744.980843  
2748.530283  
2744.76586  
2744.517443  
2732.253994  
2741.824148  
2737.980654  
2747.318887  
2753.353862  
2761.931663  
2755.218743  
2757.358545  
2753.05435  
2755.422054  
2753.26999  
2749.288694  
2747.826552  
2741.581068  
2740.070449  
2744.682464  
2741.527382  
2735.991792  
2745.525201  
2742.366867  
2747.679515  
2751.604235  
2744.774341  
2739.486165  
2747.319802  
2744.192644  
2747.517691  
2746.693059  
2748.931231  
2745.334883  
2746.083816  
2749.248995  
2744.700499  
2739.767841  
2742.502461  
2739.467577  
2743.279028  
2740.519296  
2746.181768  
2736.028661  
2737.004136  
2739.86698  
2740.662479  
2739.425799  
2749.335129  
2769.776284  
2753.07668  
2719.281537  
2695.807263  
2738.920764  
2755.804516  
2751.993021  
2749.984705  
2747.51344  
2745.916476  
2738.349441  
2736.105283  
2734.750152  
2739.567405  
2736.687885  
2738.094309  
2747.572795  
2755.180126  
2756.178334  
2759.766207  
2758.648259  
2749.970469  
2758.322229  
2747.054435  
2746.260108  
2746.739335  
2746.397861  
2740.588688  
2745.902041  
2739.835879  
2746.308475  
2747.617427  
2751.071166  
2744.222638  
2749.140494  
2745.297551  
2742.695012  
2742.782979  
2752.420126  
2746.657305  
2747.349939  
2739.822077  
2750.987154  
2751.752289  
2752.898064  
2756.755177  
2758.650632  
2753.326676  
2748.639176  
2757.008657  
2755.265928  
2746.584892  
2752.740283  
2752.801535  
2746.941933  
2748.91665  
2746.517957  
2749.806582  
2750.614033  
2747.952285  
2741.921653  
2742.246499  
2739.81413  
2739.48547  
2746.124566  
2744.123118  
2745.457936  
2750.742046  
2745.66728  
2747.589251  
2745.983958  
2744.769125  
2755.949382  
2746.756527  
2751.227213  
2746.794736  
2744.044152  
2741.873235  
2735.824031  
2744.645698  
2746.299852  
2744.117012  
2744.366023  
2750.515597  
2746.239702  
2748.419946  
2756.760323  
2745.453751  
2749.587727  
2754.873196  
2757.196684  
2756.985457  
2753.779096  
2750.112166  
2759.151956  
2752.281986  
2757.710546  
2751.265897  
2761.195355  
2758.185175  
2748.644464  
2759.61264  
2749.911549  
2750.854555  
2760.884751  
2751.437071  
2756.109261  
2765.099541  
2751.708215  
2752.280725  
2749.348797  
2743.015291  
2744.3122  
2748.593641  
2746.358051  
2758.802692  
2752.449389  
2742.251588  
2737.585966  
2734.717364  
2735.088556  
2755.52695  
