2744.94025  
2751.232087  
2745.395395  
2747.836622  
2750.946527  
2752.810876  
2759.730895  
2756.93582  
2761.736269  
2755.368796  
2752.394171  
2758.285071  
2758.357751  
2760.705802  
2764.326414  
2770.029172  
2771.549461  
2766.462158  
2762.97757  
2753.458975  
2759.217512  
2754.08726  
2759.013072  
2752.705426  
2756.637742  
2755.470249  
2736.793425  
2744.255429  
2741.258726  
2743.04509  
2736.347744  
2745.81643  
2743.298853  
2757.096018  
2749.039678  
2760.720191  
2753.304662  
2752.614836  
2751.519439  
2743.525654  
2758.295086  
2756.927817  
2758.188361  
2760.457487  
2751.139399  
2754.382797  
2756.420756  
2754.102901  
2742.512804  
2748.987831  
2746.002558  
2752.758244  
2745.661907  
2751.188013  
2749.481321  
2745.069563  
2752.480965  
2747.952952  
2755.961135  
2746.891997  
2745.011546  
2740.470616  
2753.561151  
2742.663962  
2752.727831  
2752.83807  
2755.45635  
2756.963028  
2758.041889  
2750.977288  
2751.315212  
2747.958496  
2733.688618  
2743.615464  
2742.621772  
2738.984614  
2740.023957  
2747.544839  
2749.59553  
2753.713952  
2745.072584  
2745.732218  
2755.712121  
2750.104776  
2745.593073  
2756.046373  
2747.957899  
2757.337821  
2746.818072  
2746.331185  
2749.029179  
2744.303707  
2751.058767  
2747.54235  
2745.698726  
2752.367448  
2743.465701  
2748.749246  
2754.437258  
2746.128522  
2751.602764  
2738.683566  
2752.080938  
2745.154451  
2740.421717  
2748.716089  
2754.268978  
2747.575441  
2758.937434  
2755.418789  
2752.689217  
2754.293122  
2743.045422  
2742.684391  
2746.794792  
2751.80354  
2744.557119  
2749.824777  
2741.090882  
2749.744246  
2745.702706  
2740.346434  
2744.398819  
2738.781516  
2741.952492  
2742.444215  
2747.770421  
2751.222601  
2748.336297  
2747.655746  
2752.532254  
2753.728018  
2762.575007  
2750.06172  
2700.997223  
2705.877485  
2749.196986  
2741.138995  
2765.829847  
2771.20907  
2768.53531  
2751.710201  
2750.372999  
2725.975599  
2736.799096  
2739.773503  
2740.566539  
2739.683199  
2744.466726  
2747.59151  
2744.512715  
2739.881804  
2748.16354  
2744.510422  
2745.816866  
2750.004263  
2750.502122  
2745.651532  
2743.114994  
2745.886949  
2746.693849  
2747.433146  
2743.68911  
2751.655309  
2738.995909  
2746.896991  
2748.026469  
2742.515986  
2738.23998  
2734.706819  
2738.936298  
2739.87982  
2743.9091  
2748.514915  
2755.836431  
2752.352403  
2745.67185  
2758.060299  
2754.405338  
2748.337391  
2751.290019  
2762.029385  
2753.756827  
2758.960206  
2748.325968  
2745.899866  
2749.326833  
2740.044598  
2744.0834  
2756.077161  
2749.687469  
2750.120788  
2753.587825  
2753.025185  
2756.440646  
2738.835999  
2750.151054  
2746.156893  
2748.700252  
2752.917392  
2743.091481  
2747.895899  
2750.836407  
2753.119472  
2751.76683  
2746.456446  
2744.293364  
2747.195096  
2749.275228  
2744.734863  
2751.697747  
2747.029803  
2751.802731  
2750.140977  
2747.894275  
2746.88142  
2752.340365  
2752.623878  
2760.09325  
2749.150029  
2752.135957  
2755.035057  
2752.458852  
2753.357255  
2754.95334  
2756.157832  
2747.398979  
2747.331638  
2748.502833  
2750.906908  
2751.070876  
2755.073106  
2754.182356  
2755.201656  
2752.935629  
2751.783533  
2746.128675  
2750.04656  
2750.068611  
2741.888387  
2752.994639  
2740.151205  
2744.011871  
2745.371379  
2752.511848  
2751.517298  
2755.080001  
2743.618358  
2746.309809  
2752.326504  
2748.973927  
2739.555068  
2743.425271  
2758.972627  
2749.447524  
2748.425987  
2750.582574  
2742.682506  
2745.510773  
2744.559048  
2748.413581  
2743.866947  
2753.425023  
2747.084759  
2746.066004  
2758.285039  
2752.430162  
2753.290799  
2746.699553  
2752.016761  
2747.594674  
2749.011158  
2750.963235  
2747.251819  
2756.073465  
2744.669847  
2751.993091  
2754.870921  
2751.387695  
2749.712362  
2748.55828  
2753.506006  
2742.815003  
2740.135095  
2749.751146  
2747.544409  
2749.158512  
2745.759183  
2744.138505  
2746.936397  
2742.078012  
2747.065138  
2749.704504  
2745.960263  
2742.320338  
2748.100037  
2742.454484  
2749.671528  
2746.133233  
2750.828978  
2749.382446  
2759.76262  
2759.098287  
2753.379416  
2754.384429  
2754.753239  
2754.399036  
2757.698677  
2752.442125  
2752.020006  
2757.580727  
2754.68932  
2744.082173  
2745.320938  
2745.571922  
2740.386778  
2750.627718  
2755.049376  
2759.789759  
2749.266232  
2757.677234  
2754.179688  
2757.297747  
2755.378512  
2747.381945  
2743.236407  
2753.558607  
2746.455061  
2743.955702  
2752.849501  
2742.026378  
2751.41625  
2751.942159  
2747.274548  
2749.683193  
2752.729899  
2749.618487  
2745.990317  
2748.599248  
2747.902269  
2749.506158  
2753.242574  
2750.89074  
2751.250677  
2754.401022  
2755.2765  
2752.692409  
2754.138287  
2763.179425  
2757.076422  
2751.594195  
2750.195994  
2750.661229  
2742.687799  
2746.474586  
2743.66041  
2743.362764  
2746.117488  
2753.173518  
2745.314592  
2752.118715  
2741.578519  
2745.72069  
2739.505172  
2746.483295  
2750.227553  
2745.187617  
2750.938132  
2752.767066  
2754.440948  
2748.588542  
2754.704811  
2748.275471  
2751.733207  
2741.503709  
2743.073049  
2748.105632  
2746.673047  
2749.015232  
2754.509756  
2753.987571  
2750.609285  
2749.881797  
2753.035789  
2743.332723  
2759.32146  
2741.412156  
2751.586203  
2750.487011  
2749.050673  
2740.498572  
2745.534835  
2748.342498  
2749.675121  
2763.361447  
2759.42244  
2755.277037  
2754.384682  
2758.460854  
2746.470045  
2751.16436  
2749.37255  
2749.248364  
2751.429455  
2755.107597  
2755.451878  
2755.422259  
2751.538556  
2750.634493  
2752.047339  
2747.580436  
2745.073871  
2746.801977  
2741.23994  
2741.598045  
2745.850625  
2748.744673  
2750.269357  
2751.398014  
2752.540549  
2752.715367  
2751.7585  
2742.024519  
2748.495388  
2750.461071  
2751.587993  
2749.52733  
2753.571566  
2748.183243  
2741.94259  
2750.918044  
2747.154543  
2745.800127  
2739.190563  
2752.945989  
2757.202002  
2754.433591  
2753.359539  
2760.993483  
2752.481036  
2763.209186  
2756.211328  
2762.275593  
2762.214628  
2758.560096  
2759.339749  
2760.40673  
2748.741696  
2749.188501  
2748.966745  
2755.962495  
2750.376522  
2745.169992  
2755.629251  
2759.918517  
2759.315169  
2754.602922  
2755.074085  
2751.603659  
2749.315406  
2745.90448  
2757.14887  
2759.131144  
2757.764367  
2745.870118  
2753.117256  
2752.938681  
2746.575736  
2742.940311  
2752.915315  
2748.254044  
2745.803494  
2743.842074  
2752.113835  
2741.572468  
2745.770816  
2750.110175  
2760.431492  
2767.219053  
2743.278391  
2746.760535  
2724.286738  
2747.965489  
2769.315485  
2761.885  
2763.901688  
2758.211044  
2753.276943  
2736.741339  
2739.378443  
2737.978756  
2738.916334  
2739.552052  
2745.925577  
2747.508108  
2756.320712  
2753.996215  
2757.486405  
2752.480104  
2757.469681  
2751.128461  
2746.408015  
2750.454271  
2746.093819  
2753.002877  
2751.385279  
2751.522173  
2747.130802  
2751.046827  
2756.870716  
2756.306684  
2755.436772  
2757.00445  
2755.939421  
2748.15969  
2752.682995  
2756.986992  
2757.605817  
2759.529585  
2753.142473  
2757.831353  
2750.717451  
2758.645413  
2761.559485  
2759.077787  
2754.034328  
2741.622595  
2756.811408  
2746.537085  
2744.566165  
2739.756628  
2750.333895  
2748.756689  
2752.047079  
2746.214039  
2751.811052  
2758.643393  
2756.456032  
2751.953277  
2748.547679  
2749.520561  
2757.050264  
2754.826513  
2756.031819  
2758.030775  
2755.870198  
2748.319651  
2759.480568  
2748.522155  
2748.898931  
2757.646363  
2746.400084  
2746.543516  
2749.92399  
2753.703203  
2747.400403  
2744.716231  
2743.162249  
2749.511977  
2746.527944  
2755.958383  
2753.157564  
2752.121454  
2749.652446  
2759.785379  
2751.143054  
2752.241853  
2754.05003  
2756.714837  
2754.82142  
2754.685343  
2749.096011  
2758.181077  
2748.001595  
2756.463845  
2755.785676  
2764.820016  
2753.660026  
2757.86714  
2752.017884  
2753.462636  
2749.85458  
2751.540686  
2756.444709  
2751.867202  
2760.803034  
2758.823397  
2754.384822  
2757.036954  
2749.907873  
2749.649455  
2758.842416  
2744.580165  
2766.66475  
2763.290819  
2738.15777  
2749.834145  
2756.861529  
2757.956287  
2772.285518  
