-0.3950066314  
0.07030418884  
-0.3446178404  
-0.1462176708  
0.02529234776  
0.1536495046  
0.620439395  
0.5049014468  
0.7489015963  
0.3703870834  
0.1695628651  
0.5632650579  
0.6107528718  
0.717203306  
0.9971200792  
1.3745989  
1.473207705  
1.11323581  
0.8995667941  
0.2540026798  
0.6714134029  
0.30246217  
0.6805505574  
0.1759547086  
0.4836776554  
0.3550210351  
-0.8783360313  
-0.4200874047  
-0.5375834572  
-0.481111743  
-0.8901560774  
-0.3032585901  
-0.4220213153  
0.4959775582  
-0.04126500455  
0.7368844319  
0.1871390921  
0.2050374976  
0.06777463498  
-0.4212476316  
0.5610976098  
0.484368858  
0.5618125466  
0.7256966998  
0.04794994621  
0.2501157271  
0.4903150617  
0.2479178032  
-0.4997857999  
-0.03778950839  
-0.2520944696  
0.1774582309  
-0.2738001491  
0.1089626422  
0.009716735581  
-0.3137031082  
0.1675596978  
-0.08988684073  
0.4119408093  
-0.1737871864  
-0.3478330898  
-0.647194861  
0.2257161912  
-0.4965443246  
0.2061947078  
0.2116464494  
0.3493927625  
0.462166026  
0.5823967371  
0.06766778779  
0.1044939705  
-0.1497006419  
-1.133450449  
-0.4940037507  
-0.5513938738  
-0.7658995235  
-0.7061372417  
-0.2185095573  
-0.03910735396  
0.1860863411  
-0.3734358596  
-0.3328563013  
0.3333920155  
-0.01118620532  
-0.3383359172  
0.4065512263  
-0.1746658226  
0.4834177784  
-0.2238719699  
-0.2652322649  
-0.05724518636  
-0.3746795364  
0.0917260025  
-0.2221187745  
-0.2550693655  
0.1528780172  
-0.4426400695  
-0.04846354246  
0.2423071325  
-0.2689724787  
0.1013074757  
-0.790467497  
0.1349552475  
-0.3255748439  
-0.6641241251  
-0.1015191717  
0.2335302733  
-0.1954333989  
0.6041244686  
0.3119899146  
0.1572136806  
0.2681186337  
-0.4910055632  
-0.4710392341  
-0.2186275946  
0.07668315481  
-0.4006251199  
-0.07372103097  
-0.6425828903  
0.01274864394  
-0.3115126869  
-0.6817309079  
-0.4055075481  
-0.7373619697  
-0.5769414445  
-0.5359536554  
-0.2159673446  
0.07412882627  
-0.1503842254  
-0.1771736204  
0.08010159914  
0.2619383916  
0.7934687894  
-0.06532459956  
-3.401319073  
-3.042921974  
0.02801552978  
-0.5187592867  
1.142599113  
1.444337671  
1.230747984  
0.1402069052  
0.04321833854  
-1.666767774  
-0.9336886316  
-0.748459238  
-0.6598383078  
-0.764981594  
-0.4228134004  
-0.2036344067  
-0.3987945871  
-0.7157835145  
-0.1756694086  
-0.4307878619  
-0.3046825574  
0.001836682691  
0.01121829932  
-0.3585515789  
-0.457618083  
-0.2918399984  
-0.272717006  
-0.1892768352  
-0.4675602061  
0.03957058839  
-0.7824056104  
-0.268535531  
-0.1231074672  
-0.5583968292  
-0.8122298282  
-1.098075125  
-0.8066898976  
-0.7187527225  
-0.4873134409  
-0.1524989325  
0.3702791661  
0.0795970391  
-0.3441252588  
0.5109387495  
0.2826786858  
-0.147652872  
0.04846767848  
0.7832781969  
0.1867650354  
0.5441100779  
-0.156600064  
-0.2894785456  
-0.0581289055  
-0.6651706436  
-0.4323063468  
0.4230823998  
-0.0760293355  
-0.00167931951  
0.1868102736  
0.1818105485  
0.4230508461  
-0.7952263343  
-0.01259772243  
-0.2730436934  
-0.08177100078  
0.1770346602  
-0.5006968793  
-0.1558811694  
0.04420818715  
0.1999672003  
0.1110341893  
-0.2482151954  
-0.4087466561  
-0.2034983269  
-0.09834695475  
-0.3817713605  
0.07283851568  
-0.1977754241  
0.07579161809  
-0.01747710653  
-0.2194592641  
-0.2469799881  
0.1228645011  
0.1535582879  
0.6444408752  
-0.06004898996  
0.1259766414  
0.3289783213  
0.1376179124  
0.2151391982  
0.3012515793  
0.3983827801  
-0.2237423504  
-0.2183425993  
-0.125887736  
0.005625760852  
0.04388093824  
0.3290637493  
0.2706065485  
0.306009966  
0.1924701084  
0.08551766376  
-0.2898060015  
-0.003010070844  
-0.02411411042  
-0.6043530152  
0.1268735528  
-0.7050611002  
-0.4233356491  
-0.3489712425  
0.1049781625  
0.07823049572  
0.3247444251  
-0.4389367019  
-0.2903699824  
0.1033287228  
-0.1396188948  
-0.7770469759  
-0.475267653  
0.5833441283  
-0.04955650797  
-0.1226932406  
0.04408546911  
-0.5363402972  
-0.3485426235  
-0.3278445557  
-0.1150666406  
-0.4477826165  
0.1984439014  
-0.2503672638  
-0.3108872755  
0.5509248713  
0.1348220248  
0.2015542201  
-0.2589108182  
0.1251997769  
-0.2111057109  
-0.1182196349  
0.05950636669  
-0.1874006222  
0.4145425217  
-0.3988320703  
0.1066397838  
0.3082286289  
0.09246202004  
-0.08235761106  
-0.1569798075  
0.2239555035  
-0.5189688278  
-0.713083599  
-0.07616980889  
-0.1728970651  
-0.07835083372  
-0.3218845048  
-0.4297023223  
-0.2672099511  
-0.5459928745  
-0.2186775405  
0.0006731276701  
-0.2990111566  
-0.572533638  
-0.1751984415  
-0.5557893553  
-0.09336669556  
-0.2733410242  
0.01711411228  
-0.08823027398  
0.6333457611  
0.5789516315  
0.241727089  
0.2637378687  
0.269439639  
0.2852374967  
0.5031195014  
0.1608525372  
0.1351978854  
0.4488262285  
0.2835902258  
-0.4264663183  
-0.3318725523  
-0.3260826785  
-0.6717405504  
0.01347944082  
0.3075866107  
0.5940552027  
-0.1044947903  
0.5343264616  
0.2193059636  
0.5226350391  
0.3025631738  
-0.2190052658  
-0.5186204894  
0.181550405  
-0.240683386  
-0.4136449133  
0.1707234713  
-0.5514457329  
0.06527323734  
0.1369163583  
-0.2061557868  
-0.07869982134  
0.1401013702  
-0.04133857268  
-0.3102069088  
-0.1647590272  
-0.1763835225  
-0.06749009532  
0.1872479987  
0.01753813018  
0.05052753245  
0.2610154876  
0.3526480332  
0.1389384467  
0.2844665819  
0.9230932075  
0.4169586261  
0.1101256927  
-0.0348634681  
0.05185225145  
-0.5510688852  
-0.2625045863  
-0.4691318637  
-0.4961400144  
-0.3014238966  
0.1921325638  
-0.3250105407  
0.09832886996  
-0.6323308893  
-0.3194940125  
-0.7592821966  
-0.2592745266  
-0.03103648953  
-0.3786841702  
0.05380013531  
0.1714521612  
0.2994897632  
-0.1001180189  
0.3110435791  
-0.1826319865  
0.0657905973  
-0.6161824536  
-0.4992908896  
-0.1561582923  
-0.2386741197  
-0.1056468725  
0.1897525461  
0.2240871051  
-0.003064497024  
-0.05476575173  
0.1404844119  
-0.4695144424  
0.5972321479  
-0.6410910289  
0.0878504684  
0.01009455107  
-0.08959825893  
-0.7039273205  
-0.2899204474  
-0.09185195299  
-0.04118107716  
0.8831843462  
0.6022569401  
0.3013033965  
0.238071505  
0.5284155286  
-0.2829625054  
0.1144174557  
-0.07232711543  
-0.07723959941  
0.100502344  
0.316958592  
0.3448972298  
0.3586396104  
0.0883790987  
0.01230153249  
0.1584648812  
-0.193865487  
-0.3573865438  
-0.2302082012  
-0.6148461849  
-0.6187399367  
-0.2828486691  
-0.09608020936  
-0.01036408156  
0.05989911255  
0.1660631324  
0.1513436554  
0.08197986392  
-0.5481351948  
-0.1621098236  
0.01064732734  
0.027244949  
-0.05130743833  
0.2647701065  
-0.1421484578  
-0.6028181292  
0.04187186399  
-0.2145365354  
-0.27926928  
-0.7959102449  
0.1679601778  
0.5085810026  
0.2733511955  
0.1982419133  
0.6994857217  
0.1238190581  
0.9074523798  
0.4535056652  
0.7744655601  
0.7865377455  
0.5866988743  
0.6182658754  
0.7265092105  
-0.1221516033  
-0.07220619907  
-0.1114147991  
0.3212284543  
-0.02241732818  
-0.3761197984  
0.3534130017  
0.6508804032  
0.572686358  
0.2821670798  
0.304016984  
0.05842029759  
-0.06264383142  
-0.2574717376  
0.4931226899  
0.6610887811  
0.5146632632  
-0.3108308327  
0.2120193224  
0.1514944469  
-0.2338625366  
-0.5149273848  
0.1725898469  
-0.1764327165  
-0.3355062414  
-0.4630877143  
0.1273995737  
-0.5797118811  
-0.2806025245  
-0.03063876148  
0.6545305774  
1.081312387  
-0.6072008518  
-0.11633664  
-1.685567087  
-0.1251141554  
1.311571385  
0.8146844656  
0.9033997072  
0.526966732  
0.1768034687  
-0.9112174342  
-0.804040422  
-0.8421525722  
-0.7622434188  
-0.7332443856  
-0.2875526679  
-0.2631836359  
0.3491481487  
0.2638650589  
0.4547329571  
0.08036382622  
0.4661673259  
0.02279655344  
-0.2313313893  
0.01168585754  
-0.3056996621  
0.1691913252  
0.06904216247  
0.08526857438  
-0.238548546  
0.03716650349  
0.4633209364  
0.4186323505  
0.3486559233  
0.4956065219  
0.3850337084  
-0.1787747217  
0.138676403  
0.4445634501  
0.5018586764  
0.630375031  
0.2178987233  
0.4911357083  
0.02893146161  
0.5570737646  
0.7438302492  
0.6567850544  
0.2511048853  
-0.5819576348  
0.4293178822  
-0.2853672385  
-0.4309358506  
-0.7442648936  
0.04638712252  
-0.04759744543  
0.1262628443  
-0.3044904137  
0.1162306096  
0.5952358662  
0.4188042477  
0.1254193194  
-0.08666202338  
-0.06192503496  
0.3904680664  
0.3060234888  
0.4019324955  
0.5502623834  
0.4075286879  
-0.1533975917  
0.6375225284  
-0.1647207175  
-0.08006311434  
0.4483483615  
-0.2721487858  
-0.2219769682  
0.01647235285  
0.2050949099  
-0.1623219524  
-0.3665568131  
-0.468249103  
-0.0546835046  
-0.2652204922  
0.3617806121  
0.1779846875  
0.1341637165  
-0.02432021796  
0.621770629  
0.06280169817  
0.155837734  
0.2436413576  
0.4217919131  
0.2837716775  
0.31600145  
-0.1001799349  
0.5544223913  
-0.1388029333  
0.4068227027  
0.3581784282  
0.980133182  
0.2799255555  
0.5361783041  
0.1256128981  
0.2141007275  
-0.08007107297  
0.0365796219  
0.3917919196  
0.08614873454  
0.7109123939  
0.5910049556  
0.2705440571  
0.440179609  
-0.05098960527  
-0.02523656656  
0.5955237891  
-0.4103118435  
1.096574814  
0.853595058  
-0.8474767502  
-0.002681699801  
0.5011368643  
0.5522816726  
1.523270462  
-0.4214083892  
0.05710628575  
-0.1885454726  
0.1499524829  
-0.2501710016  
0.2520001072  
0.1704159713  
-0.2093521919  
-0.2707514449  
-0.4303349854  
-0.1771888503  
0.4394991027  
-0.1614404261  
-0.27018318  
-0.04507339064  
-0.6035138578  
-0.3566596925  
-0.4642732731  
0.2676955718  
-0.2180609053  
-0.3489201356  
-0.3051741342  
0.04845440641  
-0.07985305464  
-0.381881618  
-0.5149364197  
-0.190020566  
-0.6183433816  
-0.3529420675  
-0.7798517561  
0.03520130949  
0.1712120523  
-0.3917411482  
-0.1255840529  
0.1830578045  
-0.5820980142  
-0.084115502  
-0.2464910147  
0.006060837452  
-0.4080021724  
0.02901686621  
-0.08647720838  
0.04521709486  
-0.1429743132  
-0.1721733965  
-0.2803548881  
-0.01666413255  
-0.1507648369  
-0.1419391539  
-0.4996155897  
-0.119113968  
0.3616424682  
-0.1539011554  
0.2347946491  
-0.1679482024  
-0.05642230728  
-0.5867697182  
0.08023704754  
0.1344391131  
0.5013400223  
-0.132673181  
-0.1929248909  
0.2944388644  
0.06085288331  
0.1683000949  
-0.2350716357  
0.3700593775  
0.1498062116  
0.05546000983  
0.1696765771  
0.07951464219  
0.06964581116  
-0.191930448  
0.1778410877  
0.7386147787  
0.02657625002  
0.2806896446  
0.4890850171  
-0.1375498225  
-0.04859385918  
-0.3660286689  
-0.2602439948  
-0.3471933887  
-0.2143141849  
-0.206904987  
-0.6191110473  
-0.1447516432  
-0.1431129048  
-0.2600122332  
-0.4799462145  
-0.289164546  
0.06578653042  
-0.1695537646  
-0.3232522404  
-0.03862919927  
-0.2558261272  
-0.2477481315  
-0.6759168964  
0.0102800221  
-0.2603280547  
-0.7975377763  
-0.3485084971  
-0.9544260176  
-0.607327406  
-0.04749768872  
0.1295576264  
-0.3931217575  
-0.1777167903  
0.07676940438  
0.06344845324  
-0.01205499782  
0.05509668912  
-0.01862344286  
0.4640093179  
-0.4544563165  
-0.3276343895  
-0.1041335771  
0.003201824894  
-0.4503396766  
0.05460086215  
0.6276215833  
0.3422038697  
0.07121747858  
-0.01983490547  
-0.381321822  
-0.3479916619  
0.0178720719  
0.570060963  
0.4125738449  
0.2759042803  
0.06305592091  
-0.1719907204  
-0.570566942  
-0.5286035052  
0.04024500489  
-0.09651577691  
-0.06896433764  
-0.1174655866  
0.2777098813  
0.5564624768  
0.3787162437  
0.02826046743  
-0.07443392043  
-0.2933329391  
-0.3199636294  
-0.5578020129  
-0.3132813211  
-0.2430711917  
-0.603608714  
-0.5213112621  
-0.133322143  
-1.007978617  
-0.4495248918  
-0.5145813471  
-0.5268286649  
-0.1323727918  
-0.5762531973  
0.2150472863  
0.2244602125  
-0.2755494325  
-0.35607658  
-0.1179310162  
-0.3364858033  
-0.201908814  
-0.3789773703  
-0.4271517002  
-0.4536044941  
-0.1691049717  
0.1171171539  
-0.3056252344  
0.09548401417  
-0.3002599186  
0.3384977021  
0.1980108883  
0.5650682808  
0.1913220899  
-0.5891402128  
-0.4274176871  
-0.7878782316  
-0.8842856448  
-0.2502912488  
-0.833768127  
-0.5453265598  
-0.5516662372  
-0.6664545241  
-0.1703732133  
-0.516098847  
-0.05124356476  
-0.3546860252  
0.1918768014  
-0.2280988249  
-0.123569786  
-0.1240135077  
0.497256235  
0.1980195507  
-0.3687649899  
-0.578179023  
-0.1212530907  
-0.2526979018  
-0.146085732  
0.3394943848  
0.8437983898  
0.536313074  
0.4250785815  
0.01851040466  
0.3298526165  
0.0731255316  
0.1820826101  
-0.4077754554  
0.01291682525  
-0.1575456834  
-0.234183352  
-0.05568797321  
-0.4684395248  
-0.08999434856  
-0.9051051384  
-0.2627804396  
-0.03302662295  
0.03750044824  
-0.05072062109  
-0.280552148  
-0.3507995465  
-0.7063619389  
-0.4411127983  
-0.6459276114  
-0.427568199  
-0.5580424887  
-0.2384871009  
-0.448177044  
-0.8118856948  
-0.4018449351  
-0.5646700882  
-0.4925812266  
-0.5023719002  
-0.2749832508  
-0.1197466682  
-0.1697659136  
-0.1603632856  
-0.0608361326  
-0.08152045487  
-0.08239832287  
-0.3003526811  
0.4020443819  
-0.09282202092  
-0.3425743621  
-0.2698591275  
-0.5010132909  
-0.7257550979  
-0.2297358635  
-0.002891670589  
0.1955611533  
-0.7369215069  
-0.5056541615  
-0.3685898642  
-0.2097236042  
-0.5038826893  
-0.2137209596  
0.5255258286  
-0.3471268641  
0.1766489341  
-0.3354039774  
0.3662240581  
0.1213407337  
-0.2862830587  
0.05069589455  
-0.2831088437  
-0.00985697396  
-0.5848867392  
-0.08286500485  
-0.02312075633  
-0.4077366101  
0.09022254701  
-0.313742336  
-0.1651075842  
-0.2045214876  
0.01472609752  
-0.1071466555  
-0.4376079629  
-0.2072194475  
0.1499269847  
-0.1890044021  
0.2667132458  
0.1719129684  
-0.1188698781  
0.6598470736  
-0.3031780707  
-0.3666598746  
-0.2734052784  
-0.7729526072  
-0.5249068767  
0.1424548968  
-0.2138985019  
0.08892913661  
0.1415303385  
0.0994837706  
-0.1875269739  
-0.2930687598  
0.06479230702  
-0.1094594746  
-0.278639225  
-0.004721734818  
-0.3498849003  
-0.1718106761  
-0.1868486079  
-0.1655133458  
-0.2711528325  
-0.4209900737  
-0.03174904523  
-0.1562778557  
-0.7530470458  
-0.3475432456  
-0.45754939  
0.03336636241  
-0.370501194  
-0.3185094849  
-1.019857078  
-0.9181132275  
-0.4359939969  
-0.1578356233  
0.05653157974  
0.1291999718  
-0.3202258055  
0.04659181729  
-0.01467619331  
0.2948975495  
-0.04970110696  
-0.4220122534  
-0.4254236131  
-0.4452159926  
-0.1819192388  
-0.5310553823  
-0.1774970715  
-0.388820251  
0.2368551672  
-0.3765307615  
0.04576081065  
-0.5173061672  
-0.02707458502  
0.007718312277  
-0.4799303253  
-0.2875903846  
0.008119275524  
-0.1523969656  
0.2639610822  
0.2232091687  
-0.4318850269  
-0.4645543371  
0.3576955291  
-0.2589175531  
0.3088535463  
0.5024615856  
0.1354979106  
0.1456665528  
0.2244043031  
0.5036565839  
0.4077545835  
0.4941495536  
0.02891456695  
-0.2086685558  
0.2254114429  
0.07922069376  
-0.2178627271  
-0.1383787574  
-0.01820556274  
-0.847542271  
-0.3740342749  
-0.4000628899  
0.1688464808  
0.2029105706  
0.2415542834  
-0.07806312003  
0.1751939156  
-0.2413207215  
-0.04745131896  
-0.04643000263  
-0.2170645716  
-0.6578213144  
0.2684629733  
-0.7988178783  
-0.2356732036  
-0.4072824599  
0.3988827131  
-0.01743368459  
-0.2849641336  
0.8427913429  
0.7085003086  
-0.5959792973  
-2.568699055  
-1.185164485  
1.275700385  
1.209240835  
1.02729471  
0.713793902  
-0.2244830394  
0.4363112852  
-0.2894375279  
-0.0276088221  
-0.3795774705  
-0.6844292494  
-1.107110454  
-1.572983595  
-1.947182346  
-1.122348279  
-1.247618977  
-0.6591384092  
-1.181595365  
-0.5181509917  
-0.5575536586  
-0.5833999278  
0.2720781495  
0.07365763882  
-0.8565798938  
-0.4657192381  
-0.2299394754  
0.1364309319  
0.3814350094  
-0.07575078018  
-0.01034682957  
0.277639677  
0.07127224048  
0.6000574921  
0.1016245372  
0.5256571507  
0.2324002915  
0.357422791  
0.3774405152  
0.5227303346  
0.299347916  
0.4761857501  
-0.005117748852  
0.5460999284  
0.6385566071  
0.4357576096  
-0.05622225493  
0.4319537854  
0.4732393059  
0.3216502717  
0.6003526477  
0.4334260832  
0.5316912917  
0.7251204128  
0.6334731305  
0.2113165168  
0.4281786979  
0.1716218113  
0.6490583203  
0.2026542266  
-0.07097589137  
0.08522390018  
-0.4628028517  
0.05094961427  
0.6373105745  
0.8998388872  
0.7300130898  
1.042596453  
0.5274722642  
0.3465786158  
0.1860769486  
0.1124195035  
-0.1574824916  
-0.2449537189  
0.01251831498  
0.4038535641  
0.2318901631  
0.04055721075  
-0.2593516007  
0.4129281479  
0.1631844506  
0.8893414866  
0.73393902  
0.2515308712  
-0.146487268  
-0.4092592041  
-0.1515591854  
0.01629771961  
0.5247565032  
-0.04453757055  
0.09521767556  
0.9613216798  
0.4500043873  
0.432075986  
0.4263436366  
0.3302173999  
0.3910049013  
0.6380045507  
0.4266647206  
0.4376634909  
0.4105935301  
0.1852306827  
0.3594264991  
0.3288609979  
0.176408062  
0.8062183542  
0.2297704274  
0.5151194002  
0.4467722299  
-0.5371564622  
0.3385941965  
-0.01787931091  
0.6039746957  
0.0143823332  
0.8535858857  
0.07625648379  
0.1255260864  
0.09149530262  
0.6876100497  
0.7428238638  
0.8442930904  
1.126933896  
0.6462573072  
0.9803799337  
0.345515957  
1.000965685  
1.161605436  
1.494611372  
1.302910292  
1.886284111  
1.620285985  
1.488743991  
1.736262742  
0.9269766922  
0.3055494124  
-0.0948209405  
0.05779274836  
-0.4311486624  
0.05205001405  
0.1830184197  
0.1989757098  
0.312925631  
0.4231417911  
1.126093737  
0.4916510631  
0.5628171285  
0.9772051143  
0.4333793638  
0.1685072965  
0.4393190493  
0.0255774143  
0.3509893598  
0.2142155485  
0.2278432463  
0.5216037142  
0.5196267387  
0.06274823226  
0.02895183259  
0.3885590829  
0.1159332262  
0.3419960171  
0.216190779  
0.8600379637  
0.4699974169  
0.1934741955  
0.5080745422  
0.3742923709  
0.2859833237  
-0.01434368441  
-0.06062808447  
-0.0354895683  
0.0850714471  
0.4152916169  
0.2299937841  
0.02764210477  
0.2064517858  
0.3321027883  
0.5907433228  
0.6605062713  
0.9704230883  
0.4335836664  
0.6534975923  
0.4097066831  
0.4256437718  
0.5135888174  
0.5103623873  
0.1426328262  
0.4073323723  
0.1708962988  
0.4027278807  
-0.2307915125  
0.6798688383  
0.812037585  
0.01277378566  
0.08286413382  
0.3277644861  
0.09674508387  
-0.2262598214  
-0.1325281474  
0.1651785621  
0.5517826249  
-0.3000720338  
0.3409756135  
0.2619426775  
-0.03669633903  
-0.3462570257  
0.7805238784  
0.4787039175  
0.9267594515  
0.7942810101  
0.191219658  
-0.05517527419  
-0.0698257232  
