2687.886721  
2690.292063  
2682.475078  
2685.735083  
2677.70257  
2678.160651  
2678.143701  
2679.871682  
2686.03195  
2679.257638  
2673.636335  
2675.999274  
2678.941923  
2683.267841  
2691.141816  
2691.138411  
2689.358933  
2677.956166  
2676.118796  
2687.392544  
2688.541972  
2689.871013  
2687.715589  
2678.766813  
2675.411088  
2684.954423  
2681.498978  
2693.578755  
2674.908708  
2681.242686  
2674.124831  
2685.435654  
2681.37373  
2682.800961  
2687.189224  
2686.58738  
2681.243927  
2691.474182  
2692.776268  
2681.028101  
2680.492621  
2684.809709  
2688.108044  
2683.098689  
2680.319159  
2682.242611  
2681.96784  
2677.668017  
2682.511679  
2683.514342  
2681.837761  
2678.712376  
2679.433317  
2673.440414  
2679.945895  
2682.775612  
2670.190082  
2676.941557  
2683.822669  
2678.219315  
2685.090488  
2682.425642  
2679.044488  
2677.094699  
2686.644898  
2673.590374  
2688.016232  
2685.702038  
2680.640066  
2678.794181  
2685.808391  
2686.714332  
2690.518497  
2685.837314  
2682.343493  
2678.770664  
2677.253355  
2679.804557  
2672.810392  
2674.15563  
2674.792284  
2675.326426  
2671.930493  
2672.485735  
2671.549276  
2675.469686  
2673.480645  
2679.104187  
2675.928875  
2679.9061  
2671.080882  
2684.660251  
2683.812152  
2686.821348  
2682.906964  
2676.185662  
2680.647767  
2666.986853  
2673.721771  
2671.46413  
2669.997814  
2669.845109  
2670.704886  
2663.060733  
2671.805835  
2677.115539  
2685.405006  
2684.545972  
2690.816884  
2685.744548  
2693.712835  
2691.370371  
2686.019844  
2681.082689  
2678.482286  
2675.726588  
2675.28777  
2689.252589  
2684.678236  
2691.041863  
2690.981144  
2683.534708  
2680.352676  
2672.118225  
2680.782402  
2675.366189  
2674.083674  
2677.594316  
2678.227608  
2684.181622  
2695.814191  
2683.467981  
2683.51176  
2687.134804  
2682.447867  
2693.907294  
2679.019938  
2683.367162  
2683.438565  
2680.285317  
2681.817212  
2680.558763  
2675.454024  
2676.131482  
2667.62287  
2673.266167  
2672.123058  
2673.896575  
2680.9574  
2687.825077  
2679.380099  
2678.350165  
2683.784176  
2685.197887  
2680.012575  
2685.176621  
2688.06279  
2692.539439  
2698.334738  
2688.992886  
2687.621242  
2692.513603  
2687.773628  
2691.108378  
2700.132297  
2699.51979  
2696.834209  
2688.779349  
2690.977603  
2683.917949  
2683.878934  
2678.794506  
2683.814263  
2682.32269  
2676.328279  
2670.432683  
2674.672878  
2671.348506  
2669.781649  
2676.605859  
2670.799842  
2680.514219  
2673.537593  
2680.261642  
2682.505463  
2688.774361  
2682.358973  
2687.766114  
2679.415813  
2671.652533  
2675.739716  
2672.566133  
2674.698982  
2679.368179  
2677.730802  
2671.812958  
2672.513042  
2672.587291  
2671.309639  
2671.786901  
2677.650533  
2674.511682  
2679.833922  
2669.307743  
2674.686175  
2671.921714  
2675.888197  
2669.077171  
2669.63521  
2668.280166  
2667.645824  
2673.439011  
2682.42924  
2670.812288  
2674.780164  
2670.155865  
2680.779834  
2679.970092  
2686.47564  
2682.233825  
2682.884241  
2685.909391  
2686.548744  
2685.402977  
2686.624516  
2697.854218  
2691.91567  
2687.886895  
2681.373454  
2681.003676  
2685.503628  
2679.688962  
2684.767819  
2674.779311  
2674.845718  
2676.093477  
2683.065572  
2677.902917  
2679.788312  
2685.224684  
2685.0512  
2671.228702  
2669.934585  
2673.131943  
2673.507225  
2670.512244  
2665.088523  
2666.681387  
2664.744766  
2664.702133  
2662.76451  
2671.801666  
2673.975396  
2676.062374  
2672.61771  
2671.244403  
2673.049629  
2670.136278  
2672.045102  
2683.208837  
2684.06588  
2676.631253  
2677.091719  
2679.830178  
2669.692694  
2673.045866  
2675.836759  
2670.12579  
2666.380262  
2672.48751  
2667.713147  
2672.193332  
2675.153385  
2671.62085  
2674.748312  
2676.550317  
2676.395655  
2676.693909  
2677.79985  
2673.356126  
2671.145479  
2663.627011  
2672.66808  
2682.786918  
2674.651318  
2674.416186  
2673.830783  
2671.904012  
2671.369776  
2669.390257  
2670.773713  
2672.877898  
2677.639246  
2687.248529  
2679.175982  
2692.333631  
2687.619577  
2674.894154  
2681.783347  
2678.458701  
2679.246802  
2680.509709  
2674.25232  
2671.47768  
2672.149141  
2669.193758  
2676.613094  
2670.754361  
2680.766378  
2670.716609  
2671.628448  
2684.36545  
2680.420806  
2683.478785  
2682.049104  
2672.277379  
2676.922692  
2678.749221  
2681.298612  
2680.135369  
2679.435703  
2673.359068  
2666.006381  
2666.090213  
2678.683614  
2680.812809  
2673.953433  
2679.806463  
2670.437893  
2671.445107  
2677.891907  
2679.881367  
2679.18536  
2679.012391  
2676.469479  
2680.476986  
2674.132484  
2673.884628  
2674.440392  
2678.985438  
2672.777655  
2672.419814  
2669.902134  
2670.689755  
2672.057315  
2679.219162  
2678.331714  
2670.623577  
2679.873981  
2675.920635  
2673.308585  
2669.557897  
2667.651628  
2672.645236  
2666.827647  
2676.059521  
2672.032394  
2673.613196  
2672.143454  
2668.752158  
2672.153194  
2673.717533  
2676.269008  
2679.274032  
2677.794831  
2672.392167  
2673.217021  
2677.670941  
2680.864757  
2671.14844  
2676.649493  
2682.586955  
2674.697307  
2678.02195  
2682.928812  
2675.834527  
2680.479164  
2680.139184  
2666.719421  
2675.054314  
2677.537762  
2668.004449  
2674.450135  
2668.129201  
2673.138957  
2678.967745  
2680.605439  
2679.468673  
2680.583799  
2685.728379  
2688.624761  
2694.794834  
2686.11522  
2677.652334  
2680.409462  
2670.723373  
2677.639724  
2671.255238  
2666.020443  
2675.05521  
2665.443346  
2662.484579  
2668.453092  
2677.107918  
2677.107205  
2670.533208  
2676.537445  
2670.189998  
2673.320461  
2682.108716  
2678.280783  
2667.820074  
2667.480548  
2672.260989  
2670.934792  
2667.444506  
2668.974141  
2664.597272  
2667.576521  
2666.063768  
2665.033757  
2664.588374  
2665.632118  
2665.128889  
2665.689811  
2667.245335  
2661.056993  
2668.674252  
2665.535512  
2666.945579  
2661.657827  
2668.089537  
2660.46045  
2664.251297  
2664.034772  
2673.20392  
2674.212265  
2679.29729  
2669.486298  
2667.560205  
2665.857308  
2663.854123  
2669.73673  
2675.350257  
2668.951665  
2673.636451  
2665.554912  
2665.793389  
2659.519291  
2665.145065  
2669.039637  
2670.106151  
2667.456592  
2672.634551  
2672.111092  
2673.082477  
2675.420375  
2674.237608  
2673.08449  
2673.899435  
2671.542199  
2663.145669  
2665.260092  
2661.594768  
2659.838097  
2662.644946  
2670.416097  
2664.682945  
2670.076364  
2667.598202  
2664.376958  
2665.500484  
2659.91567  
2666.76238  
2666.883836  
2661.144805  
2666.759403  
2669.730746  
2674.223164  
2664.886394  
2667.548639  
2661.489541  
2669.627612  
2673.127194  
2675.840319  
2674.535717  
2671.337118  
2665.614681  
2673.999826  
2681.898113  
2675.868338  
2674.323475  
2681.548259  
2678.328248  
2669.776606  
2673.666898  
2677.013469  
2664.176464  
2662.07794  
2674.602574  
2672.680036  
2664.318749  
2665.765773  
2674.724477  
2666.863127  
2668.174899  
2673.495775  
2675.380731  
2672.468539  
2672.650437  
2669.753587  
2679.85194  
2687.818607  
2678.826307  
2677.685291  
2667.478368  
2670.315101  
2674.407045  
2673.105702  
2672.999605  
2671.329337  
2675.530213  
2670.518361  
2678.511276  
2666.052184  
2664.952287  
2670.419451  
2664.641918  
2662.961352  
2667.217357  
2657.564904  
2671.233634  
2659.521326  
2659.187266  
2661.399236  
2659.431663  
2669.94622  
2667.166096  
2667.005158  
2664.294858  
2670.665536  
2666.201979  
2661.991994  
2656.149044  
2665.978347  
2665.405075  
2661.804695  
2669.693078  
2664.595424  
2672.382336  
2665.47368  
2673.523162  
2671.586235  
2673.520604  
2667.520791  
2670.016043  
2665.842082  
2663.540945  
2661.592053  
2669.577302  
2670.001798  
2669.967338  
2664.794888  
2670.917225  
2670.383957  
2666.246429  
2687.709855  
2675.725968  
2668.251303  
2676.459229  
2674.313301  
2671.676207  
2673.830692  
2673.295663  
2671.044263  
2679.346163  
2667.263396  
2667.25311  
2662.722928  
2663.953867  
2658.683378  
2667.478113  
2660.162107  
2663.321125  
2652.003955  
2655.747927  
2667.876336  
2665.016348  
2663.343678  
2670.579368  
2669.16743  
2664.593957  
2668.459517  
2663.845268  
2667.75471  
2666.306509  
2661.50671  
2661.349767  
2673.11665  
2660.048027  
