4836.62507  
4838.54854  
4835.802149  
4832.21892  
4830.195122  
4817.671453  
4819.767359  
4816.297712  
4824.63063  
4827.15332  
4818.105558  
4818.966278  
4816.528755  
4810.676519  
4810.817799  
4812.950638  
4810.331777  
4805.568915  
4805.990653  
4806.501792  
4815.238358  
4822.715639  
4824.349939  
4825.252174  
4823.415175  
4824.92027  
4829.880909  
4837.680539  
4835.56429  
4834.368484  
4829.451913  
4827.779578  
4826.520039  
4837.633064  
4845.878136  
4844.033746  
4834.230546  
4820.512326  
4809.165967  
4800.264112  
4797.311341  
4794.132352  
4792.253466  
4792.501496  
4786.153034  
4786.853572  
4798.643423  
4802.748756  
4810.399453  
4809.279725  
4815.364682  
4818.444915  
4825.741034  
4822.74121  
4823.355533  
4823.805405  
4826.374335  
4839.119805  
4841.540884  
4838.1517  
4832.728965  
4830.985462  
4821.984574  
4823.940504  
4813.208315  
4809.865111  
4810.879184  
4811.93259  
4821.262737  
4819.693454  
4811.959816  
4807.908951  
4811.298936  
4817.250918  
4821.515635  
4815.40327  
4815.492122  
4821.171659  
4827.640235  
4827.753105  
4816.469765  
4813.039888  
4807.886377  
4809.427103  
4810.296437  
4815.137715  
4804.408586  
4813.903815  
4816.6713  
4822.004417  
4832.141261  
4824.346404  
4823.293353  
4824.866931  
4833.937531  
4830.892432  
4834.317855  
4832.820153  
4833.111391  
4838.429814  
4833.120226  
4827.4799  
4847.949908  
4855.928677  
4841.288311  
4829.373955  
4828.128761  
4825.04221  
4840.026815  
4844.923746  
4834.095013  
4822.681908  
4823.757338  
4811.540084  
4812.094265  
4809.523738  
4819.042675  
4808.035016  
4834.897815  
4815.943694  
4813.56788  
4828.446952  
4832.566124  
4833.910355  
4824.386348  
4822.65358  
4827.496362  
4831.260176  
4832.986407  
4834.596232  
4827.171951  
4829.520473  
4832.101509  
4834.611456  
4834.561718  
4844.278695  
4846.834023  
4845.575963  
4847.751243  
4851.851771  
4842.40633  
4847.14346  
4844.392178  
4835.887231  
4842.914631  
4831.335786  
4817.078431  
4815.367905  
4816.585414  
4826.850924  
4830.157881  
4830.682301  
4833.706668  
4838.132861  
4841.668313  
4852.790312  
4846.959454  
4857.044574  
4859.671335  
4859.940392  
4856.848101  
4854.234722  
4855.534474  
4855.616928  
4858.289266  
4862.358744  
4860.819722  
4864.174346  
4863.307957  
4862.259463  
4860.244386  
4853.811864  
4850.655416  
4843.069132  
4841.104215  
4839.290514  
4834.000376  
4830.412774  
4835.1243  
4832.627421  
4832.120858  
4827.047442  
4818.355999  
4810.372229  
4808.797947  
4809.49721  
4821.733713  
4822.981892  
4826.782031  
4829.072097  
4827.187007  
4828.408057  
4820.043893  
4820.601538  
4819.259131  
4822.539237  
4830.526746  
4834.3659  
4844.844691  
4839.999498  
4839.262982  
4840.425941  
4847.30129  
4846.54716  
4840.032271  
4837.145361  
4826.582701  
4826.93115  
4826.259438  
4834.909522  
4836.503921  
4837.474565  
4838.092612  
4840.524775  
4848.474542  
4853.462624  
4856.775954  
4859.660496  
4854.647039  
4863.92443  
4862.326192  
4871.678245  
4871.946451  
4862.693403  
4860.046371  
4850.571665  
4844.72204  
4840.384427  
4835.989856  
4830.750636  
4835.28053  
4829.069136  
4831.644815  
4829.717443  
4827.157576  
4828.386521  
4832.881751  
4830.397257  
4832.812955  
4834.665061  
4843.451766  
4844.346013  
4853.056636  
4847.959719  
4841.844368  
4843.694969  
4846.457169  
4850.856912  
4849.830344  
4850.274456  
4849.150204  
4841.330066  
4843.411138  
4848.769572  
4852.579335  
4857.858478  
4859.235622  
4861.922972  
4863.187292  
4865.25348  
4864.832634  
4862.304681  
4855.505047  
4853.168567  
4853.815109  
4842.871812  
4840.819117  
4832.271052  
4829.892338  
4821.381473  
4820.780399  
4821.336392  
4818.794129  
4816.313911  
4816.034467  
4822.632944  
4835.830248  
4843.314826  
4847.620208  
4851.457846  
4849.258014  
4847.961053  
4855.057332  
4851.047438  
4848.441129  
4839.310485  
4834.275043  
4837.373364  
4847.524909  
4846.009406  
4860.082351  
4856.918437  
4850.643021  
4847.410434  
4856.812324  
4859.395438  
4866.055478  
4868.531216  
4865.439665  
4860.609379  
4857.963185  
4847.421007  
4846.603997  
4842.135879  
4846.747064  
4846.864164  
4850.787052  
4849.445084  
4843.532589  
4839.45554  
4845.710531  
4848.434986  
4845.399937  
4843.554749  
4843.47818  
4848.034175  
4849.853186  
4861.622438  
4865.243396  
4862.692568  
4862.846597  
4862.716193  
4858.053634  
4851.829988  
4852.712268  
4847.844438  
4837.642946  
4846.664615  
4848.986251  
4848.262392  
4852.093026  
4853.951638  
4861.361836  
4870.108521  
4872.25053  
4873.413446  
4873.598839  
4875.974489  
4873.982662  
4873.960598  
4872.745711  
4869.93715  
4870.057078  
4875.629396  
4876.865469  
4869.559513  
4869.366533  
4861.080819  
4854.36291  
4857.985958  
4853.900538  
4856.410618  
4849.491175  
4846.607506  
4845.401817  
4844.368505  
4852.322051  
4850.356838  
4848.654033  
4840.243917  
4839.324973  
4844.25307  
4836.874336  
4838.476693  
4840.341785  
4843.842977  
4847.710032  
4850.245088  
4853.176223  
4851.272243  
4853.857035  
4856.157216  
4856.955702  
4857.076785  
4852.398916  
4847.396883  
4837.518249  
4843.102014  
4852.850656  
4840.768227  
4845.326856  
4847.972548  
4846.536253  
4840.687773  
4837.194355  
4836.412261  
4845.285413  
4843.905902  
4844.011398  
4836.724551  
4832.167179  
4829.026691  
4835.128409  
4847.287768  
4838.299681  
4842.126186  
4842.315229  
4848.176067  
4845.080585  
4855.041112  
4853.179862  
4855.743833  
4852.790956  
4853.178921  
4858.003894  
4864.356635  
4859.703655  
4857.559026  
4846.714838  
4841.223946  
4844.70195  
4849.072632  
4847.648852  
4843.2948  
4840.040986  
4834.007072  
4833.744812  
4833.792119  
4838.440058  
4835.979423  
4838.611944  
4836.413073  
4839.169073  
4842.470627  
4842.728566  
4841.711811  
4843.339274  
4844.126193  
4846.289741  
4845.814539  
4853.715902  
4850.267209  
4847.629011  
4842.715008  
4844.077627  
4849.538494  
4847.853349  
4843.601451  
4839.588089  
4844.152164  
4839.553762  
4841.26959  
4834.527946  
4831.982066  
4828.134505  
4823.355475  
4830.566259  
4834.316244  
4834.297596  
4829.941555  
4846.201695  
4839.952183  
4853.24801  
4851.138767  
4852.331442  
4846.898654  
4838.070395  
4849.356121  
4844.143985  
4847.710866  
4843.73438  
4842.41996  
4831.762198  
4831.267856  
4833.577773  
4835.289542  
4836.382044  
4830.920543  
4834.937064  
4833.4198  
4829.663658  
4833.656213  
4839.680214  
4843.372018  
4840.337811  
4841.254529  
4838.522851  
4841.991213  
4838.506739  
4844.500364  
4848.841251  
4845.656924  
4845.812559  
4845.79137  
4849.398609  
4848.794364  
4850.103469  
4851.704554  
4847.745217  
4847.296264  
4840.289338  
4836.326436  
4839.404973  
4842.865895  
4852.017515  
4847.941846  
4842.517203  
4850.941484  
4843.943782  
4847.802141  
4852.709824  
4849.828853  
4843.836293  
4840.718609  
4846.625198  
4851.713931  
4856.720325  
4856.048836  
4853.369459  
4849.588463  
4845.596228  
4846.465118  
4842.376978  
4834.423734  
4833.72572  
4838.605233  
4842.475602  
4848.952471  
4854.980176  
4857.060548  
4847.431216  
4843.848989  
4844.241976  
4846.287802  
4847.183073  
4845.944941  
4844.013325  
4841.706362  
4844.433239  
4846.288375  
4851.33922  
4844.156013  
4842.589945  
4840.059876  
4851.248158  
4854.902562  
4848.450231  
4857.16546  
4849.996116  
4837.508851  
4838.161134  
4846.320233  
4845.930123  
4846.366432  
4846.024152  
4845.011923  
4844.564358  
4847.763137  
4858.663456  
4855.020479  
4849.095071  
4852.446371  
4856.688473  
4859.645046  
4864.591031  
4862.622388  
4866.676442  
4871.013057  
4875.907378  
4874.149887  
4865.508958  
4859.383434  
4853.272106  
4862.137757  
4855.682984  
4853.830454  
4851.291766  
4841.343409  
4847.287006  
4842.554839  
4843.059843  
4849.9106  
4846.28296  
4834.080302  
4840.39129  
4842.333852  
4839.900343  
4846.739086  
4849.890926  
4852.903206  
4853.853408  
4853.155562  
4845.269586  
4850.146046  
4851.306552  
4851.845105  
4847.464676  
4849.146886  
4852.196186  
4849.175852  
4852.995004  
4852.580373  
4843.549459  
4843.692772  
4851.116898  
4843.121058  
4850.389958  
4853.809762  
4860.150716  
4860.522464  
