6182.261092  
6186.010699  
6184.616304  
6180.623434  
6185.539787  
6188.340433  
6174.319149  
6180.855715  
6185.229136  
6186.427084  
6183.604322  
6182.28538  
6179.266203  
6181.747656  
6190.772027  
6200.971609  
6212.679552  
6210.068068  
6197.749479  
6213.13135  
6211.541938  
6207.300463  
6205.007303  
6187.259391  
6190.355006  
6189.89968  
6192.593012  
6177.196329  
6161.229127  
6149.7154  
6151.847919  
6155.170192  
6155.04033  
6149.759672  
6154.759642  
6161.352944  
6152.642249  
6156.380433  
6157.812387  
6157.877352  
6163.528947  
6168.247576  
6172.571162  
6170.220548  
6173.526283  
6184.353087  
6176.993716  
6174.391562  
6165.307475  
6182.395531  
6179.815014  
6186.808652  
6193.713497  
6184.517107  
6190.69381  
6186.37856  
6166.504019  
6170.605192  
6168.934332  
6159.309037  
6147.371832  
6149.939609  
6152.684467  
6137.895166  
6139.033435  
6136.242938  
6141.115729  
6140.512141  
6141.196735  
6148.294674  
6150.430826  
6144.582182  
6157.837148  
6166.876909  
6169.267167  
6154.384165  
6157.15133  
6174.462765  
6170.652215  
6181.132899  
6184.890432  
6180.299174  
6168.312503  
6169.780061  
6171.72639  
6156.871841  
6158.475828  
6162.653846  
6169.2714  
6173.62576  
6176.308568  
6177.642256  
6166.157621  
6169.041315  
6161.654076  
6170.309792  
6156.161162  
6145.78457  
6154.102899  
6156.153325  
6157.909576  
6151.708775  
6146.314185  
6133.050989  
6149.848611  
6149.037368  
6155.768285  
6162.357814  
6162.949255  
6170.167649  
6167.388477  
6167.808414  
6173.559083  
6171.332153  
6165.000736  
6152.373678  
6154.829239  
6150.990102  
6164.70507  
6165.561202  
6162.349748  
6165.481478  
6175.678791  
6183.07398  
6170.196377  
6164.861123  
6174.372632  
6177.915146  
6188.245616  
6191.159786  
6186.374073  
6173.35517  
6171.338064  
6180.020705  
6180.802168  
6168.012489  
6157.126287  
6172.772637  
6160.360105  
6152.759885  
6147.758894  
6146.010477  
6128.731831  
6134.741155  
6130.888933  
6143.685942  
6148.94683  
6149.63488  
6162.063188  
6170.883744  
6176.488665  
6178.833847  
6179.586846  
6171.759179  
6171.55973  
6178.079524  
6191.317706  
6188.977286  
6192.72292  
6193.164272  
6207.226066  
6186.487823  
6179.784886  
6193.934987  
6217.676523  
6210.1585  
6205.963858  
6187.179394  
6188.432746  
6183.344485  
6170.372461  
6164.685276  
6149.007977  
6138.505976  
6136.737454  
6127.208006  
6124.563938  
6121.81123  
6120.263751  
6127.306016  
6128.517021  
6132.864082  
6130.020883  
6136.630204  
6160.4997  
6161.770515  
6156.683062  
6168.41019  
6167.400243  
6166.623648  
6171.166719  
6180.673041  
6178.070568  
6174.867255  
6183.998376  
6175.377902  
6171.33872  
6164.743417  
6165.221121  
6168.364333  
6170.26453  
6163.885911  
6156.677088  
6153.851104  
6150.634339  
6145.488842  
6142.78641  
6128.214405  
6136.311985  
6141.100018  
6138.84481  
6144.386622  
6148.258987  
6146.00112  
6153.519202  
6158.934018  
6149.316548  
6140.231109  
6158.126597  
6154.182089  
6175.160474  
6173.285892  
6162.193675  
6171.859051  
6184.714714  
6178.939398  
6184.923907  
6187.317049  
6178.460276  
6173.376571  
6160.471427  
6159.970252  
6170.271098  
6173.604983  
6166.130651  
6163.951211  
6181.704895  
6176.650556  
6179.15777  
6184.926457  
6177.926605  
6176.745294  
6161.042675  
6155.006026  
6157.165923  
6156.66031  
6159.941954  
6156.469318  
6150.92572  
6144.338758  
6150.699833  
6140.35304  
6156.483451  
6154.449881  
6148.875228  
6144.910126  
6137.043614  
6134.610669  
6138.905482  
6130.081706  
6134.716799  
6142.467698  
6142.137471  
6143.340121  
6156.816123  
6158.765244  
6158.276733  
6149.942837  
6136.583005  
6142.250383  
6135.272936  
6147.146665  
6151.752214  
6142.759937  
6133.716862  
6136.056045  
6138.125003  
6145.063107  
6145.377841  
6146.510441  
6153.304736  
6150.232658  
6161.245102  
6163.244237  
6165.283733  
6165.603454  
6181.445183  
6177.117591  
6158.5212  
6170.610453  
6173.755098  
6167.906145  
6177.793056  
6175.957293  
6183.269376  
6177.216865  
6176.515491  
6165.403354  
6155.569873  
6155.391063  
6162.548054  
6159.169967  
6166.836252  
6173.847031  
6150.53993  
6167.049872  
6169.114218  
6170.566511  
6175.921466  
6166.955992  
6166.060574  
6168.930562  
6170.966228  
6189.089705  
6180.803938  
6164.248477  
6164.754787  
6170.925107  
6174.803408  
6169.04012  
6173.089988  
6174.514958  
6150.0354  
6149.911558  
6149.380535  
6151.78165  
6145.442228  
6149.167424  
6146.384707  
6153.58764  
6143.199475  
6136.247736  
6150.854055  
6149.826324  
6145.020355  
6148.230834  
6144.689183  
6148.462698  
6147.309719  
6147.824124  
6149.673621  
6145.842155  
6138.252687  
6142.193243  
6142.249003  
6146.312382  
6134.150319  
6133.448596  
6134.524169  
6142.043519  
6140.232019  
6156.77792  
6155.290124  
6148.87642  
6161.12512  
6156.518386  
6166.401836  
6156.724054  
6159.991018  
6160.543966  
6148.706102  
6144.037623  
6138.614649  
6136.495055  
6142.39887  
6143.004598  
6131.142526  
6131.471138  
6140.673797  
6140.260045  
6145.79248  
6147.955919  
6146.631101  
6151.766922  
6154.707571  
6171.495409  
6170.587151  
6164.560755  
6159.206302  
6176.209626  
6173.625474  
6175.39869  
6166.739997  
6170.896742  
6160.287948  
6177.096432  
6167.594175  
6167.073076  
6191.358598  
6183.074816  
6192.010817  
6186.813622  
6187.19265  
6197.632082  
6174.259  
6166.898546  
6161.454032  
6155.259717  
6158.080324  
6151.516182  
6154.283735  
6137.035207  
6148.814598  
6158.343375  
6162.842178  
6163.586745  
6156.060957  
6146.982195  
6148.737795  
6159.321342  
6164.683952  
6151.813658  
6167.030262  
6172.806505  
6149.94403  
6151.406383  
6153.437489  
6145.223528  
6157.576042  
6149.398248  
6144.822581  
6153.130889  
6169.237381  
6158.845563  
6161.643351  
6164.70566  
6141.774268  
6146.772934  
6143.474203  
6122.179252  
6118.606463  
6128.206116  
6112.76375  
6117.860217  
6113.611629  
6113.080277  
6114.732968  
6108.041915  
6110.479009  
6128.989541  
6125.554669  
6122.595982  
6134.572552  
6130.455934  
6136.290864  
6143.675533  
6134.160354  
6122.68552  
6140.761223  
6142.453626  
6143.538964  
6147.171824  
6143.945327  
6149.814723  
6159.879937  
6169.537517  
6168.429149  
6167.993304  
6170.951973  
6175.509417  
6175.642325  
6173.375674  
6166.956921  
6154.157928  
6139.168909  
6137.316135  
6137.542403  
6139.885472  
6141.20323  
6134.591438  
6139.214406  
6144.244434  
6145.70219  
6142.458436  
6147.93788  
6148.627397  
6145.612215  
6144.790395  
6134.338315  
6154.999438  
6142.00578  
6128.496388  
6144.711685  
6163.145328  
6159.022781  
6181.449251  
6171.406398  
6159.533518  
6163.102647  
6168.440171  
6148.896096  
6165.339454  
6153.805713  
6135.988244  
6131.989405  
6123.373474  
6134.102683  
6137.168154  
6110.940399  
6120.968767  
6114.441765  
6115.724993  
6124.830032  
6116.648425  
6129.31646  
6132.680459  
6141.92457  
6159.410147  
6148.980519  
6149.251206  
6156.509412  
6157.743411  
6158.891799  
6160.25001  
6172.175637  
6160.029578  
6170.979356  
6160.416737  
6165.447573  
6172.421731  
6167.438143  
6166.014159  
6157.838242  
6164.752721  
6155.070182  
6160.667903  
6152.940068  
6147.322212  
6145.530265  
6154.4652  
6167.322068  
6173.276413  
6157.779207  
6151.447182  
6158.334976  
6165.060822  
6160.827793  
6147.58382  
6140.320629  
6144.52929  
6138.925018  
6143.260681  
6152.390043  
6139.993622  
6148.942983  
6150.000381  
6159.868367  
6156.483229  
6152.037407  
6155.023589  
6166.419752  
6161.053206  
6175.669979  
6166.936613  
6158.84428  
6159.102239  
6151.414905  
6165.823607  
6163.53857  
6143.924956  
6154.89974  
6154.928093  
6147.303739  
6163.81569  
6153.955211  
6145.449284  
6141.178519  
6145.145024  
6131.665066  
6134.749107  
6134.602509  
6128.477242  
6129.8034  
6143.801747  
6150.021699  
6148.256883  
6154.224857  
6149.054673  
6165.201241  
6168.025401  
6173.040647  
6172.646578  
6158.236531  
6153.706901  
6157.4337  
6161.873092  
6159.287339  
6153.817634  
6151.232147  
6151.218755  
6154.771615  
6158.320959  
6171.21435  
6179.648454  
6154.481226  
6160.110564  
6156.227783  
6162.519728  
6164.537728  
6158.671801  
