2885.098245  
2886.896709  
2881.414797  
2876.501174  
2870.723893  
2868.00882  
2875.589691  
2868.017661  
2866.180581  
2871.196801  
2872.090658  
2870.462324  
2871.686073  
2867.386152  
2866.13921  
2870.76825  
2869.228951  
2869.041312  
2865.246138  
2870.511901  
2874.440393  
2870.861493  
2868.637299  
2867.102165  
2869.80889  
2858.713436  
2870.607577  
2881.909057  
2880.726198  
2878.207637  
2872.216935  
2871.35809  
2871.67526  
2873.69397  
2866.563326  
2867.96859  
2872.58053  
2869.206457  
2865.184104  
2869.245966  
2869.268604  
2866.233465  
2866.311477  
2870.266028  
2873.130831  
2869.975825  
2876.223574  
2876.337052  
2870.29739  
2877.406064  
2880.354766  
2871.779021  
2870.531455  
2869.794698  
2868.651628  
2871.557241  
2870.586999  
2862.414785  
2874.416512  
2874.216707  
2881.010274  
2877.828646  
2877.310285  
2874.951507  
2879.535642  
2876.35297  
2880.202821  
2880.661508  
2878.564013  
2878.503049  
2872.796598  
2875.862738  
2871.52146  
2869.577379  
2864.24727  
2874.242804  
2865.695074  
2864.045728  
2858.280427  
2855.532764  
2860.761279  
2859.398693  
2864.06451  
2864.730873  
2871.368563  
2872.269489  
2860.881479  
2861.445662  
2861.788201  
2863.437732  
2871.232799  
2867.422527  
2866.083093  
2866.706757  
2869.325661  
2869.882046  
2870.443297  
2864.482385  
2866.083752  
2866.549127  
2866.361313  
2856.057026  
2858.422716  
2863.026245  
2869.314265  
2877.562923  
2872.285529  
2877.20268  
2869.973513  
2874.251117  
2873.621332  
2870.959516  
2872.171635  
2870.799705  
2868.344977  
2870.403461  
2872.957663  
2875.835388  
2873.629994  
2868.662425  
2872.944419  
2875.239353  
2876.849838  
2870.96028  
2865.2747  
2868.975348  
2860.383346  
2863.878529  
2865.395285  
2870.375275  
2875.727038  
2867.63728  
2868.292408  
2878.977329  
2876.330308  
2871.417857  
2877.38976  
2877.724929  
2879.127211  
2875.607531  
2871.716852  
2874.361867  
2862.23471  
2865.88698  
2863.009146  
2870.221798  
2873.021218  
2868.654351  
2874.08699  
2878.347692  
2874.479675  
2877.571518  
2873.442715  
2875.135247  
2871.317512  
2875.645756  
2875.886452  
2873.040872  
2877.802664  
2879.203163  
2880.101628  
2878.354819  
2877.53717  
2879.230931  
2878.661641  
2879.366707  
2881.672264  
2877.525958  
2879.541073  
2879.199979  
2877.491434  
2878.400113  
2873.072561  
2879.430558  
2874.341325  
2872.776279  
2875.70958  
2873.391896  
2874.053215  
2875.372887  
2871.219959  
2873.240115  
2870.449192  
2872.240375  
2869.545556  
2863.591654  
2861.218809  
2864.861358  
2863.019384  
2863.080847  
2859.795058  
2861.634717  
2865.782935  
2864.805453  
2860.946362  
2858.383826  
2862.799105  
2867.606936  
2860.641747  
2865.370707  
2861.746483  
2861.102484  
2869.201086  
2859.408011  
2862.850761  
2866.198959  
2870.663297  
2862.960146  
2860.907814  
2865.456186  
2855.680527  
2854.663411  
2860.131837  
2854.196336  
2856.354669  
2859.948799  
2857.538236  
2862.536032  
2865.337091  
2858.74829  
2867.981538  
2868.355032  
2862.644411  
2869.292707  
2873.572041  
2875.297353  
2870.969556  
2871.519327  
2864.591233  
2865.892901  
2863.294723  
2865.486095  
2866.952376  
2864.206076  
2860.839  
2860.777374  
2868.42792  
2868.874934  
2864.494364  
2872.856093  
2875.208359  
2875.882632  
2872.779819  
2867.640113  
2871.909307  
2864.271149  
2860.358145  
2863.335249  
2853.985475  
2856.570947  
2853.951838  
2860.199144  
2866.93546  
2861.471231  
2869.749519  
2863.691425  
2867.410405  
2870.336013  
2871.40527  
2873.866595  
2871.322973  
2868.87652  
2863.213233  
2861.520149  
2865.664525  
2865.433891  
2869.792195  
2863.037058  
2867.603554  
2860.643518  
2862.448973  
2868.039993  
2867.955027  
2867.832304  
2864.754889  
2861.471199  
2872.255904  
2879.152935  
2872.652537  
2875.442058  
2864.964396  
2865.53208  
2865.932799  
2869.270824  
2851.472608  
2858.352962  
2860.60294  
2850.092985  
2848.143425  
2854.12261  
2861.394166  
2860.409101  
2860.426345  
2867.204316  
2871.586743  
2863.973669  
2875.850341  
2874.252907  
2866.899814  
2868.791202  
2867.201854  
2869.183399  
2865.493376  
2863.866138  
2856.704521  
2862.595111  
2868.994712  
2864.241034  
2864.512638  
2864.55324  
2855.457098  
2865.047766  
2864.741819  
2868.860543  
2866.528654  
2865.539089  
2866.706322  
2869.768037  
2865.929484  
2865.907477  
2873.723545  
2867.023803  
2864.83483  
2868.889516  
2872.889366  
2865.593044  
2871.54134  
2875.286878  
2867.476379  
2871.200087  
2874.234227  
2869.361079  
2860.768936  
2872.874207  
2866.766511  
2866.410448  
2871.500874  
2863.5379  
2866.372899  
2870.145122  
2865.373302  
2863.475369  
2871.480169  
2866.07842  
2862.969015  
2870.595138  
2867.863717  
2871.92807  
2863.578589  
2865.620624  
2867.337457  
2864.749837  
2861.858079  
2860.895895  
2854.566209  
2861.693648  
2863.583611  
2863.423486  
2864.082907  
2873.751055  
2860.962519  
2862.539565  
2862.725194  
2861.215853  
2865.551736  
2865.459423  
2868.588524  
2868.437026  
2865.193793  
2864.177696  
2866.852182  
2863.519224  
2868.941068  
2869.962896  
2870.600983  
2872.209122  
2873.733645  
2862.421813  
2858.819857  
2865.791132  
2866.410726  
2861.871033  
2861.991129  
2862.16456  
2857.852726  
2873.323479  
2868.739274  
2871.762516  
2869.827477  
2861.484337  
2877.386098  
2874.910274  
2874.340538  
2875.378033  
2871.532402  
2862.566292  
2870.421507  
2866.929473  
2864.844548  
2868.411637  
2859.921657  
2860.304813  
2860.930016  
2865.371073  
2865.370864  
2869.485717  
2869.303999  
2869.144952  
2867.689593  
2867.342715  
2871.765102  
2864.411765  
2859.927373  
2870.159622  
2869.663689  
2861.12678  
2860.611651  
2862.206025  
2861.686916  
2857.759483  
2849.142895  
2855.891  
2851.893501  
2858.512976  
2863.377665  
2855.665603  
2865.197924  
2858.964992  
2852.518294  
2863.173609  
2866.225474  
2863.945585  
2863.350577  
2870.305478  
2867.624738  
2867.102082  
2871.077879  
2875.535615  
2874.773271  
2868.247461  
2864.887283  
2863.485396  
2864.840522  
2867.875091  
2870.070456  
2868.679406  
2858.411571  
2861.382007  
2859.367178  
2869.330301  
2868.514509  
2866.742388  
2863.305185  
2865.935935  
2867.011343  
2867.410154  
2861.016093  
2857.452706  
2864.538682  
2862.810747  
2860.697003  
2859.150751  
2862.224724  
2859.403887  
2852.706331  
2856.074787  
2864.204113  
2860.395235  
2865.845913  
2864.379461  
2862.032118  
2855.65176  
2864.768946  
2861.72643  
2867.551021  
2861.964334  
2864.222943  
2862.465484  
2864.362717  
2866.268986  
2860.527955  
2867.238716  
2869.229088  
2865.568036  
2866.324334  
2869.903701  
2868.878514  
2865.631503  
2866.127821  
2875.947517  
2867.659106  
2871.209251  
2874.531551  
2873.975847  
2870.18519  
2870.91407  
2876.013802  
2869.799385  
2863.198832  
2864.247256  
2868.058201  
2867.408453  
2861.906995  
2867.203282  
2863.516804  
2856.458208  
2863.118879  
2871.19112  
2865.568213  
2866.008076  
2863.232201  
2862.875226  
2867.573612  
2864.969293  
2863.007417  
2870.957534  
2863.310336  
2867.812295  
2861.57833  
2866.491011  
2868.468538  
2865.481683  
2866.757749  
2859.282193  
2860.836603  
2869.557206  
2871.065188  
2864.719942  
2858.704011  
2863.754137  
2867.101576  
2864.058153  
2864.100766  
2862.511277  
2860.898598  
2855.801868  
2871.735231  
2863.626426  
2861.85397  
2863.131289  
2866.613261  
2868.43672  
2862.737533  
2855.690695  
2861.158831  
2860.498034  
2858.338447  
2860.705195  
2857.106589  
2858.647633  
2862.619484  
2868.788506  
2865.499602  
2869.496606  
2867.616401  
2867.959186  
2864.686759  
2861.332239  
2861.990112  
2861.880267  
2861.886063  
2862.466287  
2868.548864  
2863.860585  
2868.865911  
2867.693882  
2862.228043  
2869.194627  
2867.062059  
2869.926658  
2869.355957  
2867.972639  
2866.645793  
2871.633204  
2874.437733  
2863.781445  
2862.161547  
2862.042988  
2861.19988  
2859.333221  
2861.944411  
2854.373605  
2851.369987  
2850.91397  
2858.9997  
2856.960183  
2863.023819  
2868.269566  
2868.698678  
2864.274444  
2863.969622  
2867.660624  
2868.112366  
2865.55294  
2867.343108  
2860.65538  
2858.005645  
2859.816037  
2865.582991  
2857.253542  
