2890.401942  
2893.393809  
2893.328803  
2882.243842  
2886.774708  
2882.692139  
2881.774102  
2881.714586  
2877.864593  
2884.300414  
2882.868504  
2874.444397  
2883.679053  
2879.373049  
2877.616588  
2881.899573  
2880.491046  
2869.784991  
2873.524755  
2885.945068  
2874.123046  
2882.287305  
2877.123551  
2881.726101  
2868.946432  
2873.98942  
2878.200646  
2872.248766  
2874.798691  
2879.114226  
2877.030741  
2879.15836  
2881.078092  
2883.23765  
2876.291685  
2879.147215  
2872.358306  
2872.362268  
2873.336581  
2877.515209  
2876.420252  
2881.962015  
2871.896858  
2876.199988  
2878.012106  
2883.240628  
2877.594119  
2882.63438  
2884.515914  
2889.795756  
2889.265259  
2874.212526  
2877.686015  
2876.372341  
2881.576681  
2870.556339  
2874.672791  
2870.598171  
2877.999729  
2873.385876  
2881.109212  
2879.956434  
2876.021366  
2874.215314  
2879.061171  
2880.747606  
2889.623908  
2887.911217  
2887.644427  
2877.02942  
2876.951496  
2878.864197  
2883.063512  
2875.240718  
2873.601142  
2873.773295  
2871.629494  
2873.426363  
2864.391663  
2869.546716  
2876.86339  
2875.853274  
2864.731896  
2873.132442  
2869.503681  
2876.523844  
2870.508322  
2874.04374  
2878.469246  
2880.523838  
2873.223127  
2884.686654  
2875.656415  
2873.687134  
2866.160129  
2876.168665  
2870.303757  
2865.730996  
2870.384009  
2871.402488  
2861.929703  
2862.292738  
2868.392999  
2863.427696  
2872.248259  
2880.260078  
2875.139771  
2878.458024  
2876.875265  
2885.604095  
2872.983862  
2880.181031  
2875.802086  
2869.147095  
2869.187435  
2870.096828  
2869.532816  
2869.526624  
2876.11048  
2873.359397  
2876.915737  
2877.567567  
2872.852273  
2876.451596  
2868.7761  
2868.394856  
2870.207589  
2872.793331  
2877.388004  
2882.798395  
2881.371586  
2868.344177  
2872.635026  
2885.454662  
2888.086544  
2875.036203  
2879.159967  
2881.262348  
2882.843904  
2878.316825  
2881.077115  
2880.863776  
2871.659518  
2874.95091  
2867.881888  
2880.39691  
2879.978119  
2883.88582  
2880.0539  
2890.814955  
2883.672475  
2876.631561  
2887.723047  
2874.272743  
2871.154439  
2877.247154  
2879.098343  
2881.960209  
2876.90994  
2886.187141  
2888.38155  
2889.740228  
2872.672061  
2888.10134  
2890.190748  
2890.532723  
2884.179672  
2889.893703  
2893.830265  
2882.069971  
2877.617338  
2887.33566  
2890.108211  
2883.33041  
2879.890313  
2874.831988  
2876.319463  
2871.587288  
2872.094268  
2866.735627  
2874.173835  
2866.324976  
2874.032399  
2868.43342  
2875.245329  
2864.42002  
2865.589622  
2863.673229  
2862.251926  
2866.669601  
2865.40063  
2869.312604  
2873.184211  
2879.543404  
2879.737438  
2873.332457  
2876.48514  
2873.009458  
2867.076096  
2874.840682  
2871.426805  
2869.491547  
2868.96772  
2870.24269  
2867.898662  
2876.269754  
2873.081316  
2867.647512  
2866.923315  
2869.959393  
2867.804469  
2863.374175  
2863.103236  
2869.834839  
2865.647946  
2863.703004  
2864.813478  
2869.807321  
2873.027525  
2861.998925  
2870.883338  
2879.394173  
2872.678699  
2879.561263  
2888.991429  
2880.534333  
2875.740075  
2876.683396  
2876.995852  
2871.868642  
2875.487008  
2869.390413  
2872.874261  
2867.930061  
2873.23615  
2868.658793  
2877.937058  
2872.951224  
2885.148472  
2887.049799  
2882.516803  
2883.683971  
2876.454003  
2873.749874  
2873.759601  
2876.982998  
2866.912054  
2867.639922  
2858.493373  
2867.776357  
2862.524904  
2874.722093  
2866.790178  
2871.447655  
2869.265967  
2879.007973  
2867.58102  
2868.914447  
2876.931452  
2867.302216  
2872.990133  
2871.185442  
2869.085957  
2869.036255  
2871.326624  
2868.125683  
2870.295539  
2864.224625  
2867.197691  
2866.362843  
2869.089482  
2868.061505  
2865.271327  
2873.104504  
2871.165408  
2874.577674  
2873.41914  
2872.445814  
2878.749702  
2875.93424  
2874.038638  
2875.545519  
2871.179479  
2869.33643  
2878.688723  
2865.86296  
2865.045077  
2866.938099  
2866.492053  
2865.929449  
2878.826393  
2864.927385  
2872.638462  
2876.805687  
2883.661622  
2877.743702  
2877.614071  
2881.870797  
2875.680514  
2877.477953  
2878.225954  
2876.406204  
2869.404179  
2871.004299  
2867.105263  
2870.668312  
2874.274151  
2875.935046  
2869.013478  
2869.18471  
2865.384343  
2866.958213  
2872.875093  
2876.350054  
2868.676379  
2862.802305  
2871.241197  
2876.273543  
2880.549417  
2871.588036  
2868.3922  
2869.640171  
2866.707078  
2866.753845  
2867.852598  
2871.433971  
2866.820297  
2867.06326  
2869.384053  
2865.150791  
2866.582133  
2865.278234  
2869.839008  
2874.812896  
2874.24642  
2870.403934  
2869.406131  
2869.511745  
2875.0388  
2879.139393  
2873.78344  
2868.447751  
2870.527828  
2876.964512  
2873.053511  
2867.831436  
2872.204717  
2870.464047  
2870.338461  
2870.473467  
2873.091741  
2869.162386  
2869.046135  
2868.012896  
2871.456724  
2870.442787  
2869.456001  
2876.161255  
2870.903083  
2869.379704  
2867.31313  
2873.251235  
2865.147342  
2872.439062  
2867.542715  
2867.381115  
2863.998769  
2871.671076  
2882.816444  
2877.314979  
2867.288125  
2876.862024  
2866.484869  
2873.834199  
2878.48092  
2879.269105  
2876.211804  
2868.553369  
2869.775871  
2876.407615  
2874.102949  
2870.592551  
2870.728953  
2874.155489  
2866.37239  
2869.113622  
2879.568129  
2869.653589  
2882.606706  
2872.716783  
2882.053099  
2882.17924  
2880.700679  
2875.021078  
2873.640772  
2870.433965  
2865.259061  
2868.204904  
2872.416056  
2865.665471  
2863.592668  
2868.415983  
2867.722349  
2869.255051  
2872.039765  
2872.780564  
2867.04642  
2869.398886  
2873.921597  
2873.084258  
2874.883492  
2865.478673  
2867.811724  
2868.529322  
2871.308355  
2868.805674  
2861.377773  
2862.461366  
2861.921823  
2856.904591  
2857.01587  
2848.754623  
2867.264969  
2861.760982  
2863.523517  
2862.427959  
2864.895495  
2858.348441  
2863.86276  
2866.897868  
2871.360146  
2869.210258  
2870.347619  
2861.692783  
2865.867891  
2865.867575  
2875.794686  
2872.409656  
2866.227745  
2865.577189  
2869.223136  
2871.941595  
2865.666986  
2869.896304  
2874.982811  
2867.086772  
2868.238872  
2861.263806  
2876.843155  
2861.395596  
2871.994466  
2867.713326  
2864.421604  
2863.051549  
2872.248603  
2870.348958  
2870.642065  
2869.637601  
2863.495323  
2859.96937  
2866.491409  
2868.028333  
2867.335527  
2864.6448  
2859.527792  
2866.802173  
2867.749085  
2861.371206  
2868.030279  
2867.069675  
2861.945135  
2860.599524  
2873.181979  
2868.54647  
2875.674052  
2868.811651  
2870.767492  
2866.36034  
2865.675874  
2870.892495  
2870.972244  
2864.165357  
2871.10122  
2870.365267  
2864.001586  
2875.880611  
2865.775216  
2865.563152  
2872.135584  
2876.829883  
2869.242153  
2875.549672  
2874.914863  
2874.95115  
2879.633858  
2875.493033  
2875.039596  
2872.674559  
2871.343679  
2862.795623  
2867.30372  
2864.446121  
2860.096559  
2857.80374  
2862.753592  
2861.944689  
2861.499152  
2867.116839  
2859.414768  
2865.93169  
2864.790781  
2870.654779  
2868.422761  
2869.498272  
2868.023643  
2864.97063  
2869.088494  
2862.492885  
2872.145802  
2862.267698  
2861.570981  
2866.972849  
2867.558053  
2869.028295  
2873.747441  
2867.016004  
2863.60837  
2860.989127  
2867.132141  
2868.788422  
2865.736437  
2859.292132  
2870.861384  
2868.652722  
2864.623922  
2866.68323  
2867.093256  
2863.839189  
2868.241937  
2870.098042  
2859.71606  
2863.687928  
2858.224446  
2860.803668  
2862.252693  
2863.147727  
2874.354809  
2863.802398  
2864.562881  
2856.748816  
2865.067023  
2861.261334  
2854.742689  
2858.643489  
2860.359839  
2861.406382  
2862.539597  
2869.462661  
2861.503606  
2859.046876  
2859.042499  
2863.980809  
2868.009548  
2864.155631  
2863.748051  
2867.060361  
2870.94907  
2870.214226  
2867.956875  
2873.860656  
2872.586573  
2868.263517  
2867.74164  
2876.646315  
2876.247335  
2871.293662  
2866.168019  
2867.900489  
2858.372218  
2855.902053  
2860.622805  
2860.205771  
2858.763819  
2858.364322  
2867.479443  
2857.722415  
2868.124002  
2869.709557  
2862.024208  
2870.68253  
2870.247449  
2875.547474  
2876.714989  
2867.891996  
2865.776196  
2865.161207  
2867.508655  
2863.315858  
2868.345103  
2866.697507  
