3599.29665  
3599.670131  
3599.983651  
3579.674005  
3573.017953  
3562.286981  
3551.905329  
3551.134797  
3539.36475  
3539.326281  
3542.69268  
3540.73598  
3547.036072  
3546.405516  
3546.028033  
3552.160656  
3541.930364  
3540.677827  
3540.677825  
3548.462871  
3552.222786  
3546.512342  
3546.246071  
3533.954038  
3535.951212  
3529.79714  
3532.443959  
3531.614305  
3541.453452  
3545.232738  
3542.745438  
3547.227253  
3559.221477  
3560.610435  
3562.220005  
3553.740433  
3547.968764  
3539.736719  
3545.933972  
3544.315452  
3544.980409  
3554.669309  
3555.066561  
3553.549621  
3554.416416  
3551.699651  
3546.838961  
3550.448672  
3550.086844  
3552.875931  
3560.020125  
3549.477863  
3537.810532  
3528.406381  
3532.260215  
3533.748134  
3534.412788  
3536.875718  
3537.142322  
3544.314984  
3552.562621  
3558.620249  
3566.163834  
3555.630792  
3570.072115  
3574.64442  
3575.589169  
3580.41444  
3565.92436  
3565.295758  
3572.316081  
3575.391755  
3572.035792  
3566.75643  
3557.968724  
3553.094484  
3537.353393  
3530.364507  
3527.647032  
3532.225686  
3529.061189  
3533.345941  
3534.77336  
3533.805034  
3544.427675  
3536.12207  
3531.270001  
3529.653068  
3545.424103  
3539.025336  
3528.602544  
3527.881935  
3533.407223  
3537.666345  
3540.9465  
3546.603648  
3540.996524  
3536.482548  
3532.97848  
3536.840066  
3528.036801  
3524.598312  
3523.73318  
3538.315614  
3540.557429  
3549.468594  
3547.423197  
3556.797614  
3559.682707  
3552.082008  
3543.301684  
3538.630755  
3540.288096  
3534.164465  
3532.725088  
3535.119458  
3533.438702  
3540.877547  
3545.585827  
3540.78672  
3544.747339  
3540.784358  
3532.88047  
3530.466847  
3531.347483  
3528.865179  
3529.88501  
3534.132824  
3537.380177  
3543.96266  
3562.174542  
3557.732972  
3554.698133  
3566.807  
3568.467369  
3582.171653  
3578.957926  
3586.777724  
3566.710495  
3569.610325  
3571.853165  
3580.318406  
3568.814585  
3578.7564  
3567.596282  
3568.58605  
3560.305642  
3567.060923  
3567.314343  
3574.668078  
3578.142357  
3574.337246  
3558.969425  
3555.030543  
3548.374004  
3552.63733  
3554.32734  
3545.378056  
3552.009465  
3558.634397  
3562.601228  
3556.957128  
3561.640282  
3562.13196  
3582.11961  
3569.130006  
3561.429464  
3568.959186  
3568.114277  
3568.196441  
3563.706202  
3562.580385  
3581.489183  
3581.411215  
3571.576944  
3570.774117  
3576.426872  
3570.399479  
3569.575973  
3567.216022  
3564.071572  
3564.809792  
3570.041681  
3553.123373  
3554.12627  
3539.176933  
3522.986959  
3522.628874  
3518.941781  
3521.490819  
3515.970052  
3526.012957  
3532.02668  
3547.32718  
3545.421105  
3546.292828  
3551.406766  
3544.564195  
3537.560899  
3537.847833  
3535.676331  
3536.766922  
3533.292503  
3527.381418  
3535.897907  
3538.799561  
3544.204988  
3537.775632  
3518.103517  
3526.126794  
3525.296734  
3528.37655  
3521.291174  
3525.277933  
3519.487574  
3524.044571  
3521.513257  
3515.276818  
3521.720049  
3521.584915  
3521.926701  
3524.841524  
3534.66665  
3527.482799  
3535.901061  
3536.846698  
3536.425645  
3536.991001  
3537.995246  
3529.5804  
3536.007879  
3536.701341  
3533.407899  
3525.602368  
3534.078183  
3524.723525  
3525.59728  
3548.786169  
3547.776286  
3557.533891  
3566.032481  
3556.7421  
3555.065138  
3547.115272  
3548.732753  
3541.872714  
3528.568895  
3524.672885  
3514.301736  
3528.486542  
3524.162399  
3531.833752  
3532.589266  
3537.079177  
3539.792294  
3529.500963  
3531.957529  
3524.348822  
3537.605984  
3542.786843  
3540.646794  
3540.739708  
3541.402915  
3536.422524  
3536.475763  
3537.767729  
3534.412825  
3531.079781  
3531.202971  
3537.813106  
3546.925512  
3548.943503  
3552.375346  
3567.641157  
3561.869311  
3560.193367  
3568.883987  
3564.643841  
3569.517836  
3563.117945  
3555.013091  
3543.903324  
3543.204293  
3541.319291  
3531.178619  
3528.498923  
3523.623091  
3521.989164  
3518.210161  
3523.134634  
3522.529367  
3527.008519  
3526.565132  
3523.63623  
3537.079067  
3537.403902  
3543.713359  
3545.225891  
3542.200236  
3531.525594  
3534.004194  
3523.555917  
3515.818419  
3516.268375  
3521.468884  
3520.064579  
3530.764842  
3535.182294  
3532.967246  
3534.829239  
3527.31451  
3529.227603  
3525.933313  
3525.050029  
3524.721221  
3527.57673  
3525.720859  
3534.142449  
3535.443576  
3523.455917  
3523.092208  
3518.260391  
3519.296632  
3527.945367  
3527.458093  
3529.485607  
3531.43661  
3534.093861  
3529.843706  
3520.729287  
3532.217161  
3527.951957  
3538.169231  
3545.257382  
3545.791139  
3546.09842  
3539.631051  
3542.374903  
3539.641129  
3536.258915  
3540.464709  
3540.350297  
3536.244194  
3535.267845  
3536.124884  
3547.135701  
3551.69352  
3549.9278  
3546.846474  
3549.307829  
3541.378678  
3543.651604  
3540.803598  
3533.370505  
3526.667307  
3528.445478  
3531.708291  
3529.102006  
3531.83315  
3538.894644  
3543.284999  
3538.592578  
3542.351415  
3539.026024  
3532.047821  
3533.352438  
3527.433722  
3522.088361  
3527.206081  
3532.285313  
3532.337001  
3538.164622  
3539.746857  
3542.662525  
3541.853395  
3546.799913  
3540.695654  
3536.921593  
3537.618357  
3531.943132  
3532.850421  
3534.954353  
3537.307811  
3538.914102  
3534.190398  
3538.653125  
3547.005176  
3552.298753  
3550.663647  
3554.148613  
3556.64238  
3563.222901  
3560.906538  
3544.530187  
3536.919263  
3522.52182  
3520.453408  
3521.30883  
3526.411525  
3519.777038  
3515.896264  
3518.644573  
3519.327195  
3530.243584  
3530.177724  
3525.030005  
3525.99448  
3527.202327  
3533.877435  
3537.935345  
3552.504631  
3532.665653  
3537.649095  
3524.496266  
3526.06509  
3524.540049  
3523.235837  
3516.638307  
3513.256577  
3505.799862  
3510.066872  
3507.053464  
3514.962998  
3512.739865  
3515.186974  
3515.97418  
3504.790383  
3510.611512  
3521.378476  
3526.602118  
3526.411528  
3535.107629  
3528.674049  
3532.629857  
3542.474868  
3546.361024  
3552.339437  
3553.807303  
3551.989295  
3548.748209  
3546.416947  
3538.490058  
3536.19471  
3537.264357  
3536.695425  
3529.284951  
3533.708574  
3526.313989  
3529.957093  
3537.889252  
3543.260637  
3554.116043  
3549.104451  
3543.863839  
3540.059905  
3533.177934  
3533.158468  
3525.54573  
3520.124481  
3519.554923  
3528.891861  
3519.938714  
3518.268205  
3517.652646  
3515.904816  
3524.399192  
3530.082745  
3532.129418  
3532.514805  
3524.529278  
3523.640335  
3522.646201  
3526.630762  
3524.82315  
3524.044674  
3524.779533  
3531.512024  
3539.217239  
3539.207734  
3536.759525  
3534.955759  
3526.523375  
3516.003763  
3516.757584  
3526.47302  
3517.061972  
3519.614057  
3527.365915  
3528.622499  
3528.066517  
3526.034945  
3533.531493  
3530.368865  
3543.127772  
3538.179659  
3539.529642  
3531.538114  
3534.825713  
3525.946785  
3526.74859  
3524.192812  
3517.253133  
3513.943886  
3518.980217  
3513.956692  
3506.830609  
3506.147695  
3509.361662  
3514.525144  
3517.762898  
3514.318544  
3520.475325  
3524.192239  
3522.783145  
3516.642154  
3511.895273  
3518.980627  
3514.304306  
3513.683448  
3517.237939  
3505.891528  
3514.398977  
3513.475751  
3517.388799  
3517.540574  
3510.555012  
3513.266018  
3519.243297  
3521.504022  
3527.064428  
3529.911276  
3523.43209  
3518.638097  
3514.37265  
3515.492517  
3519.209225  
3524.846237  
3520.991826  
3523.371267  
3528.280939  
3527.402921  
3525.646269  
3522.201128  
3520.714168  
3528.334948  
3525.336783  
3532.959444  
3522.592045  
3522.586493  
3521.868622  
3531.604664  
3522.228745  
3522.983537  
3527.021707  
3533.176242  
3526.9774  
3528.59866  
3527.79366  
3521.169723  
3523.74241  
3522.610724  
3519.521676  
3525.531261  
3521.141384  
3525.352621  
3528.121629  
3536.349865  
3531.127568  
3529.965017  
3521.393394  
3522.116977  
3523.269211  
3523.908265  
3544.747208  
3539.189263  
3525.881878  
3528.470086  
3519.350571  
3516.085248  
3509.030761  
3510.558599  
3503.104775  
3512.07731  
3503.506897  
3522.099389  
3519.725888  
3526.863149  
3529.514528  
3524.529598  
3539.713302  
3526.677538  
3525.159325  
3526.793798  
3522.388281  
3527.193158  
3521.936373  
3520.657461  
3522.857852  
3526.79143  
3520.980549  
