2683.314449  
2683.865562  
2683.071756  
2675.027702  
2674.075785  
2676.780531  
2679.755006  
2674.628251  
2673.315826  
2680.575468  
2671.744629  
2662.596531  
2672.742894  
2679.985955  
2675.978827  
2674.316179  
2679.036358  
2666.519275  
2677.04917  
2672.270844  
2674.202537  
2674.61109  
2679.536732  
2682.567233  
2671.325082  
2673.484026  
2672.130711  
2677.383351  
2678.112813  
2685.530476  
2675.032244  
2685.349924  
2674.592934  
2684.822228  
2673.392705  
2684.127664  
2681.510772  
2678.613927  
2678.259233  
2673.931702  
2679.3355  
2675.197477  
2677.884935  
2673.305264  
2681.951996  
2672.612246  
2675.862753  
2677.919807  
2679.529525  
2671.904881  
2679.039175  
2684.338938  
2684.149378  
2680.151463  
2681.753595  
2686.423752  
2679.247847  
2677.291529  
2690.042241  
2688.529684  
2684.245721  
2693.406258  
2689.443221  
2687.300684  
2685.267312  
2689.528276  
2683.701111  
2683.241463  
2685.327694  
2683.562174  
2677.200438  
2674.098613  
2670.107694  
2677.00257  
2672.766796  
2678.68977  
2677.107433  
2666.634565  
2674.461944  
2672.172102  
2675.636711  
2676.235185  
2675.011181  
2674.207723  
2671.765524  
2674.713059  
2664.013309  
2670.795776  
2674.598826  
2673.074393  
2677.522337  
2670.9514  
2683.411588  
2683.530419  
2682.883696  
2686.132995  
2680.860563  
2683.979901  
2675.462142  
2680.400842  
2676.512566  
2684.49403  
2686.107397  
2692.985973  
2682.08521  
2692.235955  
2695.704324  
2690.674378  
2696.934263  
2688.876376  
2686.973074  
2683.305955  
2679.293783  
2673.152967  
2672.608443  
2673.208367  
2678.318573  
2678.064706  
2689.051098  
2684.771591  
2677.663345  
2689.052336  
2692.941352  
2692.557771  
2684.593629  
2682.848833  
2685.83061  
2684.836731  
2681.151916  
2673.967722  
2671.04406  
2672.334243  
2668.139095  
2671.854556  
2679.810544  
2687.28315  
2686.895546  
2684.126277  
2684.844781  
2692.340945  
2685.624391  
2689.1531  
2686.294262  
2687.280984  
2679.947237  
2679.954482  
2678.603933  
2683.277323  
2677.455661  
2682.521722  
2686.071636  
2684.196662  
2686.301487  
2694.494479  
2685.57703  
2696.139712  
2699.714973  
2701.390149  
2689.366148  
2692.051204  
2689.292328  
2676.649036  
2678.343919  
2671.593451  
2670.375016  
2680.853125  
2670.533624  
2675.663828  
2677.631175  
2680.709102  
2684.038359  
2697.410953  
2700.226416  
2690.894855  
2686.994493  
2693.783484  
2690.066666  
2682.634173  
2685.398921  
2683.448734  
2682.943618  
2686.612621  
2690.009694  
2682.342789  
2676.739068  
2676.072043  
2678.958256  
2676.325562  
2681.541666  
2687.658204  
2685.658727  
2677.905247  
2681.208391  
2678.078241  
2672.795967  
2668.414555  
2673.221746  
2669.826715  
2670.683379  
2667.449661  
2677.003557  
2674.038926  
2670.445671  
2678.137431  
2678.82838  
2673.234718  
2676.038022  
2672.418116  
2677.629914  
2678.005718  
2684.370474  
2674.670794  
2676.877267  
2684.175227  
2679.377194  
2686.243044  
2679.199021  
2677.006195  
2685.422022  
2695.923818  
2687.07171  
2685.633596  
2690.327234  
2683.400102  
2690.675341  
2690.881116  
2679.8122  
2677.533411  
2682.193796  
2675.278491  
2681.288892  
2678.154899  
2673.058602  
2675.696617  
2671.56347  
2670.216147  
2675.345928  
2678.079566  
2678.229713  
2679.581508  
2683.236227  
2690.208282  
2691.160334  
2687.908816  
2683.643948  
2687.936025  
2695.551338  
2689.204639  
2686.528181  
2688.934291  
2684.743463  
2687.965914  
2688.885622  
2693.679808  
2684.608691  
2687.359029  
2685.249287  
2692.245127  
2692.20399  
2678.446607  
2683.930149  
2680.749024  
2679.657799  
2683.936975  
2688.419657  
2692.569753  
2690.971559  
2692.419391  
2684.765374  
2689.309583  
2690.572499  
2693.890989  
2681.421019  
2685.556882  
2681.472873  
2681.847865  
2690.00295  
2690.205684  
2691.393723  
2687.248145  
2692.530599  
2686.794576  
2690.550796  
2681.44083  
2679.989303  
2688.737368  
2680.438773  
2688.574671  
2691.198578  
2688.079665  
2691.689985  
2682.964089  
2676.597842  
2687.337537  
2684.454442  
2692.132513  
2693.747408  
2687.176129  
2686.000222  
2677.25382  
2685.080561  
2684.621159  
2683.326323  
2672.744558  
2670.078479  
2672.722857  
2677.342728  
2675.942396  
2673.962492  
2673.884698  
2693.435918  
2682.435246  
2682.732149  
2679.619595  
2684.540702  
2684.798716  
2690.558783  
2687.01429  
2687.905989  
2691.11841  
2692.239205  
2691.671104  
2687.273703  
2676.790897  
2681.186662  
2682.092064  
2676.480368  
2676.573263  
2689.564199  
2684.716337  
2682.76972  
2681.692347  
2686.483599  
2686.042572  
2679.162544  
2687.249618  
2696.838861  
2685.810437  
2688.205278  
2689.987497  
2693.701444  
2694.058219  
2685.809  
2688.212211  
2688.045371  
2681.6968  
2683.811515  
2693.244634  
2686.505189  
2691.471401  
2693.54185  
2687.169708  
2695.335402  
2689.811183  
2686.855782  
2695.181413  
2686.766731  
2687.341592  
2690.820551  
2688.678487  
2688.707164  
2681.955296  
2682.276116  
2682.54605  
2684.270612  
2683.063379  
2686.930572  
2691.328829  
2690.785829  
2687.62155  
2688.286973  
2686.689508  
2694.275046  
2696.153418  
2689.288199  
2689.445434  
2686.48414  
2691.044597  
2689.348238  
2692.932486  
2689.082758  
2690.425485  
2690.638354  
2681.878837  
2690.741208  
2696.300546  
2693.285444  
2693.943517  
2687.049333  
2684.895383  
2682.320692  
2683.448791  
2691.000672  
2684.569118  
2685.846867  
2692.39008  
2677.594095  
2677.638978  
2687.104889  
2677.62149  
2676.097083  
2678.930667  
2670.866627  
2676.912995  
2678.39243  
2685.044834  
2683.980194  
2685.147359  
2681.504394  
2688.823627  
2688.973084  
2692.858999  
2691.271212  
2688.612657  
2682.713559  
2694.348145  
2688.360528  
2679.448782  
2674.146945  
2684.114461  
2675.06583  
2680.906583  
2685.236394  
2682.795143  
2680.584484  
2679.67779  
2684.166458  
2695.779001  
2684.10465  
2689.92208  
2689.803076  
2692.047194  
2686.338781  
2693.441054  
2699.043772  
2694.378236  
2693.635801  
2688.825635  
2690.419421  
2688.564404  
2689.392817  
2695.473433  
2689.674204  
2689.713506  
2684.664442  
2683.080078  
2683.285592  
2686.416228  
2687.620048  
2679.722343  
2691.613602  
2688.084339  
2697.665049  
2692.027982  
2691.12048  
2691.152304  
2691.953187  
2687.728559  
2694.476518  
2682.44884  
2680.762268  
2681.027154  
2687.430869  
2673.150627  
2682.530055  
2688.11034  
2683.138164  
2685.360646  
2681.823588  
2677.081592  
2680.415683  
2679.940255  
2690.648534  
2682.939619  
2688.047442  
2681.445589  
2689.148755  
2679.773589  
2670.783159  
2680.545824  
2677.341251  
2684.153944  
2680.537207  
2678.149409  
2674.616627  
2671.62683  
2674.835303  
2679.257775  
2678.204332  
2682.737912  
2677.512096  
2676.42412  
2688.349122  
2689.600825  
2688.280392  
2683.796799  
2692.872899  
2698.757613  
2691.84204  
2689.868911  
2685.126854  
2678.390828  
2679.749656  
2678.793922  
2683.578293  
2684.718057  
2683.457636  
2676.709749  
2673.071722  
2683.512961  
2671.736182  
2671.489162  
2673.702327  
2674.375119  
2671.129614  
2677.343535  
2682.705698  
2692.516398  
2688.645163  
2682.914642  
2687.384576  
2687.744113  
2689.681257  
2690.181113  
2693.31561  
2682.31884  
2695.268872  
2691.271791  
2686.916261  
2693.732754  
2695.791231  
2685.763817  
2683.571782  
2686.514671  
2690.784487  
2685.999964  
2685.494178  
2690.405484  
2679.69527  
2680.026992  
2688.972294  
2685.266457  
2686.526379  
2691.158026  
2688.303462  
2690.699429  
2686.83129  
2694.912306  
2691.279321  
2687.918075  
2689.456041  
2689.227849  
2686.645109  
2685.532418  
2694.999655  
2684.717787  
2676.461442  
2686.051939  
2691.343685  
2683.451889  
2679.899289  
2675.740185  
2680.865646  
2684.898785  
2678.220362  
2675.23264  
2687.673577  
2678.348106  
2691.644489  
2680.022565  
2684.228257  
2686.777175  
2689.353043  
2683.173779  
2674.599059  
2676.70902  
2684.211109  
2675.270383  
2676.554468  
2671.144855  
2668.726779  
2671.771765  
2674.608368  
2678.876667  
2674.39258  
2676.466894  
2668.849808  
2669.434363  
2676.563667  
2673.965426  
2679.914998  
2667.200719  
2670.946456  
2675.397225  
2680.076584  
2674.016241  
2684.515653  
2682.446453  
2685.55517  
2686.787084  
