2.643544833  
2.698364675  
2.706498941  
1.803187645  
1.560580307  
1.084806533  
0.6525944212  
0.6094075792  
0.05595607754  
0.1346654317  
0.2580546323  
0.1377804991  
0.4658107696  
0.4237327103  
0.3965060047  
0.6750318384  
0.217467753  
0.1684844167  
0.190474875  
0.5044658816  
0.6644703998  
0.4070420553  
0.3793329873  
-0.1752345697  
-0.08492116426  
-0.3622569697  
-0.2522422757  
-0.2780050133  
0.1404768079  
0.3017652849  
0.2298908295  
0.4101852208  
0.8980075712  
0.9774534682  
1.097710223  
0.7538076315  
0.4565591289  
0.1386736801  
0.3889606722  
0.3542073145  
0.3566165275  
0.7374601129  
0.7792554344  
0.7246673517  
0.7332105216  
0.6222097618  
0.3763858876  
0.5739101164  
0.5204590634  
0.6230812394  
0.9788749004  
0.4962839704  
0.01139919995  
-0.4070420439  
-0.2389410356  
-0.1368526332  
-0.1328039392  
-0.02754432189  
-0.02675633465  
0.257450405  
0.5905163076  
0.8712225887  
1.223568517  
0.7366953202  
1.385612196  
1.606698676  
1.621254953  
1.859081324  
1.224939713  
1.220950784  
1.581069027  
1.678367802  
1.528998082  
1.308022995  
0.860233371  
0.6560962653  
-0.02224364543  
-0.3096318591  
-0.4415675145  
-0.1771265793  
-0.338760991  
-0.1397084719  
-0.1326263309  
-0.15471238  
0.280301522  
-0.0856363725  
-0.2721365779  
-0.3441589886  
0.4025126393  
0.06497531938  
-0.3736870585  
-0.4238657799  
-0.1741753449  
0.01007692044  
0.1562831444  
0.40080924  
0.1644347897  
-0.03057592594  
-0.1909718016  
-0.004864645347  
-0.3664588114  
-0.543956415  
-0.628545094  
0.02359578026  
0.1187640159  
0.5585949523  
0.4040277241  
0.8386917662  
0.9990932102  
0.6418831513  
0.2808125489  
0.05802688557  
0.1456529879  
-0.1697472873  
-0.2003508653  
-0.1062015625  
-0.1810643589  
0.1006198841  
0.3296962212  
0.1548969932  
0.3375741963  
0.1400107913  
-0.1847322739  
-0.2900095646  
-0.3091202523  
-0.4105225956  
-0.3361927282  
-0.1621215494  
-0.01494106836  
0.3210347588  
1.075537676  
0.8818044208  
0.7149443565  
1.289718912  
1.351609155  
1.941928973  
1.821791288  
2.197442784  
1.257839339  
1.347460411  
1.463945217  
1.860524561  
1.340196429  
1.791865628  
1.291143293  
1.356897771  
0.9884631791  
1.293989203  
1.324350804  
1.59564652  
1.751952734  
1.660184503  
0.9281600541  
0.7699856602  
0.4608996106  
0.6610896655  
0.7560321623  
0.3161873982  
0.6434087346  
0.9501465325  
1.102746581  
0.8330615366  
1.036197369  
1.085854088  
2.002603019  
1.361776184  
1.033755231  
1.363883773  
1.350994359  
1.323706095  
1.120464483  
1.106226142  
1.940712583  
1.890157564  
1.440651323  
1.423284745  
1.689112639  
1.444290332  
1.417331446  
1.309560152  
1.161437713  
1.214093533  
1.424285409  
0.713982697  
0.7444184184  
0.1188093909  
-0.5699916758  
-0.6214980399  
-0.8111520936  
-0.6703036821  
-0.932750503  
-0.4832752432  
-0.1795624594  
0.4751915107  
0.3589004387  
0.4107587864  
0.6458421434  
0.3342462214  
-0.00183706741  
0.0006233073143  
-0.07018182679  
-0.02282663659  
-0.151018002  
-0.4375057989  
-0.09032670161  
0.0561766315  
0.2750430092  
0.003446838911  
-0.8779210245  
-0.4871734648  
-0.4744066585  
-0.3948729233  
-0.6533550369  
-0.5110628043  
-0.7303414404  
-0.5133445423  
-0.6371397993  
-0.9184555077  
-0.6180926516  
-0.6254437437  
-0.6485662093  
-0.5154988569  
-0.09956983852  
-0.3991145746  
-0.003786618897  
-0.001679032027  
-0.05692293851  
-0.006799258482  
0.04881025946  
-0.2744862357  
-0.03531005002  
0.001851051137  
-0.1388156158  
-0.5022351772  
-0.1045390274  
-0.5097261948  
-0.4869192252  
0.5599223652  
0.4827394001  
0.8815570754  
1.280753129  
0.8573111286  
0.8017598048  
0.4001614125  
0.4921476662  
0.2054379671  
-0.3983218478  
-0.5224555103  
-1.02531804  
-0.3629764878  
-0.5296344721  
-0.2103592601  
-0.1679626498  
0.009841055428  
0.1195799413  
-0.3714787266  
-0.2887684461  
-0.5751568911  
-0.01957804122  
0.2038299988  
0.1511731359  
0.1646009177  
0.1792458446  
-0.009382067413  
-0.003538380326  
0.0466942274  
-0.1257086429  
-0.3182587989  
-0.2966155836  
-0.007598609081  
0.4214772234  
0.5161236865  
0.6722598213  
1.339618238  
1.067587593  
0.9781989986  
1.380367905  
1.212695568  
1.432257837  
1.149370432  
0.7749184792  
0.3020061556  
0.2713317052  
0.2393905143  
-0.2419271431  
-0.3568042961  
-0.5730113611  
-0.6381607272  
-0.7923303193  
-0.5698601563  
-0.6355060926  
-0.4303205882  
-0.4294199141  
-0.5346067442  
0.02146267349  
-0.02346691421  
0.2604324457  
0.3409409274  
0.193209395  
-0.2912486847  
-0.1357036009  
-0.5890814372  
-0.9425478686  
-0.9019063434  
-0.683470753  
-0.7493737137  
-0.2926825943  
-0.06867497159  
-0.1740553216  
-0.06542177041  
-0.4218884872  
-0.350580664  
-0.496510967  
-0.5381007649  
-0.5475953446  
-0.3983744636  
-0.4640094582  
-0.1087692671  
-0.05645383221  
-0.5901379515  
-0.6187133769  
-0.8516404875  
-0.7703930587  
-0.3857325799  
-0.4201091701  
-0.3490227626  
-0.258470708  
-0.1344183847  
-0.3014397953  
-0.7082645559  
-0.1880262634  
-0.3811297181  
0.05016193004  
0.4128652424  
0.4104920171  
0.4215609545  
0.1503128295  
0.2554942478  
0.09844551993  
-0.05060885161  
0.1337593057  
0.1495409859  
-0.05472621974  
-0.09488888346  
-0.06094638847  
0.4032923789  
0.6172039754  
0.5466863286  
0.410765092  
0.5185789747  
0.1720779657  
0.2662938617  
0.187024144  
-0.1430453754  
-0.4442899179  
-0.3490856301  
-0.2340835152  
-0.3711944569  
-0.2529504622  
0.05653600405  
0.2588616136  
0.0298746367  
0.2512188115  
0.03227743304  
-0.277086546  
-0.1762163516  
-0.4334056548  
-0.6717715868  
-0.434318041  
-0.2336167495  
-0.2462815268  
0.04926632044  
0.07186579885  
0.2414600856  
0.1947540228  
0.4228712418  
0.1586033937  
-0.04971402744  
0.05947107315  
-0.1696819496  
-0.1623445521  
-0.08094693427  
0.09655592664  
0.08131666768  
-0.131835408  
0.03517242113  
0.399085184  
0.6729699582  
0.5903189175  
0.7466098881  
0.8671416305  
1.130745703  
1.021696578  
0.3248061685  
-0.01567463157  
-0.6609811106  
-0.7307401277  
-0.7009523983  
-0.4777352241  
-0.7650103472  
-0.9534616246  
-0.83963502  
-0.7443884191  
-0.2281717585  
-0.2719373606  
-0.4748759764  
-0.47158707  
-0.418642345  
-0.1276324459  
0.0191351297  
0.6704096749  
-0.1980871444  
0.02929999623  
-0.5646757447  
-0.469463685  
-0.5543887227  
-0.6378520594  
-0.9158760699  
-1.045903437  
-1.372926483  
-1.201352476  
-1.35522839  
-0.9379320135  
-1.079545202  
-0.9901998065  
-0.8901267171  
-1.4261885  
-1.177451131  
-0.7082509785  
-0.4925135309  
-0.4805954849  
-0.1458447202  
-0.3988598885  
-0.2260127524  
0.1504918532  
0.3460290776  
0.6223016885  
0.672439943  
0.5855877359  
0.4702874917  
0.3655272319  
0.02068578413  
-0.06832633062  
-0.04763798861  
-0.07443705397  
-0.3654966162  
-0.1334318827  
-0.4957623166  
-0.3378749651  
0.03655505931  
0.2741401928  
0.793471642  
0.5479346552  
0.2769501473  
0.1080861433  
-0.150609118  
-0.123962883  
-0.484694036  
-0.756295247  
-0.7641040855  
-0.363771998  
-0.7923681049  
-0.8012694711  
-0.8777873342  
-0.9416830329  
-0.5910759875  
-0.3248737167  
-0.2217402486  
-0.2626837885  
-0.5574644316  
-0.6382867332  
-0.6427414677  
-0.5003077556  
-0.5230734835  
-0.5884850838  
-0.5505538649  
-0.2529426046  
0.07531349274  
0.08279147852  
-0.06416362832  
-0.1138677343  
-0.5352709316  
-0.9791292724  
-0.8857858138  
-0.453953827  
-0.8870845677  
-0.7208508039  
-0.3939995555  
-0.3657706354  
-0.4367017497  
-0.4744285671  
-0.1974243359  
-0.3387429278  
0.2737150969  
0.01425675968  
0.09126094611  
-0.2663529584  
-0.1433758018  
-0.495335847  
-0.513015594  
-0.6118926068  
-0.9112249646  
-1.043651624  
-0.8164239406  
-1.037538591  
-1.334003292  
-1.356610653  
-1.199712887  
-0.9586656866  
-0.8222753902  
-0.9816751611  
-0.7086369563  
-0.5419646785  
-0.6412184884  
-0.8803037787  
-1.110452876  
-0.8099929886  
-1.016809502  
-1.087987982  
-0.8927695501  
-1.392407171  
-1.002662493  
-1.040492648  
-0.8530814641  
-0.878142836  
-1.171790922  
-1.046379651  
-0.7821131164  
-0.6806175788  
-0.3934026332  
-0.3264964554  
-0.6194940483  
-0.8376092448  
-1.046530247  
-0.9732921841  
-0.7887775991  
-0.5369554103  
-0.7398725036  
-0.6095342798  
-0.3931509246  
-0.4445140049  
-0.5171022127  
-0.6502537803  
-0.7083790742  
-0.4051479791  
-0.503029631  
-0.187936674  
-0.5955527719  
-0.6407026743  
-0.6415392821  
-0.1934392565  
-0.6150711063  
-0.613723605  
-0.4075657708  
-0.1414102755  
-0.4229437157  
-0.3415048622  
-0.4253915886  
-0.6614671582  
-0.5381088642  
-0.6515889993  
-0.7707729661  
-0.507129147  
-0.6890770372  
-0.4907003189  
-0.40585616  
-0.02966067238  
-0.2810721251  
-0.3409809583  
-0.7163606805  
-0.689466204  
-0.6390458116  
-0.6233216128  
0.3205299142  
0.0722850129  
-0.5106663487  
-0.3627107366  
-0.7575593899  
-0.9127801971  
-1.243891743  
-1.153044212  
-1.477698292  
-1.112522973  
-1.46659944  
-0.6562749052  
-0.7887307481  
-0.4781950462  
-0.3613376102  
-0.5933516093  
0.07458458291  
-0.5099706642  
-0.5451337157  
-0.4548295623  
-0.6472585559  
-0.4650771737  
-0.6616665202  
-0.7368581676  
-0.5982612391  
-0.438215834  
-0.7396483506  
-0.2925987957  
-0.5369699431  
-0.6044041092  
-0.8729310846  
-1.306209043  
-1.307655552  
-1.391591354  
-1.530033423  
-1.242907138  
-1.480370178  
-1.351303694  
-1.34184473  
-1.741123692  
-1.452777583  
-1.620545067  
-1.277058592  
-1.481489978  
-1.526890715  
-1.559622526  
-1.765878768  
-1.663443346  
-1.244087425  
-1.270322722  
-1.442886425  
-1.451602869  
-1.563196721  
-1.716534373  
-1.738692155  
-1.275251895  
-1.270467921  
-1.443773169  
-1.630645088  
-1.393248809  
-1.100466275  
-1.116654278  
-0.7286972659  
-0.9323562451  
-1.087906981  
-1.296487745  
-1.584308394  
-1.419265907  
-1.542007119  
-1.404817871  
-1.195848772  
-1.519869198  
-1.295486481  
-1.187286758  
-1.277062962  
-0.9557976357  
-1.066517186  
-1.291100531  
-1.142795334  
-0.8431863479  
-1.045755401  
-0.8503309208  
-1.108175468  
-1.241050487  
-0.7171963538  
-0.6367523743  
-0.5418685969  
-1.008798061  
-0.5163742279  
-0.9451931332  
-0.7186054202  
-1.233773839  
-1.532733817  
-1.282187225  
-1.185696407  
-0.9496758217  
-0.7916132518  
-0.961625236  
-1.16879321  
-1.253211034  
-1.500267747  
-1.264876679  
-1.338697069  
-1.423193027  
-1.468477835  
-1.510698423  
-1.055180502  
-1.157362937  
-1.738978376  
-1.445876181  
-1.602409509  
-1.706611872  
-1.443356246  
-1.451328016  
-1.5661373  
-1.037322182  
-0.8628607665  
-0.9415829636  
-0.5747367725  
-0.393823452  
-0.02208824294  
-0.04244063354  
0.0343112305  
-0.2280698642  
-0.0983033283  
-0.8734757572  
-0.7433836337  
-0.9224271912  
-1.295913173  
-0.4321082692  
0.3979382661  
0.7396579431  
0.05398867135  
0.2465115429  
0.3855978238  
0.9283556504  
0.9043037216  
0.3598031315  
-0.06048205492  
-0.4769438706  
-0.8851004135  
-1.300589278  
-1.490511299  
-0.8399580664  
-1.298596639  
-0.2646489674  
-0.3721805958  
-0.7493645688  
-0.1936623605  
-0.2174802487  
-0.1407498314  
-0.1774801328  
-0.04555730285  
0.007361373901  
0.1181801532  
-0.3458615014  
-0.2514412971  
-0.6682096442  
-1.02692073  
-1.214977692  
-0.9518958752  
-0.7963995829  
-0.4421981847  
-0.6291805872  
-0.1875270683  
-0.3939363933  
-0.1078623421  
-0.1395257112  
-0.1158118305  
-0.5100687433  
-0.4872635571  
-0.1160617534  
-0.5959574489  
-0.9220978614  
-0.8329200622  
-0.5701213329  
-0.05224243387  
0.02403151166  
-0.09729963849  
0.02401389725  
0.4744047984  
0.6113334063  
1.266953948  
0.9814282617  
1.422730327  
2.19076563  
1.786638285  
1.374158797  
1.081717986  
0.2418797525  
-0.01068473708  
-0.486742802  
-0.127688535  
-0.2450432405  
-0.192931397  
-0.601606981  
0.1712037815  
0.1297569401  
0.7480440952  
0.6344919552  
0.3217237596  
0.2486141932  
0.3012374177  
0.1599776109  
-0.02644285286  
0.08486905782  
-0.1909787627  
-0.2982164334  
-0.07268546386  
-0.5928456304  
-0.8071329118  
-0.9929010786  
-0.9988277066  
-0.7892320983  
-0.2999789706  
-0.3356073472  
-0.081544836  
-0.0291407991  
0.03826609527  
0.1694019636  
-0.2368135115  
-0.2357044344  
-0.3303108674  
-0.2575560335  
-0.1932478789  
-0.1138076615  
-0.3621554884  
-0.6623939331  
-0.8356611385  
-0.6040525895  
-0.6502189057  
-0.3871375118  
-0.4657271363  
0.0231608605  
-0.00327337752  
0.04616849146  
0.2689462951  
0.6674143949  
0.5932159568  
0.4667588036  
1.07687817  
1.101500671  
1.144755931  
1.272030118  
1.457366741  
0.841887579  
1.018781233  
0.6511265962  
0.8059995115  
0.5051062095  
0.475222388  
0.3237350949  
0.3749753679  
-0.1663153072  
0.1157355533  
0.2104129483  
0.06126265093  
-0.1588931633  
-0.3931667518  
-0.8087743991  
-0.8636151885  
-0.9552364778  
-0.6474048175  
-0.5079876036  
-0.3865287284  
-0.1109543087  
-0.103914355  
0.1716914284  
0.4020780161  
0.6378548631  
0.580866817  
0.1680690046  
0.2277072108  
-0.01167064051  
0.302285437  
0.3241603378  
0.1030398011  
0.3482691373  
0.4655804388  
0.2776047581  
0.5067954266  
0.489130688  
0.8401735473  
0.8401301009  
0.6884101172  
0.5402331833  
0.8588544793  
0.8308020672  
0.5480410732  
0.1556879982  
0.2966543334  
0.2428056404  
-0.1524300301  
-0.3194487091  
-0.1842672845  
-0.1846032939  
0.07760461478  
-0.3409499937  
-0.10028772  
-0.224690832  
-0.1799860816  
-0.1042412412  
-0.2270359303  
0.07096070303  
0.07176945954  
0.140222554  
-0.1402694956  
-0.1674650772  
-0.08261320015  
0.1973694069  
-0.06972189077  
0.1995679441  
-0.2284694953  
-0.03743554934  
0.1912400267  
0.3474540617  
0.6263840979  
0.8789305815  
0.6914713259  
0.7594843491  
0.9458491273  
0.8818432272  
1.5277798  
1.591273507  
1.101271364  
0.9304419561  
0.8435232971  
0.5715883195  
0.5137649001  
0.3482828091  
-0.3836403443  
-0.6109729091  
-1.131999082  
-0.2565256463  
-0.6512655657  
-0.2237439611  
-0.308684732  
0.1653883955  
0.4181846457  
0.7606901119  
0.4670413775  
0.6806453676  
1.033334005  
1.103416714  
1.141300923  
1.220928581  
1.121706091  
1.116528239  
0.9126331159  
0.7753905727  
0.2449871218  
0.4979772816  
0.2669141907  
0.3823210532  
0.1757117623  
0.6653418075  
0.6391047618  
0.8403623342  
1.048788915  
1.053374683  
0.9423302661  
0.9803126863  
0.8975747455  
0.5523370083  
0.48261315  
0.5559886301  
0.6778013853  
0.8563925236  
0.7978725408  
0.9761226574  
0.7441571911  
0.7299928823  
0.3631556165  
0.7346187186  
0.6902880801  
0.3119337952  
0.328564933  
0.5242297928  
0.8486685679  
1.074752544  
1.329925643  
1.131133441  
1.33642275  
1.190269286  
0.9723455955  
0.5616985639  
0.2587735481  
-0.3145356811  
-0.1869715235  
-0.6671093688  
-0.3042726733  
-0.2823734009  
-0.1841277284  
-0.1976549383  
0.408593558  
-0.07758463963  
-0.09376841693  
0.3077168797  
0.07849710084  
0.5212978021  
0.2242555473  
0.7745550155  
0.4395921786  
0.2837692596  
0.1134497375  
0.146146291  
-0.1423278087  
-0.1495622255  
0.2781614407  
0.5535033394  
0.2227287931  
0.3755751963  
0.01079329105  
0.1300943067  
0.1911554063  
0.06562088084  
-0.1435905457  
-0.1207021381  
0.05423292188  
0.1161865595  
0.2451981499  
0.2113463462  
0.4098181665  
0.07879130133  
0.4165381217  
-0.140498722  
-0.2088088111  
0.3141082468  
-0.09861426514  
-0.1737652528  
-0.05307311987  
0.3289706922  
0.1881049529  
0.4095889914  
0.07382318473  
0.1823753584  
0.1602853933  
-0.1254087108  
0.2243837169  
0.3201243927  
0.5018640448  
0.2927761278  
0.4652063088  
0.2242344483  
0.268908374  
0.09491230631  
0.02566513785  
-0.1522281953  
0.1522457446  
0.1307965494  
-0.1250698827  
0.1487081572  
0.1773178137  
0.3931982512  
0.1348729457  
0.18238889  
-0.124746173  
0.31884956  
0.3887975636  
0.6687930916  
0.6908822116  
0.6313332098  
0.7608778543  
0.9256636491  
0.34102799  
0.3825835785  
0.4281767956  
0.3365580345  
0.104297301  
0.1590612679  
-0.09332952959  
0.1310487131  
0.07064535793  
-0.03862197305  
0.2379462373  
0.2945598892  
0.2148588438  
1.034439321  
0.8570895511  
0.8593675018  
1.255854905  
1.38262913  
1.0246219  
1.135053697  
1.538005654  
1.472080451  
1.042967256  
0.4769573575  
0.3133741537  
-0.06103649726  
-0.5111583109  
0.02469763858  
-0.1745374327  
0.004971677931  
-0.1599433013  
0.1174732655  
0.2174749646  
0.07181294665  
0.294365664  
0.5547013022  
0.1620892942  
0.3962727235  
0.8330502997  
0.1292487775  
0.1912450355  
0.05902280106  
0.149830544  
-0.07117268268  
-0.1214895092  
0.0324188431  
-0.4347460918  
0.1002635232  
-0.05628282606  
-0.3088857109  
0.1921552204  
0.1285339258  
0.3126845572  
0.07676068687  
0.07210858642  
0.1909435373  
0.4600302875  
0.642042  
0.6810915398  
0.5984501183  
0.7678058708  
0.669988371  
0.8323961695  
1.024636689  
1.010511062  
1.006587171  
1.133957171  
1.145010149  
1.008501551  
1.350034031  
0.7622579498  
0.5616313132  
0.1767865386  
-0.1497975122  
-0.4014475194  
-0.1547014611  
-0.07377109969  
-0.2555531315  
-0.2728471555  
0.02233993064  
0.1299876305  
0.7779537267  
0.5804771222  
0.4217408241  
0.2647574229  
-0.04457135369  
0.1824026968  
0.6199031142  
0.2816903992  
0.3752623453  
0.4407004522  
0.1546975023  
0.5241562989  
0.3383632753  
0.3804004528  
0.8321877466  
0.5230409397  
1.000967558  
0.6823572953  
0.6574085719  
0.9474890844  
0.1718497342  
0.1077732139  
0.1430148029  
-0.211904396  
-0.1605839379  
0.2120468955  
-0.2010526817  
0.1736749914  
0.009627710988  
0.3606349837  
0.5271232183  
0.327875602  
0.4695376365  
0.5632896238  
0.2814336079  
0.4184338079  
0.8884156103  
0.7414675842  
0.432742929  
0.5309957498  
0.7920450569  
0.9268660486  
0.8156086451  
0.3957351322  
0.09619574311  
0.9398568013  
0.9122658679  
0.7113269795  
0.6001594518  
0.7916878217  
1.572728312  
0.9067709055  
1.06849736  
1.627698978  
1.419614803  
0.9969446364  
1.360839198  
1.471853753  
0.7130385005  
0.5502179899  
0.05407644545  
-0.6196893346  
-0.6705713232  
-0.451132475  
-0.580019412  
-0.6949247189  
-0.8457925425  
-0.9662840336  
-1.012347558  
-0.8391953531  
-0.6800125283  
-0.9264868763  
-0.294398199  
-0.4378546634  
-0.642452077  
-0.4867722263  
-0.02257421361  
-0.2722247649  
0.1733757071  
0.1539057328  
0.5816562639  
1.077835511  
