4419.630579  
4416.225301  
4411.746994  
4406.834401  
4401.426284  
4394.38278  
4389.081808  
4390.458033  
4393.562073  
4394.583244  
4402.639867  
4396.914075  
4391.4087  
4393.168874  
4386.020563  
4387.608676  
4387.357213  
4388.831354  
4384.639472  
4384.07428  
4387.35409  
4390.13836  
4392.991713  
4399.646269  
4396.730357  
4392.568694  
4398.337378  
4403.96317  
4401.030004  
4409.202565  
4406.403212  
4403.240573  
4399.733248  
4410.982927  
4414.470183  
4415.723213  
4416.648799  
4401.774938  
4393.465681  
4382.39061  
4379.996702  
4377.515731  
4385.626246  
4381.896442  
4379.414089  
4381.810782  
4377.513308  
4382.333441  
4394.021246  
4391.921209  
4389.11954  
4392.458958  
4398.416147  
4407.707007  
4403.319129  
4400.345126  
4403.645608  
4404.477381  
4410.695247  
4408.749876  
4400.405506  
4395.485494  
4393.827118  
4402.737505  
4392.778982  
4384.554483  
4383.291081  
4384.988506  
4392.795165  
4402.095379  
4392.096541  
4386.845028  
4390.533573  
4389.867795  
4402.012462  
4395.379007  
4391.294202  
4396.048055  
4395.366259  
4400.09628  
4393.79964  
4388.781114  
4386.998794  
4390.038767  
4390.666885  
4395.191876  
4383.235757  
4383.609465  
4393.174091  
4392.168434  
4401.949315  
4400.042691  
4400.879971  
4405.606427  
4401.247898  
4400.279683  
4398.836792  
4401.818206  
4404.751274  
4412.88611  
4395.697041  
4390.987809  
4406.833021  
4423.368968  
4425.440876  
4415.090748  
4407.807891  
4409.681995  
4416.647416  
4422.613545  
4410.110573  
4410.897378  
4407.236119  
4396.67303  
4396.841036  
4394.332918  
4402.794049  
4402.391573  
4424.86875  
4417.836878  
4411.576196  
4429.862469  
4423.458839  
4422.347747  
4416.138052  
4407.433397  
4407.037667  
4409.270535  
4405.738082  
4404.674668  
4405.253497  
4402.985992  
4400.001414  
4406.338405  
4403.66549  
4412.338066  
4408.878924  
4418.178292  
4415.091016  
4414.211623  
4417.341508  
4415.591718  
4408.628401  
4409.460268  
4416.160556  
4403.36592  
4400.170278  
4403.005174  
4409.066288  
4414.437415  
4421.447203  
4432.129142  
4420.528053  
4421.25082  
4422.951509  
4438.106972  
4429.040927  
4426.982616  
4430.211538  
4424.43615  
4419.979408  
4413.668634  
4411.476822  
4412.944814  
4415.183611  
4411.217961  
4417.576642  
4423.577223  
4421.003656  
4425.310383  
4429.702617  
4422.769368  
4416.125277  
4407.995673  
4405.62095  
4406.781852  
4404.873402  
4399.031066  
4406.985597  
4401.094773  
4399.789216  
4396.485065  
4393.193465  
4385.32644  
4387.529459  
4386.779633  
4394.620742  
4395.435753  
4400.4242  
4400.824734  
4403.396464  
4398.054785  
4405.363527  
4401.520343  
4398.553808  
4398.780281  
4404.351195  
4407.723348  
4415.806873  
4409.546293  
4413.415676  
4406.97153  
4411.478665  
4409.403517  
4408.586527  
4398.772303  
4393.038432  
4394.014737  
4393.921071  
4397.739788  
4401.764616  
4408.479737  
4400.997971  
4410.259648  
4414.205516  
4415.632815  
4424.025256  
4430.55757  
4426.43183  
4438.462785  
4437.586226  
4440.669578  
4437.756902  
4435.746406  
4426.690716  
4423.226355  
4424.753427  
4411.161292  
4407.470761  
4403.927013  
4401.901157  
4400.053241  
4401.923843  
4397.357425  
4397.107229  
4395.610666  
4404.92643  
4407.132324  
4409.724891  
4407.805156  
4420.994212  
4420.797812  
4422.677385  
4424.303244  
4418.947367  
4421.060677  
4412.761992  
4419.845245  
4419.907306  
4415.091436  
4405.460793  
4401.043353  
4401.942391  
4403.438372  
4411.59719  
4418.633822  
4422.475462  
4427.496775  
4430.81968  
4440.694681  
4442.495041  
4435.783708  
4431.826597  
4424.555335  
4425.797154  
4418.574752  
4411.590457  
4405.51019  
4400.892672  
4396.610193  
4396.643044  
4393.807713  
4393.843378  
4393.972277  
4395.978493  
4400.634714  
4409.321803  
4412.785579  
4413.756217  
4416.15343  
4417.742515  
4417.974978  
4414.107029  
4418.709424  
4417.068933  
4408.128332  
4411.931048  
4410.242273  
4413.261553  
4418.817229  
4424.355577  
4415.950716  
4411.87335  
4415.65245  
4415.274462  
4431.53075  
4437.92338  
4432.386115  
4441.615511  
4438.880348  
4431.449819  
4421.588806  
4424.89918  
4421.492256  
4423.729913  
4415.081057  
4421.262499  
4415.847084  
4408.695727  
4409.13943  
4414.464354  
4414.810727  
4416.486405  
4410.699471  
4412.926403  
4414.639855  
4418.44145  
4420.72141  
4424.697701  
4426.22752  
4425.273615  
4420.917891  
4418.535322  
4413.802299  
4415.453036  
4411.498235  
4404.83907  
4406.079467  
4415.943807  
4415.531327  
4419.779736  
4424.199809  
4422.686923  
4426.169537  
4432.740852  
4426.858866  
4424.220652  
4419.029873  
4428.02125  
4427.305101  
4425.988676  
4424.155065  
4426.316323  
4425.244781  
4433.230697  
4424.600936  
4431.036181  
4431.787772  
4422.499511  
4420.399158  
4414.186716  
4418.913803  
4415.551264  
4417.741758  
4412.982602  
4412.462516  
4419.787405  
4419.530802  
4416.804026  
4413.78428  
4408.575808  
4410.227804  
4406.254254  
4406.751333  
4405.932976  
4404.422639  
4405.261422  
4413.387421  
4411.000401  
4409.97962  
4414.225987  
4411.718854  
4418.403746  
4414.44761  
4413.978583  
4408.496382  
4404.819675  
4411.333975  
4419.270136  
4411.372784  
4413.340685  
4419.760785  
4417.706573  
4414.309694  
4413.707759  
4411.727254  
4417.301587  
4418.122155  
4419.585676  
4419.589825  
4420.641115  
4415.944624  
4421.396573  
4419.836475  
4421.072493  
4419.864504  
4420.424701  
4420.138916  
4415.767918  
4422.865672  
4424.649935  
4421.51568  
4417.389435  
4418.808125  
4419.834543  
4420.542994  
4416.039647  
4416.658456  
4411.580966  
4408.400709  
4405.947206  
4409.457154  
4407.829126  
4417.576266  
4412.40673  
4416.512592  
4417.663133  
4413.304901  
4414.680952  
4414.79316  
4414.15057  
4416.439529  
4414.23354  
4413.375946  
4411.128215  
4416.254219  
4420.708895  
4413.118232  
4416.84863  
4413.464562  
4424.493314  
4424.459296  
4423.821768  
4425.289036  
4422.013273  
4424.522486  
4429.520246  
4425.228363  
4420.817225  
4421.007262  
4413.874277  
4419.966535  
4417.301881  
4411.445516  
4406.141447  
4403.456516  
4406.715331  
4411.643422  
4413.667208  
4408.883238  
4426.154941  
4425.509355  
4427.933071  
4427.622277  
4431.852715  
4426.687392  
4424.782452  
4430.733714  
4423.522038  
4422.599708  
4416.18435  
4414.062454  
4417.108353  
4408.78586  
4409.721373  
4410.298666  
4416.15357  
4404.842759  
4421.196881  
4421.709287  
4414.563875  
4416.625756  
4413.470746  
4416.86201  
4412.239293  
4424.415888  
4409.908508  
4411.134297  
4408.46686  
4412.530168  
4411.468019  
4411.46153  
4419.371295  
4412.61088  
4416.977041  
4417.860778  
4416.844356  
4417.407019  
4421.13639  
4425.900716  
4413.950722  
4418.3069  
4413.985779  
4421.718378  
4428.517844  
4423.312088  
4419.54524  
4424.360853  
4423.617837  
4426.494251  
4432.064604  
4427.161994  
4424.775153  
4429.339453  
4425.672978  
4431.900687  
4437.746589  
4431.617565  
4426.64405  
4425.002057  
4417.640844  
4415.799362  
4421.239932  
4414.244229  
4412.704483  
4410.67424  
4412.709562  
4416.74158  
4423.651877  
4423.812314  
4423.244358  
4420.516938  
4424.665844  
4429.563226  
4431.639213  
4426.831827  
4428.071451  
4423.039654  
4421.298124  
4429.445732  
4428.689625  
4427.332463  
4430.313288  
4429.107003  
4431.490075  
4430.510282  
4425.820805  
4436.605451  
4430.056717  
4422.435233  
4422.214155  
4421.30798  
4422.583181  
4427.41724  
4419.735224  
4422.686619  
4428.133165  
4427.868906  
4433.426246  
4430.363399  
4422.482249  
4428.523837  
4425.016931  
4432.76712  
4442.171855  
4436.213814  
4431.394721  
4431.789893  
4430.828342  
4426.950181  
4428.101838  
4422.132764  
4421.251562  
4432.559735  
4434.691596  
4424.493414  
4414.58645  
4414.366703  
4424.197818  
4411.663304  
4409.128869  
4413.425598  
4406.448935  
4399.714388  
4402.760673  
4408.077951  
4400.457423  
4405.431729  
4408.215276  
4401.799956  
4406.777065  
4407.553548  
4405.150927  
4403.651839  
4404.25401  
4401.540125  
4400.890455  
4398.942801  
4398.774807  
4400.861601  
4403.132479  
4402.016069  
4398.514235  
4402.421512  
4406.038381  
4404.757422  
4407.562215  
4409.541327  
4417.971241  
4420.081866  
