1.105569534  
0.9288042222  
0.4319493019  
-0.2054145989  
-0.08170517224  
-0.2463306726  
-0.02497072671  
0.6143218352  
0.2714712451  
-0.1881334558  
-0.4767465546  
-0.7691432164  
-0.9161180669  
-0.5477768446  
0.3560582788  
-0.5370432977  
-0.7661946016  
-0.5642844855  
-0.3184759034  
-0.4659540536  
-0.3190765104  
-0.643795729  
-0.3255784592  
-0.4791831188  
-0.2966974693  
-0.5320922566  
0.1178066644  
0.2979533853  
-0.3976751754  
-0.5451474175  
-0.5368489929  
-0.5933759177  
0.3695562209  
0.1764222277  
-0.4729950712  
-0.6493402409  
-0.237850525  
0.1213383855  
-0.3352334834  
-0.2098764762  
-0.5711061725  
0.4321634206  
0.2070085468  
-0.1784562231  
-0.2632964243  
-0.368807916  
0.1873760211  
0.5151460536  
0.1189544392  
-0.04514502649  
-0.2180154256  
0.457680793  
0.4465316802  
-0.2223871358  
0.07709533219  
-0.2165478334  
0.2252184722  
0.4427584605  
0.02516573376  
0.08606799838  
0.06625464888  
0.1269121802  
0.7841579284  
0.4065231076  
0.1215808797  
0.02935105365  
-0.1185645543  
0.781079412  
0.4992234887  
0.1381473361  
-0.2437736044  
-0.2754971428  
0.1369229387  
-0.272010729  
-0.4611967553  
-0.0360500938  
-0.2283612337  
0.3936750102  
0.6717273582  
0.4605335435  
0.4530833527  
0.3944470102  
0.4297351688  
0.422500462  
1.123880216  
0.6640236541  
0.2897834973  
0.3402351774  
0.5838995381  
0.4115315916  
0.5869687904  
1.11064943  
0.3411027996  
0.1966272012  
0.07348115189  
0.276268866  
0.05351681143  
0.02751642018  
-0.1777452301  
-0.1203374437  
0.002397583118  
-0.1953155917  
-0.3065427165  
-0.08934855195  
-0.1342677233  
-0.5445445839  
0.3283294324  
0.4653077153  
-0.711206953  
-0.433294703  
-0.5768174224  
-0.5181619948  
-0.5139609908  
-0.3526256238  
-0.3550846193  
-0.2285364333  
-0.4592132243  
-0.09866400117  
0.00328884432  
0.02027627805  
-0.1486599673  
0.2186240834  
0.3058524307  
1.024613526  
0.9242535008  
0.8546987404  
0.6133194874  
0.5159472099  
0.2402975306  
1.329406347  
0.5961944332  
-0.01462478915  
-0.2933940951  
-0.06266690087  
0.3088693901  
0.4571327993  
0.6909023467  
0.7274233087  
0.4713562975  
0.6979794971  
0.4816606204  
0.4248852691  
0.4581561675  
0.2623188843  
0.153565361  
0.2592369261  
0.121636758  
0.3929623692  
0.1897738568  
0.4086561203  
0.1070437369  
0.4426411461  
0.2179818021  
-0.3527753144  
-0.682449712  
0.01194603814  
-0.2121447998  
0.4087217129  
0.3697104164  
-0.5429271755  
-0.3991370669  
0.03806972434  
0.1555955896  
1.10031115  
0.8675720792  
0.4085113371  
0.5499190389  
0.5610195684  
0.5512753547  
0.5134366614  
0.3336398599  
-0.1537652703  
-0.1900421158  
0.2518814813  
-0.4957861826  
-1.071754487  
-0.2092449027  
-1.045641477  
-1.183526738  
-0.3113367091  
-0.2612674008  
-0.9933977966  
-1.142988758  
-0.8098706394  
-1.019136848  
-0.6798592114  
-0.5198726291  
-0.8089360711  
-0.7247371119  
-1.377839168  
-1.577131304  
-2.145616701  
-2.019831397  
-2.134741819  
-1.666387015  
-1.478982354  
-1.074507176  
-1.217388784  
-0.8130142912  
-1.217888828  
-0.9596940628  
-1.227657793  
-0.4429213039  
-0.3811722821  
-0.5983541556  
-0.4133888682  
-0.08886893044  
0.1988878308  
0.3113891665  
0.1182651771  
0.0420302152  
-0.1341546029  
-0.4562189326  
-0.3022653937  
-0.1721569123  
-0.2302045509  
0.05326910827  
0.1666772184  
0.0926889709  
-0.07275735329  
0.03453419449  
-0.2050257643  
0.03261042088  
0.07571860382  
0.2776328022  
0.05907458878  
0.01691048372  
0.03227903388  
-0.151897048  
-0.2670582409  
-0.2984094533  
-0.7662639114  
-0.5627771337  
-0.7461940264  
-0.6353573386  
-0.7473447623  
-1.17084881  
-1.251989718  
-1.188843211  
-1.197868238  
-1.144790434  
-0.9632086521  
-0.7690201535  
-0.4738570619  
-0.5475306573  
-0.442434092  
-0.3793390694  
0.1218467225  
0.2177760715  
0.1816597215  
0.3193623007  
0.3308356614  
0.2257052382  
0.3068016327  
0.2031380017  
0.4106129485  
0.1737737832  
0.1893333972  
0.3453696542  
0.3118006773  
0.3732443981  
0.2014955899  
-0.1534808938  
-0.3578838727  
-0.5012449068  
-0.8483493342  
-0.9106766682  
-0.8295153951  
-0.7530319175  
-0.6304185796  
-0.04351446147  
0.09543666518  
-0.05794589437  
-0.01265254319  
-0.1242225374  
0.03561445162  
0.1964649539  
0.2595673007  
0.1983110554  
0.3293969305  
0.4163581883  
0.5671343883  
0.9941926138  
0.7099853701  
0.6071378603  
0.5948376194  
0.5958385186  
0.5258734937  
0.09637880298  
-0.07409825123  
-0.3394848493  
-0.4013817589  
-0.1955355237  
0.03323498859  
-0.005974090281  
0.1496027736  
-0.09892276534  
-0.01623290502  
-0.43433718  
0.3789643752  
0.4647216869  
-0.4370896996  
-0.3206401251  
-0.2739794638  
-0.2235799641  
0.1544367435  
0.175386152  
0.2928211634  
0.2539691414  
0.4254517456  
0.4050142565  
0.7308557463  
0.2348358414  
0.2922665509  
0.1706836613  
0.09181763067  
0.2208790394  
1.924242278  
2.496165392  
1.82583116  
1.882847666  
1.399025075  
0.8946196633  
0.1348452818  
0.2192693426  
-0.3381200934  
-0.1292352528  
-0.3548661464  
-0.1440992636  
-0.05374545214  
0.4119457217  
0.7889674222  
0.4708512611  
1.121965463  
0.9401756734  
1.020966257  
0.6693781014  
0.1116074767  
0.08064742655  
-0.1036491877  
0.02954341215  
0.4920200995  
-0.02082257307  
0.1151111509  
0.1527272446  
-0.2025456004  
0.1136618359  
-0.2228681395  
-0.08437946592  
-0.3213131638  
-0.2691252252  
-0.4798325657  
-0.4734868011  
-0.5674794055  
-0.8586326175  
-0.9647734275  
-0.8616581897  
-0.8598206828  
-0.6847610043  
-0.6741392347  
-0.4481198757  
-0.1610884331  
-0.04294393531  
-0.12767787  
-0.1765029324  
-0.06456849457  
-0.09473462869  
0.02477322332  
0.1707223843  
1.235680751  
0.9055096703  
0.5892962843  
0.3620991531  
0.4002901407  
0.335045725  
0.5397265537  
1.508487213  
1.114325356  
0.5138138087  
0.6085277472  
1.29206896  
0.7743297473  
0.6267633566  
0.6215093665  
0.533500849  
0.6284157679  
0.9423848456  
1.696173001  
1.358638789  
1.078921435  
0.7644010972  
0.4087829177  
0.225561222  
-0.100056662  
-0.2412823983  
-0.6067673337  
-0.5420299791  
-0.2263198079  
-0.3744513248  
0.6668378087  
0.4853469876  
0.1449325098  
0.2577281179  
0.5011404789  
0.7085405851  
0.4757597553  
0.4725906758  
0.2329095713  
0.6046331074  
0.6242467367  
0.5955130527  
0.06894853054  
-0.1184736278  
0.06955787531  
0.2186431373  
0.0624696515  
-0.3182308645  
-0.3678352645  
-0.5324737878  
-0.9282501023  
-0.9761131631  
-1.357940283  
-1.309526417  
-1.113836263  
-0.5020332336  
-0.2029780432  
-0.06606460456  
-0.2833065371  
-0.2936585337  
-0.2898165359  
-0.4018585152  
-0.266331936  
-0.2924516709  
-0.01860025349  
-0.1447866355  
-0.01834106262  
0.6523492044  
0.1990806538  
0.4929012018  
0.08160787381  
-0.6236304073  
-0.9681284102  
-0.7887750911  
-0.5268297413  
-0.5495179891  
-0.457533322  
-0.5963850976  
-0.3996343485  
-0.3358434161  
-0.5111778482  
-0.01538715802  
-0.09269065096  
-0.266493472  
-0.1512748251  
-0.3806773461  
-0.3075063391  
-0.1748426626  
-0.04279258941  
0.4495778071  
0.1767628403  
-0.01024828548  
-0.2486428056  
-0.04843313768  
-0.4838375794  
-0.6386541681  
-0.1730693313  
-0.1070869252  
-0.2394086804  
-0.1312900054  
-0.2819545681  
-0.1895431356  
-0.06178891108  
0.1577556026  
0.2380800092  
-0.05971401113  
-0.02701846166  
-0.06789107847  
-0.133393155  
-0.1021651656  
-0.2323248878  
-0.1969087379  
-0.4680485723  
-0.3850494232  
-0.6679304527  
-0.663137075  
-0.8503729536  
-0.9080364938  
-0.7036924715  
-0.6429924015  
-0.5522474551  
-0.3053333485  
-0.0001798307242  
0.2920354067  
0.03858435393  
-0.1256255978  
-0.02953322205  
-0.1279286268  
-0.1605547927  
0.124053376  
0.2474642562  
0.4271146798  
0.3722531875  
0.5230064411  
0.7663136437  
1.020609559  
0.9309552888  
1.351751254  
1.000573165  
1.044023703  
1.140327931  
1.131830477  
0.634772973  
0.4531148029  
0.4621718739  
0.1918388284  
0.209671678  
0.3666396112  
0.5083171483  
-0.01688329016  
0.1882583889  
-0.04427523342  
-0.1617562234  
-0.4578202142  
-0.9349423944  
-1.144463414  
-1.306797308  
-1.516237491  
-1.645003982  
-1.375764561  
-1.132393649  
-1.032238817  
-0.4596137803  
-0.4570472067  
-0.09931911802  
0.9321776864  
0.8661786385  
0.4674054835  
0.4528543099  
0.2108544754  
0.2784296453  
0.2209740453  
0.2818588491  
0.07915429635  
0.006133687303  
0.1152508722  
0.2381198262  
0.1655578163  
0.597756911  
0.8030031198  
1.362313177  
1.127417455  
1.299762462  
1.469597253  
1.09704314  
0.7473411932  
0.734335653  
0.4735502669  
0.79673274  
0.5699593457  
0.4942921613  
0.6880420625  
0.4579265556  
0.3920091983  
0.2216864836  
-0.1563560424  
-0.2225507637  
-0.7088757478  
-0.9216123674  
-1.302627228  
-1.160191109  
-1.471647025  
-1.24105356  
-1.012967086  
-0.9530449604  
-0.7977021102  
-0.6588702614  
-0.4638471613  
-0.2522730033  
-0.5358021528  
-0.3989090019  
-0.6701171203  
-0.2769977588  
-0.4900338814  
1.013217563  
1.841460007  
1.726291338  
1.274264226  
1.287341482  
1.629699893  
0.886817543  
-0.0057100813  
0.8643411291  
1.123136727  
0.8623710224  
0.1048415323  
-0.738327147  
-0.862770624  
-0.2391268496  
0.7540402086  
-0.08059400669  
1.070943986  
0.8256257263  
0.4869390694  
0.4025016386  
0.4535702897  
0.07022749952  
0.05878922617  
-0.06755921527  
0.01006266206  
-0.02298755775  
0.3789524128  
-0.02599695517  
0.02004963503  
0.01537658945  
0.06019836966  
-0.08629719883  
0.009119612505  
-0.05570975162  
-0.07431572998  
-0.1675181136  
-0.1579000159  
0.01217122427  
0.04652635916  
0.1517644541  
1.271951309  
1.746806437  
1.51734457  
1.528873145  
1.817265225  
1.061788987  
0.5153287017  
0.3002060482  
0.2624526912  
0.3584558748  
-0.2525076586  
-0.1634266892  
-0.3859694357  
-0.215974009  
-0.01439879625  
0.5560062348  
0.08050777609  
-0.1618203178  
-0.4785615174  
-0.2964887682  
-0.4560237328  
-0.3567014433  
0.5063531738  
0.5004516679  
0.4739443292  
0.09631360178  
-0.2022132467  
0.05191172305  
0.6113338633  
0.1382635929  
-0.1731335679  
-0.3240030295  
-0.6162474746  
-0.7362096261  
-0.7646954786  
-0.7782266962  
-0.01132419336  
-0.5250994028  
-0.9456175497  
-0.9548358986  
-1.104199719  
-1.18206344  
-1.26758475  
-1.469255709  
-1.465692899  
-1.284193361  
-1.34599254  
-1.564252417  
-1.251019846  
-1.249576869  
-0.9917417365  
-1.333364542  
-1.324775649  
-1.26371069  
-1.102999766  
-0.7988809171  
0.3573686185  
-0.3631202078  
-0.7551589175  
-1.217551452  
-1.280989771  
-1.614298012  
-1.524608771  
-1.786222599  
-1.408483403  
-1.64488315  
-0.5374623233  
-0.4659401654  
-1.366243297  
-0.9039992173  
-0.6583373588  
-0.5961795484  
-0.5428863447  
-0.5316115446  
-0.436142985  
0.1497074254  
0.1631662875  
0.4791430357  
0.6438219875  
0.3942954962  
0.1890147819  
0.2783552807  
0.04050487318  
0.1315620568  
0.4577492535  
0.4447503909  
-0.01072465978  
0.08120291715  
-0.2856675424  
-0.4190211709  
-0.5914988705  
-0.5762383171  
-0.7458539604  
-0.7031435187  
-0.7278553884  
-0.2374495487  
-0.6928484155  
-0.8844088899  
-0.8624233647  
-0.8705833087  
-0.7679543017  
-0.786551096  
-0.8430642961  
-0.8538042796  
-0.8578304025  
-1.06441176  
-1.336667  
-1.496833404  
-1.527505325  
-1.378132225  
-1.436095574  
-1.325266011  
-0.8771428091  
-0.7082605892  
-0.7270916435  
-0.8609428993  
-0.5950775758  
-0.383384082  
0.07526130531  
-0.07264254891  
-0.3235822834  
-0.1127384593  
0.27599795  
1.09164766  
0.7889690494  
0.4433119524  
0.321070117  
0.2842279548  
0.1106327333  
-0.07145768504  
-0.1234504286  
-0.4117696181  
-0.3010976361  
-0.433307455  
-0.2892402225  
0.05680541222  
-0.2050785871  
-0.2409042344  
-0.7964670178  
-0.9041783187  
-1.179220391  
-1.051369235  
-1.085597059  
-1.32267863  
-1.408033458  
-1.451979806  
-1.398173976  
-1.192615258  
-1.290756746  
-1.426308102  
-1.334789409  
-1.319399444  
-1.130917108  
-0.9277721335  
-0.8788592715  
-0.9028834994  
-0.9073182639  
-0.4304218241  
-0.1701901769  
-0.3508310454  
-0.4064894908  
-0.5025412159  
-0.098485443  
0.4909646254  
0.4215326211  
0.4469273041  
0.008105151891  
0.2183509918  
0.2114004599  
-0.05518141751  
-0.2252301374  
0.2598034021  
0.2980180313  
0.1922273679  
0.07281144236  
-0.1169624702  
-0.05893128795  
-0.1730948845  
0.1932309422  
-0.152479778  
-0.1512669987  
-0.3375979917  
-0.6139356063  
-0.4073906201  
-0.4783208118  
-0.187717136  
0.2784338412  
0.2888908959  
-0.01126535136  
-0.188737345  
-0.1860817392  
0.07574937459  
0.2547634459  
-0.1250460584  
0.03803466088  
-0.3098448864  
-0.2199775557  
-0.08308314523  
0.3450790979  
-0.2197538406  
0.006910128607  
0.02946685856  
-0.1531702346  
-0.1280263719  
-0.3721937172  
-0.369041604  
0.3597814497  
0.7098567795  
0.08226481977  
0.4549333051  
0.7801889653  
0.2700219454  
0.2315197276  
0.09304881425  
0.4709523716  
0.07373511785  
-0.2069217007  
-0.3022493496  
-0.5225485926  
-0.1471218355  
-0.5611956523  
-0.7447306899  
-0.7869823747  
-0.8453743298  
-0.8667800114  
-0.2522235714  
-0.3811549475  
-0.3586069252  
-0.2626387783  
-0.2688583546  
0.2708698703  
0.333352406  
-0.2078227573  
-0.1384340233  
0.04724985411  
-0.2835725782  
0.2118288191  
-0.08883851014  
-0.3043254995  
-0.5310973523  
-0.3499408778  
-0.2568441464  
-0.2442965488  
0.2271431578  
-0.09942372611  
0.697322371  
0.6197220032  
-0.03030793516  
0.1709607206  
-0.211852815  
-0.1559243324  
0.2475539841  
-0.1121136028  
-0.5537468447  
0.005086089252  
-0.2931712307  
0.2358247886  
0.3610649845  
-0.0918332866  
0.1254035917  
-0.2962959125  
-0.06219974847  
0.286615851  
-0.03020655251  
-0.1591749287  
-0.514022649  
0.5200223778  
-0.03456577557  
-0.1624176102  
-0.3240851195  
-0.5588570024  
-0.11645594  
-0.02494870976  
-0.3803284298  
-0.5847559844  
-0.2238456098  
-0.1710441566  
-0.7315012516  
-0.6059043369  
-0.6904867825  
-0.6903485946  
-0.7244396261  
-0.6469787597  
-0.666121649  
-0.8526200518  
-1.03724087  
-1.470296822  
-1.684902405  
-1.276949771  
-1.357786429  
-1.328676294  
-1.640163981  
-1.492509211  
-1.43981902  
-0.9909908339  
-1.145739436  
0.3392421476  
-0.1796626553  
-0.3388149299  
-0.2689569743  
-0.6969366408  
-0.647858101  
-0.993969955  
-0.5405168959  
-0.3423204319  
-0.1912565308  
-0.2094773683  
-0.1727140216  
-0.006982426454  
0.1870230558  
1.132885731  
0.7918936607  
0.1799817164  
-0.02236029342  
0.1773218298  
-0.06015883764  
0.03895418944  
1.426473318  
1.31607905  
0.6929090974  
0.561865199  
0.3431897301  
0.3722528009  
0.7387926728  
0.2241268583  
-0.0148003776  
0.3062060289  
0.8345219742  
0.4667310783  
0.4560008958  
-0.02544769689  
0.1226025472  
0.828736232  
0.3964987356  
0.5340168529  
0.2935453113  
-0.6198025908  
0.1815257529  
-0.1216872798  
-0.4895431608  
-0.7622125428  
-0.8431232636  
-0.7665123346  
-0.5425126962  
-0.3204539532  
-0.2653927462  
-0.4898533813  
-0.387694239  
-0.5066458202  
-0.1099480702  
0.01050462977  
-0.05432826868  
0.1142160096  
1.372313135  
0.955689639  
0.5836008882  
0.1751406693  
0.6804620283  
1.360017748  
0.3114219184  
1.26639615  
1.272672309  
0.2989537637  
-0.04777591502  
-0.04181098318  
0.5513135  
0.6693849534  
0.2057748387  
-0.07872733275  
-0.4491626483  
-0.7057857625  
-0.3622043749  
0.09395507272  
-0.4031892501  
-0.9804129096  
-0.932523767  
-0.9786014777  
-0.9970128896  
-1.112596875  
-1.178784903  
-0.5128460167  
-0.192275721  
-0.9963821861  
-0.5854733886  
-0.6823610046  
-0.5287155684  
-0.9758351311  
-0.5228221372  
-0.6203973731  
-0.6723288551  
-0.6107102645  
-0.5768457046  
-0.4619252196  
0.3806995436  
-0.0003913295321  
0.07555337256  
-0.1206973262  
0.03987897741  
0.1743987349  
0.5051685029  
0.3801188941  
0.8025146799  
1.538006123  
0.5025077293  
1.078001751  
1.436334846  
0.4070596528  
1.402184688  
0.5878713661  
0.7854002008  
1.307263904  
0.3280696327  
0.7328720697  
0.2533023759  
0.4710835055  
0.6520077822  
0.04504128041  
-0.2928510451  
-0.5294837369  
-0.1024164784  
-0.01071086575  
-0.3999784446  
-0.2846905744  
-0.6926980032  
0.3190988651  
0.01270759039  
0.168680541  
0.09099063574  
-0.3403248762  
0.4981615722  
-0.05575369221  
-0.3799326217  
-0.3806838322  
-0.4905161027  
-0.3427640676  
0.3024792715  
-0.06568712282  
0.06312874641  
0.9062530082  
0.4433489312  
0.4824574717  
1.137865691  
0.8929804308  
0.5325274595  
0.2311737812  
0.3950656293  
0.5711106162  
0.6047185463  
0.9875000001  
0.5996545086  
0.753591327  
0.9335896679  
0.9086792642  
0.8523841542  
0.7613884943  
0.8782438639  
0.8634784765  
1.696635774  
1.860986008  
1.234113671  
1.032433833  
0.948536391  
1.772150401  
1.465902378  
1.235877807  
1.409676131  
0.3787080673  
0.1929553867  
0.5954549947  
0.7322406899  
1.109295578  
0.2196833721  
0.645217942  
1.192044774  
0.01100308442  
-0.3547892131  
-0.2981031921  
-0.3347346625  
-0.1638709722  
-0.3910593766  
-0.4681042868  
-0.670811752  
-0.6776369171  
-0.7212030003  
-0.8437071022  
-0.654345915  
-0.6577125641  
-0.4080713214  
-0.5442001612  
-0.4655828052  
-0.3355275452  
-0.01724830554  
-0.2005710024  
0.1115915171  
0.2336277055  
0.1416167686  
0.3415650169  
0.5707075374  
0.3989728068  
0.99327014  
1.280911738  
0.7237413038  
0.2066897307  
0.08925555532  
0.3449943586  
0.3255451608  
0.510321695  
0.7044741216  
0.04098244938  
0.2318597194  
0.3315977166  
0.1527538973  
0.6825794126  
1.168491851  
0.3584967308  
0.2440985496  
0.2364301046  
0.1496017532  
0.2765611736  
0.3635066557  
-0.03905412427  
-0.02023576156  
1.13147505  
1.159586093  
2.19139588  
1.723501664  
1.652465015  
1.383705874  
1.311807717  
1.368346218  
1.965649408  
1.274485794  
1.322233157  
1.85971905  
0.6958001832  
0.4902804902  
0.7438056551  
0.57165502  
0.8715850818  
1.569283538  
1.337959874  
1.159422127  
0.8266618336  
0.6631535526  
0.8388498508  
1.328274246  
0.4056098344  
0.3288582633  
0.4174393809  
0.3058447603  
0.789214477  
0.7058397919  
0.551945921  
0.7032376796  
0.3299571127  
1.093658703  
0.9155634297  
1.050846809  
0.9063553356  
0.7350637887  
1.079882746  
0.9979700487  
1.097671121  
0.9595621081  
0.8895774395  
1.017765006  
1.117790307  
1.340985924  
1.14762978  
1.486804141  
1.323921576  
2.212200546  
2.41719252  
1.43668905  
1.840977549  
2.169935455  
