4410.672613  
4400.774065  
4400.985305  
4403.165899  
4404.608738  
4385.611923  
4401.507039  
4401.585034  
4399.558484  
4396.625215  
4402.552139  
4391.039884  
4379.379274  
4376.024713  
4386.347915  
4379.563556  
4384.770227  
4374.248291  
4367.459494  
4361.221453  
4373.761186  
4371.823274  
4385.585123  
4396.566501  
4416.146978  
4425.936497  
4399.61416  
4410.947095  
4410.46634  
4404.326368  
4392.38625  
4381.743563  
4384.911097  
4396.00255  
4379.688926  
4385.85727  
4377.88105  
4387.770644  
4389.035122  
4413.508022  
4387.131008  
4388.050661  
4379.649887  
4391.849167  
4378.474536  
4385.429447  
4391.03742  
4416.372815  
4403.692229  
4379.007516  
4394.166075  
4399.098863  
4409.561933  
4370.801537  
4381.083406  
4377.920292  
4380.121455  
4385.122472  
4378.831344  
4376.758034  
4377.623957  
4378.723465  
4372.709206  
4375.398782  
4378.54653  
4382.342471  
4379.94398  
4372.810609  
4377.468892  
4377.41529  
4376.852345  
4385.638679  
4393.139899  
4391.899818  
4401.989846  
4376.555232  
4380.162357  
4373.809323  
4377.364885  
4378.247054  
4400.876316  
4385.76015  
4377.135937  
4366.782008  
4362.514283  
4373.033832  
4373.774288  
4376.769882  
4386.837976  
4382.085365  
4399.386236  
4407.12961  
4395.723123  
4403.465564  
4417.178538  
4405.682895  
4405.258027  
4403.094886  
4396.988617  
4413.557441  
4412.454193  
4417.836943  
4421.894993  
4415.597905  
4406.763265  
4401.127349  
4391.668924  
4386.313929  
4378.152311  
4385.440889  
4371.783247  
4372.326725  
4393.123064  
4389.324257  
4390.112327  
4392.495164  
4384.174584  
4380.62649  
4391.719159  
4394.851648  
4385.944789  
4379.961873  
4378.217111  
4382.646264  
4386.82958  
4384.571419  
4379.083977  
4392.400017  
4381.975404  
4376.854395  
4371.567379  
4368.180621  
4367.101829  
4361.456963  
4375.841178  
4383.321438  
4391.860264  
4395.804299  
4405.635687  
4400.048806  
4409.034394  
4406.107912  
4419.474496  
4415.246886  
4411.001917  
4409.140619  
4417.09971  
4426.514578  
4404.188433  
4417.617388  
4409.171682  
4406.117574  
4406.311936  
4400.120894  
4395.343335  
4399.23121  
4395.539277  
4394.003892  
4396.391913  
4396.841939  
4398.889241  
4396.867449  
4388.174589  
4394.18977  
4387.941741  
4386.195933  
4392.329961  
4372.94796  
4378.172431  
4386.944523  
4390.951395  
4392.362536  
4404.281761  
4399.884924  
4390.597226  
4397.79617  
4397.120663  
4398.44824  
4401.922112  
4399.31987  
4403.360444  
4399.031562  
4409.252326  
4418.576536  
4412.107695  
4410.347884  
4410.843805  
4418.250063  
4413.563311  
4408.219317  
4407.178795  
4402.007702  
4395.778419  
4393.150639  
4381.64266  
4396.632533  
4406.094715  
4398.390851  
4404.427474  
4391.201788  
4392.277556  
4385.84481  
4390.676894  
4389.270589  
4386.798283  
4382.094899  
4385.72732  
4390.63178  
4387.923816  
4387.391217  
4386.724611  
4397.038623  
4391.779113  
4391.024587  
4401.5082  
4414.611506  
4407.229001  
4417.628558  
4410.995016  
4416.394322  
4408.570336  
4415.935106  
4421.438861  
4416.170161  
4416.804186  
4407.909943  
4405.20795  
4376.607504  
4364.441508  
4374.696237  
4397.773119  
4394.634254  
4392.640136  
4405.501371  
4401.491054  
4401.731779  
4408.186789  
4400.165639  
4403.924561  
4408.647179  
4396.53806  
4399.349008  
4403.037766  
4404.003054  
4395.723991  
4403.074697  
4411.623724  
4408.493503  
4400.346693  
4405.708025  
4410.979871  
4408.933428  
4409.7297  
4396.861064  
4390.553793  
4394.903152  
4385.214077  
4386.312815  
4390.399906  
4375.210272  
4381.940118  
4400.370941  
4392.66497  
4390.895361  
4394.57021  
4388.088509  
4393.736404  
4404.370412  
4393.723684  
4411.331889  
4407.944056  
4407.314697  
4406.906373  
4410.769439  
4401.48399  
4399.48699  
4392.971806  
4397.610467  
4405.81432  
4405.617242  
4399.874242  
4402.772491  
4405.467776  
4413.91855  
4402.345348  
4407.436214  
4406.80447  
4411.456798  
4410.149307  
4397.839863  
4407.431996  
4412.392795  
4399.119612  
4398.165956  
4397.678381  
4411.091901  
4398.998614  
4399.970088  
4401.90395  
4403.488325  
4397.489213  
4393.703965  
4380.789423  
4374.631915  
4380.43791  
4386.76394  
4381.217623  
4389.591972  
4392.457971  
4391.616292  
4378.355885  
4371.090252  
4381.507809  
4389.255066  
4389.178725  
4383.211464  
4392.254602  
4395.48372  
4398.871734  
4390.104548  
4397.32221  
4404.628151  
4404.765696  
4399.201204  
4391.892639  
4395.633669  
4383.881221  
4394.629364  
4411.61506  
4400.006896  
4407.617324  
4392.659098  
4400.954098  
4408.041156  
4419.295836  
4412.765005  
4389.695866  
4392.224907  
4406.849513  
4399.279972  
4403.320275  
4421.624181  
4427.769164  
4410.766637  
4411.034293  
4409.0425  
4408.871156  
4405.736606  
4395.654926  
4381.771924  
4383.498799  
4404.373898  
4398.370078  
4385.456236  
4375.648744  
4392.796951  
4396.886336  
4399.530803  
4384.692292  
4374.977827  
4363.565109  
4370.856512  
4377.500722  
4380.454606  
4370.696533  
4387.965184  
4379.587748  
4393.033363  
4399.375615  
4411.551217  
4400.577952  
4398.585598  
4397.175644  
4398.892285  
4410.061695  
4400.513611  
4402.220998  
4408.256981  
4407.025296  
4395.959577  
4410.514886  
4419.2416  
4418.852652  
4402.412793  
4407.675025  
4395.553392  
4394.314616  
4394.329577  
4390.245414  
4405.523245  
4401.41573  
4384.926489  
4375.362901  
4376.239103  
4362.038154  
4377.298933  
4383.072766  
4378.973287  
4352.241765  
4360.751668  
4352.111923  
4350.832148  
4352.93275  
4352.552202  
4366.688088  
4373.994153  
4364.121719  
4377.886416  
4385.226709  
4387.070627  
4392.193099  
4393.337727  
4398.275771  
4400.716467  
4400.611881  
4401.337979  
4400.151163  
4409.65666  
4411.227961  
4405.493306  
4406.409023  
4404.683196  
4400.127982  
4397.674873  
4409.499277  
4423.687374  
4429.060638  
4406.823734  
4410.48214  
4408.985768  
4402.171972  
4422.745253  
4417.541061  
4407.00691  
4408.38131  
4400.799327  
4418.967159  
4395.915861  
4403.063117  
4400.349179  
4386.777368  
4385.686953  
4376.782966  
4374.06364  
4376.719428  
4382.426089  
4379.838995  
4369.611868  
4379.545091  
4383.890143  
4392.934276  
4399.728434  
4393.534267  
4398.108511  
4405.74166  
4400.467376  
4396.860808  
4389.622471  
4393.509397  
4398.689114  
4394.28758  
4404.342671  
4419.832217  
4405.355026  
4407.927489  
4413.814103  
4423.762789  
4405.181195  
4411.135258  
4400.604555  
4401.093884  
4401.076013  
4420.608843  
4405.450951  
4404.559532  
4408.632271  
4420.230004  
4417.31192  
4403.021947  
4410.573893  
4399.56667  
4422.348708  
4411.936001  
4398.960654  
4403.398492  
4397.936349  
4417.733102  
4411.048901  
4394.532795  
4400.339304  
4400.849817  
4387.801804  
4401.615275  
4421.867291  
4418.432643  
4407.393244  
4408.531292  
4422.482213  
4399.077582  
4381.123346  
4368.535467  
4364.132672  
4373.783592  
4372.918877  
4381.929695  
4366.161001  
4373.390532  
4372.097478  
4373.836345  
4373.995443  
4371.528774  
4376.198384  
4377.675151  
4375.732427  
4376.311412  
4370.785099  
4382.622002  
4379.404146  
4383.539403  
4381.1775  
4386.051048  
4394.816903  
4391.993293  
4405.257439  
4408.032161  
4398.171934  
4399.656212  
4414.472225  
4410.583962  
4411.315163  
4408.332506  
4409.007987  
4404.274268  
4412.260219  
4417.074398  
4403.956995  
4403.298923  
4408.923905  
4412.112488  
4410.862097  
4407.866161  
4406.358042  
4399.740717  
4404.20856  
4407.195542  
4409.954154  
4425.14128  
4430.581239  
4438.481527  
4425.906824  
4415.553025  
4410.612928  
4398.48705  
4386.374697  
4394.758254  
4381.984593  
4383.700855  
4392.501407  
4390.044825  
4386.639708  
4396.87343  
4405.492649  
4406.395737  
4411.410499  
4418.091182  
4416.270863  
4406.692869  
4412.056971  
4407.883017  
4414.027491  
4405.179294  
4398.814989  
4409.254103  
4393.96468  
4397.13012  
4410.157016  
4405.914877  
4417.933956  
4405.91249  
4408.685802  
4408.987938  
4415.521662  
4406.858527  
4400.844414  
4396.052988  
4394.697551  
4404.55955  
4389.384116  
4396.624156  
4394.015518  
4397.551747  
4409.84551  
4401.12296  
4392.229654  
4391.111767  
4400.71817  
4402.586979  
4398.052418  
4407.813031  
4419.917059  
