3369.180827  
3367.245485  
3366.163538  
3361.884884  
3363.279818  
3361.086805  
3372.121866  
3372.425281  
3371.139836  
3346.260887  
3359.538139  
3351.82792  
3358.37236  
3352.970399  
3361.078448  
3358.145877  
3356.696196  
3364.209409  
3375.834913  
3372.241368  
3370.223564  
3365.14219  
3357.268957  
3363.227475  
3361.784348  
3360.590272  
3372.822588  
3380.448097  
3368.354191  
3365.483322  
3358.594724  
3357.782745  
3360.697986  
3352.599007  
3357.452252  
3355.991314  
3356.851284  
3349.613093  
3355.490373  
3365.456405  
3359.132396  
3361.523835  
3363.827625  
3359.986756  
3351.526843  
3363.1309  
3363.375702  
3376.396121  
3368.593208  
3373.90947  
3370.189764  
3378.579393  
3372.551018  
3375.211684  
3375.221363  
3370.178269  
3369.461772  
3373.140155  
3370.882992  
3369.069774  
3371.438534  
3367.702344  
3378.546285  
3377.00697  
3375.121086  
3368.052329  
3372.613131  
3385.259081  
3371.906645  
3369.647886  
3368.899368  
3363.203701  
3382.895828  
3366.209977  
3364.06393  
3372.432134  
3370.607615  
3376.152016  
3376.038041  
3376.161209  
3380.252998  
3382.01295  
3374.491139  
3377.71894  
3384.168735  
3378.629453  
3377.959088  
3382.233844  
3383.69336  
3385.678799  
3387.726332  
3389.485347  
3378.46036  
3370.7563  
3371.350945  
3364.727211  
3360.713034  
3364.54305  
3368.972879  
3364.813603  
3355.349937  
3349.455522  
3356.509412  
3362.89079  
3355.52628  
3358.4118  
3371.225371  
3371.08947  
3356.244742  
3363.365269  
3365.515183  
3362.399269  
3363.06599  
3370.527292  
3366.674481  
3379.89413  
3371.684716  
3366.55657  
3372.874911  
3383.087755  
3373.483665  
3374.548619  
3382.782093  
3383.331217  
3373.755221  
3374.00768  
3372.239226  
3370.702614  
3364.720229  
3368.79908  
3368.974232  
3368.03901  
3360.159953  
3377.873535  
3382.668209  
3386.987679  
3383.056269  
3392.415003  
3387.235041  
3390.825871  
3391.191039  
3389.141654  
3388.24124  
3384.233526  
3373.184546  
3372.399797  
3369.912594  
3368.252968  
3373.497574  
3364.435979  
3361.054861  
3366.775852  
3366.953467  
3367.59513  
3357.84641  
3375.680676  
3373.908769  
3380.506046  
3381.115446  
3363.676172  
3365.319555  
3359.836553  
3360.705542  
3371.041699  
3375.924937  
3375.943194  
3376.269399  
3382.167084  
3378.601527  
3373.515553  
3369.808681  
3358.496434  
3348.459051  
3351.75934  
3350.229335  
3344.704618  
3362.243307  
3349.34645  
3349.600308  
3365.208977  
3363.652073  
3342.681229  
3342.452955  
3335.871928  
3331.328268  
3335.361201  
3327.876009  
3334.689779  
3326.557058  
3324.951732  
3313.800424  
3320.729841  
3321.60274  
3327.931036  
3329.58871  
3335.032865  
3335.45938  
3341.881257  
3344.888729  
3347.499082  
3343.984638  
3343.884928  
3349.094664  
3342.707279  
3344.902722  
3346.831015  
3353.330115  
3347.622673  
3348.657981  
3346.622515  
3338.07001  
3346.109753  
3348.118044  
3349.806946  
3359.009281  
3355.486697  
3351.56868  
3354.49831  
3362.471313  
3355.127097  
3364.236357  
3362.69865  
3364.007634  
3370.488334  
3364.834159  
3368.5916  
3360.663077  
3360.626512  
3360.283271  
3357.523213  
3346.384161  
3337.934956  
3334.003019  
3343.606226  
3341.064502  
3341.26737  
3341.1739  
3336.18797  
3333.610039  
3342.396143  
3341.292418  
3331.365818  
3337.1666  
3353.29228  
3345.583011  
3354.302676  
3360.225327  
3364.996091  
3367.663085  
3380.549238  
3377.647572  
3376.482457  
3372.036816  
3378.42801  
3368.931635  
3369.240767  
3373.310508  
3367.064442  
3364.18334  
3351.565056  
3361.848994  
3350.448113  
3357.601829  
3354.475853  
3354.801399  
3342.906782  
3355.371865  
3351.823491  
3357.684745  
3362.983462  
3360.78898  
3368.897537  
3367.90753  
3370.04841  
3369.042094  
3362.715159  
3376.762071  
3376.736343  
3382.556835  
3385.07148  
3379.072345  
3394.893998  
3396.025777  
3385.222498  
3384.720458  
3370.704122  
3368.764987  
3367.839029  
3343.380437  
3346.460823  
3344.839199  
3346.064671  
3344.055813  
3352.991023  
3352.673796  
3358.77833  
3352.581305  
3348.74962  
3355.931563  
3358.774828  
3360.998542  
3351.313647  
3353.977636  
3359.640369  
3367.244671  
3370.434251  
3374.265777  
3370.954627  
3374.682401  
3376.103278  
3375.823628  
3374.711831  
3366.966782  
3367.979567  
3362.741132  
3353.587311  
3356.003356  
3359.992543  
3366.470237  
3363.887189  
3371.491721  
3371.245327  
3361.132362  
3363.842536  
3360.072637  
3347.541263  
3339.473775  
3346.187604  
3342.357334  
3348.254143  
3351.023293  
3365.383688  
3371.338386  
3373.582424  
3374.647425  
3379.952626  
3374.32041  
3368.005286  
3373.413999  
3371.018387  
3368.937749  
3374.638974  
3367.838585  
3367.003123  
3362.09322  
3354.313935  
3353.705399  
3348.499056  
3353.425141  
3339.730638  
3344.424798  
3335.326517  
3341.402353  
3339.12633  
3340.43995  
3342.96091  
3338.863968  
3338.06864  
3342.550644  
3342.363189  
3345.869423  
3355.183945  
3354.921901  
3347.924625  
3357.911277  
3357.284468  
3364.266301  
3358.498831  
3366.535862  
3379.212638  
3373.818848  
3361.003034  
3372.140962  
3371.027344  
3371.017304  
3377.285392  
3381.431259  
3376.204965  
3382.550362  
3378.61729  
3387.084509  
3390.258202  
3388.835264  
3379.756815  
3374.207457  
3372.642484  
3377.047742  
3380.085108  
3381.088087  
3376.748519  
3368.120455  
3358.393522  
3352.237378  
3341.285808  
3346.917431  
3348.396848  
3353.244809  
3364.378828  
3354.503028  
3366.90814  
3373.942244  
3367.190342  
3371.568737  
3376.172117  
3380.215532  
3376.106875  
3381.294461  
3375.474495  
3378.167243  
3359.48238  
3368.708575  
3361.936942  
3363.299668  
3373.292014  
3366.025441  
3355.76005  
3346.58916  
3351.819252  
3344.217584  
3337.412964  
3336.578344  
3327.690303  
3332.425684  
3343.808657  
3347.165081  
3345.890619  
3351.521847  
3349.062288  
3352.266083  
3348.390474  
3354.427229  
3353.404749  
3339.303812  
3352.037386  
3350.377752  
3348.886439  
3355.753858  
3345.054789  
3364.687783  
3359.548284  
3343.869652  
3357.330893  
3372.845015  
3372.531139  
3373.62394  
3366.164492  
3369.053075  
3368.748651  
3376.24029  
3358.155523  
3356.476064  
3359.203447  
3352.421543  
3346.893298  
3331.282864  
3336.313714  
3346.735687  
3348.418851  
3351.189843  
3351.895829  
3348.401572  
3347.178553  
3353.783497  
3356.570493  
3348.684232  
3351.634328  
3356.458663  
3350.418315  
3357.394992  
3349.532268  
3360.320153  
3360.618253  
3364.788411  
3376.27763  
3361.567431  
3381.430711  
3370.156079  
3358.393622  
3363.371468  
3355.449204  
3367.444166  
3355.935102  
3351.165488  
3354.786963  
3353.998322  
3342.650483  
3337.895859  
3346.046901  
3333.21718  
3345.533187  
3329.751035  
3340.661985  
3343.29972  
3340.7255  
3347.576684  
3343.951623  
3347.521498  
3345.210968  
3349.55106  
3354.24985  
3353.31921  
3354.459739  
3358.204638  
3363.850757  
3367.669265  
3367.017838  
3370.563785  
3381.499966  
3381.95207  
3382.358495  
3377.275354  
3380.609319  
3387.041069  
3374.479003  
3379.596245  
3376.889896  
3384.935689  
3364.767779  
3370.2191  
3374.241358  
3359.61848  
3365.211631  
3351.730974  
3348.241289  
3341.136107  
3340.894907  
3342.451311  
3330.951413  
3337.686641  
3342.384038  
3341.507973  
3353.255477  
3356.820915  
3362.25053  
3369.232535  
3368.471376  
3369.338143  
3377.200991  
3363.808455  
3363.442508  
3366.112752  
3368.639658  
3364.954423  
3364.959242  
3363.884367  
3373.055068  
3369.854516  
3373.950917  
3379.784507  
3378.027794  
3388.730645  
3394.737405  
3401.258996  
3394.830208  
3395.647691  
3384.795238  
3391.090148  
3393.222181  
3383.451017  
3378.704699  
3375.657056  
3375.210592  
3358.98281  
3363.297261  
3347.60399  
3336.855352  
3333.679209  
3338.428318  
3334.047518  
3343.036217  
3351.376242  
3347.525587  
3338.450093  
3338.792907  
3342.242017  
3343.68438  
3338.02462  
3355.047677  
3347.721393  
3352.252132  
3358.020206  
3361.024597  
3361.758001  
3365.415066  
3375.777652  
3387.119081  
3382.41216  
3390.63047  
3396.107306  
3382.930766  
3381.772503  
3388.630498  
3388.372472  
3386.891876  
3378.28772  
3373.883379  
3374.524113  
3375.123337  
3385.846903  
3372.348133  
