4439.403481  
4435.359533  
4421.220858  
4416.911002  
4419.941705  
4403.644919  
4401.625087  
4391.752622  
4398.248837  
4388.586211  
4414.523472  
4399.899904  
4392.634603  
4389.913981  
4395.12724  
4385.115815  
4402.474314  
4401.346484  
4399.557954  
4393.778754  
4382.327968  
4385.144683  
4392.348033  
4410.245187  
4437.832947  
4462.131056  
4431.125904  
4438.863567  
4467.284823  
4429.150597  
4416.481759  
4409.388899  
4416.920855  
4405.822725  
4393.490376  
4398.51396  
4385.593914  
4401.831645  
4402.150767  
4433.731846  
4410.326912  
4403.529155  
4400.502567  
4393.199468  
4383.267479  
4373.459522  
4395.45204  
4408.717368  
4404.223929  
4399.407297  
4387.459908  
4401.888254  
4421.215744  
4404.3934  
4392.619492  
4386.7617  
4378.178245  
4372.623425  
4378.520481  
4368.201906  
4385.46039  
4381.136644  
4366.685799  
4358.298299  
4346.791483  
4344.029054  
4338.692267  
4333.236466  
4340.578731  
4354.595841  
4344.390815  
4353.115521  
4356.686213  
4353.147118  
4363.933899  
4353.833518  
4354.511698  
4355.414346  
4364.559432  
4377.547266  
4405.172544  
4378.357583  
4372.497706  
4352.045039  
4346.05797  
4347.571118  
4352.143714  
4350.453482  
4363.772337  
4347.972679  
4382.3023  
4386.657685  
4357.936246  
4370.767255  
4390.242462  
4390.585417  
4397.014034  
4397.318992  
4398.543103  
4419.845112  
4406.700237  
4416.854898  
4423.820084  
4417.171633  
4400.808239  
4404.536529  
4385.083421  
4368.820696  
4382.726506  
4393.024244  
4378.4527  
4389.962667  
4384.360769  
4378.539844  
4383.648532  
4383.217422  
4368.284652  
4373.081185  
4376.24919  
4390.312896  
4381.711598  
4366.673813  
4373.509846  
4364.223006  
4356.160055  
4363.595867  
4363.788625  
4377.602715  
4384.729981  
4358.306967  
4354.018029  
4346.811641  
4338.781911  
4345.176917  
4358.444652  
4364.170614  
4369.248136  
4380.709844  
4386.393882  
4382.796162  
4381.050764  
4383.950345  
4409.405397  
4402.031898  
4393.091105  
4388.130217  
4400.628972  
4421.498897  
4418.417506  
4395.285245  
4394.292471  
4395.486334  
4385.102137  
4383.439684  
4376.074667  
4377.299739  
4383.784232  
4373.305982  
4378.453868  
4381.848764  
4381.059708  
4382.687451  
4361.322834  
4352.218492  
4347.777752  
4348.719152  
4338.617318  
4341.583065  
4337.679128  
4333.223634  
4333.707187  
4332.614575  
4345.970906  
4344.497536  
4337.483303  
4343.763679  
4354.982812  
4357.373455  
4364.998967  
4371.756947  
4367.611465  
4380.497784  
4380.171229  
4398.068297  
4384.588207  
4382.718831  
4390.959783  
4405.396384  
4416.598347  
4417.796211  
4400.562511  
4398.605637  
4402.569066  
4394.151373  
4393.67192  
4405.348122  
4424.051025  
4420.706199  
4403.837971  
4394.007299  
4395.125888  
4407.258389  
4400.191464  
4374.044094  
4375.456588  
4373.143939  
4367.900799  
4373.223321  
4369.715465  
4387.987376  
4396.759514  
4403.968257  
4389.822446  
4390.708687  
4390.089984  
4399.895663  
4408.835532  
4400.589247  
4403.1679  
4401.846212  
4401.887873  
4399.463399  
4408.775561  
4388.071356  
4396.80786  
4397.247297  
4389.239874  
4382.175948  
4376.782133  
4371.154801  
4406.840025  
4422.372651  
4401.189478  
4407.936889  
4418.475846  
4407.667471  
4405.785712  
4389.19713  
4405.135868  
4392.718063  
4398.748726  
4391.093953  
4365.96668  
4379.547188  
4367.268871  
4378.535903  
4374.043277  
4372.552206  
4369.885712  
4380.09476  
4374.839202  
4382.752418  
4381.305145  
4377.442227  
4390.685556  
4380.508694  
4365.916432  
4389.340661  
4402.936877  
4373.752375  
4389.640012  
4378.745526  
4376.170913  
4376.913014  
4374.146363  
4379.279414  
4374.816766  
4398.660589  
4386.37725  
4415.381185  
4413.428455  
4388.516275  
4408.936514  
4396.564926  
4390.131645  
4396.592492  
4389.856177  
4379.602072  
4401.75245  
4392.175282  
4407.444126  
4415.112674  
4388.155319  
4419.417853  
4400.601048  
4393.984612  
4403.18601  
4402.176186  
4405.341888  
4384.83946  
4411.644705  
4395.451606  
4389.80054  
4405.221933  
4401.732322  
4402.3358  
4402.267694  
4400.971334  
4390.232288  
4399.2149  
4402.982811  
4387.413035  
4384.071849  
4380.657797  
4385.519471  
4383.890254  
4365.725609  
4371.336092  
4357.151293  
4342.655417  
4323.727457  
4321.732796  
4340.058875  
4322.706794  
4333.826754  
4329.330108  
4328.709638  
4322.252465  
4339.976445  
4332.979957  
4392.067999  
4370.56947  
4361.074498  
4365.662047  
4365.254193  
4359.988746  
4357.4419  
4370.454611  
4382.323068  
4391.472784  
4387.365031  
4385.469188  
4392.025624  
4381.664344  
4416.676904  
4410.605872  
4401.343779  
4383.649385  
4398.722751  
4389.718748  
4409.438204  
4435.098615  
4430.640668  
4420.204486  
4411.366288  
4419.727447  
4408.61027  
4429.632464  
4408.131636  
4398.878426  
4411.519131  
4421.539799  
4420.382633  
4417.7487  
4398.187481  
4406.302649  
4417.141124  
4395.477439  
4401.365116  
4380.583867  
4350.097613  
4384.424548  
4386.120099  
4375.298654  
4371.10915  
4373.599133  
4368.084742  
4376.394846  
4390.433403  
4391.729092  
4369.915593  
4379.865067  
4372.066172  
4381.306971  
4385.912254  
4387.497968  
4392.770763  
4440.313755  
4416.815609  
4414.071838  
4401.781554  
4422.276622  
4443.877893  
4426.233243  
4427.00057  
4432.661805  
4407.993365  
4398.613209  
4396.575624  
4423.017181  
4428.207542  
4406.368847  
4392.409384  
4384.575943  
4371.934551  
4372.875497  
4387.108755  
4376.719112  
4344.513409  
4356.406043  
4346.632696  
4346.333621  
4350.785374  
4348.033164  
4377.941682  
4381.543939  
4347.07704  
4371.200433  
4384.933976  
4379.972245  
4352.450472  
4370.538057  
4373.145772  
4373.59725  
4364.364758  
4374.634953  
4381.000881  
4402.324644  
4386.541857  
4392.436196  
4386.920964  
4393.587337  
4389.223828  
4408.041803  
4403.514261  
4409.312482  
4442.099798  
4401.189452  
4427.202076  
4438.927351  
4410.26234  
4442.249975  
4420.048853  
4411.300522  
4429.807461  
4408.868506  
4431.86147  
4401.166627  
4384.438004  
4400.204252  
4387.705512  
4380.157482  
4371.784597  
4384.803044  
4384.52787  
4386.385894  
4390.553932  
4370.305564  
4403.375271  
4392.639279  
4402.616835  
4402.328884  
4376.88049  
4396.634845  
4388.930568  
4386.7135  
4379.466313  
4375.024231  
4377.769696  
4399.188431  
4390.811858  
4397.484635  
4442.729455  
4411.613212  
4420.065028  
4428.348925  
4433.321246  
4430.102888  
4390.892713  
4396.441422  
4408.36295  
4393.311891  
4409.921042  
4390.003547  
4396.54843  
4404.962248  
4407.933168  
4424.380696  
4423.157576  
4414.415403  
4415.868312  
4451.67065  
4449.559835  
4433.450794  
4429.151622  
4424.541428  
4457.812811  
4456.342692  
4433.406457  
4433.749696  
4391.470013  
4396.217756  
4414.482783  
4419.750028  
4433.211152  
4393.263923  
4397.495451  
4412.184242  
4379.273178  
4373.458345  
4377.448648  
4373.817454  
4369.724835  
4362.9643  
4367.789445  
4353.913384  
4386.416617  
4378.510161  
4358.660155  
4364.829538  
4365.67726  
4389.007086  
4366.197222  
4361.601542  
4375.231478  
4390.536823  
4383.976317  
4400.729759  
4411.918659  
4411.713736  
4406.116845  
4409.011536  
4401.107184  
4422.159255  
4436.368448  
4415.323648  
4391.2692  
4400.715451  
4407.325903  
4409.682026  
4398.605584  
4402.865178  
4390.266296  
4406.314217  
4410.620936  
4394.603016  
4412.625386  
4420.11059  
4393.555878  
4394.882165  
4400.296328  
4399.308295  
4384.600676  
4382.420185  
4377.752319  
4386.79019  
4426.117097  
4439.02766  
4458.175446  
4442.581945  
4448.070903  
4448.536473  
4442.134398  
4431.952161  
4455.488379  
4428.564703  
4425.559141  
4439.730115  
4406.910487  
4408.702895  
4411.795181  
4398.588763  
4415.415931  
4435.283739  
4441.452879  
4426.639189  
4407.229224  
4409.516609  
4405.427028  
4429.362709  
4409.610026  
4405.873072  
4412.00242  
4400.437558  
4417.840651  
4412.337313  
4416.676462  
4422.164909  
4406.159495  
4415.64442  
4418.074178  
4425.321605  
4412.973035  
4405.304421  
4416.1069  
4410.661632  
4426.238482  
4420.467107  
4414.476632  
4424.051743  
4411.789289  
4439.285239  
4435.045719  
4422.373309  
4414.571993  
4435.758914  
4456.520893  
4417.593497  
4436.734645  
4469.044278  
