3666.67895  
3645.132498  
3629.545793  
3616.670233  
3613.236828  
3610.659267  
3604.07295  
3602.162084  
3597.431073  
3604.625288  
3605.653582  
3610.026631  
3598.811799  
3603.007695  
3610.541614  
3602.483057  
3601.521838  
3622.279971  
3620.713881  
3622.93529  
3629.814741  
3630.131721  
3637.648036  
3621.219243  
3620.612041  
3632.681142  
3642.423662  
3638.26744  
3643.883278  
3656.190296  
3648.115078  
3659.006368  
3659.454098  
3654.932268  
3656.126055  
3636.998285  
3625.953129  
3627.31099  
3605.464591  
3606.386448  
3621.19666  
3646.096808  
3619.815498  
3628.346718  
3637.94898  
3635.214248  
3647.032737  
3643.934815  
3645.107067  
3652.175908  
3650.207148  
3647.740066  
3645.933122  
3628.786313  
3620.753762  
3605.972618  
3608.089701  
3591.409051  
3588.985863  
3576.16043  
3586.710206  
3590.541622  
3594.578295  
3589.739091  
3598.837661  
3611.302907  
3618.316132  
3636.914076  
3636.000196  
3639.558288  
3645.56261  
3648.568676  
3656.17232  
3654.150379  
3657.601533  
3656.325038  
3661.812163  
3657.012327  
3647.418074  
3640.693105  
3631.975672  
3620.990234  
3624.285751  
3612.849027  
3619.47279  
3606.263951  
3617.571526  
3623.939103  
3626.936781  
3619.8358  
3628.947271  
3630.439114  
3623.68665  
3627.979606  
3622.472559  
3625.799385  
3633.557715  
3635.688558  
3643.337751  
3626.652526  
3627.228575  
3623.806292  
3617.173652  
3602.097315  
3604.340304  
3608.897101  
3636.987272  
3640.381056  
3632.76884  
3643.35892  
3639.861421  
3644.15392  
3649.137998  
3650.72682  
3634.592353  
3642.534964  
3637.07476  
3647.807597  
3633.868588  
3647.499335  
3654.763407  
3645.685065  
3644.174163  
3651.835624  
3656.285962  
3650.169371  
3641.677253  
3645.668548  
3640.700946  
3654.013045  
3631.502248  
3619.8105  
3617.620976  
3606.821304  
3613.066553  
3610.056171  
3611.369269  
3617.753909  
3607.690267  
3619.652963  
3628.460694  
3640.949939  
3641.812716  
3642.568492  
3628.645616  
3627.930355  
3610.49969  
3605.431498  
3615.988431  
3622.774874  
3623.35056  
3628.771217  
3611.084575  
3606.346064  
3595.820783  
3596.588247  
3606.042632  
3608.43721  
3618.087424  
3617.370578  
3620.628299  
3634.097327  
3635.352341  
3640.590898  
3639.209404  
3634.977796  
3631.358916  
3628.86292  
3625.84278  
3640.848225  
3646.74968  
3638.172196  
3639.819011  
3639.621829  
3642.829957  
3638.49198  
3628.210359  
3612.849742  
3625.829526  
3636.927649  
3646.691753  
3631.235746  
3632.142492  
3633.474414  
3643.401641  
3640.758587  
3641.872433  
3640.919604  
3638.896547  
3628.477501  
3619.941626  
3621.101922  
3612.92304  
3596.576724  
3593.605003  
3593.207538  
3596.013469  
3620.807068  
3626.02497  
3637.118676  
3626.65976  
3631.905902  
3631.983104  
3622.902334  
3610.131047  
3599.959644  
3595.520553  
3612.139079  
3614.532489  
3601.556342  
3605.122054  
3589.953616  
3572.413586  
3568.161959  
3565.249862  
3572.913157  
3594.204388  
3613.521533  
3611.714394  
3634.395874  
3635.054145  
3644.796046  
3647.984594  
3646.246958  
3635.257785  
3634.550709  
3636.806849  
3624.492829  
3624.78575  
3619.039828  
3608.443655  
3615.604405  
3624.182251  
3629.930754  
3638.096401  
3642.285666  
3638.046803  
3644.343179  
3633.499072  
3648.092107  
3647.17894  
3633.330804  
3645.284507  
3641.254963  
3622.886543  
3631.252461  
3637.314615  
3631.983115  
3637.599908  
3630.349947  
3632.751633  
3628.846959  
3642.539676  
3648.723845  
3638.446543  
3646.113321  
3638.381176  
3652.163772  
3647.407227  
3641.223983  
3634.511012  
3636.143388  
3621.198949  
3621.541719  
3612.502973  
3607.307138  
3613.610816  
3620.487888  
3623.173465  
3617.788644  
3629.069902  
3641.899963  
3642.124614  
3641.931588  
3644.515585  
3646.325246  
3665.055989  
3658.905717  
3661.202967  
3668.182139  
3662.674607  
3665.113795  
3683.567637  
3672.084223  
3660.713122  
3649.495546  
3642.971898  
3638.975229  
3634.396765  
3631.957689  
3621.324792  
3610.787573  
3613.407082  
3623.496815  
3628.022419  
3628.109717  
3620.451036  
3632.962022  
3635.992077  
3635.751025  
3615.563956  
3622.111507  
3615.036804  
3618.585942  
3619.444568  
3633.909949  
3626.022473  
3636.12009  
3626.840363  
3625.02397  
3617.693176  
3615.255207  
3619.154337  
3618.453451  
3618.547995  
3620.01859  
3632.117858  
3659.082384  
3655.018948  
3629.830793  
3630.968615  
3632.212229  
3624.180236  
3616.612307  
3618.955616  
3624.240786  
3628.064236  
3621.931288  
3630.013276  
3631.002948  
3638.529473  
3631.650595  
3635.233878  
3649.449117  
3650.32571  
3658.225095  
3647.622126  
3652.372994  
3634.160852  
3635.877435  
3639.47814  
3640.707361  
3640.95756  
3645.362573  
3637.254931  
3641.052607  
3637.696868  
3634.092851  
3635.242559  
3646.236698  
3654.325902  
3643.732465  
3630.316769  
3629.866113  
3622.285467  
3601.438338  
3589.259175  
3588.892541  
3597.819564  
3597.828365  
3618.981525  
3627.713197  
3628.821615  
3644.056639  
3651.92005  
3650.196762  
3654.846114  
3653.180767  
3660.606698  
3674.036814  
3673.398005  
3672.4566  
3672.554274  
3669.125486  
3667.252561  
3671.411294  
3670.359151  
3668.207742  
3668.169428  
3664.2608  
3677.387907  
3666.364769  
3658.354254  
3650.459076  
3649.482432  
3628.748283  
3641.156793  
3644.527976  
3639.649123  
3640.626895  
3629.746123  
3644.207813  
3628.216294  
3629.555332  
3618.295658  
3619.370113  
3618.61802  
3620.473462  
3604.936527  
3615.656602  
3624.357072  
3626.523797  
3622.379971  
3630.875035  
3623.283453  
3637.719752  
3645.192821  
3636.053751  
3661.702322  
3653.449957  
3659.067093  
3664.597123  
3670.578706  
3672.586791  
3682.248272  
3684.882542  
3691.494167  
3686.453251  
3672.863439  
3665.173609  
3650.020543  
3632.115512  
3623.912277  
3598.75195  
3599.290612  
3593.06618  
3595.900738  
3593.768001  
3600.945965  
3610.020215  
3589.801096  
3603.313778  
3604.976272  
3601.773439  
3601.720259  
3613.945916  
3621.043422  
3619.822488  
3629.219643  
3639.490028  
3641.749469  
3634.968507  
3639.21641  
3653.618539  
3648.914565  
3648.967507  
3661.496958  
3651.179439  
3650.865238  
3650.342735  
3664.558538  
3656.775762  
3644.413524  
3648.679351  
3636.844464  
3637.101811  
3634.05465  
3645.434251  
3653.627128  
3646.55548  
3642.188077  
3632.940453  
3636.477219  
3624.862982  
3616.470892  
3604.667913  
3602.432818  
3610.831082  
3609.914295  
3627.215761  
3644.902624  
3642.461619  
3651.260249  
3662.538181  
3650.581439  
3652.625829  
3660.081889  
3652.819227  
3639.636015  
3623.146855  
3618.760079  
3626.623937  
3610.406555  
3615.748397  
3604.873773  
3612.606676  
3617.18964  
3619.812285  
3616.025489  
3629.98241  
3631.053678  
3631.063339  
3630.576531  
3617.003844  
3613.220462  
3605.786831  
3609.172274  
3604.547258  
3624.441835  
3610.056923  
3624.321061  
3623.02148  
3615.985733  
3624.903722  
3624.934936  
3628.269986  
3632.797149  
3636.513509  
3635.909519  
3652.468088  
3655.813857  
3650.579955  
3649.036205  
3659.333722  
3663.379095  
3665.400485  
3665.803603  
3653.084777  
3653.425452  
3640.843835  
3630.93166  
3632.35978  
3611.832761  
3618.442613  
3616.641331  
3620.679779  
3614.394653  
3615.684467  
3611.194477  
3624.973898  
3630.457716  
3644.219082  
3661.296723  
3676.748877  
3688.28057  
3683.407965  
3680.850696  
3680.186013  
3675.96093  
3669.690645  
3661.288334  
3657.309941  
3658.883735  
3649.584965  
3635.678771  
3656.853684  
3647.136358  
3645.540155  
3644.773841  
3653.909784  
3657.695044  
3647.056025  
3656.081006  
3639.378607  
3658.101604  
3646.51914  
3648.334061  
3652.309673  
3650.117254  
3645.095315  
3647.001018  
3644.707652  
3645.342591  
3631.612756  
3615.147323  
3602.085491  
3581.913443  
3572.551251  
3557.560537  
3571.420191  
3589.183262  
3595.811836  
3611.193216  
3624.931784  
3645.001297  
3664.516983  
3673.14414  
3674.121879  
3662.722351  
3670.881838  
3663.095409  
3658.697523  
3651.409329  
3655.959903  
3648.648852  
3654.730144  
3639.252668  
3636.130364  
3646.997736  
3637.956054  
3634.695505  
3643.3808  
3633.239518  
3624.194634  
3632.462215  
3620.010472  
3632.646788  
3635.972049  
3645.069036  
3634.996144  
