5106.546316  
5090.896546  
5077.483563  
5063.65759  
5076.306286  
5070.51665  
5069.353578  
5079.919021  
5072.849746  
5052.992175  
5062.770426  
5049.506204  
5042.368435  
5051.497776  
5069.101014  
5054.723288  
5046.767407  
5052.366859  
5063.47514  
5061.167133  
5072.385869  
5069.409017  
5077.807314  
5074.742541  
5073.774897  
5066.046615  
5087.641362  
5083.834436  
5069.572171  
5068.521331  
5063.152655  
5055.960667  
5082.331631  
5071.732654  
5068.792752  
5061.630497  
5068.623516  
5080.601174  
5075.094862  
5075.577388  
5068.013093  
5095.021905  
5080.461264  
5066.515303  
5083.759866  
5082.98745  
5084.905269  
5079.343723  
5083.435524  
5078.172096  
5074.37542  
5088.09701  
5083.756443  
5075.303931  
5080.278587  
5075.740352  
5089.516104  
5094.844333  
5080.344517  
5092.891745  
5090.963657  
5097.847666  
5104.61225  
5092.155342  
5091.777331  
5095.028732  
5090.878657  
5101.245227  
5092.371967  
5089.170599  
5081.869288  
5075.063789  
5086.3045  
5074.448845  
5073.961919  
5082.407144  
5076.345059  
5092.5438  
5086.983235  
5078.713468  
5084.311841  
5086.443634  
5079.886518  
5085.75989  
5093.317447  
5089.866119  
5084.832493  
5091.520901  
5096.440533  
5102.66001  
5106.838386  
5113.850184  
5099.609841  
5093.307336  
5093.258705  
5090.833756  
5086.492188  
5082.53945  
5079.259332  
5080.238338  
5073.863218  
5069.684931  
5064.948164  
5063.177552  
5060.364493  
5057.394195  
5076.759913  
5071.359742  
5049.145507  
5050.155545  
5057.878471  
5055.905083  
5063.046573  
5073.17695  
5077.346884  
5074.680695  
5074.465082  
5077.512676  
5080.520445  
5082.2325  
5082.755213  
5088.417425  
5097.061522  
5114.142943  
5110.789429  
5101.326775  
5103.264916  
5096.488581  
5091.2968  
5115.86572  
5097.660259  
5079.503707  
5078.639537  
5086.585815  
5091.503687  
5095.257519  
5110.768908  
5107.905774  
5107.896453  
5105.463507  
5104.887857  
5101.161134  
5098.508487  
5094.805818  
5084.3229  
5080.234194  
5081.350276  
5078.947883  
5087.318501  
5092.376014  
5076.776945  
5083.440894  
5080.643371  
5068.225134  
5066.519526  
5071.592868  
5077.403021  
5089.678582  
5083.187887  
5075.269485  
5069.741583  
5081.984207  
5083.096205  
5111.934887  
5099.613416  
5092.178925  
5097.667059  
5099.426006  
5096.366179  
5094.321612  
5091.265686  
5083.034757  
5073.452943  
5077.679034  
5067.493177  
5071.06243  
5070.015882  
5050.923276  
5050.74067  
5066.203869  
5073.338337  
5060.182717  
5057.805588  
5064.693598  
5058.432714  
5055.223434  
5056.100832  
5061.431106  
5037.550162  
5025.750337  
5014.072312  
5009.869393  
5013.655203  
5015.48982  
5031.487871  
5038.831371  
5042.831782  
5048.422472  
5056.918948  
5053.332653  
5056.659758  
5050.653546  
5056.538213  
5059.784674  
5057.204771  
5062.544214  
5063.540273  
5066.236663  
5075.578972  
5078.473267  
5070.037333  
5070.013258  
5061.531543  
5063.514063  
5063.878821  
5072.172696  
5079.426424  
5080.892452  
5077.837794  
5076.531843  
5080.43134  
5082.60151  
5083.28358  
5086.694699  
5093.943012  
5083.945929  
5086.788622  
5078.700782  
5075.770325  
5069.046607  
5062.788971  
5054.824606  
5047.401605  
5042.428114  
5036.744721  
5057.39428  
5050.678061  
5045.013155  
5053.263207  
5054.910072  
5055.04429  
5055.111203  
5057.925205  
5063.919335  
5065.099398  
5073.148571  
5076.892482  
5086.447931  
5098.899674  
5102.231242  
5097.462968  
5106.028855  
5108.625358  
5104.387434  
5101.83116  
5103.111821  
5099.052417  
5095.506581  
5098.10441  
5095.396686  
5092.258655  
5085.788659  
5076.729403  
5075.669534  
5075.211757  
5066.895095  
5074.705997  
5078.70727  
5076.390461  
5078.840083  
5086.25187  
5093.877332  
5088.158  
5085.375945  
5086.239527  
5092.250988  
5102.194683  
5100.210236  
5098.057606  
5103.507754  
5104.041758  
5110.317963  
5119.911763  
5119.566974  
5112.857878  
5114.737647  
5114.300669  
5107.552002  
5093.831459  
5088.449652  
5079.317528  
5078.636206  
5078.231771  
5077.789457  
5097.788154  
5097.244562  
5089.252102  
5093.481129  
5087.339531  
5095.328498  
5089.755472  
5083.550561  
5087.196376  
5084.403123  
5087.440599  
5087.458014  
5094.096384  
5103.355422  
5104.118411  
5109.078621  
5107.305185  
5113.07704  
5110.24043  
5111.12977  
5106.322644  
5101.418125  
5106.588967  
5140.887516  
5164.136038  
5145.072333  
5135.325091  
5129.396449  
5120.940326  
5112.049613  
5112.752257  
5101.186353  
5103.19049  
5098.444806  
5099.618187  
5100.62452  
5111.95606  
5112.028961  
5119.738679  
5126.584949  
5132.477565  
5130.079287  
5121.109223  
5106.516492  
5104.885079  
5102.99299  
5102.613806  
5105.208758  
5101.079956  
5101.991552  
5099.567326  
5082.284571  
5085.913365  
5085.012878  
5083.489665  
5085.285223  
5091.098074  
5092.51714  
5083.28065  
5086.00202  
5083.946657  
5071.684932  
5076.949947  
5079.608002  
5081.648605  
5086.955429  
5086.961569  
5086.129635  
5101.769944  
5090.177899  
5093.311037  
5098.978474  
5104.814537  
5105.989436  
5110.597477  
5129.854817  
5123.138653  
5126.209429  
5124.282394  
5128.692971  
5119.587776  
5124.647566  
5143.182646  
5136.345699  
5132.893036  
5141.067583  
5157.593513  
5140.473359  
5129.425296  
5128.95025  
5127.350335  
5129.453241  
5133.414407  
5146.476927  
5135.402278  
5125.604295  
5119.497606  
5108.704538  
5099.622632  
5091.549142  
5089.757303  
5084.534852  
5084.639295  
5091.62681  
5094.374382  
5098.497214  
5103.202283  
5101.967023  
5102.998233  
5111.164379  
5115.421398  
5111.277135  
5112.119247  
5107.311112  
5109.50622  
5113.302259  
5108.560773  
5100.922574  
5096.687285  
5093.674057  
5097.725095  
5096.015236  
5091.026234  
5075.036839  
5065.800547  
5052.578091  
5042.056702  
5041.784441  
5043.407844  
5055.036392  
5067.715968  
5082.261254  
5087.88312  
5089.177323  
5083.698598  
5084.379036  
5083.089633  
5085.492327  
5085.814165  
5088.958069  
5085.413546  
5091.909744  
5103.49859  
5093.79227  
5103.447298  
5090.145266  
5071.047771  
5068.153394  
5082.135522  
5080.053532  
5082.276907  
5083.536492  
5083.243894  
5086.699983  
5089.151213  
5088.870295  
5090.563859  
5100.754344  
5097.796429  
5099.004558  
5096.356323  
5093.770131  
5100.679594  
5107.07839  
5108.264198  
5094.436437  
5085.379855  
5078.867998  
5083.504063  
5084.762239  
5083.707985  
5090.431853  
5097.609074  
5086.534923  
5085.600394  
5086.333229  
5094.635699  
5093.372738  
5095.353579  
5098.283228  
5092.559198  
5095.051239  
5093.70825  
5097.119887  
5096.388656  
5094.433144  
5093.714722  
5090.066214  
5088.195293  
5078.195293  
5076.519414  
5067.591456  
5068.373279  
5073.12215  
5074.221268  
5084.321967  
5101.387631  
5117.240729  
5125.703537  
5113.607656  
5105.211961  
5098.796905  
5097.717317  
5097.767487  
5094.404109  
5098.108703  
5098.232067  
5101.975619  
5106.789714  
5115.230205  
5127.64507  
5119.352437  
5134.425095  
5122.819507  
5120.055643  
5123.912912  
5120.574239  
5111.775443  
5108.002288  
5106.706773  
5110.795901  
5115.029885  
5113.661811  
5114.112137  
5109.177695  
5104.370953  
5092.447377  
5087.561516  
5079.096349  
5070.962764  
5059.621676  
5057.817227  
5053.591975  
5056.249496  
5059.357688  
5062.37776  
5064.48798  
5076.2862  
5081.438535  
5094.472686  
5124.762149  
5124.56653  
5109.730061  
5101.924267  
5103.166048  
5098.428248  
5100.100819  
5098.736056  
5099.122002  
5094.745188  
5093.258622  
5094.638651  
5104.757705  
5107.248942  
5113.404535  
5134.629312  
5133.482402  
5137.826176  
5132.565799  
5131.370524  
5119.835205  
5119.302711  
5119.519827  
5120.963505  
5118.084216  
5113.120301  
5119.711632  
5111.252535  
5102.430128  
5096.561448  
5087.346502  
5082.270234  
5069.112535  
5063.834359  
5056.604718  
5055.81403  
5051.286012  
5057.613766  
5055.443795  
5062.618739  
5061.267714  
5077.596256  
5091.741992  
5085.90114  
5073.91694  
5077.89615  
5076.978688  
5088.223833  
5083.536369  
5112.260535  
5134.377036  
5136.485718  
5130.863348  
5130.445115  
5127.888406  
5111.125969  
5093.600802  
5114.245365  
5114.427602  
5104.548888  
5097.060885  
5088.963008  
5079.374203  
5083.10767  
5098.091139  
5092.980716  
