2871.095686  
2875.79059  
2876.075918  
2880.007679  
2872.133188  
2862.093333  
2871.499617  
2863.462329  
2865.037758  
2859.490084  
2862.944998  
2859.542088  
2867.314337  
2858.422268  
2853.230082  
2850.170996  
2841.009789  
2849.798299  
2848.21175  
2852.812483  
2847.285902  
2855.501282  
2855.950101  
2860.375459  
2879.603445  
2875.038556  
2875.583522  
2885.184949  
2873.957265  
2866.201031  
2863.123973  
2861.257712  
2855.403973  
2868.124391  
2859.895369  
2851.359068  
2851.597934  
2861.680326  
2850.305841  
2865.020136  
2862.802779  
2854.609039  
2852.964335  
2847.060031  
2852.837602  
2847.79191  
2838.070401  
2846.895795  
2837.302483  
2841.627446  
2839.195224  
2851.070261  
2845.962808  
2842.280481  
2837.977468  
2839.964678  
2833.354621  
2832.698477  
2832.74013  
2827.30062  
2814.927903  
2819.325648  
2813.107216  
2830.460104  
2830.993309  
2834.230741  
2838.310496  
2845.068694  
2843.795536  
2845.115973  
2835.13336  
2846.844499  
2841.132245  
2846.982448  
2842.307414  
2846.600767  
2846.425818  
2844.071218  
2843.507495  
2840.533857  
2836.202208  
2832.304744  
2824.95733  
2832.856232  
2831.590106  
2822.376173  
2827.960303  
2822.242289  
2830.778594  
2833.239428  
2842.91732  
2841.001605  
2842.55106  
2844.884822  
2854.08723  
2858.142896  
2857.099113  
2862.821407  
2872.105271  
2869.253056  
2875.32431  
2869.129628  
2875.336789  
2866.143654  
2859.469023  
2861.150057  
2860.823942  
2856.321995  
2855.874674  
2863.449719  
2850.329818  
2863.591388  
2865.40452  
2863.580571  
2859.418609  
2855.819762  
2860.86107  
2854.57661  
2859.719062  
2858.875248  
2851.533978  
2849.523967  
2848.139194  
2842.602608  
2840.783704  
2835.58699  
2838.974267  
2831.212053  
2828.163237  
2832.247057  
2826.872485  
2813.545223  
2815.593678  
2828.786042  
2827.195645  
2834.816825  
2827.441976  
2834.332976  
2831.010897  
2852.94734  
2845.529035  
2854.016822  
2856.999289  
2852.669599  
2861.352868  
2862.886688  
2864.611031  
2868.577868  
2869.089546  
2869.867178  
2871.587573  
2875.528217  
2866.777157  
2865.667076  
2858.100933  
2864.97511  
2862.958337  
2853.658427  
2845.873524  
2855.460961  
2854.013195  
2839.949217  
2840.283112  
2847.228774  
2840.095654  
2848.351302  
2844.883917  
2847.772492  
2840.685763  
2837.961133  
2840.600386  
2834.552003  
2832.890444  
2818.531643  
2830.614862  
2824.129168  
2837.497589  
2835.731317  
2838.640377  
2844.917869  
2842.529165  
2845.601078  
2848.011847  
2849.398496  
2851.157832  
2861.916185  
2865.472246  
2854.48735  
2861.324821  
2861.851791  
2868.54062  
2871.009608  
2877.444111  
2867.368863  
2861.819009  
2872.413259  
2867.81506  
2863.189799  
2872.25531  
2855.819101  
2858.949319  
2852.907969  
2849.798246  
2839.948072  
2840.904931  
2826.155895  
2822.02772  
2825.430876  
2820.567072  
2833.706259  
2833.730281  
2839.17999  
2847.36118  
2855.098339  
2843.60667  
2849.17046  
2857.327007  
2865.34148  
2857.647425  
2864.301438  
2867.851548  
2863.215776  
2869.13056  
2860.614461  
2858.709887  
2854.73639  
2851.659062  
2844.974  
2839.136994  
2839.668913  
2844.225997  
2846.160091  
2860.994455  
2851.169412  
2858.083427  
2853.765683  
2849.43817  
2864.724944  
2860.94539  
2846.54139  
2850.288106  
2853.58651  
2851.883559  
2854.266007  
2854.190276  
2854.518654  
2866.924345  
2860.686522  
2859.37156  
2863.978144  
2860.891867  
2860.142349  
2863.61006  
2856.727013  
2842.889705  
2843.508586  
2835.95267  
2837.712674  
2831.810529  
2825.054596  
2839.499741  
2833.425923  
2824.181765  
2826.872769  
2838.653613  
2837.576118  
2832.808409  
2851.412533  
2842.349435  
2853.721964  
2851.438446  
2843.559989  
2849.798096  
2852.60669  
2851.518521  
2855.23323  
2854.931038  
2859.970797  
2861.124018  
2858.940997  
2862.058466  
2857.332867  
2868.00284  
2870.016628  
2871.090484  
2864.464824  
2870.633524  
2868.870318  
2869.18843  
2871.779783  
2870.446105  
2871.651632  
2873.267202  
2873.844199  
2871.936445  
2869.839457  
2852.244631  
2856.955683  
2851.581344  
2840.93976  
2847.871627  
2851.418846  
2839.592135  
2840.604445  
2837.277171  
2831.20763  
2836.580462  
2830.174005  
2830.942183  
2835.552943  
2832.445816  
2829.326388  
2824.977236  
2822.260607  
2830.152421  
2829.655674  
2832.785586  
2830.034353  
2827.321574  
2841.233762  
2833.80794  
2839.050633  
2835.626926  
2844.48264  
2844.852111  
2849.530683  
2836.99566  
2839.404887  
2841.295669  
2843.662083  
2845.610946  
2842.185546  
2840.416282  
2845.53543  
2853.861895  
2839.005164  
2861.723985  
2853.758111  
2858.323716  
2865.36574  
2877.31962  
2864.494935  
2872.191576  
2874.241589  
2866.364343  
2871.663558  
2856.780441  
2869.23553  
2867.472347  
2858.940014  
2861.739746  
2852.178123  
2848.055779  
2848.866867  
2850.318021  
2852.694131  
2845.813572  
2850.621246  
2848.259504  
2846.148723  
2839.940344  
2847.766638  
2846.290907  
2844.581079  
2850.615055  
2845.732791  
2841.132766  
2847.08193  
2847.709655  
2851.10673  
2846.554006  
2846.17123  
2847.924508  
2847.722444  
2845.18494  
2855.179267  
2851.014903  
2853.633736  
2858.928069  
2848.832819  
2855.78482  
2863.724049  
2875.44692  
2877.778546  
2881.326886  
2873.968432  
2869.598373  
2870.755382  
2875.77816  
2879.062368  
2868.477779  
2861.67423  
2854.199288  
2848.147891  
2846.596354  
2836.75035  
2841.969079  
2831.698292  
2822.152636  
2811.942919  
2815.397597  
2805.028646  
2809.260116  
2804.368376  
2811.433928  
2819.306505  
2820.684271  
2823.275729  
2837.818476  
2848.47865  
2843.858384  
2849.904083  
2848.067708  
2846.484  
2847.532725  
2851.182501  
2852.825535  
2850.176882  
2838.127899  
2848.896033  
2842.302649  
2849.113375  
2843.556004  
2845.042292  
2835.551462  
2843.68894  
2860.719326  
2861.956697  
2854.659895  
2856.775412  
2844.218948  
2867.619891  
2865.490917  
2862.197588  
2865.61615  
2858.328476  
2866.375983  
2871.386005  
2867.424026  
2879.171714  
2860.166616  
2867.535618  
2862.503933  
2850.861286  
2859.658515  
2852.208003  
2848.540305  
2852.98761  
2848.267126  
2845.311213  
2846.342514  
2848.763375  
2847.693102  
2851.585347  
2851.554031  
2840.226448  
2847.469865  
2853.009632  
2849.710783  
2857.015726  
2854.482412  
2863.651341  
2870.094122  
2862.194325  
2868.652786  
2863.448384  
2869.127935  
2871.985582  
2874.074497  
2868.715203  
2857.413306  
2853.339925  
2868.160849  
2866.031897  
2856.978782  
2860.421883  
2856.616572  
2860.291966  
2859.035317  
2859.983604  
2859.303083  
2858.841945  
2849.656161  
2844.675658  
2845.556689  
2848.698469  
2862.313237  
2861.147196  
2858.388446  
2865.374281  
2855.723267  
2862.756482  
2863.827833  
2874.816707  
2867.636355  
2858.868239  
2872.277209  
2857.645867  
2858.131349  
2851.279861  
2848.852329  
2843.444101  
2839.381997  
2841.195233  
2834.870359  
2831.722863  
2833.767399  
2827.178687  
2828.291514  
2834.336312  
2822.455878  
2819.721012  
2824.369663  
2819.157222  
2820.026608  
2830.318615  
2821.249713  
2827.639543  
2834.199577  
2838.722809  
2841.407572  
2839.216336  
2841.838376  
2851.008093  
2845.927697  
2856.098898  
2848.876993  
2861.24878  
2863.955031  
2874.812384  
2875.97972  
2870.220349  
2872.712443  
2871.547119  
2870.704145  
2864.051331  
2857.323407  
2854.063612  
2853.468483  
2855.426322  
2856.721624  
2859.088534  
2857.670454  
2848.429045  
2854.087738  
2860.084527  
2875.194038  
2867.121008  
2882.223477  
2872.005971  
2872.14023  
2872.8329  
2862.683656  
2857.488757  
2852.467585  
2839.813122  
2840.97681  
2846.803481  
2835.957155  
2837.212131  
2849.137436  
2846.112644  
2856.792893  
2867.850068  
2865.482608  
2864.358819  
2868.662958  
2864.867561  
2871.12612  
2860.948778  
2859.206499  
2848.308821  
2855.440844  
2848.326601  
2855.674841  
2859.31437  
2851.553267  
2866.327232  
2859.749797  
2866.644265  
2861.563079  
2858.511031  
2868.059504  
2861.14329  
2867.612314  
2862.646955  
2859.726122  
2864.678031  
2870.300398  
2873.68433  
2870.112766  
2857.487018  
2863.436155  
2851.364609  
2857.305923  
2856.319578  
2851.471959  
2853.340186  
2853.726876  
2859.338958  
