3343.519959  
3359.212787  
3346.279385  
3345.348277  
3346.555946  
3349.336148  
3350.442762  
3349.037146  
3339.163541  
3349.83532  
3347.902306  
3349.458575  
3351.738866  
3342.903843  
3347.300022  
3337.17238  
3346.535547  
3340.664554  
3338.393849  
3336.949817  
3329.86928  
3331.218317  
3331.742193  
3347.136784  
3351.756742  
3363.834006  
3360.748425  
3360.095713  
3364.92183  
3359.221501  
3347.388669  
3342.875424  
3357.231934  
3353.229233  
3345.233043  
3346.53777  
3340.800021  
3346.088823  
3345.49026  
3345.958699  
3349.713226  
3335.25065  
3342.529715  
3341.754235  
3337.901777  
3334.466685  
3350.599679  
3334.583465  
3346.126705  
3342.151137  
3341.172966  
3337.413545  
3346.760142  
3339.972183  
3330.322614  
3331.493821  
3331.087338  
3326.906962  
3318.917269  
3324.487622  
3326.314803  
3318.156825  
3317.609249  
3323.111195  
3322.330298  
3336.292277  
3330.268049  
3332.871185  
3331.429997  
3332.984086  
3337.26809  
3337.595475  
3332.077013  
3328.143079  
3339.404376  
3326.230084  
3322.216999  
3324.3312  
3317.195164  
3320.31129  
3329.327312  
3324.118462  
3318.089159  
3312.619988  
3311.65934  
3315.651203  
3313.250304  
3310.608377  
3318.0425  
3314.338846  
3334.406207  
3329.640962  
3326.389069  
3322.529579  
3335.913089  
3344.316415  
3344.940484  
3343.11225  
3341.981375  
3348.726996  
3345.223663  
3360.209319  
3354.837123  
3347.786462  
3347.65616  
3348.953555  
3342.090633  
3344.439888  
3353.195227  
3353.40969  
3349.358834  
3347.284892  
3346.414304  
3339.196348  
3345.381702  
3341.321463  
3343.809726  
3339.364965  
3337.976382  
3347.342125  
3334.520751  
3332.150458  
3328.347784  
3331.320286  
3323.385276  
3336.951207  
3323.800776  
3318.446668  
3309.161893  
3315.580676  
3308.642568  
3322.452401  
3321.260833  
3321.932971  
3317.772109  
3325.33934  
3333.942517  
3320.66648  
3330.011165  
3330.649833  
3339.152907  
3331.326648  
3335.324367  
3335.440263  
3333.539085  
3343.611009  
3348.728472  
3357.072961  
3362.052567  
3357.777405  
3360.859102  
3354.539115  
3349.482387  
3344.921109  
3345.375952  
3336.889734  
3349.701266  
3335.519227  
3331.17415  
3332.854634  
3322.238673  
3324.162707  
3315.350113  
3324.148025  
3313.128278  
3318.409572  
3325.346555  
3326.419471  
3325.901259  
3324.380244  
3326.965377  
3334.515172  
3321.310057  
3325.588619  
3327.151161  
3331.98813  
3335.959533  
3332.91992  
3328.926658  
3336.483498  
3333.414926  
3341.687258  
3336.164065  
3331.243786  
3341.197512  
3333.952215  
3343.335611  
3351.217179  
3347.589033  
3345.751444  
3335.243979  
3344.366473  
3348.207477  
3341.122935  
3343.632759  
3349.664788  
3339.056107  
3343.325101  
3339.219511  
3342.594327  
3340.626991  
3339.931785  
3336.440354  
3340.719386  
3339.236059  
3330.63954  
3318.439268  
3332.142951  
3320.022481  
3322.264633  
3331.413355  
3331.236639  
3339.194483  
3342.919447  
3332.08315  
3341.158504  
3341.186975  
3337.68786  
3335.096048  
3338.987531  
3346.605573  
3346.010733  
3358.544924  
3344.32883  
3340.181976  
3339.376403  
3338.678436  
3341.860578  
3335.843581  
3338.786177  
3337.113717  
3341.803091  
3332.467167  
3340.820854  
3350.840333  
3339.126093  
3341.617314  
3339.641409  
3340.213555  
3338.472233  
3333.217584  
3334.056449  
3336.713383  
3335.741372  
3330.570116  
3322.27812  
3331.949725  
3331.420673  
3324.918147  
3333.203968  
3342.247197  
3327.137191  
3334.051957  
3349.113069  
3349.482405  
3341.62201  
3327.86909  
3336.402615  
3338.257747  
3331.444415  
3334.610631  
3329.263287  
3328.158969  
3323.355521  
3327.193584  
3335.863865  
3332.106475  
3329.722233  
3322.910152  
3336.248075  
3335.038092  
3334.278877  
3337.095846  
3340.339865  
3335.301827  
3348.626906  
3341.218531  
3339.765427  
3340.957897  
3343.936675  
3337.605808  
3345.198437  
3349.164425  
3333.731115  
3343.185414  
3346.802721  
3344.323814  
3334.636549  
3337.662758  
3335.368612  
3345.901384  
3353.597431  
3331.128185  
3334.155876  
3341.859151  
3350.319077  
3341.66013  
3339.422352  
3326.627258  
3323.095782  
3325.098351  
3326.4488  
3331.469735  
3324.337267  
3324.127639  
3328.123024  
3325.608459  
3322.773191  
3319.643336  
3317.695674  
3316.093124  
3308.273086  
3322.364191  
3319.140349  
3314.329977  
3317.124808  
3316.828814  
3316.672135  
3325.510552  
3322.631946  
3334.036011  
3321.824539  
3325.778871  
3335.361475  
3336.786005  
3341.831977  
3333.083021  
3332.28169  
3337.242558  
3335.057189  
3340.195896  
3338.636996  
3333.568835  
3343.905941  
3351.490618  
3348.199677  
3342.210443  
3343.134763  
3341.363493  
3340.300312  
3347.360895  
3346.876798  
3363.742024  
3351.314164  
3350.161041  
3359.003572  
3346.94341  
3354.148072  
3344.851832  
3346.088472  
3354.430702  
3349.391361  
3348.324199  
3348.194301  
3348.619681  
3335.788265  
3359.693693  
3334.78181  
3326.613386  
3328.229708  
3329.476696  
3343.183889  
3331.978699  
3322.223098  
3320.668114  
3324.499076  
3325.94273  
3329.163509  
3320.036949  
3325.588068  
3325.033974  
3322.191774  
3321.90641  
3333.973081  
3326.901018  
3319.626337  
3330.029759  
3347.67595  
3335.534098  
3345.36615  
3347.345536  
3337.682853  
3348.610902  
3346.448222  
3351.570892  
3359.511574  
3357.085257  
3346.99378  
3352.588241  
3354.331524  
3351.45435  
3354.7036  
3336.830531  
3331.366797  
3329.171025  
3334.13358  
3328.088492  
3337.593479  
3333.874243  
3321.413398  
3314.808175  
3309.355931  
3313.718582  
3298.278844  
3317.595271  
3322.103011  
3307.316576  
3305.439579  
3325.553511  
3335.273761  
3327.398581  
3344.435136  
3326.805619  
3331.258594  
3332.321712  
3330.97155  
3323.710056  
3343.105125  
3328.947927  
3328.151358  
3319.340607  
3325.17783  
3325.406223  
3328.585818  
3327.506123  
3330.523881  
3348.660543  
3331.108025  
3347.823382  
3350.684742  
3337.064365  
3340.808732  
3341.524837  
3343.942345  
3351.098967  
3343.288171  
3339.581117  
3333.925594  
3344.41447  
3346.763567  
3335.605961  
3330.754164  
3333.413666  
3332.801677  
3338.047455  
3326.632155  
3332.179858  
3331.918937  
3341.236232  
3334.423865  
3323.501366  
3329.208059  
3325.955317  
3340.587827  
3323.370594  
3323.648389  
3325.062423  
3320.601033  
3324.312648  
3336.624456  
3335.33035  
3325.091309  
3336.263248  
3340.150865  
3329.978728  
3343.723892  
3341.06424  
3335.446165  
3336.364692  
3340.854778  
3338.891803  
3337.73025  
3353.560778  
3334.404364  
3352.833697  
3341.58344  
3343.581495  
3353.373446  
3337.460709  
3333.990117  
3342.568436  
3345.977267  
3352.821814  
3338.184546  
3345.516913  
3335.35634  
3345.038963  
3354.271207  
3347.054859  
3354.187156  
3338.923727  
3346.915206  
3341.704988  
3345.218872  
3349.881795  
3332.755863  
3345.541835  
3352.553059  
3337.503963  
3333.93408  
3339.93126  
3337.516849  
3339.269218  
3331.566002  
3323.346935  
3324.984954  
3317.24949  
3325.926807  
3325.183453  
3326.326233  
3317.732254  
3319.893329  
3307.338585  
3313.127308  
3299.932079  
3312.606873  
3301.854569  
3311.592586  
3321.30603  
3317.416539  
3323.009317  
3322.0224  
3319.167285  
3341.548624  
3345.412563  
3337.78242  
3317.389266  
3328.409617  
3330.271083  
3341.463317  
3342.083188  
3351.662585  
3341.47369  
3350.02524  
3343.705284  
3351.328613  
3352.364366  
3363.12815  
3349.234765  
3337.851088  
3340.984814  
3342.340932  
3341.172759  
3347.129015  
3334.088268  
3326.778068  
3348.823698  
3341.768681  
3349.994494  
3350.737092  
3349.485735  
3354.338589  
3352.006408  
3347.13012  
3357.793665  
3340.835261  
3343.305279  
3354.3326  
3327.275039  
3324.847052  
3331.98878  
3328.40418  
3345.396682  
3353.580767  
3336.06448  
3340.943434  
3340.952792  
3339.470237  
3340.69227  
3346.495662  
3335.573398  
3317.852259  
3331.983736  
3320.90276  
3341.712821  
3329.235157  
3320.765264  
3328.651618  
3330.956179  
3344.550856  
3341.174943  
3331.755586  
3335.457686  
3331.555233  
3338.830681  
3332.452844  
3332.271944  
3331.125157  
3337.022214  
3340.478017  
3340.875867  
3339.218377  
3334.954052  
3333.908049  
3340.623513  
3354.521226  
3350.387994  
3335.626777  
3345.265955  
3338.223903  
