3140.284567  
3129.773444  
3134.852987  
3137.699179  
3131.256171  
3128.392178  
3131.045312  
3128.907155  
3126.418393  
3125.575524  
3128.709504  
3125.005681  
3121.476902  
3120.008947  
3117.886769  
3114.992386  
3110.455917  
3116.856789  
3121.499053  
3122.12678  
3132.985772  
3128.381778  
3134.163886  
3134.24153  
3136.904924  
3138.032493  
3133.110052  
3141.410555  
3134.141696  
3133.749701  
3135.39923  
3125.582977  
3129.1994  
3122.478163  
3127.146388  
3123.111182  
3124.673807  
3116.379679  
3117.091955  
3124.780331  
3125.401307  
3128.657796  
3121.801597  
3129.451039  
3137.441519  
3138.922007  
3130.514969  
3135.683766  
3136.835498  
3135.051197  
3132.01183  
3137.481983  
3132.352449  
3140.908556  
3138.793531  
3124.184873  
3131.384583  
3129.66506  
3130.125875  
3133.463782  
3135.20105  
3132.811233  
3125.12554  
3130.475036  
3139.740944  
3142.011866  
3139.953965  
3141.691455  
3144.633157  
3138.846052  
3138.061556  
3137.316338  
3142.791826  
3138.017621  
3141.045567  
3153.472963  
3147.175455  
3145.11526  
3136.794964  
3145.937191  
3143.618419  
3141.5907  
3130.076416  
3137.12374  
3135.944261  
3137.740176  
3141.430667  
3142.894022  
3140.034767  
3148.722668  
3149.624038  
3139.82065  
3143.783562  
3139.598756  
3145.546169  
3130.410217  
3134.078773  
3132.605083  
3133.672046  
3127.452944  
3127.451431  
3126.730671  
3130.470495  
3130.369684  
3130.073193  
3126.168241  
3128.277551  
3123.608679  
3124.989984  
3125.07185  
3130.763283  
3121.499456  
3131.904487  
3125.528875  
3125.252466  
3124.945022  
3137.372024  
3136.285108  
3134.400973  
3140.314323  
3136.488354  
3146.935879  
3150.627962  
3148.892576  
3150.743488  
3149.003424  
3145.510951  
3142.74702  
3129.189127  
3131.194185  
3122.217218  
3121.945402  
3115.506994  
3137.224154  
3130.823469  
3139.705249  
3142.608736  
3148.910805  
3149.379061  
3143.583043  
3149.692336  
3151.541085  
3144.196137  
3145.308764  
3141.875595  
3143.424724  
3138.850842  
3134.876257  
3137.025461  
3134.919266  
3130.406129  
3129.58915  
3129.161409  
3125.910855  
3119.760871  
3128.790559  
3131.771312  
3134.305595  
3138.253125  
3139.886681  
3135.955842  
3135.221871  
3133.372751  
3138.829354  
3148.111777  
3138.353489  
3148.102036  
3145.930575  
3146.175934  
3143.756171  
3138.193243  
3128.861125  
3129.208159  
3129.015282  
3125.963788  
3123.702209  
3121.238696  
3119.045156  
3121.182256  
3135.815842  
3126.877194  
3116.166682  
3119.115597  
3116.173689  
3112.863577  
3123.575766  
3113.591748  
3111.686024  
3108.037825  
3094.487518  
3093.366176  
3083.118632  
3090.935687  
3092.488668  
3098.789924  
3103.654026  
3103.565872  
3109.257448  
3117.214772  
3120.755474  
3117.065561  
3114.611067  
3118.910519  
3122.833496  
3123.563359  
3125.344227  
3128.893289  
3134.185637  
3121.938132  
3124.662394  
3116.106867  
3115.661668  
3110.145018  
3110.774248  
3105.199328  
3118.425295  
3123.939372  
3118.366352  
3115.883391  
3130.085057  
3127.490139  
3127.06942  
3130.727387  
3134.083193  
3141.104289  
3137.931727  
3129.900305  
3132.216675  
3131.554841  
3125.911372  
3122.505288  
3119.653705  
3116.170478  
3108.294477  
3107.706588  
3113.566938  
3106.413644  
3111.080895  
3104.930352  
3110.142054  
3110.095243  
3108.556444  
3120.71303  
3116.994678  
3114.151032  
3116.472594  
3128.56499  
3127.299614  
3144.267127  
3144.663588  
3142.068071  
3144.685297  
3140.037745  
3141.028453  
3141.63383  
3142.514727  
3138.680767  
3131.721997  
3139.268564  
3131.196421  
3131.624755  
3134.226859  
3128.248842  
3125.331721  
3119.817592  
3125.05473  
3126.862588  
3129.954536  
3122.615611  
3139.422767  
3136.862358  
3138.46137  
3134.139836  
3137.01681  
3135.581048  
3136.578461  
3141.432383  
3131.870478  
3139.544163  
3150.139653  
3142.94399  
3148.97549  
3159.622266  
3151.72054  
3146.84458  
3154.33358  
3143.714249  
3149.832497  
3139.274891  
3122.944955  
3116.01767  
3107.521164  
3107.26177  
3117.308114  
3119.915937  
3119.802759  
3129.043229  
3129.150183  
3126.383013  
3128.156319  
3130.006289  
3122.482695  
3126.43296  
3132.205844  
3130.735542  
3129.357408  
3135.386891  
3131.715624  
3137.541122  
3140.227864  
3139.190519  
3134.105554  
3139.292097  
3141.432306  
3128.559732  
3124.199436  
3129.893933  
3139.021533  
3135.898929  
3133.09881  
3142.617718  
3128.350905  
3133.639564  
3116.323643  
3121.639118  
3122.521178  
3119.187074  
3116.197061  
3120.518598  
3128.095888  
3132.636717  
3143.435653  
3134.892482  
3148.148896  
3149.728814  
3146.073044  
3148.429363  
3147.87388  
3140.1752  
3145.701503  
3146.363377  
3147.553415  
3150.085195  
3140.055801  
3136.50028  
3129.588337  
3126.806543  
3124.331873  
3121.978245  
3118.21889  
3109.034399  
3109.367599  
3125.582666  
3113.907531  
3118.644859  
3130.675094  
3123.942374  
3118.475256  
3126.060679  
3124.799624  
3124.046048  
3129.440033  
3127.964932  
3122.894894  
3123.632487  
3132.782934  
3131.635725  
3139.769491  
3140.268452  
3140.281324  
3145.972711  
3146.756398  
3142.413761  
3143.061037  
3147.732446  
3151.724296  
3147.114656  
3147.801306  
3151.054494  
3146.912057  
3151.044017  
3147.752746  
3145.309056  
3146.137214  
3138.615278  
3145.645862  
3147.094705  
3144.680031  
3146.436624  
3140.263273  
3132.791063  
3123.42928  
3118.350163  
3119.491489  
3124.613273  
3117.408808  
3122.714347  
3125.119453  
3144.496456  
3129.079488  
3133.090251  
3135.088924  
3140.695438  
3139.200814  
3150.461597  
3151.558826  
3151.135518  
3144.652128  
3155.780882  
3149.512114  
3151.754536  
3145.708845  
3146.863168  
3141.584313  
3144.13867  
3138.87528  
3123.143261  
3122.227424  
3128.056271  
3107.061086  
3106.370089  
3103.888795  
3108.413589  
3105.904054  
3103.902794  
3118.826482  
3122.326521  
3122.522526  
3108.746002  
3121.944206  
3123.783977  
3121.670569  
3123.650185  
3126.855505  
3121.986608  
3128.043802  
3133.909804  
3130.734717  
3130.459567  
3121.477611  
3120.580186  
3131.937867  
3133.199963  
3140.029188  
3131.355112  
3138.86748  
3134.808389  
3132.440838  
3136.613169  
3129.272222  
3134.283238  
3131.669474  
3129.839095  
3122.102623  
3109.050959  
3121.057949  
3119.848312  
3123.344385  
3128.342558  
3127.667047  
3125.911426  
3124.443236  
3128.494521  
3121.88785  
3111.703841  
3119.595828  
3116.99368  
3117.796474  
3118.394299  
3112.036566  
3131.771817  
3130.981592  
3137.530882  
3130.272086  
3135.586208  
3138.880985  
3135.332451  
3135.814909  
3137.846191  
3132.666125  
3133.25781  
3128.514528  
3125.519778  
3130.35163  
3121.403691  
3119.541162  
3116.802336  
3114.646499  
3117.783055  
3119.889071  
3129.83756  
3130.22731  
3123.715516  
3124.478423  
3127.734271  
3114.09366  
3111.843849  
3118.005553  
3115.453479  
3115.710357  
3117.770223  
3120.304691  
3124.956339  
3128.461923  
3126.966186  
3128.672776  
3139.951433  
3135.362463  
3141.783723  
3141.96223  
3142.239244  
3137.524453  
3138.202315  
3147.686613  
3145.96811  
3146.508573  
3154.005148  
3148.422043  
3136.720121  
3133.831979  
3123.752572  
3128.508963  
3117.875277  
3117.204775  
3102.023842  
3109.862202  
3110.625017  
3105.451907  
3110.722663  
3113.639279  
3120.102216  
3127.815084  
3132.607633  
3144.756534  
3147.946209  
3148.658823  
3147.572076  
3153.786662  
3153.925234  
3146.659746  
3146.50094  
3144.944462  
3133.656188  
3131.366715  
3135.50666  
3141.979589  
3132.822065  
3138.009321  
3141.90707  
3149.093711  
3149.064812  
3153.495286  
3155.973311  
3151.000002  
3152.340019  
3147.484103  
3150.898818  
3155.666197  
3145.717064  
3141.547808  
3139.274332  
3136.057973  
3126.468108  
3131.877977  
3124.202774  
3109.045392  
3104.946732  
3099.204687  
3103.525682  
3110.041238  
3110.578759  
3112.655106  
3111.234191  
3115.358999  
3128.677654  
3125.51544  
3129.523247  
3131.548351  
3127.385232  
3136.987852  
3129.125326  
3137.522141  
3136.796824  
3146.147203  
3157.22144  
3147.5704  
3155.968303  
3153.145245  
3149.018987  
3138.258534  
3132.19682  
3148.150092  
3149.117083  
3146.538865  
3139.235886  
3140.008699  
3142.661542  
3142.061233  
3148.071137  
3144.116191  
