0.4796983756  
0.09280648045  
-0.3273299079  
-0.3204771451  
-0.1546792973  
-0.439261597  
-0.7095557788  
-0.4669591131  
-0.8853873277  
-0.7684553648  
-0.8414382902  
-1.138268393  
-1.552984517  
-1.380504379  
-0.2910885131  
-0.9949250765  
-1.4156788  
-1.166123053  
-0.8855612401  
-0.7145528945  
-0.1606255766  
-0.4186026846  
0.005705638312  
-0.1132762672  
0.09771602437  
-0.2936758706  
-0.1785423868  
0.1240318139  
-0.6838786677  
-0.9618872943  
-0.9225393238  
-1.252620311  
-0.5749039961  
-0.9229440741  
-0.7195694186  
-1.459850442  
-0.9131503684  
-0.1956583738  
-0.3704527869  
-0.6592331568  
-0.9001569744  
-0.1232850623  
-0.4844876427  
-0.9081706586  
-0.4101746044  
-0.3146626502  
-0.208031268  
-0.2019730237  
0.03705148201  
-0.1706015988  
-0.6735269001  
-0.3394067812  
-0.4163604997  
-0.2718212589  
-0.2813538726  
-0.6133396248  
-0.4942778718  
-0.1381796931  
-0.1518345472  
-0.2827840965  
-0.07522366589  
-0.395383561  
-0.1212769445  
-0.3408399813  
0.1072090664  
-0.125979942  
-0.4808797465  
0.08481035547  
0.02066262312  
-0.104371198  
-0.4018127496  
-0.6761808524  
-0.5902606925  
-0.647385709  
-0.8301059737  
-0.6832917489  
-0.4926284114  
-0.2524061101  
-0.4110146619  
-0.2167359263  
0.09178463183  
-0.1435733937  
-0.4766923535  
-0.4354488276  
-0.2356931478  
-0.3067928887  
-0.2736200064  
-0.1412392942  
0.4623757315  
0.2749487228  
0.4959218844  
0.8901805852  
0.3824180926  
0.5480691242  
0.5756600545  
0.5849956846  
0.5749722627  
0.4230378938  
0.4006673756  
0.3951447527  
-0.02838941033  
-0.4110316923  
-0.4815648569  
-1.035782536  
-0.8993374159  
-1.106183037  
-0.3902715899  
-0.2443989634  
-0.9867188492  
-0.6419429474  
-0.6261457258  
-0.6419798921  
-0.4183444659  
-0.4464241387  
-0.1416689886  
-0.3787086796  
-0.3751531307  
-0.05698351203  
-0.1427879524  
-0.1298002422  
-0.00753792386  
0.3965815089  
0.603059352  
1.148330523  
1.384147229  
0.8798355176  
0.2347139394  
0.09686293758  
-0.1972324127  
0.3121365925  
-0.340118384  
-0.7288185165  
-0.7772861579  
-0.1393185591  
0.06211155207  
0.05891990289  
0.8905539036  
0.8635538291  
0.2774850257  
0.5661522424  
0.6219928356  
0.7653643916  
0.5324669853  
0.05236581242  
0.3259709919  
0.2199845159  
-0.2750455259  
-0.2250564236  
-0.2630419152  
-0.1600180769  
-0.2379714902  
-0.5708247318  
-0.6091482938  
-1.077846321  
-0.9281901275  
-0.2660233638  
-0.615013134  
0.002459290139  
0.2725685331  
-0.5921114124  
-0.3616086599  
0.170338942  
0.675608726  
1.599582676  
1.353730703  
0.6963231542  
0.5424907829  
0.8316566997  
0.4870150408  
0.4879134943  
0.0368634709  
-0.5402549423  
-0.9018495838  
-0.497760776  
-0.8960360842  
-1.401684973  
-0.4165956096  
-1.384026514  
-1.096969983  
-0.2804560526  
-0.2135705251  
-0.8283913306  
-0.8857800646  
-0.2543354431  
-0.7591162164  
-1.263853138  
-1.154861222  
-0.8472758071  
-1.673953679  
-2.232822974  
-2.585081763  
-2.943262293  
-2.284954899  
-2.301669526  
-2.099252147  
-1.827244473  
-1.838801684  
-1.535845087  
-1.092089694  
-1.491153886  
-1.339574571  
-1.510239173  
-0.674048136  
-0.4493672934  
-0.8430195249  
-0.6812221354  
-0.4223518605  
-0.4278959584  
-0.08996545318  
0.4844527406  
-0.2615133189  
-0.2505613914  
-0.6704509075  
-0.1827855369  
-0.4426126976  
-0.1518023  
-0.1981977897  
-0.1522058562  
-0.3206083041  
-0.246262104  
-0.1918249214  
-0.2890823647  
-0.1952289972  
0.1932518106  
0.4557920839  
0.1901169838  
0.0006410216489  
0.158464492  
0.02381110828  
-0.105228118  
-0.173355946  
-0.3476990598  
-0.8975557687  
-1.083351485  
-1.542307847  
-0.794441152  
-1.45058487  
-1.518201934  
-0.9164763856  
-0.9991468279  
-1.034059502  
-0.9707220345  
-0.7080994095  
-0.7316774002  
-0.9743631298  
-0.3520627994  
-0.05043696213  
0.2307208319  
0.357270207  
0.2406779096  
0.4626243407  
0.5544595281  
0.9686897287  
0.8997165135  
0.5737284539  
0.6171269586  
0.2132226469  
0.1515858803  
0.4785171296  
0.3383091555  
0.1122752695  
-0.4225723165  
-0.8712560215  
-1.041181874  
-0.8850705539  
-1.195302815  
-1.160735485  
-0.7183876727  
-0.4942600426  
-0.1828193403  
0.2058153198  
0.4594856885  
0.06302594071  
0.3005292111  
-0.2707218383  
-0.0209315307  
0.2420560452  
0.157460004  
0.2819984791  
0.3369794206  
0.3296259614  
0.3703653277  
0.7173477522  
0.4592546367  
0.4678955359  
0.833684536  
0.9755661555  
0.620514116  
0.1086451764  
0.169591588  
0.04105513803  
-0.4940753805  
-0.1510247229  
-0.02608765007  
0.138238983  
0.2408559533  
-0.1083149768  
-0.01438164646  
-0.08885392589  
0.3658535746  
0.2330788274  
-0.1058766529  
-0.2649243946  
-0.2197986878  
-0.142630441  
0.2706379594  
0.4397198158  
0.479699414  
0.4117269679  
0.7027526932  
0.6031284298  
0.9930488407  
0.2926421901  
0.1929095768  
0.1548088552  
-0.1109486073  
0.4007657225  
1.883313132  
3.159619439  
2.206116144  
1.684577984  
1.371827243  
1.334502906  
0.9101318361  
0.6011137977  
0.4187633965  
-0.04618700254  
-0.1473778057  
-0.1915059279  
0.352758379  
0.659713411  
0.6148984751  
0.5458768954  
0.7243954653  
1.121904012  
1.260117592  
0.7174091623  
0.4489516552  
0.2037427346  
0.5899281001  
0.5016806244  
0.9530138233  
0.43890028  
0.4196113664  
0.4962208489  
0.2061940346  
0.1200141806  
-0.2899022263  
-0.4906204689  
-0.1411979266  
-0.2307832827  
-0.4571437093  
-0.7165661891  
-0.3457376389  
-0.3795469351  
-0.6020218441  
-0.5686560702  
-0.4121630212  
-0.1116535254  
-0.1113558648  
0.3167950355  
0.7266646171  
0.2482947092  
0.6654528142  
0.6168581923  
0.5063141235  
0.5497344844  
0.7943209894  
0.868927884  
0.9470486515  
1.297223263  
1.451860136  
1.240542335  
0.9046859435  
0.8669577703  
0.9468893381  
1.286289516  
1.044502793  
0.4479249855  
0.6703258181  
1.23995172  
0.845882896  
0.4958120594  
0.6933403885  
0.793640761  
1.054754946  
1.587927691  
2.141455215  
1.609723501  
1.072769581  
0.65326437  
0.5677324127  
0.2453143225  
-0.4103616895  
-0.2034325299  
-0.6164487167  
-0.2763709997  
0.25156395  
0.2814728278  
0.2427054696  
0.3769918609  
0.1413626205  
0.3298804091  
0.3722557175  
0.6280614272  
0.7737339677  
0.6045398335  
0.3369738946  
0.9532173077  
1.268027696  
1.246056541  
0.2700716584  
0.1666668086  
0.2989939867  
0.4690992124  
0.1039163366  
-0.2276417296  
-0.6469668621  
-1.074084125  
-1.183309228  
-1.508297483  
-1.198342867  
-1.277467452  
-0.744293759  
-0.3118928894  
-0.07192270918  
0.03835473506  
-0.4556339482  
-0.2726896312  
-0.1581478717  
-0.1129246592  
-0.29342496  
-0.2567711701  
-0.3049934765  
-0.1598235974  
-0.4446265601  
0.1656123592  
0.002060979415  
-0.06942098725  
-0.06714584668  
-0.5550143148  
-1.025768212  
-0.7173106689  
-0.4827707211  
-0.8031255988  
-0.7008579381  
-0.3285143884  
-0.4156005337  
0.02319049478  
-0.1906408102  
0.5402915368  
0.2878517478  
0.3303926515  
0.2275721644  
0.09604886029  
0.2136687869  
-0.04563164435  
0.5828160374  
1.335225007  
0.2951684902  
-0.09309825125  
-0.3392657197  
-0.2096887831  
-0.3719546205  
-0.5160357638  
0.08490914917  
0.04969523755  
0.1434497161  
-0.2662940687  
-0.2164499797  
0.1505541636  
0.263218399  
0.1741331405  
0.185525371  
0.2273702774  
-0.01734346977  
-0.09617712173  
0.05941499188  
-0.1983585708  
-0.2879499932  
-0.3141261446  
-0.1921789506  
-0.3391111477  
-0.4267986972  
-0.2393866853  
-0.3813632132  
-0.5458080512  
-0.4348549239  
-0.1020663482  
-0.1944637479  
0.2373590433  
0.8243335332  
0.8207822682  
0.3149834183  
0.09496409589  
0.4633664075  
0.325050482  
0.2347883191  
0.5273338175  
0.5253019569  
0.6738069269  
1.075157337  
1.097318723  
1.20366128  
1.105761575  
1.385101671  
1.357755477  
1.11347367  
1.321602595  
1.341163905  
0.895769382  
0.8399780967  
0.3817027778  
0.7250465135  
0.6233276431  
0.8310278539  
0.7453685374  
0.3007701202  
0.3708055  
0.2952097345  
-0.1919506859  
-0.4235795414  
-0.7405006698  
-0.7990657338  
-1.086034529  
-1.297950727  
-1.206354446  
-0.9614429765  
-0.9501625265  
-0.804555979  
-0.3414773523  
0.2901058027  
0.3425886209  
0.5912456295  
1.788646026  
2.002515855  
0.9240990414  
0.5209411914  
0.5803949011  
0.4310137638  
0.3854220905  
0.2160800056  
0.2691504738  
0.1356971095  
0.2166526943  
0.4353022782  
0.5968352595  
1.043184749  
1.256466098  
1.41416462  
1.15731321  
0.9759550651  
1.612391141  
0.9885069544  
0.7973677803  
0.6679914976  
0.9895416342  
1.023407264  
0.8251998022  
0.8344906101  
0.7933983781  
0.6057598328  
0.3250285142  
0.2375514772  
-0.3970420518  
-0.4171054178  
-0.7906407033  
-0.8254803923  
-1.162334188  
-0.6975060207  
-1.008283599  
-1.101591698  
-0.5436571368  
-0.4152132388  
-0.453977844  
-0.2121790785  
0.4817449664  
0.08296927811  
-0.4410504969  
-0.01577457834  
-0.04562899736  
0.2396789494  
-0.04334389404  
1.414713902  
2.537299534  
1.953746444  
1.847320108  
1.283212722  
1.497375235  
0.8277352204  
0.06179815652  
0.4723129285  
0.8835949313  
0.505096274  
0.1456095501  
-0.4660516229  
-0.4544218673  
0.6108844777  
1.257887376  
0.8133178229  
0.9831251289  
1.123919037  
0.6138879281  
0.6921073484  
0.8245800604  
0.2208009058  
0.1610633704  
0.1486498776  
-0.05429266441  
-0.01776793429  
0.925810295  
0.1674880631  
-0.06994754115  
-0.07707326138  
-0.1174335945  
-0.2689204688  
0.09231533714  
0.03622242754  
-0.008412258261  
-0.07155276462  
0.02683570547  
-0.02015363205  
0.3946837497  
0.5485943803  
1.667104198  
2.239446167  
1.477929023  
1.392427399  
2.119512264  
1.257051978  
0.6758277158  
0.2410286809  
0.3622295171  
0.2073634592  
-0.1934157708  
0.1243453713  
0.01377776216  
0.2042422636  
0.6280924107  
1.044470824  
0.5464647524  
0.4327013095  
0.1902756414  
0.08177777953  
-0.1516184322  
-0.2545967617  
0.03912898888  
1.083060225  
0.8426260725  
0.5083578043  
0.08936168197  
0.491209256  
1.279546639  
0.5046258364  
0.0187477918  
0.5017053546  
-0.1471380193  
-0.1963705045  
-0.3524734245  
-0.5726632121  
-0.2026737967  
-0.4475859161  
-0.989485051  
-1.216243668  
-1.195266187  
-1.463396797  
-1.620058869  
-1.708070227  
-1.582765791  
-1.090985539  
-1.466410714  
-1.210580309  
-1.040010575  
-0.8888801629  
-0.6308787108  
-0.753900854  
-1.012958759  
-1.115020935  
-0.5989461237  
-0.188552054  
0.8082906981  
-0.1837795274  
-0.2245961395  
-1.041692822  
-1.206305692  
-1.207752291  
-1.266045621  
-1.662132914  
-0.9611026317  
-1.437381575  
-0.3488560545  
-0.3749446474  
-0.8572692515  
-0.5684381921  
-0.1090737593  
-0.1994864976  
0.06366307507  
-0.01687919232  
0.1121121639  
0.996721234  
0.09894426092  
0.383713854  
0.8605475233  
0.6954586379  
0.3565023728  
0.02307542011  
-0.07607749123  
-0.3570449724  
-0.06129196622  
0.1358713622  
-0.4154225265  
-0.10263623  
-0.5677879985  
-0.5793381138  
-0.5893410495  
-0.4647126033  
-0.7632442946  
-0.7676444483  
-0.591132774  
0.02515772074  
-0.4981249902  
-0.5561418368  
-0.6210986165  
-0.6378036759  
-0.9161150927  
-0.7773692325  
-0.9657156352  
-0.5989905632  
-0.09997279264  
-1.309262516  
-1.170779781  
-1.477244019  
-1.511435757  
-1.206742515  
-1.08007298  
-0.9894786201  
-0.8473263372  
-0.3155991896  
-0.3807796103  
-0.7961027294  
-0.8802488666  
-0.8717794217  
0.5299069733  
-0.108606501  
-0.06994113143  
0.1828283304  
-0.01819593894  
0.8897123757  
0.5200404213  
-0.13824653  
-0.0668151041  
0.03206850485  
-0.2122372186  
-0.5330461049  
-0.2884734121  
-0.3137051569  
-0.3826869886  
-0.5463933589  
-0.01954203881  
0.05236717343  
0.01773790654  
0.04840741878  
-0.4894254484  
-0.9169683347  
-0.9838256975  
-1.455229899  
-1.652815757  
-1.353067039  
-1.715920791  
-1.841488827  
-1.875554388  
-1.744219969  
-1.410754191  
-1.14878241  
-1.378673541  
-1.097885492  
-1.543938632  
-1.088836976  
-0.4672070509  
-0.8434410795  
-0.6066208474  
-0.7207448313  
-0.5969964676  
0.03156387752  
-0.3225758437  
-0.3729150393  
-0.4302199972  
0.1830581665  
0.1876089906  
0.4408328507  
-0.1044837527  
0.01110322074  
0.1908802409  
-0.01176472341  
0.02192715389  
0.4732706306  
1.096790567  
0.7717212749  
0.3245304175  
-0.01132933569  
-0.02454392215  
0.3455731878  
-0.03013120464  
-0.6625280568  
-0.2561116336  
-0.09772583874  
-0.7912080185  
-0.4709543107  
-0.4582442765  
-0.5294212502  
-0.08326108132  
0.261574572  
-0.132640369  
-0.2380664576  
-0.1895392396  
0.2088721257  
0.4582113119  
0.04051524649  
0.1356917427  
0.1697270262  
0.1515923204  
0.1740634045  
0.5430602375  
0.05397995168  
-0.0008967634883  
0.2154293877  
-0.1896966543  
-0.3235773225  
-0.5931046541  
-0.4279427706  
1.018528994  
1.074631839  
0.3497372792  
0.2908799627  
0.6810009262  
0.533361211  
0.5184713587  
-0.02670877898  
0.3387868404  
-0.001552261938  
0.2826258519  
0.1374142264  
-0.5576640166  
-0.6751922549  
-0.8645275661  
-0.3019574847  
-0.8302929022  
-0.7620618191  
-0.9416568222  
-0.8642763675  
-0.8608394074  
-0.215701233  
-0.1731767759  
-0.3164282275  
-0.2192584995  
-0.02908705246  
-0.5907970897  
0.3414597459  
0.8114355624  
-0.4839432246  
-0.04552713928  
-0.1959909718  
-0.2059121411  
-0.6145020913  
-0.5003740404  
-0.5195585467  
-0.6139632904  
0.1096063125  
-0.1925364996  
0.2858880364  
0.575215143  
0.03790390396  
0.4500484289  
0.023943113  
-0.1660185711  
0.04701227573  
0.03109175773  
-0.5417808739  
0.353175998  
-0.01567334068  
0.183401237  
0.1732011588  
-0.08337290701  
0.571350191  
0.02980503454  
-0.2988273603  
-0.1537392113  
0.09355735178  
0.05598862867  
-0.7134541706  
0.4014535396  
-0.0161000369  
-0.02362442118  
0.250527118  
0.1778782608  
-0.1046069686  
-0.02770313351  
0.08733378159  
-0.3590075951  
0.08042233294  
0.383794871  
-0.1989822155  
-0.4218367478  
-0.5763503493  
-0.3827934114  
-0.132702351  
-0.6461899504  
-0.8412452311  
-0.9469839346  
-1.188870829  
-1.686963195  
-2.186376134  
-1.607082215  
-1.883674468  
-1.418580727  
-2.009965913  
-1.769156808  
-1.922019707  
-1.380265709  
-1.757123625  
-0.06773678204  
-0.4964941131  
-0.6533760964  
-0.5424304096  
-0.9088387314  
-0.8725973811  
-1.008665901  
-0.7496603647  
0.09030524202  
0.004009119688  
-0.5367997288  
-0.4754244664  
-0.2222916727  
-0.5964191298  
0.5148700343  
0.1242340284  
-0.1648554017  
-0.1788280553  
0.2512944583  
-0.2523876284  
0.4125715771  
1.131831701  
1.122635424  
0.7276096103  
0.7556957017  
0.613147379  
0.5705893062  
1.197743741  
0.2785630174  
0.1395518109  
0.7284577584  
1.279181015  
1.108646273  
0.927187775  
0.3929350881  
0.4413602478  
0.7167281971  
0.3513405766  
0.4360923892  
-0.1595835516  
-1.099411646  
-0.06698893121  
-0.3352243103  
-0.5987078157  
-0.541364542  
-0.6880280034  
-0.8626094345  
-0.8388796269  
-0.1249488727  
-0.133752958  
-0.5810011053  
-0.255985341  
-0.9707098831  
-0.579041882  
-0.3466568107  
-0.3831949893  
-0.3857500271  
0.677889257  
0.533931073  
0.137291249  
-0.268923332  
0.6718023811  
1.510887393  
0.4369228356  
0.8467256434  
0.9831014593  
0.1637360728  
-0.101388703  
-0.0346805816  
0.9561710522  
1.207717657  
0.3538853951  
0.0482684237  
-0.1466549188  
-0.6366123519  
-0.6714508916  
0.1062446008  
-0.5101595389  
-1.481153725  
-1.033367059  
-1.296398982  
-1.546796582  
-1.118243254  
-1.382888769  
-0.7874723364  
-0.5995071174  
-1.374924501  
-0.671489066  
-0.1793607661  
-0.5785506263  
-1.452467263  
-0.8586709411  
-0.8487736618  
-0.4558397555  
-0.5150515311  
-0.5403002529  
-0.5300435247  
0.2736310959  
-0.06419446918  
0.2030034697  
0.1337388261  
0.3095874126  
-0.286351474  
0.4372360315  
0.2435116684  
0.9811485076  
1.709196636  
0.3419637154  
0.9264827007  
1.650681152  
0.6410930033  
1.945659061  
1.067415385  
0.7935448524  
1.295130254  
0.6316708564  
1.315972367  
0.3943272768  
-0.06689626356  
-0.1424976734  
0.0045215484  
-0.4761168501  
-0.7442913152  
-0.5809734271  
-0.5710397575  
-0.3183859934  
-0.188492345  
-0.6623646766  
0.1086806546  
-0.1790062762  
0.3408895859  
0.1601413262  
-0.5918612181  
-0.08075954941  
-0.1206042606  
-0.2522516876  
-0.4016667092  
-0.592634655  
-0.4729731568  
-0.3232114299  
-0.4707051894  
-0.05262683374  
1.225706747  
0.2745359273  
0.386838146  
0.8847832791  
1.172825146  
1.085807033  
0.2633167807  
0.1727253138  
0.3084599368  
0.1069360261  
0.7945046233  
-0.09471632211  
0.2815975608  
0.2305797029  
0.555307943  
1.022521609  
0.5114154212  
0.8198479107  
0.5559151493  
1.268359124  
1.224255051  
0.8161806123  
0.9584411002  
0.9146194802  
2.234482932  
1.786751969  
1.131897319  
1.350837019  
0.182417911  
0.405412954  
0.6287353803  
1.107784787  
1.5406471  
0.1565260187  
0.2548871617  
0.9122292987  
-0.2385769098  
-0.4334627194  
-0.3436550636  
-0.4575050519  
-0.4017636353  
-0.4618317935  
-0.298508111  
-0.8478625932  
-0.07413220141  
-0.3987852539  
-0.8830777132  
-1.08159507  
-0.6652607677  
0.3403763332  
-0.4369006025  
-0.6239339211  
-0.3414260358  
0.0445789573  
-0.3017718096  
-0.06367956749  
-0.01623978381  
0.1189101546  
0.1369087097  
0.273318875  
-0.1824281983  
0.3721889287  
0.5787656581  
0.3819462019  
-0.1314605949  
0.05837905304  
0.2271708646  
0.4540810264  
-0.07567348521  
-0.2448907472  
0.03409384483  
0.3693315608  
0.5327222932  
0.1814759662  
0.3381507422  
1.047014696  
0.1129667216  
0.05056092522  
0.2438963725  
0.257002315  
0.09102631793  
-0.3343851687  
-0.3124499021  
-0.07471303544  
1.032993601  
1.472754153  
2.356120693  
2.148009616  
2.052934537  
2.03666018  
1.988657373  
1.757052265  
2.128796999  
1.321263861  
1.395809045  
1.674447946  
0.7695993137  
0.8227844713  
0.908753569  
0.1159796536  
0.6062162036  
1.122722191  
1.379248351  
1.256634945  
0.6775411858  
0.5621565562  
0.4707383821  
1.220281237  
0.6090618083  
0.4650266211  
0.890455189  
0.5715669319  
0.7203453861  
0.4426512618  
1.023621377  
1.013442717  
0.4277249822  
0.6419133005  
0.4729802732  
1.241414732  
0.8790153544  
0.5155253472  
0.5252039468  
0.5863584101  
1.272633313  
0.9669069971  
0.8542499256  
0.6462633656  
0.669411734  
1.517184009  
1.615734027  
1.297184257  
0.8234711305  
1.701012119  
1.651498964  
0.5814195517  
1.638208221  
2.211149968  
