2906.909141  
2906.549982  
2910.389396  
2908.365134  
2908.011416  
2900.604006  
2906.504903  
2897.181618  
2894.840854  
2886.917571  
2893.946695  
2897.157843  
2898.161022  
2893.45834  
2895.595153  
2883.176586  
2898.899413  
2897.679061  
2888.184944  
2892.614385  
2886.795557  
2888.965495  
2882.621769  
2898.399425  
2907.069777  
2912.582003  
2905.498955  
2906.085133  
2917.129038  
2904.23315  
2902.598976  
2904.247651  
2896.829354  
2897.458407  
2899.482841  
2906.589467  
2902.332998  
2904.339911  
2890.627447  
2905.202293  
2907.909723  
2895.849837  
2892.231681  
2890.940171  
2888.123328  
2875.587657  
2878.979237  
2891.355725  
2900.979624  
2893.571804  
2889.313618  
2875.92235  
2888.838522  
2885.195075  
2888.730874  
2891.801647  
2883.306639  
2877.108946  
2872.130398  
2860.492226  
2864.599643  
2865.247435  
2872.197899  
2871.650121  
2882.557429  
2885.480646  
2884.947064  
2890.070447  
2886.334867  
2892.912784  
2893.778363  
2884.881143  
2885.887661  
2885.65825  
2889.439248  
2877.47663  
2869.566191  
2862.339047  
2865.558257  
2867.351513  
2880.886111  
2872.793855  
2857.546005  
2863.262165  
2860.675662  
2860.440409  
2863.231138  
2871.515832  
2866.432991  
2871.516311  
2889.700784  
2883.633021  
2885.923672  
2886.546455  
2889.635512  
2891.169394  
2892.24522  
2899.69794  
2902.19075  
2904.617103  
2903.710776  
2903.26234  
2899.844346  
2894.759212  
2904.977904  
2890.579618  
2892.220985  
2890.460163  
2882.414146  
2896.389899  
2887.470224  
2901.067959  
2897.657315  
2903.830943  
2897.744108  
2896.88649  
2897.089046  
2893.838647  
2902.991343  
2898.68504  
2890.681828  
2886.786844  
2881.737198  
2887.156221  
2877.056433  
2878.485783  
2875.676794  
2876.182487  
2882.852659  
2877.460688  
2875.284913  
2872.814218  
2867.667413  
2874.068763  
2877.077597  
2882.582262  
2887.143695  
2888.089806  
2892.629659  
2889.317316  
2897.13295  
2889.019096  
2890.242811  
2897.201419  
2898.521333  
2900.782844  
2902.182248  
2910.670335  
2900.941079  
2908.517071  
2905.679716  
2912.724693  
2902.590327  
2906.017405  
2897.773501  
2890.783913  
2889.57292  
2888.076157  
2897.026285  
2885.974727  
2882.172064  
2870.098187  
2869.513854  
2876.024817  
2870.377656  
2877.821616  
2880.115956  
2885.916296  
2881.398717  
2878.353528  
2885.450635  
2878.624456  
2868.846374  
2878.108859  
2876.883618  
2884.193784  
2872.692354  
2881.619447  
2885.61727  
2883.671912  
2886.38844  
2889.510983  
2896.884787  
2886.447622  
2891.399582  
2891.246245  
2894.140234  
2890.120799  
2900.304865  
2902.086754  
2896.827338  
2898.673311  
2903.103736  
2898.639104  
2896.441863  
2902.104262  
2897.732697  
2892.372666  
2887.512225  
2895.631662  
2902.662189  
2893.582679  
2881.916662  
2874.960648  
2872.421602  
2870.209783  
2872.998665  
2869.200443  
2859.117875  
2873.193425  
2865.666469  
2874.854339  
2885.372522  
2883.363624  
2880.755343  
2889.072037  
2888.154121  
2891.647847  
2896.770907  
2892.527534  
2898.038754  
2893.730212  
2903.019306  
2896.557935  
2898.674419  
2886.571515  
2889.610795  
2879.381627  
2875.861851  
2881.289791  
2894.204423  
2898.589968  
2886.337064  
2892.421788  
2899.438601  
2887.338625  
2891.857783  
2888.074065  
2899.918465  
2888.218313  
2887.773421  
2881.986391  
2898.592267  
2892.304952  
2888.931044  
2887.868634  
2895.748582  
2888.252901  
2890.714346  
2889.846185  
2899.490272  
2883.023259  
2894.26386  
2889.131381  
2891.345053  
2895.00748  
2880.124133  
2888.433468  
2877.668307  
2871.758641  
2884.670047  
2877.311669  
2870.774738  
2877.029247  
2877.446748  
2875.38316  
2872.15235  
2871.531886  
2870.21584  
2874.872177  
2886.478087  
2878.568445  
2883.680197  
2888.112372  
2889.312696  
2893.575097  
2897.002442  
2892.979745  
2894.565912  
2898.322668  
2903.789084  
2901.749304  
2894.6559  
2905.244586  
2898.042464  
2903.948335  
2919.144998  
2902.197572  
2897.198634  
2904.970477  
2909.210052  
2904.540227  
2907.977502  
2900.309081  
2898.693473  
2901.923819  
2901.54681  
2898.350167  
2888.549849  
2887.901731  
2894.813019  
2886.263469  
2884.95008  
2880.627965  
2880.35624  
2879.726196  
2877.236191  
2875.840618  
2865.681574  
2868.930883  
2865.949613  
2862.86602  
2856.98986  
2860.814738  
2863.372137  
2861.020185  
2873.378169  
2868.564077  
2866.684729  
2879.797665  
2872.635873  
2871.407251  
2879.39553  
2880.394698  
2883.333566  
2889.503133  
2878.678863  
2885.086147  
2879.675358  
2883.18369  
2890.029348  
2883.073118  
2884.693681  
2881.931941  
2884.435082  
2879.26918  
2887.368032  
2882.500321  
2891.560851  
2891.91442  
2897.530717  
2885.338781  
2901.471614  
2908.895177  
2901.194848  
2912.607814  
2908.205015  
2906.403869  
2900.668961  
2900.789097  
2908.837444  
2898.789581  
2890.106284  
2899.423263  
2887.963007  
2906.403459  
2896.880502  
2890.432667  
2881.047263  
2889.053618  
2882.919462  
2895.753917  
2888.76134  
2882.871344  
2887.46565  
2884.096749  
2876.633152  
2882.115971  
2880.777887  
2883.525452  
2880.455334  
2889.582557  
2883.472884  
2880.904015  
2888.275951  
2881.093715  
2881.827342  
2900.010724  
2902.172842  
2886.107378  
2886.943025  
2890.887047  
2895.513404  
2902.91323  
2912.54821  
2905.71068  
2901.569337  
2906.374234  
2903.97554  
2908.558889  
2908.576476  
2897.919617  
2891.744405  
2888.626372  
2883.015201  
2878.498765  
2886.745365  
2877.024981  
2874.443853  
2861.507914  
2862.939397  
2863.494133  
2856.447972  
2855.907446  
2859.223384  
2861.533668  
2862.295926  
2863.398579  
2870.055802  
2881.287627  
2879.174574  
2883.777575  
2879.615155  
2889.56051  
2887.637678  
2887.3408  
2890.97692  
2893.649054  
2875.522404  
2881.259386  
2871.263829  
2876.304281  
2880.363309  
2883.085881  
2876.980214  
2889.680299  
2894.971421  
2893.821244  
2891.586958  
2893.09823  
2882.096114  
2891.688192  
2885.222835  
2895.184959  
2897.793245  
2898.98907  
2896.501231  
2897.4764  
2900.537544  
2906.059098  
2889.357533  
2900.109937  
2896.950415  
2897.222748  
2896.848705  
2895.403021  
2883.660278  
2889.422355  
2897.569138  
2892.527631  
2882.703379  
2895.693523  
2878.219948  
2892.569178  
2883.419065  
2888.696744  
2892.553571  
2887.221649  
2890.14272  
2891.840577  
2892.080318  
2887.241822  
2898.653615  
2890.104626  
2901.788405  
2897.148172  
2891.851032  
2910.065521  
2894.141737  
2897.014805  
2895.345698  
2885.413552  
2891.000388  
2895.040968  
2892.507947  
2893.104273  
2895.229077  
2894.155898  
2892.589972  
2894.593205  
2889.911146  
2903.414717  
2891.536709  
2887.311641  
2886.284684  
2886.586197  
2892.853937  
2889.588216  
2893.894841  
2897.181681  
2896.634767  
2899.366729  
2905.394005  
2900.369195  
2903.695846  
2897.076558  
2904.523052  
2906.758749  
2893.3311  
2896.133552  
2889.320174  
2887.181526  
2890.474331  
2878.467893  
2881.846353  
2874.951001  
2878.660055  
2877.308677  
2871.546974  
2882.05658  
2864.767553  
2868.843625  
2858.771766  
2855.794818  
2859.148469  
2861.281618  
2858.549739  
2872.544885  
2875.780783  
2870.406462  
2877.496988  
2878.172511  
2878.643734  
2890.545072  
2883.546057  
2883.864783  
2881.478634  
2895.865921  
2894.051381  
2899.845805  
2896.126462  
2907.953083  
2894.701207  
2915.543929  
2900.666611  
2910.983621  
2906.793461  
2908.830143  
2892.939257  
2890.268375  
2890.79382  
2893.946353  
2888.356316  
2891.936074  
2891.701738  
2897.147035  
2905.827945  
2914.048654  
2912.229024  
2896.970255  
2904.72495  
2906.629724  
2905.911973  
2893.041424  
2888.588233  
2885.241273  
2878.38061  
2883.730158  
2869.965723  
2883.449852  
2892.748058  
2886.171899  
2895.406363  
2904.89992  
2889.335724  
2903.15271  
2890.281954  
2891.398975  
2893.808796  
2892.452481  
2885.527986  
2875.885975  
2876.246376  
2876.382799  
2894.125393  
2886.359578  
2894.007253  
2894.398477  
2896.011221  
2896.977095  
2894.196198  
2903.088871  
2901.865597  
2895.846202  
2904.364276  
2903.281154  
2900.882919  
2908.101402  
2900.599832  
2901.683576  
2899.862664  
2897.631217  
2902.799819  
2891.778164  
2881.679451  
2889.493427  
2896.088389  
2881.946297  
2886.061737  
2885.032208  
