0.2857333647  
0.2141727032  
0.2084943646  
0.03618820098  
0.08210475312  
-0.04593131774  
0.4843925819  
0.5102730504  
0.4660588644  
-0.6650280519  
-0.07962736765  
-0.4458454041  
-0.1586310468  
-0.3959544236  
-0.002224377951  
-0.1552522649  
-0.2464406643  
0.1438188806  
0.6775857317  
0.4493757147  
0.3436221067  
0.15823273  
-0.1835940905  
0.08045386997  
0.02245083138  
-0.07218609294  
0.511683031  
0.9222873955  
0.3082057942  
0.2012487905  
-0.1497420753  
-0.1795662672  
-0.03266295328  
-0.4013572874  
-0.224790904  
-0.2427728986  
-0.226364324  
-0.5292288645  
-0.2715347142  
0.1944327648  
-0.1211337463  
0.01662833376  
0.09363486311  
-0.1008711609  
-0.475910086  
0.02798729822  
0.04393864474  
0.6916990337  
0.2917528757  
0.5166435183  
0.340647678  
0.7861601302  
0.4693645732  
0.5878125206  
0.6347014535  
0.3795242645  
0.3566150494  
0.5186604435  
0.3986702743  
0.2913467443  
0.4183796598  
0.2332167008  
0.7308715415  
0.6606785369  
0.5913756907  
0.2368777311  
0.4550978086  
1.097281254  
0.4315526523  
0.3189796963  
0.3144274755  
0.03628229329  
0.9602229851  
0.1847795594  
0.0538642569  
0.4819605904  
0.4068789802  
0.639223961  
0.6394243405  
0.6248664119  
0.8230877802  
0.9007939144  
0.5414164742  
0.7381626871  
1.01141126  
0.7323448905  
0.6750211278  
0.9182406836  
0.9875058049  
1.049023517  
1.174119987  
1.251575616  
0.7319906209  
0.3527305984  
0.4196516786  
0.1148478921  
-0.09598212018  
0.1153559435  
0.305663192  
0.08253776558  
-0.2952524067  
-0.587786307  
-0.2627115831  
0.05278510642  
-0.3095407716  
-0.1370807299  
0.4285484733  
0.4212037514  
-0.22018446  
0.07218706564  
0.1753616276  
0.01298477709  
0.07282135347  
0.4257425731  
0.2085712738  
0.773895009  
0.4496854659  
0.2156616423  
0.5018126321  
0.973073786  
0.5447126808  
0.5851610297  
0.9620002215  
0.9846137225  
0.5332528182  
0.5771701481  
0.4875933916  
0.3923690072  
0.1208504839  
0.3218486077  
0.2969215356  
0.2501878695  
-0.09068183968  
0.7078909373  
0.9338844422  
1.138797688  
0.9108178392  
1.339202064  
1.148762628  
1.305188059  
1.33378122  
1.189731697  
1.167223808  
1.013845674  
0.4868393928  
0.4695757953  
0.3525417414  
0.2857101282  
0.5050662739  
0.07875293134  
-0.02876980917  
0.232892044  
0.231120953  
0.265112205  
-0.1725036075  
0.6388691493  
0.5546431248  
0.8310727103  
0.9111377602  
0.07622192029  
0.1514235422  
-0.1392951736  
-0.09261268191  
0.4235169352  
0.6413231396  
0.6174626767  
0.6317066723  
0.8960494755  
0.7501165344  
0.5348086093  
0.3477327767  
-0.1153153296  
-0.6300322614  
-0.4455333803  
-0.5095733065  
-0.7887844542  
0.0671842702  
-0.5630228101  
-0.5454243687  
0.1706794446  
0.09594077858  
-0.8952848588  
-0.8906374675  
-1.191083326  
-1.419972777  
-1.231906803  
-1.542632052  
-1.239220861  
-1.635874674  
-1.682032  
-2.185769272  
-1.862871861  
-1.828403051  
-1.534850759  
-1.456273262  
-1.195955903  
-1.160441752  
-0.9236239725  
-0.7970275731  
-0.6300740189  
-0.8041774356  
-0.8366154712  
-0.5678773588  
-0.8776954864  
-0.7617155867  
-0.6828558621  
-0.3792808677  
-0.618468636  
-0.5989235014  
-0.6971132921  
-1.090112395  
-0.7059452546  
-0.6106630134  
-0.541619747  
-0.1330494041  
-0.2566847208  
-0.4300802808  
-0.3137759954  
0.04552514315  
-0.2603733413  
0.1095687424  
0.04033497333  
0.1083135873  
0.4105078205  
0.1220538673  
0.312108144  
-0.1104657675  
-0.07168756366  
-0.064651906  
-0.2011560941  
-0.7145963915  
-1.071143513  
-1.293764404  
-0.7977752929  
-0.9234652531  
-0.9121229669  
-0.9650745717  
-1.153948331  
-1.294052817  
-0.9021449829  
-0.9411153458  
-1.394212407  
-1.105287543  
-0.3487739046  
-0.7401857497  
-0.3229816338  
-0.08990653018  
0.1287987275  
0.2478582373  
0.849656908  
0.7032601377  
0.6382570127  
0.4416176683  
0.7039427607  
0.2768920771  
0.3067023873  
0.4877289508  
0.2232563103  
0.08093603346  
-0.503664625  
-0.06129110934  
-0.5910275111  
-0.2091312338  
-0.4102276204  
-0.4064710027  
-0.911791875  
-0.3312450011  
-0.4876227254  
-0.2283533889  
0.0201217763  
-0.07629203314  
0.3379034215  
0.2815393027  
0.3607585685  
0.3223409291  
0.01880218981  
0.6617119513  
0.6582251459  
0.9128606076  
1.085069006  
0.7372754113  
1.48392722  
1.522119825  
1.035928999  
0.9768861876  
0.3816355148  
0.2608475226  
0.2167651404  
-0.8885175542  
-0.7681938314  
-0.7875688331  
-0.7180497016  
-0.8440033611  
-0.4138305666  
-0.4411075099  
-0.1578183847  
-0.4199018592  
-0.6238454672  
-0.2957683242  
-0.110435273  
-0.01748213245  
-0.4878079603  
-0.3632359654  
-0.1266980245  
0.227986164  
0.3939592219  
0.5441441875  
0.4071944863  
0.581507437  
0.6243617137  
0.6187891876  
0.5836560642  
0.2257833232  
0.2679177711  
0.03046119973  
-0.4066509803  
-0.2685402655  
-0.1032956177  
0.1701446117  
0.09229214285  
0.4141962148  
0.3949380839  
-0.01329731371  
0.05587917048  
-0.09170820957  
-0.6782182257  
-1.057020325  
-0.7354579644  
-0.8781494065  
-0.629554596  
-0.517865766  
0.1902317213  
0.3857171116  
0.521938422  
0.589210059  
0.8056078131  
0.5705594954  
0.2391774212  
0.5049735889  
0.3922762104  
0.3035612162  
0.552681861  
0.2522953289  
0.2101025901  
-0.04475227326  
-0.4109733065  
-0.4235226079  
-0.6590484008  
-0.4465961093  
-1.067826339  
-0.8199696883  
-1.272828968  
-0.9547939632  
-1.059426053  
-1.018622514  
-0.8605687884  
-1.093861432  
-1.114271968  
-0.9193722714  
-0.9375227538  
-0.7523793013  
-0.3172357489  
-0.296110943  
-0.6443459482  
-0.1532012131  
-0.246067347  
0.05678477  
-0.1679304339  
0.2110003842  
0.8066840881  
0.5337745827  
-0.09140337615  
0.4409266529  
0.4063881605  
0.372257354  
0.6759625803  
0.8659575819  
0.6540177611  
0.8959985739  
0.7379124867  
1.11307367  
1.250910952  
1.169564491  
0.7556398369  
0.478902079  
0.4535370625  
0.5940481901  
0.7754057845  
0.826558812  
0.6214118054  
0.2083122087  
-0.1961091618  
-0.4810219683  
-0.9938084435  
-0.7348745959  
-0.6396578037  
-0.458162293  
0.06215866553  
-0.399709498  
0.2118078416  
0.5215391988  
0.2309809345  
0.4359176778  
0.6274501563  
0.7998718972  
0.6037414973  
0.834574434  
0.5978764037  
0.7228118544  
-0.1326717983  
0.2825691269  
-0.009470612839  
0.02568310255  
0.5071417598  
0.1551917139  
-0.3220168124  
-0.719374332  
-0.4449227317  
-0.814661468  
-1.136555795  
-1.156945519  
-1.566762424  
-1.345196384  
-0.8285623863  
-0.6582775719  
-0.7476065928  
-0.4693597976  
-0.5526117975  
-0.4364466065  
-0.5982303012  
-0.3603328707  
-0.3931724282  
-1.044201686  
-0.4686013851  
-0.537126468  
-0.5787060997  
-0.2810926653  
-0.7598365433  
0.1559802686  
-0.1228291312  
-0.8554864299  
-0.2093118609  
0.4996276796  
0.4818392122  
0.4919778022  
0.18410686  
0.2929711019  
0.2965945913  
0.6290277007  
-0.2274600234  
-0.2899157723  
-0.163308644  
-0.4790038448  
-0.7138563463  
-1.440780381  
-1.217977714  
-0.7235986251  
-0.6264996362  
-0.4771378075  
-0.5121048038  
-0.6318533635  
-0.7252140268  
-0.4124982593  
-0.2561042865  
-0.6189508923  
-0.5089358842  
-0.2339852534  
-0.5594930317  
-0.2249404971  
-0.5693372091  
-0.06196816114  
-0.06723043439  
0.1233308134  
0.6345721913  
-0.02464425055  
0.8359947123  
0.3262691793  
-0.2032606786  
0.0529331618  
-0.327924648  
0.2231460091  
-0.3242320461  
-0.5429215798  
-0.3750537217  
-0.3982201149  
-0.9023780745  
-1.119810853  
-0.7133308427  
-1.34288072  
-0.7523648712  
-1.462502669  
-0.9853037206  
-0.8610770557  
-0.9932380231  
-0.6419087313  
-0.8298248979  
-0.6904593486  
-0.7821905941  
-0.5438291041  
-0.3400670857  
-0.3962475798  
-0.3545354756  
-0.1685636159  
0.08027400568  
0.2647703764  
0.236560155  
0.4056584758  
0.893749545  
0.8892316626  
0.9443276035  
0.7016689758  
0.8205780844  
1.098151971  
0.5295269968  
0.800146503  
0.6240006373  
0.9962418411  
0.08008943389  
0.323032183  
0.5702494659  
-0.1741873803  
0.09962907007  
-0.504021681  
-0.6657799097  
-1.005708777  
-1.043638851  
-0.9279875819  
-1.498531947  
-1.111680446  
-0.9271589073  
-0.9689129779  
-0.389821369  
-0.2730860067  
0.01476635996  
0.3238650226  
0.2535864685  
0.3124549101  
0.673226055  
0.09619088712  
0.03642662666  
0.2202405325  
0.2801595411  
0.115353404  
0.1242593272  
0.08339340683  
0.5006703016  
0.3456496122  
0.5443949359  
0.7977358805  
0.7623186878  
1.202880289  
1.506696896  
1.795565379  
1.486833462  
1.520850905  
0.995129249  
1.308759024  
1.375637505  
0.9375097355  
0.6998665262  
0.5576293171  
0.5767280366  
-0.1993316806  
0.02978532635  
-0.682233556  
-1.1970758  
-1.354558615  
-1.126371099  
-1.322597539  
-0.918454379  
-0.5186787539  
-0.6613353708  
-1.106898547  
-1.091548589  
-0.8941932138  
-0.8318395058  
-1.133264206  
-0.3264048382  
-0.6503950854  
-0.4296010306  
-0.176572863  
-0.08085659736  
-0.01861312352  
0.1449053867  
0.6684089997  
1.141329487  
0.9302721823  
1.2705504  
1.562275669  
0.9803030034  
0.9096821061  
1.253411354  
1.208756995  
1.128952632  
0.7295602283  
0.4639508025  
0.5143427814  
0.531271604  
1.068909644  
0.4185020961  
0.3684352691  
1.217565332  
0.5103041364  
0.4899426805  
0.5350099948  
0.6696397595  
0.7196769079  
0.6610369165  
0.1290402897  
0.714032794  
0.6150316848  
0.6537944402  
0.8172066333  
0.3133951128  
0.5719246368  
0.01165411144  
0.5422841344  
0.2332247648  
0.0983175485  
0.03721817703  
-0.3416072365  
-0.2619561848  
-0.2407395129  
0.580173164  
0.7891965537  
1.469654677  
1.328159535  
1.266595004  
1.511822012  
1.194453263  
0.56193835  
0.3299642195  
1.1119  
0.8804262664  
0.4357877312  
0.5188418452  
0.2028084661  
0.5059444978  
0.4687229145  
0.4850739118  
0.6903109592  
-0.04281939275  
0.3445308657  
0.3102969805  
0.08562730631  
-0.1039123982  
0.819216698  
-0.0615499768  
0.5547784575  
0.3043503892  
0.2538807819  
0.0563588987  
0.5835932343  
0.2086209225  
-0.2953864113  
-0.2481799923  
-0.2479017364  
-0.4822829283  
-0.8889417158  
-0.5825567077  
-0.4879996726  
-0.8940298358  
-0.9442336233  
-0.6826373457  
-0.7492208594  
0.01309895105  
-0.3520147592  
-0.1622276697  
-0.2383589457  
-0.1838999108  
0.06603047579  
0.06707414586  
-0.2197297856  
-0.4031984854  
0.152403943  
-0.5141396664  
-0.7380556287  
-0.6422277297  
-1.016517036  
-0.8204900807  
-0.3546475532  
-0.6179587349  
-0.9523302736  
-1.234425476  
-1.282519546  
-1.09554076  
-1.171839403  
-1.322773862  
-0.9432542493  
-1.165406797  
-0.06671824917  
-0.3548918862  
-0.5084813203  
-0.7087356227  
-0.03298091007  
0.4473043034  
0.4507619292  
0.3259259407  
0.2635012434  
0.6569333749  
0.4550913715  
1.266798615  
0.9735228536  
0.5794435095  
0.5693343767  
0.6594679377  
0.2897852471  
0.4163567157  
0.9071919088  
0.8847606361  
0.7017466207  
0.5817825089  
0.5584036514  
0.1307186458  
0.4566853036  
0.2385328054  
0.3780734944  
0.1477453314  
0.09326154102  
0.5785480461  
-0.08923866305  
-0.2080802205  
-0.441811985  
-0.2504621623  
-0.6914175292  
0.06372921418  
-0.6351604601  
-0.9275403885  
-1.421542795  
-1.045874976  
-1.413480344  
-0.7091454909  
-0.7533304096  
-0.7461581509  
-0.9816026229  
-0.5507762621  
-0.119169577  
-0.8240935416  
-0.3237721843  
-0.2781906721  
0.1619680284  
-0.253104425  
-0.03979458231  
-0.06316004889  
-0.1823061253  
0.3796954975  
0.6464698411  
1.089410771  
1.381216559  
1.113929767  
1.298925033  
0.9529466501  
0.6697543698  
0.4182684744  
0.4500008603  
0.007433127998  
0.70755527  
-0.05837661565  
-0.2695853636  
-0.1706340621  
-0.7696110919  
-0.6367008681  
-1.08177238  
-0.6228498812  
-1.208256206  
-0.9449746843  
-0.5593156276  
-0.5011004727  
-0.5343155324  
-0.6350489267  
-0.508761446  
-0.06610217711  
-0.8028253297  
-0.5271101987  
-0.4709368176  
-0.1842903211  
0.04353460192  
-0.1622386003  
-0.363056655  
0.02831652093  
-0.1443521122  
0.3129480499  
-0.007010622369  
-0.2877904852  
0.2491369438  
-0.1334468021  
0.3518199867  
0.785218625  
0.5921206558  
0.5031417496  
-0.07619781812  
0.4440141877  
0.6243351636  
0.2335851805  
0.3892213013  
0.6967742494  
0.1384096277  
0.3547343488  
0.1429670078  
0.3257520229  
0.2077140035  
0.1802534032  
-0.00625760487  
0.2570920294  
0.2073022431  
-0.2765898592  
-0.9014307923  
-0.1864511117  
-0.8106560159  
-0.6912238128  
-0.2170010792  
-0.2310457935  
0.2010186634  
0.3915600457  
-0.2015718789  
0.2670574679  
0.2518113659  
0.04095125515  
-0.08415166613  
0.1602752127  
0.515223814  
0.5083477575  
1.185102724  
0.4430299629  
0.1868182896  
0.1831166242  
0.142396525  
0.3039819928  
-0.01541253571  
0.1538340395  
0.04212578895  
0.3253521455  
-0.2127935035  
0.2666809144  
0.7840897104  
0.1416939339  
0.3110409986  
0.1790474756  
0.1819684751  
0.1440900904  
-0.1441061147  
-0.1236183392  
0.03251709432  
-0.05569111964  
-0.3151561159  
-0.7896484122  
-0.2431696036  
-0.2692531568  
-0.5988027012  
-0.1873190074  
0.3267814608  
-0.5014790117  
-0.1112493128  
0.6808337055  
0.6763170377  
0.3379844524  
-0.4296591852  
0.001115359978  
0.1149725745  
-0.238450139  
-0.09243996084  
-0.3633955749  
-0.4221311765  
-0.6828120489  
-0.4409853336  
0.02462191449  
-0.210376788  
-0.2899895221  
-0.6932933433  
0.007108741846  
-0.04066152616  
-0.07141829067  
0.05333592382  
0.2163897354  
-0.06274433388  
0.6647179521  
0.2954032772  
0.1949985408  
0.274296534  
0.3989086847  
0.0760929465  
0.4829033072  
0.69466676  
-0.1536187066  
0.3397721756  
0.5398137625  
0.4288015158  
-0.1302831586  
0.05312025926  
-0.08710961365  
0.4791310004  
0.9068682371  
-0.2941556966  
-0.1389299132  
0.2488239229  
0.7505129875  
0.2690001144  
0.1734982898  
-0.5340947772  
-0.698237196  
-0.6220635067  
-0.5512076929  
-0.2358027278  
-0.6549492955  
-0.6162654188  
-0.4078573493  
-0.5750928979  
-0.7289081503  
-0.8719586501  
-0.9698604168  
-1.037134016  
-1.457598929  
-0.6943155523  
-0.8735731987  
-1.105162145  
-0.9546398504  
-0.9900479076  
-1.020174606  
-0.5423992342  
-0.7060058465  
-0.08957975305  
-0.749189746  
-0.5319846177  
-0.02663329542  
0.04789431439  
0.3117505053  
-0.1673016097  
-0.1915726588  
0.06811987022  
-0.07306901442  
0.250532921  
0.1399860235  
-0.130925726  
0.4314250476  
0.8290837001  
0.6378235733  
0.3221096486  
0.4023004669  
0.2578861321  
0.209588163  
0.5554670461  
0.5865783798  
1.466682064  
0.8111439774  
0.7591048538  
1.17420313  
0.551049439  
0.9076086746  
0.4148032944  
0.5050123149  
0.945878122  
0.6882045948  
0.6437581813  
0.6528461158  
0.6458609757  
-0.01382784707  
1.249856872  
-0.06124767817  
-0.5077459416  
-0.4144111339  
-0.3872709048  
0.4059791459  
-0.2502878744  
-0.7546490577  
-0.8151713336  
-0.640806645  
-0.5398071902  
-0.3604548243  
-0.849878411  
-0.5773420122  
-0.5971534021  
-0.7344720351  
-0.7651037275  
-0.1014103497  
-0.4834330822  
-0.8935333242  
-0.335197664  
0.6370726545  
-0.019364482  
0.4908414104  
0.5969584575  
0.06432508757  
0.6314871671  
0.5453092696  
0.8000790569  
1.231277529  
1.094016347  
0.5610924635  
0.8024411153  
0.9251834931  
0.7613768895  
0.9799397448  
0.001702081051  
-0.2846281081  
-0.3856958056  
-0.1006832873  
-0.4350888684  
0.07549453408  
-0.1193447004  
-0.7793314913  
-1.108556685  
-1.407264863  
-1.173722026  
-1.971901977  
-0.9337900029  
-0.7036838008  
-1.513748785  
-1.625596661  
-0.5343502255  
-0.04723497554  
-0.4393935823  
0.4531145411  
-0.4954068062  
-0.2173250005  
-0.1880337851  
-0.2905404538  
-0.6616602046  
0.3630685288  
-0.3681281661  
-0.4111041815  
-0.8891861261  
-0.5705252476  
-0.5465055515  
-0.4017973442  
-0.4433205355  
-0.2797116711  
0.6658195008  
-0.267831499  
0.6323422825  
0.772886072  
0.04474359896  
0.2178621767  
0.2710501956  
0.3781968626  
0.7701428304  
0.3496648266  
0.1613341859  
-0.1644763718  
0.4142366216  
0.557591822  
-0.05387181038  
-0.2991130685  
-0.1776420415  
-0.2101547743  
0.08853310057  
-0.5425333448  
-0.2653451034  
-0.2458056097  
0.2699734764  
-0.09476791748  
-0.6775235238  
-0.3569505259  
-0.5508509767  
0.2489153924  
-0.7029685058  
-0.6889142411  
-0.6065801547  
-0.8414025834  
-0.6419514244  
0.05342859316  
-0.01868637269  
-0.6245126835  
0.007121552762  
0.2278293598  
-0.3648826999  
0.4282748346  
0.2437436305  
-0.06595278961  
-0.02662281719  
0.2364566048  
0.1202985916  
0.09198084262  
0.9277216964  
-0.1168201564  
0.885114046  
0.2622394389  
0.4015559108  
0.9034275321  
0.07269023259  
-0.1314785404  
0.3546394955  
0.5320548258  
0.9103147683  
0.1089422093  
0.4955287055  
-0.04811318122  
0.4960917035  
0.962420693  
0.5647864679  
0.9754984253  
0.1305675965  
0.5632826193  
0.2769529933  
0.4593705588  
0.6986322764  
-0.1928484123  
0.4898128577  
0.8181540706  
0.05300597766  
-0.10308371  
0.2020873166  
0.05458263835  
0.1537184985  
-0.2460460521  
-0.6842968499  
-0.587615551  
-1.013752276  
-0.5143538334  
-0.5681708355  
-0.5335125283  
-0.9608420253  
-0.8433482184  
-1.504051159  
-1.168902386  
-1.894098561  
-1.211958727  
-1.823554984  
-1.270889141  
-0.7284413443  
-0.9636178065  
-0.6565845951  
-0.7001907855  
-0.8778020546  
0.3211510536  
0.5189241074  
0.08970694086  
-0.9769957727  
-0.4481935447  
-0.3308061492  
0.2563191805  
0.3214658287  
0.8335749033  
0.252612249  
0.7423860561  
0.3780513963  
0.7848097621  
0.838441511  
1.431618213  
0.6625617427  
0.04462209242  
0.2317862527  
0.3112415054  
0.2598688028  
0.5702494509  
-0.1237489754  
-0.5267827812  
0.6390915572  
0.2758750948  
0.7388826564  
0.78511796  
0.6651425845  
0.979599696  
0.8231983329  
0.5865882916  
1.126044405  
0.2694460964  
0.3798942329  
0.9634786999  
-0.4734451786  
-0.58766484  
-0.204507532  
-0.4145558181  
0.4917800154  
0.9035438669  
0.01891662967  
0.2388651987  
0.2440665965  
0.1451983383  
0.2157916867  
0.5362018077  
-0.0587696237  
-0.9775143344  
-0.2050655757  
-0.7966014562  
0.3431629306  
-0.3574907821  
-0.8200374817  
-0.3766840927  
-0.293083756  
0.4442633302  
0.2558097119  
-0.2420708828  
-0.04700448079  
-0.2396608745  
0.144405133  
-0.166691243  
-0.2037715836  
-0.2728921064  
0.05025525471  
0.2215913905  
0.2438185516  
0.1629268754  
-0.06199343984  
-0.1097973469  
0.2711795886  
0.9751329205  
0.7742520872  
-0.02644739268  
0.4693559079  
0.1042682941  
