1.435087486  
0.9905252913  
1.409234187  
0.9220728118  
0.8822224424  
0.9046342765  
1.762854868  
1.452002716  
1.036633436  
1.127850244  
1.549926885  
0.8933101885  
0.8822637174  
0.5714432806  
1.355387376  
1.063484304  
0.2362239478  
0.004914599613  
0.5803889408  
0.838767568  
0.9223390677  
0.6777883952  
0.5701886374  
0.6871711384  
0.277784867  
0.729263978  
0.2420533075  
0.4406066603  
0.157428678  
0.9351599836  
0.06316086716  
0.3095115681  
-0.2324455446  
0.9453462235  
0.2172302761  
0.388819567  
-0.2469308103  
1.301645991  
1.398825331  
0.6574530791  
0.6606160082  
1.652227083  
1.275077906  
1.603316855  
0.985376766  
1.179827373  
1.172031944  
1.865398813  
1.461074386  
1.266924006  
1.668444377  
1.054652496  
1.321292138  
1.120899003  
1.497675714  
1.571463944  
1.331351909  
0.2935226249  
0.4751533012  
-0.1595346571  
-0.7840938497  
-1.054912342  
-0.8631663882  
-1.554971087  
-0.9404843552  
-1.115039047  
-0.7549252511  
-1.124339806  
-1.391998364  
-1.759716103  
-1.849283026  
-1.399533891  
-1.476475025  
-0.7678293025  
-0.2439136958  
-0.2698069964  
0.05803856473  
0.06838981981  
-0.1692310765  
0.2384517844  
0.2908474477  
-0.03022808804  
0.04802366405  
0.1958349732  
-0.3664040612  
0.008839822939  
-0.4141011989  
0.2946827408  
-0.3776595943  
-0.181411053  
-0.2251143327  
-0.3041257025  
-0.293327553  
-0.7158513303  
-0.9032794549  
-0.6592102047  
-0.5486048652  
-0.2380014259  
-0.1546667839  
-0.1016850316  
-0.2673043117  
-0.2158920805  
-0.206047532  
0.5448730999  
0.8204719592  
0.2948409985  
0.5078531823  
0.3471334511  
0.1544703906  
0.03920059892  
0.2534364086  
-0.231986674  
-0.5014621848  
-0.7087294129  
-0.2313661111  
-0.6566694254  
-0.4824971778  
-0.6472848915  
-0.55501679  
-0.564438888  
0.1568155793  
-0.3678286288  
-0.1330737058  
-0.4095393904  
-0.21718085  
0.1223151605  
-0.2154514686  
-0.2491393769  
0.1029656867  
-0.3481371135  
0.2762517139  
0.6947879863  
0.4781537555  
0.5162188677  
0.4901967859  
0.4505104199  
1.095106368  
0.8794196653  
0.1899708693  
0.2061743677  
0.2967201801  
0.8278239602  
0.1191263603  
-0.01927547324  
-0.1540667356  
-0.4292077184  
-0.4888600177  
-0.6519769575  
-0.6221372122  
-0.7692686636  
-0.2281644417  
-0.5735007747  
-0.2474095023  
-0.596009249  
-0.1690050193  
-0.4144379148  
-0.3236999236  
-0.3142539531  
0.1186700063  
0.04513463445  
0.1243689915  
0.2287842056  
0.3938056852  
0.5844032789  
0.1205488938  
-0.04693391804  
0.0161394967  
0.1852534245  
0.01980876682  
-0.421864017  
-0.1229479406  
-0.3016144889  
0.1870378515  
-0.05523542701  
-0.3459573268  
-0.2057504741  
-0.164119311  
-0.5306933143  
-0.4814488081  
-0.1851470708  
-0.4073723173  
-0.6254377473  
-0.06741754402  
0.2187502874  
0.7558120525  
0.1723854498  
0.1350268768  
-0.1405221981  
0.618346586  
0.3367674235  
0.1706400101  
-0.0201800519  
0.6912190641  
0.7843834818  
-0.04787984477  
0.01773202014  
0.01578847226  
0.1437566059  
-0.1465044193  
-0.658266156  
-0.511658551  
-0.2845038161  
-0.266614555  
-0.7632629564  
-0.8940254706  
-0.9451399279  
-0.297971457  
-0.1079764221  
-0.5159893256  
-0.5610001841  
-0.556232678  
0.109337215  
0.1555488092  
0.05921103605  
0.362108256  
0.3049285466  
0.548570951  
0.5561756804  
0.4475755736  
0.4988389943  
-0.02388661609  
-0.1893763027  
-0.4600179419  
-0.8656935293  
-1.648968624  
-1.394689577  
-1.383705233  
-1.581599462  
-0.9582763853  
-0.6580102005  
-0.722205239  
-0.6427816904  
-0.4881645267  
-0.2576730236  
-0.004529070879  
0.1967714654  
-0.1733884883  
-0.06780152838  
-0.2849357364  
-0.0911103993  
0.2320519319  
-0.4439785478  
-0.4796221781  
-0.7335097953  
-0.2146727302  
-0.05302535363  
-0.4853445513  
0.06316482821  
-0.09596935598  
0.4558183257  
0.1691355313  
-0.07326934517  
-0.1873253637  
0.4589384371  
0.2562763439  
0.02699358645  
-0.2079042754  
0.06676416458  
0.4722221529  
-0.3522273465  
-0.331534845  
-0.4181962715  
-0.01274820969  
-0.389909426  
-0.3704854713  
-0.2722892544  
-0.0801555875  
0.5933784182  
0.1470458101  
-0.01030899827  
-1.054268841e-05  
0.2377578655  
0.09857900486  
-0.007900625479  
-0.1409977714  
0.1668932555  
0.4767157282  
0.4132442237  
0.1566408884  
0.1518861485  
0.412893782  
0.5770330935  
0.5019709444  
0.2421112683  
-0.01442265708  
0.1192082714  
0.9652250626  
0.313490628  
-0.04982749218  
0.1602711994  
0.2905411027  
0.5024321198  
0.4018769461  
0.6020988902  
0.05640601868  
-0.1831027139  
0.4034359613  
-0.1931437687  
0.6175461655  
0.2709432216  
0.3380155921  
0.1498894365  
0.3113563495  
-0.09848109996  
0.2164296467  
0.08538237205  
0.4548813657  
0.02863827984  
-0.0003172742654  
-0.5540490286  
-0.119797082  
-0.8449846863  
-1.885783936  
0.3312184978  
-0.5984024698  
-0.6668532251  
-1.164350297  
-0.9963343064  
-1.748054811  
-1.801264714  
-2.408547295  
-1.94505466  
-2.020506898  
-1.704174646  
-2.141051914  
-1.285836697  
-1.181353523  
-1.078707572  
-0.7213079459  
-0.2762620592  
-0.04108579531  
0.402820281  
0.576071371  
0.6155935917  
0.5941483264  
0.04734600009  
0.3090130796  
-0.2983654419  
-0.2722272634  
-0.4775028239  
-0.8164103759  
-0.2810257993  
-0.7281861406  
-0.9053652683  
-1.395568049  
-1.462335945  
-1.730487348  
-1.792768278  
-1.446553143  
-1.37681692  
-0.7022634093  
-0.957054412  
-0.7995353668  
-0.9217701619  
-1.147134784  
-0.6722634687  
-0.732559056  
-1.00521187  
-0.521634845  
-0.6782227819  
-0.6229536641  
-0.2827503944  
-0.7214914426  
-0.2720469363  
-0.592620083  
-0.1160700714  
-0.07087687926  
-0.3082793397  
-0.1002146106  
0.1401471366  
0.180165972  
0.02314238763  
0.03092485716  
-0.2405467642  
-0.3927632938  
-0.5339926444  
-0.9224619343  
-0.8515604298  
-0.8706614736  
-0.8299720049  
-0.961985432  
-0.4203889882  
-0.5355556089  
-0.3998353729  
0.1523467412  
-0.3230691498  
0.01479576785  
0.276857493  
0.5208690129  
0.3462759724  
0.9341632143  
0.5198260078  
0.526078283  
0.5429071508  
1.231160387  
1.10848747  
0.2482069782  
-0.03869379413  
-0.2317024573  
-0.1083088574  
0.1311155658  
-0.06291029684  
-0.02693089638  
0.02061059119  
0.5314896004  
0.1911174441  
-0.06843057739  
0.0880322921  
0.1702198537  
0.3553708713  
-0.2389409701  
0.2260301913  
-0.0319473732  
-0.06317747012  
0.04265592955  
0.02675767715  
0.1624101505  
-0.01862750004  
0.4750993989  
0.5343593463  
0.1637965479  
0.4050505265  
-0.2308350004  
0.3363263883  
0.05082507043  
0.2684302512  
0.2267375371  
0.3876905328  
0.5722424118  
0.2374101004  
0.6160806552  
0.7060557569  
0.771372594  
1.569679793  
0.6041638968  
0.58474289  
0.2431459979  
0.5316722459  
0.8908747331  
0.6619738714  
0.2500509883  
0.4453121839  
0.4642027791  
0.8311970302  
0.6365093746  
1.454078194  
0.5790865091  
0.3066166626  
1.443664364  
1.720061283  
0.9866580542  
1.525123746  
1.235845901  
0.5477350941  
0.633424762  
0.5181745621  
0.4591879615  
1.160971105  
0.9094674865  
0.7807585621  
0.4050193792  
0.7175954487  
0.4756785117  
0.4457853044  
0.5059234466  
0.8895974231  
0.717781832  
0.5203422866  
0.3772896653  
0.862294641  
0.8008600333  
0.5293308858  
0.4324679694  
0.2776301644  
0.5946027292  
0.3901409064  
1.178760913  
0.477176954  
0.7907858889  
0.6693555372  
0.9037636016  
0.7496303152  
0.7224935532  
0.6009608796  
0.7188694908  
0.8873049808  
0.1531625647  
-0.7213196595  
-0.2312731522  
-0.4169747053  
0.1840662718  
-0.3297498286  
-0.5925123095  
-0.7082035335  
-1.031878525  
-1.408897074  
-1.89489618  
-2.226894455  
-3.018787161  
-3.170736625  
-4.039402709  
-3.509400528  
-3.195458287  
-3.103251938  
-2.892339329  
-2.809818393  
-2.412870932  
-2.068848658  
-2.141297374  
-2.086427632  
-2.074882686  
-1.220535023  
-1.317901584  
-0.8610325775  
-0.9330520018  
-0.8275422859  
-0.7719336523  
-0.5821537365  
-0.5888555146  
-0.7583088801  
-0.6379336899  
-0.830563835  
-0.3644942008  
-0.3764429216  
-0.5501320442  
-0.6258507923  
-0.3708177454  
-0.1850235177  
-0.6814770932  
-0.4549762251  
-0.4292727502  
-0.3738689988  
-0.4345554427  
-0.2851535165  
-0.2766580017  
-0.1180696905  
0.9558513866  
0.4003524607  
0.6228740867  
0.8778350837  
1.100521677  
0.920377011  
0.9087166833  
0.9210019412  
1.087407217  
0.8734470904  
0.686898  
0.8600438286  
1.215053591  
0.8602668466  
0.4977978099  
0.2266755376  
0.2747688818  
0.6850198902  
0.2125886873  
0.767793014  
0.943607051  
1.258282936  
0.876486623  
1.141196042  
1.395880698  
1.248786574  
1.091534394  
0.577158357  
0.8010504692  
0.6242127777  
0.7559064532  
0.4543242023  
0.4012552407  
0.2144934663  
0.3984787464  
0.3440568125  
0.3556984939  
0.4499635772  
1.031446973  
1.0390386  
0.6532062737  
0.6788067493  
0.3258768349  
0.5770053394  
-0.008590135388  
0.411385502  
0.09262588622  
-0.4844894781  
-0.2040119173  
-0.1261264173  
0.1061397946  
0.5439738006  
0.1559420199  
0.5698181248  
0.500746572  
1.045862065  
0.9144731611  
1.408660218  
0.94235191  
0.5994918293  
0.7323475278  
0.4305740373  
0.1676710504  
0.04876877775  
0.1509738278  
-0.02330725467  
-0.5444508468  
-0.6296923139  
-0.7714228985  
-0.7546437025  
-0.6507892213  
-0.8924684131  
-0.6925263845  
-0.7649665812  
-0.7253009986  
-0.2053066026  
-0.5366900938  
-0.1827737145  
0.01296720156  
-0.04277539532  
-0.1134036268  
-0.5723016872  
-0.3628955451  
-0.3837557942  
-0.1617889599  
-0.2052342725  
-0.2874939431  
-0.335578777  
-0.04478540103  
0.2119092103  
-0.1363091157  
-0.2873728691  
-0.3177572833  
-0.4719549423  
-0.6138786175  
-0.3525525615  
-0.3243984282  
-0.4884000567  
-0.4042396198  
-0.8688579839  
-0.8305667692  
-0.8745318374  
-0.523279056  
-0.1140817892  
-0.5135619931  
-0.5570412034  
-0.1106260381  
-0.1358368722  
-0.31030281  
-0.3418982258  
-0.4229709028  
-0.07802998061  
0.1532015402  
-0.03658494919  
-0.1018270636  
0.1401379563  
-0.06992519974  
-0.2038780224  
-0.2949932522  
-0.2022013482  
-0.5479335655  
-0.3439318816  
-0.8161192411  
-0.6057583164  
-0.6542461763  
-0.3635918115  
-0.1895625881  
-0.6219166896  
-0.6275498114  
-0.5551331879  
-0.3649894994  
-0.3064023516  
-0.2211831421  
-0.2732933971  
-0.2377647793  
-0.09953776737  
-0.21459478  
-0.3835627596  
-0.6081256721  
-0.594343003  
-0.7979952435  
-0.3235274777  
-0.1425666315  
-0.405824206  
-0.2004458639  
-0.2902535116  
-0.4248679246  
-0.1007242778  
-0.3413112268  
-0.3711985075  
-0.6657134967  
-0.690874943  
-0.3726770343  
-1.029353817  
-1.297082218  
-0.7590614839  
-0.9608686423  
-1.521009349  
-1.431708667  
-1.088713302  
-1.558962791  
-1.700553383  
-1.861473282  
-1.480169473  
-1.670065462  
-1.44847738  
-1.580097568  
-1.435192322  
-1.782935939  
-1.65685035  
-1.820351057  
-1.809723103  
-1.547312242  
-0.8487332637  
-1.248916951  
-0.9093117842  
-1.415381593  
-0.5395928126  
-0.6707613569  
-0.7281526503  
-0.09049232744  
-0.1716034925  
-0.741072737  
-0.6284312893  
-0.7506321904  
-0.7428901622  
-0.7934456419  
-1.481380949  
-2.767013962  
0.7618282124  
-0.06910616448  
-0.4799251403  
-0.252224313  
0.4539814313  
-0.2141442148  
0.3675661382  
0.9734464713  
0.875298727  
-0.1935307016  
-0.6796815135  
-0.9799115037  
-1.546511929  
-1.502290331  
-0.8888654722  
-0.7715193562  
-0.6330945982  
-0.6823772489  
-0.1242374888  
-0.1291235615  
-0.8150607439  
-0.3938099554  
-0.7444967938  
-1.264484178  
-1.302738172  
-1.664240778  
-1.506232286  
-1.455671314  
-1.060604427  
-1.223700472  
-0.9320352434  
-1.44154389  
-1.181311914  
-1.505118597  
-0.95182885  
-0.8217388791  
-0.1841827955  
-0.8365955993  
0.001781481907  
-0.8735331609  
0.1295022247  
-1.383469372  
1.627972967  
2.31417745  
1.949269084  
1.896177975  
0.2605897969  
0.5653555133  
-0.2122758276  
0.270666943  
-0.07083769982  
0.2683792725  
-0.01975078363  
0.2575277058  
-0.3521971262  
0.4821419088  
-0.0599719619  
0.5662060562  
0.2295493169  
0.3916370967  
4.88637704e-05  
0.1135838321  
-0.04480191158  
0.01284145736  
0.6653989822  
0.2192506893  
0.04521057554  
0.4189185433  
-0.1085933789  
0.4055942318  
-0.01379542866  
0.2806633553  
0.1068410466  
0.0004143822461  
-0.05710958164  
-0.2190537703  
-0.3514755407  
0.0008813751794  
-0.1670492955  
-0.0602127723  
0.01018407106  
-0.1258026007  
-0.01247535973  
0.2394849061  
0.2197329271  
-0.01532097424  
0.05617024659  
-0.03700668789  
0.1295659582  
0.2250905441  
-0.07794994177  
0.3273591574  
-0.153682977  
0.5366852135  
0.7071548744  
0.497331394  
0.3946360296  
0.3732921388  
0.3917157287  
0.5023246259  
0.4233410279  
-0.02786341777  
0.4956497142  
0.4800658187  
0.4282364235  
0.07574010097  
0.3654161261  
0.1807925049  
0.04624675478  
0.731621  
0.3993210851  
0.7162730336  
0.5114649398  
0.2953400404  
0.2374695321  
0.1105557713  
0.04706418882  
-0.01603868799  
0.3770665641  
0.5599100425  
0.641908271  
-0.06721724229  
0.1848051834  
0.1357562094  
0.4768178611  
0.1264988297  
-0.1166136683  
0.5439427883  
0.3390267646  
0.179986163  
0.3997331855  
0.3104317443  
0.5222765836  
0.6053279223  
-0.06247466837  
0.0766412004  
-0.2191838781  
-0.3560204203  
-0.1021582479  
-0.2822361158  
-0.1488439636  
0.01020201101  
0.206161905  
0.2539813894  
0.2294210542  
0.2305124991  
-0.1433126257  
0.3145679113  
0.223416683  
-0.1731224172  
0.2197113091  
-0.2533741232  
0.183338846  
-0.2991004343  
-0.367225511  
-0.2480187278  
-0.2291509218  
0.1068546441  
0.03556390924  
0.293292045  
0.1111678783  
0.6181137417  
0.2759103447  
0.3656486215  
0.2048575371  
0.7721911672  
0.3110761441  
-0.1472746813  
-0.02398585903  
0.1132656413  
-0.2441982552  
-0.4135763132  
-0.5802658506  
-0.5929749219  
-0.8452900756  
-0.6639199802  
-0.7586725927  
-0.2789845215  
-0.415349686  
-0.3887523082  
-0.3581983108  
-0.003388411144  
-0.1550899799  
-0.1312005714  
0.05776947894  
-0.196945684  
-0.06132121409  
-0.3957945797  
-0.3954287288  
-0.3320047777  
-0.4734704831  
-0.2148482058  
-0.331990997  
-0.3661588983  
-0.077368963  
0.2524483436  
0.2816408217  
0.1646698972  
0.3575121824  
0.3902979381  
0.3109782076  
0.1457631687  
0.2058250228  
0.4176622335  
0.1709908719  
0.3091487324  
0.8529402316  
0.1812360515  
0.3975397876  
1.238451395  
0.7466352704  
1.598363778  
1.735580129  
2.08242873  
2.671742386  
2.038056427  
1.604120111  
1.813650728  
1.073178272  
1.35902414  
1.038357122  
0.4275187608  
0.4335843009  
-0.4049222583  
0.2776841127  
0.2007319498  
0.8432794041  
0.9568644029  
1.281595282  
1.286073337  
1.18666321  
0.8292084704  
0.8639772707  
0.8845384429  
1.377407946  
1.253999794  
1.507856032  
1.265035257  
1.976940698  
1.654356404  
1.898993174  
1.877614738  
1.445094205  
1.57835236  
1.751914876  
1.214001912  
2.588698822  
2.604714937  
3.058146877  
2.791055994  
2.806870319  
2.574966981  
2.283650222  
2.603792258  
1.744615287  
1.908059148  
1.553821636  
1.285459018  
1.442114097  
1.327579318  
1.293033544  
1.82421948  
1.479734176  
1.757981746  
1.37448564  
1.40118949  
1.386417104  
1.240550589  
1.32401303  
1.126266104  
1.081708242  
1.062334871  
1.360028127  
1.057446854  
2.19900834  
1.868162266  
2.072190856  
2.014154607  
0.4469381166  
1.310162249  
0.7112663826  
0.8058933567  
0.4753274353  
0.8690246771  
0.7273678646  
0.2965735125  
0.816430884  
0.671172687  
0.9370217368  
0.7383984677  
0.9919671799  
0.7295369971  
1.240350207  
1.054715883  
1.124122634  
0.9755923968  
0.6451969774  
2.050042581  
0.898502583  
1.700906581  
1.46249344  
1.440373047  
1.062048554  
0.7196022593  
0.3111856405  
0.3900314046  
-0.04138252344  
-0.2732947505  
-0.3768819706  
-0.5012270803  
-0.4570883127  
-0.4098423129  
-0.3324029693  
-0.463168311  
-0.9444825215  
-0.122462618  
0.1998021656  
0.105770886  
-0.03603446724  
-0.2507617282  
-0.07336734917  
-0.741249041  
-0.1465123796  
-0.04489764948  
-0.09552210301  
0.2855124824  
-0.08357910098  
0.1636260535  
0.1565359763  
-3.384778694  
1.313475575  
-0.4481552153  
0.01927247718  
0.06735785991  
-0.6414902851  
-0.7204652724  
-0.868807695  
-0.6221847441  
-0.3235136235  
-0.2675325318  
-0.7231884103  
-0.7302639843  
-0.8397754866  
-0.634554888  
-0.5353335925  
-0.4010620956  
-0.4856525275  
0.02906774415  
-0.4226131954  
-0.04200741228  
-0.1366522828  
0.03261497658  
-0.1638736626  
-0.3235789864  
-0.3107190492  
0.218593198  
-0.2479184911  
-0.1615240171  
0.1296329913  
-0.13420993  
-0.4947991694  
-1.042035612  
-1.396156716  
-1.231699122  
-0.879063736  
-0.842081173  
-0.8841701608  
-1.176596379  
-0.7612493274  
-1.149568445  
-0.9252077419  
-0.8355706222  
-0.7328098163  
-0.5677385838  
-0.3633963118  
-0.1502799242  
-0.1166778973  
0.2923884369  
0.1979760494  
-0.06880006637  
-0.01535225201  
0.3284673124  
0.1817853326  
-0.07575000658  
0.2001102473  
-0.2580914997  
-0.4112789237  
-0.3477824982  
-0.4119019912  
-0.4527750129  
-0.7457315266  
-0.6419589096  
-0.5356144475  
-0.2182534435  
-0.3488533405  
-0.5188231308  
-0.2223749851  
-0.0486813477  
-0.12613507  
-0.044011373  
-0.07441305721  
-0.1174562055  
-0.1899564302  
-0.5364459614  
-0.3514129182  
-0.4756466689  
-0.4044864403  
-0.6527518422  
-0.5996113811  
-0.2997908442  
-0.08586568607  
-0.2866559042  
-0.356509566  
0.0403566144  
0.07289033325  
-0.1669076862  
-0.5411954307  
-0.1981205977  
-0.2981187203  
-0.2698898665  
-0.07158682371  
0.4059998142  
0.1809216753  
0.155132704  
0.08185218991  
0.1420526438  
0.3782372173  
0.2999266945  
0.1159273314  
0.2226863398  
0.2635854405  
0.4969940207  
0.1298335241  
0.09983855299  
-0.2231068785  
-0.3224628831  
-0.1403287645  
0.02198159998  
-0.2643878396  
-0.5254176903  
-0.08530657164  
-0.07664069135  
-0.4756775525  
-0.5751176212  
-0.977027976  
-1.064828249  
-1.233870258  
-0.9702772148  
-1.147893551  
-0.8894404657  
-0.9596779166  
-0.8982313378  
-0.942871833  
-0.3918281067  
-0.6711433486  
-0.3449586438  
-0.2699628508  
0.07268934782  
0.05144839596  
0.1893118869  
0.3821804413  
-0.008878775307  
0.2975751677  
-0.1840450448  
0.2027819579  
-0.1778487331  
0.1828371163  
0.146114738  
0.4270967851  
0.2684731315  
-0.04588007655  
-0.5306545671  
-0.4636230288  
-0.3445789748  
-0.4181603242  
