0.2768609374  
0.2993908896  
0.5046560643  
1.031551383  
0.6209789682  
0.4308636511  
0.5871620102  
0.1522279479  
0.2618424489  
0.4854589949  
0.4840445469  
-0.1677830525  
0.05953357071  
-0.7416486133  
-0.17340895  
0.04142984153  
-0.04111426848  
-0.4971256913  
-0.3085924666  
-0.5401122849  
0.0262011553  
-0.3267360297  
-0.4091494805  
-0.4763138364  
-0.4317347261  
0.150062132  
0.4414520872  
0.01174073005  
0.3288283519  
-0.1227730944  
-0.3134760493  
-0.05180860845  
-0.231086322  
-0.4153329395  
-0.7997574613  
-0.2109896857  
-0.8968218722  
-0.6106869168  
-0.6920207261  
-1.567416795  
-1.283140179  
-0.4328042792  
-0.1939764625  
-0.8897877156  
-0.4766025853  
-0.1633688089  
-0.6316227464  
-0.5192028596  
-0.5100923672  
-0.4570305931  
-0.1803178023  
-0.2915541144  
-0.2585076769  
0.1380579007  
0.07531769992  
0.4918319693  
0.5855184834  
0.375605842  
1.168592972  
1.047121447  
0.9105508594  
0.1754770181  
0.04007880134  
-0.0917009724  
-0.5977696656  
-0.5002878409  
-0.7622657943  
-0.5602163778  
-1.049696332  
-1.386190414  
-1.068411185  
-1.89027785  
-0.87322492  
-0.424994297  
-0.04340028144  
-0.6381513411  
-0.2032807442  
-0.3416089617  
-0.2062942135  
-0.2242265389  
-0.724723883  
-0.674348893  
-0.3886421711  
-0.7791987683  
-0.6896176307  
-0.3587804814  
-0.5646084377  
0.2698997145  
-0.181212622  
0.2475312302  
0.2927157326  
0.2522177584  
0.3453881316  
0.3676148821  
0.3308411947  
0.2211967637  
0.364817383  
0.4442044329  
0.2044245876  
1.005696552  
0.1384194094  
0.1517986279  
0.453956544  
0.2739158311  
-0.06206891641  
0.2389260836  
0.1424762912  
0.128083737  
0.1218555954  
-0.1120035313  
-0.2166912281  
-0.2843662788  
-0.7452701239  
-0.6931093796  
-0.6638427269  
-0.4598068734  
-0.9941550404  
-0.3093392849  
-0.3249195471  
-0.3882818518  
0.2178749274  
-0.3046493728  
-0.4433221884  
-0.6832303304  
-0.5301242519  
-0.5459089954  
0.1552978292  
0.2866309957  
0.1820085853  
-0.3177288359  
-0.2390435907  
0.5355329205  
0.02446307542  
0.4355676355  
0.1825146831  
0.4142479127  
0.8681877079  
0.3294816262  
0.385915823  
-0.08487463619  
0.4199444299  
0.1612787686  
0.1901560391  
0.05584675418  
-0.2338888922  
-0.8071514574  
-0.6985306984  
-0.6062663825  
-0.6444935127  
-0.4480706547  
-0.5506655736  
-0.474254479  
-0.4588357635  
-0.6614918542  
-0.8226000908  
-0.8036385056  
-0.4518846858  
-0.4207739002  
-0.206269142  
-0.09212768536  
-0.1534770048  
0.348398577  
0.2051776764  
0.4855145177  
0.1228568499  
0.07376682623  
-0.08097694626  
0.05594991187  
0.2022352695  
-0.09641642926  
-0.1307820286  
-0.2338546897  
-0.670882003  
-0.7444384281  
-0.3923882651  
-0.4824836589  
-0.4266992824  
-0.2276625216  
-0.008499431895  
-0.1564091383  
-0.2704563418  
-0.1251580268  
-0.1255339462  
0.1545002125  
0.5278085229  
0.02915802817  
0.02982211776  
0.130746212  
0.1376154192  
0.09587178346  
0.1327591887  
-0.1976126903  
0.3575367934  
-0.4174455209  
-0.7124439851  
-0.48432756  
-0.9197572805  
-0.872246746  
-0.9174490597  
-0.7288478184  
-0.3959336662  
-0.2932601737  
-0.4193561967  
-0.2495434076  
-0.4255900033  
-1.249653919  
-0.8305787129  
-0.08846743492  
0.375912293  
-0.4552669023  
0.003458228352  
0.7413698578  
0.2677606706  
0.01510722969  
0.1626382872  
0.5614231045  
0.6008852458  
0.3425022395  
-0.1979437599  
-0.375072974  
-0.4158930812  
-0.6882782821  
-0.3995854665  
-0.4697223156  
-1.051077211  
-0.4172463099  
-1.000337952  
-0.6255739862  
-0.532822022  
-0.08668659453  
-0.7338599528  
-0.5327950509  
-0.4671436606  
-0.3176617556  
-0.6247592866  
-0.2180334618  
0.01350917651  
-0.1140018677  
-0.02435042665  
0.1722987536  
0.2772961592  
-0.2648141168  
-0.5440495891  
-0.5045068748  
-0.1484026399  
-0.1775262032  
-0.2043053805  
0.1712788083  
0.1802353665  
-0.1575058049  
0.3854129849  
0.2796477958  
0.07950295315  
0.03571580722  
0.1862360774  
-0.2108279458  
0.1528480729  
-0.4030787591  
-0.06762411954  
-0.4785502495  
-0.3379439663  
-0.7286002541  
-0.4723376017  
-0.8758518544  
-0.7823441786  
-0.4608795639  
-0.3757593619  
-0.2780815316  
-0.1458383544  
-0.5687058196  
-0.2577100738  
0.2009030277  
-0.09294114655  
-0.3747109865  
-0.632679727  
-0.5232669413  
0.2023971077  
0.02929724683  
0.1327368156  
-0.1148022326  
0.1652416139  
-0.2456460324  
0.5830353546  
0.6809822741  
-0.1535418331  
0.08345775477  
0.309266207  
0.4272464212  
0.3401951614  
0.1564826486  
-0.1405278919  
0.3266951727  
0.2727627499  
0.08825536688  
0.3175555659  
-0.7226517211  
0.3727965102  
0.2371417433  
0.9622398294  
0.9778943997  
0.6214322319  
0.09641170213  
0.1288390558  
0.5844520957  
0.3825362864  
0.3622192094  
0.6196742819  
-0.1351693279  
-0.5074276509  
-0.5856876507  
-0.7420662967  
-1.381811829  
-2.343537816  
-1.086792947  
-1.01868558  
-0.04714207889  
-0.7142624882  
0.1289383612  
-0.2601280155  
-0.5184306307  
-0.4128888513  
-0.04461129519  
-0.01491511116  
-0.7094540437  
-0.8543073432  
-0.5379175337  
-1.037273268  
-0.9303379348  
-0.720951472  
0.2783865423  
0.1634657699  
1.152021083  
0.8923199798  
0.5408094129  
0.5171934772  
0.5890201705  
0.8581637253  
0.5208420228  
0.1346923284  
0.01130386204  
0.06097251673  
0.358737558  
0.548326677  
0.2673787059  
-0.3493280638  
0.163548485  
-0.02762798639  
-0.2737406599  
-0.708889409  
-0.7825921038  
-1.170560798  
-0.798786079  
-0.6234906992  
-0.9854730752  
-0.7212652305  
-0.6696642817  
-0.2589931415  
-0.1918943173  
0.1001194105  
0.3327442053  
0.2851623253  
0.01680197623  
-0.3559535602  
0.1906186608  
-0.3494413773  
-0.3882500424  
-0.2818102964  
-0.1986775347  
0.08761335521  
0.3131887329  
0.4383143539  
0.1924889731  
0.6015909558  
0.5459146977  
0.6061313217  
0.4124873306  
-0.0236402662  
0.801862215  
0.5909923032  
0.3743364088  
0.1519581992  
0.5889420089  
0.7570741744  
0.6576433681  
0.6679507671  
0.6055455938  
1.13449553  
1.11009071  
1.0217886  
0.5212369252  
0.4935813066  
0.5445631623  
0.3075211108  
0.948290731  
0.7522265132  
-0.2235444481  
0.3632823848  
0.1947064372  
-0.2317612436  
-0.7143299289  
-0.08325828811  
-0.09545619254  
0.2849670305  
0.05015505549  
0.3692601715  
0.3200786011  
0.2356114294  
0.4368064486  
0.3940546979  
0.2169455199  
0.6628440252  
0.2633610967  
0.3472132044  
0.1960637927  
0.01695740659  
-0.1647151607  
0.6014187869  
0.3575517258  
0.2069642066  
0.5546458574  
0.8861213958  
0.3385820913  
0.3285807555  
1.049296961  
0.3745895684  
0.4066850792  
0.2975415295  
0.1849499503  
0.4906755294  
0.3008329239  
0.3235478181  
0.6850987781  
0.5579177297  
0.05910205473  
0.650854305  
1.134820952  
0.5254834488  
0.5217652581  
0.9775921966  
0.4861738139  
0.3985906258  
0.2455623075  
0.2889536981  
0.1578963372  
-0.01401083687  
0.9316788734  
0.6022545836  
0.3235317763  
0.9313755043  
0.4961023814  
0.8956631439  
0.680012719  
0.114844728  
0.003414066518  
-0.235442034  
-0.1762946571  
-0.6247431594  
-0.2407341018  
-0.6066167244  
-0.1958443486  
-0.2749153622  
-0.6223788769  
-0.1901580223  
0.007183408296  
0.006543055495  
0.646689931  
0.4968890256  
0.9674654085  
1.018885268  
1.109746803  
0.7833785305  
0.7555201599  
0.5967144641  
0.5601186465  
1.121344112  
0.7218499919  
0.8910183014  
0.2276501879  
0.7286855494  
0.3782841452  
0.5649607564  
0.3034660799  
-0.1425002793  
0.02181068344  
0.4214384793  
-0.1662815146  
0.09493735691  
-1.298137913  
-0.9918591104  
-1.757825791  
0.1981449236  
-0.1715131949  
0.1677647582  
0.03167724218  
0.6106296977  
-0.05373758993  
-0.042297097  
-0.4504201797  
-1.252412627  
-1.140550209  
-1.570139225  
-1.910191082  
-1.597974582  
-1.256081693  
-1.5327112  
-0.9377761558  
-0.9076813613  
-0.9472894302  
-0.3976165612  
-0.5919574739  
-0.5000926639  
0.05770155722  
-0.1118398445  
-0.07822716495  
0.6391180763  
0.8502873215  
0.3526934022  
1.265478088  
0.5535059625  
0.8726730949  
0.7442086536  
0.9783139639  
1.16377079  
0.5404393114  
1.247069383  
1.182389474  
0.8001711244  
0.6264540752  
0.632684367  
0.9269843041  
0.6403892649  
1.054839542  
0.5837176639  
1.045075355  
1.022748558  
0.8845278371  
1.053919715  
0.7225446512  
1.158925946  
0.5441422723  
0.793805249  
0.7301802103  
1.028688556  
0.9679318265  
1.131939187  
0.6180796778  
0.5728942319  
0.6885281783  
0.7177119137  
0.09557146337  
-0.01441817362  
-0.03444679316  
-0.617838208  
-0.2343463526  
-0.523782212  
0.4754753872  
0.459021726  
0.6236144668  
0.03193233835  
0.5650839947  
0.5242355728  
0.1263982593  
-0.4041485281  
0.5682133842  
-0.1741196458  
-0.05803493453  
-0.2373832787  
-0.3216216739  
0.07093068597  
-0.5961786173  
-0.3199993201  
-0.1904672488  
-0.09490300376  
-0.01827681396  
0.05699707662  
-0.3452444638  
-0.2522631339  
-0.1290487675  
0.3814831355  
0.6438850556  
0.1364302751  
0.1330805207  
0.3761063331  
-0.4961504269  
-0.4095528154  
0.6450031777  
0.03622293098  
0.7896458309  
-0.06882848237  
0.1830090221  
0.2994055392  
0.5340259195  
-0.0884871812  
0.244978683  
0.3101792949  
0.2747375261  
0.09428629347  
-0.224544541  
-0.1229424023  
-0.08419976175  
-0.7101220088  
-1.20787978  
-1.177144115  
-1.041581138  
-0.9059549849  
-0.7080908536  
-0.9827251609  
-0.8307852516  
-0.9689669362  
-0.6102060644  
-0.7753542217  
-0.7199457497  
-0.9504709475  
-0.6435842733  
-0.1448972443  
-0.4834178085  
-0.4010858433  
-0.5177886482  
-0.2386373329  
-0.3880778053  
-0.1141516216  
-0.4365066882  
-0.6067030059  
-0.632589665  
-0.7259078877  
-0.7864038203  
-0.5493102425  
-0.9754353814  
-0.5149545327  
-1.065659029  
-1.221484995  
-0.7319899817  
-0.7876345307  
-0.6436672323  
-0.6631220697  
-0.678850583  
-0.36718563  
-0.4079529613  
-0.1013313615  
-0.2118015639  
0.02729850663  
0.08935818194  
-0.337986956  
0.101186735  
-0.1975244586  
-0.5264753833  
-0.9444837247  
-0.590015548  
-0.6873891409  
-0.7811998697  
-0.93745296  
-1.020090759  
-0.6442361853  
-1.017319388  
-0.6567369148  
-0.50726446  
-0.6281050004  
-0.405741963  
-0.7605345772  
-0.912294254  
-1.381157219  
-1.005025866  
-1.16182105  
-0.9198717538  
-0.9730716848  
-1.039542255  
-0.6528724965  
-0.7178219131  
-0.7432527307  
-0.6395494295  
-0.6789134921  
-0.2500607719  
-0.8124980875  
-0.8124431337  
-1.06011441  
-1.030931732  
-1.043799333  
-0.8778334557  
-0.9581124924  
-0.7490504805  
-0.5292126077  
-0.823113816  
-0.3714520088  
-0.6836483572  
-0.4919310689  
-0.4858331526  
-0.495923652  
-0.6261669558  
-0.1819100003  
-0.7835913036  
-1.178473524  
-0.5986443253  
-0.5182466411  
-1.010477749  
-0.2011245656  
-0.1725555763  
-0.5982577742  
-0.1892616635  
-0.2310965491  
-0.5566486525  
-1.034676576  
-1.113629367  
-1.311786402  
-1.596839691  
-1.624779727  
-1.503144267  
-1.767398912  
-1.642246791  
-1.449249323  
-1.239618946  
-1.212173203  
-1.306295532  
-1.923244041  
-0.9504336921  
-1.127511929  
-0.9684907834  
-0.5133573851  
-0.7830675524  
-1.410494107  
-1.242671995  
-0.9136383181  
-1.114264513  
-1.566878432  
-3.107810937  
-3.735809153  
0.5868435592  
-1.036577345  
-0.5029600437  
-0.5653471019  
0.1822442304  
-0.1384623285  
0.7738729704  
0.6672545893  
0.8005219521  
0.139719125  
-0.582946517  
-0.307361451  
-0.7123837233  
-0.9906047436  
-0.7734883716  
-0.7048933869  
-0.7458932791  
-1.245231708  
-0.9563313197  
-0.7198765545  
-1.060393049  
-1.087229959  
-1.32180121  
-1.738578261  
-1.06263516  
-1.168676017  
-0.9854563899  
-0.949802103  
-0.8503737662  
-1.267039415  
-1.013001707  
-1.33923942  
-0.7255751713  
-0.7769760162  
-0.5570796532  
-0.7339990771  
-0.190330466  
-0.7558574784  
-0.2091061825  
-1.012201568  
-0.1820178433  
-0.9708743823  
-0.3812760826  
1.154854422  
1.489040148  
0.9239149528  
0.02063788727  
0.7191886738  
-0.08671317294  
1.00361093  
0.6269976173  
0.9327706788  
0.5744339185  
0.5770944454  
-0.2180070612  
-0.0120459313  
-0.4028607918  
-0.290288384  
0.035834623  
0.3591253476  
0.05724271159  
0.1877814522  
0.2371884123  
0.4073105514  
0.825139272  
0.6135845354  
0.7778213832  
1.175952278  
0.910218826  
1.295775765  
0.921773076  
0.642023475  
0.3861974763  
0.7991202306  
0.931578394  
0.672237639  
0.5343354015  
0.1569654854  
0.5284528928  
0.2138375121  
0.02780844776  
-0.08424433259  
-0.04349442769  
0.3158355218  
-0.04084011291  
-0.02722748615  
-0.0127184536  
-0.2239148806  
0.2186034149  
0.143438859  
-0.1252894763  
-0.2506190022  
0.08380786811  
0.2506876441  
-1.773293403e-05  
0.08791743946  
0.1430205832  
0.1624023996  
0.196004404  
0.1144164419  
-0.04889146947  
-0.05978070973  
0.4754196588  
0.265025647  
0.2461393901  
0.3143161448  
0.1338873818  
0.1909250364  
0.2008343156  
0.1333852849  
-0.0955872793  
0.0559453248  
0.1053488344  
0.2485813447  
-0.008344617419  
-0.0888879598  
-0.1052058306  
-0.3972361106  
-0.1853353077  
-0.3313336966  
-0.2318299403  
-0.1763491827  
-0.030640883  
-0.2805048325  
0.106676543  
-0.09716717597  
-0.03034120775  
0.3344161605  
0.2660803765  
0.1351584642  
0.119064659  
0.3756243678  
0.3447430929  
-0.1749347545  
-0.4285289716  
-0.6343367904  
-0.6047674844  
-0.5231190965  
-0.9579353266  
-0.5083502948  
-0.5146042952  
-0.2651486163  
-0.2931726984  
-0.2444402528  
-0.1615768327  
-0.01296207957  
-0.1105973402  
-0.09250159546  
-0.1066524234  
-0.1211311388  
0.09643315995  
0.2211811411  
-0.0347040291  
-0.0326648163  
0.06296314271  
0.2432375918  
0.346181056  
0.289305078  
0.3829301148  
0.5931525901  
0.6437902022  
0.4857139847  
0.6897455824  
0.5660453756  
0.4870547129  
0.7937189089  
0.06744034694  
0.06378728821  
0.4875754694  
0.09182600652  
-0.03382774767  
-0.06654937835  
-0.0837695241  
-0.2474843724  
-0.4692999027  
-0.6289988508  
-0.5463324245  
-0.4865736416  
-0.4550573999  
-0.6134990037  
-0.1037075703  
-0.002325252037  
-0.1405250677  
0.2227472543  
0.3609208492  
0.09520857161  
0.004816172953  
-0.162312003  
-0.1172728257  
-0.08627235797  
-0.0472777607  
-0.0818487218  
-0.1912968117  
-0.04672771257  
-0.03772952891  
0.05195523781  
0.2859581849  
0.2776763188  
0.6597948156  
0.3155659634  
0.5634401416  
-0.003137377473  
0.06087586749  
0.2974444843  
0.2829806932  
0.271694254  
-0.002090765452  
-0.2246406807  
0.02968447434  
1.160995117  
0.7220838446  
0.4551494516  
1.812728311  
1.945482356  
2.499603149  
1.468706886  
1.563798524  
2.037027227  
1.528134966  
0.8734553821  
0.3376040997  
-0.1788536855  
-0.4761003778  
-0.5906855134  
-0.4477948753  
-0.3597554381  
0.04507710096  
0.328367403  
0.08833371192  
0.1645196022  
0.7175706797  
0.4215286415  
0.7923255169  
0.5994002396  
0.4874377812  
0.7480654699  
0.9572435397  
0.715289524  
0.8635733161  
0.5103553474  
0.591962099  
0.7424094586  
0.6852812784  
0.8234636948  
0.5099246929  
0.3000168156  
0.9347717087  
0.9165451127  
1.530314313  
1.304758098  
1.759298933  
1.410757589  
1.182348972  
0.9324770453  
0.8313290948  
0.5071025114  
0.3114667676  
0.2037919  
-0.08522572117  
-0.06363559399  
0.1954122071  
0.6067019617  
0.4364695946  
0.1476515578  
0.4266242245  
0.3795098785  
0.2637413026  
0.4878924193  
0.3790358702  
0.2956967002  
0.2802836442  
0.5505750174  
0.7133938428  
0.9764038412  
1.694094  
1.774350393  
0.5778673738  
1.137812414  
1.087388825  
1.417323344  
1.001686692  
0.9286080199  
0.4227502113  
0.5642778458  
0.4184815603  
0.300322264  
0.02401544311  
0.03654448998  
0.1184636648  
0.1088770497  
0.283647092  
0.3654593721  
0.4987432834  
0.05898958697  
0.3949588671  
0.6796632136  
0.7246524767  
0.8723585202  
0.2653603978  
1.050368308  
0.7992778513  
0.6314998713  
0.09490551945  
0.1583822076  
-0.3448762179  
-0.5807901278  
-1.34755555  
-1.142372278  
-1.164317613  
-1.229743005  
-1.387584789  
-0.9349814984  
-1.473723923  
-0.9638927261  
-0.6800352272  
0.01019961192  
0.07357939051  
0.375578618  
0.2375245004  
0.1136743208  
0.1537769013  
-0.06674546459  
0.01299842139  
-0.0651864444  
-0.05237544627  
0.0391318069  
-0.1828359339  
-0.01696859432  
-0.2655262269  
-0.9217581249  
2.357682713  
0.1793322518  
0.5211016295  
1.140553721  
1.319513856  
0.9338215732  
1.005904725  
1.045114963  
1.080018126  
0.7956355825  
0.2177803985  
-0.06793375332  
0.4332743313  
0.05259585725  
-0.1291515355  
-0.2380117695  
-0.3145969773  
-0.5964966268  
-0.478156113  
-0.2363056884  
-0.2638186959  
-0.08010017979  
-0.3797353065  
-0.04851859277  
0.05262242794  
0.1634947636  
-0.2874870028  
0.2735510894  
0.5241409753  
0.6501869142  
0.739999872  
0.6099323232  
0.4536132845  
0.5607976666  
0.6697823605  
1.030042613  
0.7093262182  
0.4298328054  
0.2817732681  
-0.09039431698  
0.1871655215  
0.1510888864  
-0.1188193152  
-0.1159492809  
0.1763666718  
0.02591572482  
0.09613627917  
0.3583526884  
0.06698537824  
0.3694453177  
0.5512981212  
0.7095448562  
0.06638247752  
0.4721106428  
0.3532423136  
0.268643192  
0.4051971952  
0.4807489357  
0.3891622309  
0.9702579837  
0.5619501564  
0.6896948494  
0.3443206924  
0.6538519865  
0.8152974788  
0.5734518869  
0.9677862609  
0.7846706243  
0.9619744948  
0.7070203619  
0.8778862743  
0.694959291  
0.5028043016  
0.3633464037  
0.3975793966  
0.2593247526  
0.2439010079  
0.324929638  
0.1702119402  
0.7258028087  
0.4461835946  
0.3248462197  
0.5529021822  
0.3980709225  
0.6293596803  
0.02147786429  
0.1531662715  
0.1216501367  
0.2490717379  
0.4489361297  
0.2125287442  
0.2700596783  
0.7251992565  
0.5999415776  
0.541133711  
0.8101600692  
0.6336173639  
0.7317926615  
0.5680918549  
0.8743113973  
0.4451236873  
1.293188924  
0.9900211453  
0.7581255247  
0.178207993  
0.06816076333  
0.1765873405  
0.3743717611  
0.465056883  
0.3905043911  
0.4929170557  
0.5008548255  
0.5198071327  
0.1665838491  
0.2795541998  
0.06279824496  
-0.0125333026  
0.3316349141  
0.1004482737  
-0.1407477616  
-0.0104614199  
0.3935246526  
0.2581942126  
0.2828057803  
-0.2178431139  
0.1213911331  
0.5753081294  
0.5760470356  
0.8697887439  
0.6790228308  
0.2695765829  
0.4955905029  
0.7958230584  
0.463982202  
0.6441107721  
0.305862372  
0.4077241657  
0.468342666  
0.6046994774  
0.621614881  
0.136535843  
-0.08813990315  
-0.2727061974  
-0.1306441321  
-0.1149922603  
