1.564115236  
0.9470148431  
0.7671145849  
0.5067149186  
0.2525850051  
0.6832487888  
1.132247401  
0.8774521432  
0.6144796314  
0.4301113705  
0.7978814473  
0.3595197102  
0.1662592734  
0.4102288039  
0.3295654437  
0.1874594863  
0.09750954772  
-0.3701984322  
-0.5564581949  
-0.148766506  
-0.4780775099  
-0.8407364291  
-0.1129747115  
0.3029314542  
0.01464667852  
0.6907484113  
0.4935786365  
0.3497807545  
0.3439892598  
0.4010671434  
-0.4608244618  
-0.3701184781  
-0.397324853  
-0.1485574601  
0.1448131326  
0.3863942173  
-0.07417953036  
0.7389357115  
1.827412498  
1.040320681  
0.9754667432  
1.514120083  
1.35452826  
1.764521463  
0.8882529153  
0.8709541657  
0.1796382699  
1.449207957  
1.358860768  
0.5914891387  
0.5952612334  
-0.3532386254  
0.2075810354  
0.3685684007  
0.7689395762  
0.5319377223  
0.381200572  
-0.05076660791  
0.1015843742  
-0.3880164792  
-0.8062204442  
-1.171388432  
-1.332499997  
-1.664572131  
-1.37387653  
-0.8429245967  
-0.6927834634  
-0.2892398467  
-0.9448196544  
-1.342789867  
-1.83232462  
-1.71865463  
-1.609457675  
-0.7278735287  
-0.2958264712  
-0.06989143456  
-0.1158661412  
-0.1416748026  
0.163056342  
0.3022778024  
0.4794479315  
0.467626242  
0.02750503646  
0.08832195507  
-0.4871785467  
-0.1503454834  
-0.1353630242  
-0.2020679735  
-0.09809386  
-0.2318385886  
-0.2056208491  
-0.5083040955  
-0.4157783043  
-0.6433878477  
-0.5576064787  
-0.4651388863  
0.01234112449  
-0.5111517885  
0.2759998927  
0.247494538  
0.1635229914  
0.1654641748  
0.2443589339  
0.4327381982  
0.256578186  
0.4367294723  
0.8893772764  
0.6496691481  
0.6954904632  
0.3746592467  
0.1720562483  
-0.02616819246  
-0.6094984189  
-0.3843510432  
-0.2559475631  
-0.581684489  
-0.5856751846  
-0.5958579264  
-0.4024875532  
-0.2822574549  
-0.1105294591  
-0.4939834882  
-0.4051593495  
-0.3628473866  
-0.2520240909  
-0.06047255307  
-0.3777689648  
-0.5312002238  
-0.03647763565  
-0.1303371783  
0.1089198169  
0.2110034739  
0.2262998704  
0.6456378063  
0.9869929443  
0.6565477812  
1.604483019  
1.290584353  
1.396863633  
1.20176974  
1.358583772  
1.495904983  
0.8956702169  
0.6854400972  
0.1666675361  
-0.01772470288  
-0.03987888615  
-0.1008431594  
-0.2254273193  
-0.2684029301  
-0.2651590203  
-0.3565586448  
-0.1140324307  
0.01970573478  
0.05799538616  
-0.2442115528  
-0.02497564539  
0.164629822  
0.2267236929  
0.3010842744  
0.4930533504  
0.5391330325  
0.5959277125  
1.00705598  
0.03567775302  
0.1910316955  
-0.008653289952  
0.3172981202  
0.03500335833  
-0.5994381767  
-0.3241269194  
-0.2055371904  
-0.2230603508  
-0.132665668  
-0.410985254  
0.04775073896  
0.1251163544  
0.06782884008  
0.08695507621  
0.1817034553  
0.2092225858  
0.2327766128  
0.5355342562  
1.084591179  
1.208214486  
0.6415643248  
0.7716768045  
0.4723869617  
0.9928627938  
0.7657008816  
0.6063933272  
0.5833906004  
0.7293069635  
0.5687188691  
0.5771119974  
0.730745056  
0.759169339  
0.9001567838  
0.3492764634  
0.06225669977  
0.08555616181  
0.1425311049  
0.5549152672  
0.6443453804  
0.05624103952  
0.06672753537  
0.5090128605  
0.4367278824  
0.003096861751  
-0.209002159  
-0.1584426078  
0.3166159081  
0.008041369942  
0.1376519376  
0.2309347795  
0.3786171261  
0.5111274066  
0.2840455915  
0.4723176996  
0.3063307443  
-0.2987779481  
-0.1039403713  
-0.5979424248  
-0.2676972092  
-0.7465000734  
-0.2124376947  
-0.1935093332  
0.2678170125  
0.3245269273  
0.4820855765  
0.2693069075  
0.3076893351  
0.3211231341  
0.4950613043  
0.8362138007  
0.7344809318  
0.0395808618  
0.4740743022  
0.03325903001  
0.3030208741  
0.08329706732  
-0.4976677698  
-0.3329148767  
-0.01192729329  
0.2230739421  
0.4391817073  
0.5176346626  
0.5262085092  
0.4944652943  
0.8876063203  
0.7414688377  
0.9319481599  
0.8596482949  
0.7489096156  
0.6493307677  
0.2611846558  
0.4492539557  
0.1491046013  
0.7356388667  
0.07113741485  
0.0009656108425  
0.01940616507  
0.2444137421  
0.2452651297  
-0.0608718084  
0.06375412937  
0.4121431215  
0.5801725219  
0.5219152851  
-0.4400499111  
-0.05180552239  
-0.05885958878  
0.1235394576  
0.06911256817  
0.1588079681  
0.3140604328  
0.7119135822  
0.4596472183  
0.4022940815  
0.4899066015  
0.6404707537  
0.5543869335  
0.8047866334  
0.4140690311  
0.2428811741  
0.6314594971  
0.8479618862  
0.4825913863  
0.4843380025  
0.5519785818  
0.7656985659  
0.5277131066  
0.1523302396  
0.269659466  
0.8059474874  
-1.080146884  
-0.6444738175  
-0.5024377606  
-0.02643298502  
0.077545678  
0.2760699472  
0.2419689889  
0.2118868843  
0.5631830599  
0.4087510166  
0.6065124507  
0.407770304  
0.05489838375  
-0.1383513065  
-0.3801075748  
-0.3811248369  
-1.26532147  
-2.420196033  
-0.5878899287  
-0.874307734  
-0.499325483  
-0.9123222019  
-0.7015117263  
-1.04801453  
-0.8640882794  
-1.073916667  
-0.7931606331  
-0.9666830025  
-0.1898422062  
-0.1482398146  
-0.05451925431  
-0.8197458774  
-0.4515571761  
-0.05157599101  
0.7667277954  
0.8246079275  
0.8748809295  
0.6900892699  
0.4965231805  
0.4151886154  
0.2922827242  
0.2075105314  
-0.2544667077  
-0.5705359262  
-0.5800597133  
-0.5726029088  
-0.3759484579  
-0.6546381122  
-0.7639950471  
-1.334520104  
-1.258974836  
-1.601065445  
-1.701231602  
-1.169683479  
-0.9705840999  
-0.6151308973  
-0.7732869587  
-0.7357808682  
-0.5174209204  
-0.3925270294  
-0.7943000873  
-0.4999135002  
-0.8420069689  
-0.264745717  
-0.5105631663  
-0.5975407555  
-0.4062086874  
-0.1867562723  
0.1411240908  
-0.11547249  
0.1853489284  
0.006799596819  
0.1115936246  
0.2429710899  
0.5134770182  
0.4204516336  
0.1318725668  
0.1492621862  
-0.3677724162  
-0.2610455348  
-0.4904958757  
-1.014957875  
-0.599876528  
-0.6495219514  
-0.9700128492  
-0.8608200814  
-0.8952311332  
-0.5546069329  
-0.34119818  
-0.5793239438  
-0.3868175026  
-0.5342638286  
0.03849311057  
0.2191554319  
0.3787556587  
0.4808710642  
0.2178346938  
0.3705140312  
0.4853912313  
0.826727789  
0.3670178403  
-0.03238379075  
0.06391892636  
0.1557339296  
0.1459202769  
-0.2668195216  
-0.2348007537  
-0.5296376154  
-0.1012675838  
0.2038844844  
0.1842823538  
0.231491749  
0.3311457334  
0.6631638107  
0.3769896622  
0.1423106024  
0.3543606935  
0.2298360496  
0.4640708319  
0.2429291971  
0.4142048172  
0.390620309  
0.5483005683  
0.9488488434  
0.6760054819  
0.1646240745  
0.3281080588  
-0.3228285555  
0.2822878621  
0.1142454258  
0.1393874866  
0.1831788132  
0.5478081039  
0.7616480931  
0.9257354432  
1.117515017  
1.216426899  
1.635090822  
1.731214089  
1.182711237  
1.465751326  
1.268976053  
1.320527278  
1.299532265  
0.9331210701  
0.2233350421  
0.4451238729  
0.3947085333  
0.338859703  
0.142246875  
0.1093588871  
-0.4494819416  
-0.2129309123  
0.1587099513  
0.7467562418  
0.6033266358  
0.6047001515  
0.381304675  
0.1678672243  
-0.1122298931  
0.09951265415  
-0.1158397481  
-0.03208666183  
0.2352769517  
0.04967028241  
0.09129048914  
0.4853097461  
0.2032971408  
0.3024712288  
-0.008742928471  
0.3926019101  
0.2355339271  
0.4539694627  
0.3820424038  
0.182145275  
0.48403245  
0.4496557536  
0.5122801988  
0.4077014668  
0.3459705441  
0.4957100728  
0.2713751409  
0.3879130987  
0.4807422841  
0.4714388153  
0.5552668045  
0.4695693675  
-0.0754341009  
-0.4513715196  
-0.6015034536  
-0.5122145865  
-1.182758402  
-1.494410365  
-1.684516344  
-2.15189252  
-0.7306809668  
-0.5281370567  
-0.8313095631  
-0.6536070039  
-0.9712242242  
-1.317657996  
-2.409925145  
-2.680913517  
-3.059498205  
-3.687983364  
-4.061346544  
-3.362024324  
-3.115185645  
-3.48633896  
-2.790723425  
-2.651092545  
-1.961855985  
-1.945856055  
-1.385635051  
-1.771063671  
-1.583038903  
-0.9340693822  
-1.200898352  
-0.407753279  
-0.5485945152  
-0.5596824361  
-0.5128641243  
-0.251610912  
-0.1446976453  
-0.3023522566  
0.008383737045  
-0.3553662511  
-0.004552547627  
-0.2038859773  
-0.1929226723  
-0.08554521678  
-0.1821026294  
0.06477797117  
-0.3928008606  
0.1324382708  
-0.1756845225  
0.1255766605  
0.05951224267  
-0.1387802005  
-0.0583495263  
-0.290477793  
0.1689719173  
-0.108160376  
0.3343633332  
0.4694178175  
0.8315347976  
0.4670611847  
0.6449273659  
0.2007784996  
0.8054769211  
0.5526512199  
0.2669841921  
0.2444262213  
0.1119257835  
-0.09842286002  
-0.3267771446  
-0.3476213203  
-0.2279164099  
-0.3032982189  
0.05130011485  
0.3798301113  
0.6491930423  
0.792010238  
0.4600775453  
0.6312651158  
0.5212995419  
0.2424661618  
0.3255903578  
-0.08337209884  
-0.1404476595  
-0.3061501763  
0.0508828997  
-0.4778084981  
-0.3891777385  
-0.3391703906  
-0.07604221993  
-0.05943273344  
-0.6082653797  
-0.4963718599  
-0.3928339668  
-0.04706115945  
0.09686792736  
-0.1727718151  
-0.2232964132  
-0.1333797118  
-0.4074569997  
-0.3501319517  
-0.156103703  
-0.4630461372  
-1.011294215  
-0.9513656684  
-0.5099247661  
-0.1258855565  
-0.4745136077  
0.04723528269  
0.1324123824  
0.2685184496  
0.1710997089  
0.4303302019  
0.07790471176  
-0.3012100887  
-0.09462522509  
-0.126631654  
-0.5710081592  
-0.5085558989  
-0.09309925926  
-0.5324649414  
-0.6987047844  
-0.5208837202  
-0.6976621136  
-0.4995006501  
-0.6147588814  
-0.6502162653  
-0.8046711908  
-0.8107466594  
-0.5639863287  
-0.7867457007  
-0.3222879889  
-0.191721628  
-0.2123820168  
-0.1247572679  
-0.0774443477  
-0.4489386549  
-0.08919687599  
-0.1995216177  
-0.2523663724  
-0.1040284043  
-0.006767021439  
-0.04340588531  
-0.200074554  
-0.1410231728  
-0.5792388648  
-0.5719543609  
-0.5292181268  
-0.7856330243  
-0.8351114634  
-0.7435767947  
-0.6480085657  
-0.8032067737  
-0.5236481213  
-0.5009161345  
-0.6127885947  
-0.4691281692  
-0.4030203442  
-0.1944013903  
-0.2809790941  
-0.2418298422  
-0.1383436157  
-0.1435774873  
-0.1864157036  
-0.2648480434  
-0.3029757117  
0.006446885924  
0.07808364344  
-0.01288781267  
0.126525081  
0.2037197718  
0.008415193291  
-0.08816951097  
-0.1436936526  
-0.1027361607  
0.05449581388  
0.168865158  
-0.1577524423  
-0.09273965287  
-0.2062539268  
-0.3168467208  
-0.3453404046  
-0.6613245305  
-0.5432836772  
-0.7086231024  
-0.4083333661  
-0.3719660806  
-0.6740552734  
-0.5531445148  
-0.3829755936  
-0.2065492768  
-0.2220317645  
-0.4157646429  
-0.6665148666  
-0.3528870039  
-0.5086601921  
-0.4698378686  
-0.3086914517  
-0.4809042482  
-0.1941790675  
-0.4737660816  
-0.2376412701  
-0.2384126511  
-0.09470402508  
-0.2586229926  
-0.3326303383  
-0.2901274193  
-0.4448835787  
-0.7347341057  
-0.9831304288  
-0.7050220506  
-1.396494086  
-1.74264814  
-1.615529417  
-1.428470825  
-1.199423221  
-1.226255827  
-1.216549872  
-0.9826269117  
-1.150035335  
-1.04192867  
-0.7799082405  
-0.9815164538  
-1.123153159  
-0.9009957703  
-0.9023116967  
-0.8867234039  
-0.8940572027  
-0.7832053077  
-0.8433360457  
-0.973886611  
-1.032574112  
-0.5891304184  
-0.4252049572  
-0.629384966  
-0.4428081196  
-0.5718651836  
-0.8510979178  
-0.6964118971  
-0.8440815283  
-0.827924194  
-0.7628711996  
-2.218645727  
-2.728762643  
-0.4308737347  
-0.8461453314  
-0.6872439142  
-0.2108827293  
-0.3698623847  
-0.67510352  
-0.7968740061  
-0.784338021  
-0.8987949073  
-1.234413355  
-1.243147155  
-1.67391007  
-1.294304123  
-0.9007558894  
-0.6346186375  
-0.3262739504  
-0.40226574  
-0.7012107539  
-0.5949123247  
-0.4697107243  
-0.7836681796  
-0.7396870833  
-0.6612902997  
-0.8762425735  
-1.001654685  
-0.8786207561  
-0.7799866602  
-0.7203201086  
-0.8785052336  
-0.8844690228  
-0.9259881069  
-1.50860756  
-1.170563941  
-0.9793017831  
-0.7934196971  
-0.6263623293  
-0.3117882759  
-0.5980428714  
-0.1729580169  
-0.5306701189  
-0.3603223235  
-0.9763066102  
-1.362266367  
0.08242115262  
1.817756365  
0.9919212966  
-0.06995177372  
0.02500611869  
-0.4744319144  
-0.3659753405  
-0.4938134108  
-0.552482757  
-0.4458452514  
-0.5401994168  
-0.4920489645  
-0.3307661113  
-0.3480522653  
0.07973823542  
0.02375761741  
0.1627045554  
-0.1668176348  
-0.2071177367  
-0.3267408494  
-0.04810888027  
0.129748393  
-0.05035228003  
-0.2624528064  
-0.04734932159  
0.08688989076  
0.1941288009  
0.2696068187  
0.03227434465  
0.01971396365  
-0.01712960291  
-0.1906468374  
-0.02197198824  
-0.3443499898  
-0.3073478261  
-0.3245093985  
-0.3312367948  
-0.1568752385  
-0.2523166799  
-0.2019376068  
0.009988323269  
-0.06711044065  
-0.02319642806  
0.0891091927  
-0.1913768754  
0.07940467263  
0.0007388200579  
-0.2110533965  
-0.1900650285  
-0.1936355316  
0.08152073141  
0.1092283481  
-0.04544785339  
0.03758863385  
0.06227778899  
-0.1196234692  
-0.02897633281  
-0.1134506278  
-0.3160184151  
-0.01451996627  
0.06523913591  
0.1522005055  
-0.0255529723  
-0.2293598322  
-0.1681816687  
-0.1787489369  
0.2762907049  
0.1723626677  
0.1543006874  
0.1643904244  
0.08622759382  
0.3826732731  
-0.06421133857  
0.01954658893  
0.0604820919  
0.0792685384  
-0.2476311156  
-0.3636437888  
-0.4602919586  
-0.280031391  
-0.529970302  
-0.1325709764  
-0.5789580284  
-0.5952183545  
0.117172001  
-0.2660526767  
0.2128734886  
0.3303432609  
0.2255379969  
0.3941258205  
0.1720318777  
-0.3058832033  
-0.1250781942  
0.04690242587  
-0.1508622535  
-0.01124414285  
0.158009945  
0.1206285527  
0.1174026869  
0.03676021106  
-0.1472084467  
-0.009213428435  
-0.05268374365  
-0.1534149376  
-0.1746202174  
-0.1663596519  
-0.1532814875  
0.05078045002  
0.04872966688  
-0.05596863557  
-0.1287822238  
-0.3158280248  
-0.1813092341  
-0.2110021538  
-0.1987210147  
-0.08298595663  
0.09516405054  
0.113976502  
0.2282613424  
-0.04730782084  
0.3738554954  
0.1087173076  
0.05966869311  
-0.4069562352  
-0.5241379217  
-0.2450493007  
-0.3517511067  
-0.3560904905  
-0.4616063341  
-0.3422147414  
-0.3337990814  
-0.2470993912  
-0.387957503  
-0.26913932  
-0.2680752424  
-0.2320976021  
-0.2464755422  
-0.2286894799  
-0.3944115697  
-0.0294013024  
-0.1048705583  
0.08052710601  
0.05000254758  
0.09095179601  
-0.1410794024  
0.02213529504  
0.02820684029  
-0.1239080822  
-0.06054311965  
-0.07576177276  
-0.01908685748  
0.1613776511  
0.1034736809  
0.01787076416  
0.04079238919  
0.3027754947  
0.322138997  
0.1424112293  
0.303645038  
0.1280176461  
0.07115763849  
0.201819974  
0.2657282499  
0.1787028438  
-0.2477819175  
-0.3526626396  
0.7406963565  
-0.04705730765  
0.8795136437  
1.141239203  
0.3735760646  
0.6065173892  
0.2864265661  
-0.1120955387  
-0.0430530296  
-0.06225902012  
-0.4279739916  
-0.1440826631  
-0.595114229  
-0.5938812561  
-0.7835084603  
-0.8282821942  
-0.4847613303  
-0.113077014  
-0.08998328859  
-0.2052429114  
-0.06279446411  
-0.2668088714  
-0.1848628691  
-0.2760120232  
-0.3500940707  
0.05049542717  
0.1824365272  
0.4563385078  
0.3864069081  
0.4834322198  
0.1243852859  
0.2188099871  
0.1822522994  
0.2272377774  
-0.09165717689  
-0.2710744359  
-0.1314483642  
0.8889768794  
0.9333535756  
1.080581882  
0.9283986962  
0.566637354  
0.4335244642  
0.2343740389  
0.05978406487  
0.0943007658  
-0.3680616928  
-0.3969337302  
-0.1683431068  
-0.5365919595  
0.03074320703  
-0.1319047654  
0.09036592057  
0.2305778881  
0.3844714635  
0.09948687575  
-0.01260813109  
0.04679677535  
-0.001589961064  
0.2188903665  
0.1069902913  
0.3664477233  
0.26424934  
0.1768847708  
-0.2013506776  
0.5039826151  
0.1323011442  
-0.5568417257  
0.1695085138  
-0.6075849494  
-0.4156310721  
-0.794459552  
-0.7983648175  
-0.8744659497  
-0.6782110194  
-0.6663264538  
-0.5722934289  
-0.4474988661  
-0.4593489637  
-0.04758999062  
-0.280844325  
-0.1789903857  
-0.2834945301  
-0.05429565811  
-0.8854674443  
-0.6069390149  
-0.3378977306  
-1.332273323  
-0.6423366871  
-1.243043372  
-0.3503860279  
-0.8028544187  
-0.3023914346  
-0.5216481641  
-0.5816494941  
-0.7357860767  
-0.7823561673  
-0.842296849  
-0.8628072645  
-0.7347038106  
-0.8645334945  
-1.127644953  
-0.9824035225  
-1.227510744  
-1.353867023  
-1.861633399  
-1.227601152  
-1.014175028  
-1.094127903  
-1.473503517  
-1.425213542  
-1.0959972  
-1.12303677  
-1.16244161  
-0.9455763756  
-0.8827714821  
-0.8379067814  
-1.23130875  
-0.9913257899  
-1.369566447  
0.02054177952  
2.006730362  
1.618034613  
1.349432943  
0.9029902141  
1.221758565  
0.5681111944  
0.4169250865  
0.2554994855  
0.3598308317  
0.3930882524  
0.5142787093  
0.3704525141  
0.3083226733  
0.5122195325  
0.5839212812  
0.611489723  
0.7176629695  
1.086850208  
1.029457497  
1.159979584  
0.8685646816  
1.168970627  
1.069218511  
1.2904294  
1.304508175  
1.267857879  
0.8973702823  
1.190334955  
1.107011853  
0.8508134129  
0.9628981936  
0.6527674536  
0.4179635745  
0.6101011565  
0.8502429721  
0.9280785228  
0.9782653322  
1.183127668  
0.7771084659  
0.7115435758  
0.9459526333  
0.8130142052  
1.186275855  
0.9668996236  
1.254444889  
1.289987395  
1.306946223  
1.407450487  
1.32988756  
1.310177301  
1.423443627  
1.421566997  
1.146520473  
1.338882287  
1.345679737  
1.031638455  
0.8055434998  
0.5810114277  
0.8304458917  
0.8550198922  
0.9910800203  
1.029014469  
0.9361085725  
0.626439351  
0.9056854492  
0.9283831305  
0.9241410821  
0.8496110603  
1.076615092  
0.9606670423  
1.138877848  
1.1816115  
1.293962855  
1.24181758  
1.288705492  
1.165882801  
1.254177884  
1.142619459  
1.141592666  
1.341247906  
1.13841151  
1.180331859  
1.173633506  
1.208654709  
1.132445483  
1.235922116  
1.060720718  
1.053812071  
1.129969032  
1.063590668  
1.313460446  
1.348054733  
1.067857471  
1.378096528  
1.247138999  
1.320712611  
1.309690288  
1.285981604  
1.328658433  
1.182647948  
1.175966715  
1.353888849  
1.233630969  
1.192741764  
0.8042628405  
0.7245761643  
0.705494465  
1.087456508  
1.098552577  
0.8467306021  
0.7722411673  
0.9344065501  
0.9474015537  
0.8635550028  
0.4636143314  
0.6414687867  
0.463092716  
0.6680731339  
0.671403685  
0.7737770962  
0.7547489602  
0.8932532188  
0.7913062772  
0.8462557056  
0.4486169834  
0.7894487873  
0.7743329348  
1.43894017  
1.26214062  
1.221607736  
1.086892713  
1.219939675  
1.455623343  
1.40445661  
1.524019026  
1.40585406  
1.387993408  
1.285369867  
1.536278074  
1.290770087  
1.007697571  
1.10691438  
0.8383235096  
1.067542265  
0.8329697258  
