1.01827523  
0.5792937853  
0.3837554781  
0.3386414397  
0.7641720158  
0.2536522427  
-0.00641341603  
0.1916943995  
0.06587232878  
0.3900476124  
0.5950765945  
0.5493195664  
0.3691702158  
0.6635477362  
1.036368226  
0.6902107421  
0.4427546189  
0.4139128452  
0.8021147593  
0.5939293141  
-0.1295582989  
-0.05894182971  
-0.06648976513  
-0.2504006219  
-0.2149833274  
0.08749309891  
-0.1844513925  
-0.1554579077  
-0.05084262435  
0.07885626956  
0.09195996958  
-0.1296010936  
0.2097144234  
0.3736853179  
0.7296039356  
0.5475245701  
0.2246842429  
0.5668059004  
1.019307291  
1.125130696  
1.166908721  
1.397985365  
0.8115939303  
1.065511283  
0.753333766  
1.171933868  
0.2398674879  
0.5145845535  
0.1386744493  
0.0193966379  
0.1736223077  
-0.04306939183  
0.1079846185  
0.3240907763  
0.5042845733  
0.4461041582  
0.5853619748  
0.3579786872  
0.1350319519  
0.5153376484  
0.007725120612  
-0.1994849874  
0.04490746273  
-0.03997034433  
-0.1259111146  
0.06543156005  
0.1517384969  
-0.3212890802  
-0.4901143092  
-0.7434882598  
-1.106262562  
-0.8151110356  
-0.3949064084  
0.09759747845  
0.1063724944  
0.3565412559  
0.274286546  
0.09761112429  
-0.1163381812  
-0.2437282083  
-0.1886736111  
-0.5964577525  
-0.164972367  
0.4631799054  
-0.07653491278  
0.2261502588  
0.2547805119  
0.1103684764  
0.192502735  
-0.06109889001  
0.01973912734  
-0.1031555763  
-0.1864630713  
-0.3484767839  
-0.1016766224  
0.1297796362  
0.07413590535  
0.3154382804  
0.3715816048  
-0.2718146835  
-0.4106813564  
0.1081211128  
-0.419564603  
-0.2727740114  
-0.1591915617  
0.005690459271  
-0.6260091611  
-0.8743413462  
-0.02798378187  
-0.08623599388  
-0.3573060329  
-0.2703652622  
0.3721252797  
-0.01816150958  
-0.2406377346  
0.09965503086  
0.3856344768  
0.5830363678  
0.2874021274  
0.1335933656  
0.2235215498  
-0.1431374637  
0.658168173  
0.04675034201  
-0.1450465725  
-0.2236220381  
0.09031484097  
-0.4455807294  
0.5500422494  
0.2298757073  
0.3115580577  
-0.1426959505  
0.1488896366  
-0.2644268334  
0.2438814051  
0.3658877281  
-0.1472072705  
0.2979712716  
0.3418084768  
0.3550090958  
0.1451875225  
0.3808815926  
0.2629120983  
-0.1288040648  
-0.2744551153  
0.1669862786  
-0.006002183815  
-1.106195168  
-1.190380227  
-1.377789341  
-0.9987160056  
-1.349189721  
-0.9280767153  
-0.3455137659  
-0.5829935823  
-0.05866405723  
-0.1389672996  
-0.4673874491  
-0.2869971979  
-0.08440140536  
-0.09635618601  
-0.5451328698  
-0.4396327846  
-0.1878352121  
0.06552727357  
0.1262903668  
0.1239907377  
0.1793964083  
0.1296403909  
0.06031398626  
0.2370748834  
0.8682753003  
0.1005161737  
-0.2159423944  
-0.7582778125  
-0.6231079517  
-0.6826175565  
-1.024125853  
-0.7510224059  
-0.8441223831  
-0.3425617381  
-0.5362286841  
-0.3360938317  
-1.133449322  
-0.9493028517  
-0.809318311  
-1.087965881  
-1.347666255  
-0.8446162664  
-0.2464513932  
-0.3671400946  
-0.7326113159  
-0.3587961867  
-0.5291949916  
-0.7098829831  
-0.3092669061  
-0.4602962199  
-0.6054918428  
-0.6464699376  
-0.723170616  
-0.5436803725  
-0.8839322717  
-0.8378504769  
-0.3522749479  
-0.5762869152  
-0.3060921296  
-0.5835912551  
-0.2312473917  
0.0295369653  
0.04738032884  
-0.1003221027  
0.05972015711  
0.4275241716  
0.1380009975  
-0.2418576174  
0.09838275793  
-0.4120758469  
-0.2998500029  
-0.3743975117  
-0.7758691358  
-0.123826245  
-0.1828525293  
-0.2293824906  
-0.6136680527  
-0.1052675938  
-0.03217422067  
0.2874772089  
0.00368728545  
0.05003915937  
-0.3146991114  
-0.2036047796  
0.02453722133  
0.03735175378  
-0.7800277455  
-0.3190821284  
-0.3124682476  
-0.1471068734  
-0.01366184883  
0.366417081  
0.195071997  
-0.1514061767  
0.1375142738  
0.2374174206  
-0.07836926021  
-0.4704687045  
-0.1435913409  
-0.6459260707  
-0.6393633507  
-0.9760318143  
-1.157675052  
-1.288369517  
-1.628777756  
-0.5839921349  
-0.7694168553  
-1.465026263  
-0.8491629866  
-0.9859409448  
-0.8463967273  
-0.6631514577  
-0.7816092948  
-0.3501595348  
-0.7360676582  
-0.3114986492  
-0.786662361  
-0.618676425  
-0.8003110259  
-0.3886984845  
-0.6419419409  
-1.026946704  
-0.4094382234  
-0.3212319474  
-0.3281136298  
-0.3111501483  
-0.2088950914  
-0.0157142032  
-0.9184084639  
-0.4325932732  
-0.6666011298  
-0.4024870639  
-1.01288145  
-0.7143778882  
-0.6979983596  
-0.884409551  
-1.105709614  
-0.6763517308  
-0.5647113392  
-1.016207315  
-1.308682047  
-0.781866995  
-0.843410121  
-1.236012531  
-1.490438419  
-1.057318587  
-0.7305566956  
-0.8335065842  
-1.332440099  
-1.059575626  
-0.6865910195  
-0.7112783756  
-0.3217712135  
0.1848401791  
-0.2456050395  
0.01585273933  
-0.1377684604  
-0.08123830837  
-0.5356536606  
-0.7560194862  
-0.3195728756  
-0.1937311977  
-0.5315765598  
-0.2191013799  
-0.2886020091  
-0.2968584109  
-0.1900750112  
-0.09462771077  
-0.2858857711  
-0.6348629909  
-0.425515197  
0.0939405876  
-0.4417197387  
-0.1531203515  
-0.01528497474  
0.058521473  
-0.2644919554  
0.191187245  
0.2541777179  
0.3622644841  
-0.1676038812  
-0.1855677362  
0.2697424555  
0.200666231  
0.2119457384  
0.4831459003  
0.01305963254  
-0.205575116  
-0.2692638164  
-0.1127373488  
0.005317458326  
-0.3344185472  
-0.3929607048  
-0.2796026698  
0.1104294698  
-0.1246619141  
-0.2518598556  
-0.2782146543  
0.03356348791  
-0.5474396005  
-0.7500380417  
-0.5881047174  
-0.831629693  
-0.9736550687  
-0.7609308268  
-0.4719518218  
-0.8610183609  
-0.8290455853  
-0.6313585009  
-0.3092258141  
-0.8244730341  
-0.8757163278  
-1.132416539  
-1.617431748  
-1.72554597  
-1.090332725  
-1.088679317  
-1.099098492  
-1.159169645  
-1.290388668  
-0.9721250548  
-0.7795963348  
-1.245826721  
-1.026081578  
-0.9279479433  
-0.9903708242  
-1.07499121  
-0.8435884817  
-0.8567504478  
-0.6712122495  
-0.7731475335  
-0.3251002102  
-0.1874765834  
-0.2079362695  
-0.3911674862  
0.04484544767  
-0.4749800192  
-0.3122290549  
-0.6174038853  
-0.3401510153  
-0.4072308313  
-0.4213459759  
-0.8224417855  
-0.3045292128  
-0.2080523864  
-0.3451002644  
-0.4097779633  
-0.3584598193  
-0.5447785739  
-0.3607401612  
-0.8558259227  
-0.6472465845  
-0.3699814476  
0.003520236521  
0.2214546419  
0.1824941081  
0.7159415486  
0.2990403248  
0.01879120493  
0.8826283388  
1.386869408  
0.8304527749  
0.648264955  
0.637575538  
1.136085782  
0.957869913  
1.043560357  
0.007199408911  
0.1290244737  
-0.04163788239  
0.09248504079  
-0.03654144376  
0.1309879221  
0.2077888846  
-0.2028851938  
0.03506669042  
0.0532479321  
-0.4150775288  
-0.1459462411  
0.2535634311  
-0.06699724114  
-0.2986783046  
-0.6112191693  
-0.2468926359  
-0.3632692641  
-0.08470911831  
-0.2702042793  
0.1750313975  
0.991719271  
1.04358585  
1.67968325  
0.7179386569  
0.8222062152  
0.84180302  
1.136970489  
0.7537988472  
0.7443662553  
0.3923415009  
0.2049933533  
-0.9166321916  
-0.5885546415  
-0.8238652494  
-0.8237455756  
-0.03184843121  
-0.7302105866  
-0.07852687253  
0.3169979234  
0.145030066  
0.6506695396  
0.9132887315  
0.5671438333  
0.5942214089  
0.5826651521  
0.4110111444  
0.7916624162  
0.4716514555  
0.03595414366  
0.476005245  
0.03390513188  
-0.2523971713  
0.08815311944  
-0.1195797971  
0.2248858264  
0.08833143911  
-0.1709141343  
-0.2309462815  
-0.5576102283  
0.05769372183  
0.3702492802  
0.1799713818  
-0.3182648911  
-0.2334101201  
-0.2566637193  
0.1815187112  
-0.07084666973  
0.06610653039  
0.5833224164  
0.3864713025  
0.4378455861  
0.9970033035  
0.8900543639  
0.7604211416  
1.024907251  
0.9381346476  
1.008141959  
0.6295312109  
0.6695999332  
0.08460696626  
-0.2445025557  
0.3317928113  
0.03802107558  
0.2333914491  
0.3218060573  
0.4350430621  
0.07101378195  
-0.1499441935  
0.4102520177  
0.3260181499  
-0.2238980493  
0.3986566829  
0.1129455273  
-0.03908126017  
0.1988474804  
-0.05917846983  
0.03984648471  
0.17476792  
0.1265796165  
0.04638628735  
0.1971673115  
-0.5830092408  
0.3589540307  
-0.2034197518  
-0.09011805423  
-0.1904533691  
-0.2108203258  
-0.4568843006  
-0.6309863192  
-0.3311824611  
-0.03779652604  
0.4206252294  
1.538780951  
1.565473573  
1.234256664  
1.100974307  
1.045121592  
1.077541829  
1.185731598  
1.068846102  
1.155274776  
0.3688508944  
0.9149327248  
1.38018814  
1.123451633  
1.039397837  
0.6263817987  
0.6034231925  
0.5807857355  
1.181682315  
1.396480568  
1.314694721  
1.255250905  
0.8257139086  
1.29335929  
1.434014959  
0.9844733525  
1.165800674  
1.365404725  
1.12609676  
0.9574867967  
0.4823351558  
0.7822836191  
0.5588064893  
-0.01534756051  
0.6696059084  
1.19670271  
1.476435828  
1.175804714  
1.400277326  
1.323840048  
1.025807707  
0.9580062154  
1.007882323  
0.7702062345  
0.9217769113  
0.9885962612  
1.070972022  
0.4554484045  
1.457428374  
1.046193151  
0.8337997471  
0.4590366773  
0.5259709138  
1.13189213  
0.9934514298  
1.078896896  
0.8209719438  
0.9155364915  
0.5763326498  
0.9033469155  
0.9744613064  
0.5406668553  
0.5414633398  
0.6299344484  
0.9376025183  
1.153201697  
1.247489347  
1.006477791  
1.257829167  
1.05568023  
0.8825926868  
1.192461927  
1.386159233  
0.9463804093  
3.156309507  
3.054984308  
2.805071329  
2.694213213  
1.937125722  
1.826867528  
1.266988567  
0.9964021871  
0.7959019903  
1.035069745  
1.101122744  
1.236145075  
1.151511357  
0.8142691608  
0.6876045478  
0.8654033186  
0.3897362309  
0.2629187669  
0.3477519285  
0.8778729366  
0.6009574369  
0.9897595462  
0.645390941  
1.131723375  
0.5680195863  
-0.05398917479  
-0.2567602727  
-1.147356659  
-1.1369413  
-1.314928417  
-1.415276013  
-1.205427063  
-0.9178142399  
-0.7342809516  
-0.2708157951  
-0.1172040575  
-0.2626316579  
0.2310607774  
0.3937278195  
0.1616385803  
0.04665767118  
0.1384169359  
-0.5407293434  
-0.1438638926  
-0.3386425968  
-0.1003037465  
-0.1667368506  
0.1106472774  
-0.4353243907  
-0.7168253179  
-0.3866733063  
-0.6024561354  
0.09807784373  
-0.4532010876  
-0.2683512358  
-0.2204857082  
-0.8843011089  
-0.5451353147  
-0.8632205839  
-0.9589825123  
-0.4303432143  
-0.7885078069  
-0.3354653179  
-0.5560649072  
-0.284452288  
-0.2620845068  
-0.04816275297  
0.04853722654  
-0.07729669123  
0.1026965773  
-0.07701549396  
0.1393424509  
0.1162972874  
0.3271471414  
0.2017329593  
-0.013050827  
0.6136771448  
0.06746359006  
-0.2240834349  
-0.6321060155  
-1.006153305  
-0.8946533957  
-0.6966907183  
-1.195328383  
-0.3091056195  
-0.9631703637  
0.1917831399  
0.4839109346  
0.3906930497  
0.01071729218  
0.394116817  
0.3135953649  
0.1776240057  
-0.250699541  
-0.2971192942  
-0.1858100682  
-0.4584785929  
-0.1801574659  
-0.5571516181  
-0.6667013497  
-0.3739956971  
-0.428464864  
-0.3084850561  
-0.3142793147  
-0.3439328589  
-0.2840464834  
-0.7150686637  
-0.414493925  
-0.751904903  
0.3849399228  
0.5310049977  
0.6215553195  
0.1145909988  
0.5750598666  
0.4947392996  
-0.09879891778  
0.09299895191  
0.1432197837  
0.5163566183  
-0.1457737158  
-0.1606662377  
-0.7700557442  
-1.298391932  
-1.537232734  
-0.8216569099  
-0.1640782138  
-0.5682093013  
-0.1340676031  
-0.2224052296  
-0.3706010281  
-0.4322220858  
0.01353360254  
0.05086801363  
0.05712710543  
0.121117868  
-0.006220102138  
-0.04279807869  
0.1216953611  
0.661244335  
0.3933690315  
0.09838839827  
0.01199581508  
0.01680808532  
-0.09170700219  
-0.4445963655  
-1.248895125  
-0.788833053  
-0.7369593605  
-0.1614516535  
-0.2481729745  
-0.1827861382  
-0.53800473  
-0.09643121555  
-0.02370372522  
-0.3864403626  
-0.4960310699  
0.2626144007  
0.08201713165  
-0.0264703013  
0.650896698  
0.404005145  
0.4417747377  
-0.2929907687  
-0.04034892865  
0.0583977085  
-0.5858153375  
-0.5115786948  
0.06728264175  
-0.2859811165  
-0.1747127354  
-1.040681752  
-0.8408059888  
-0.2514179101  
-0.4969539716  
-0.41881806  
-0.5402770521  
-0.3833230743  
-0.6290404744  
-0.791636972  
-0.4088738911  
-0.7995979198  
-0.6877230959  
-1.027258333  
-0.8121615209  
-0.3755956686  
-0.8848554312  
-0.8035736468  
-1.161708088  
-0.7053863618  
-1.155288178  
-0.6556417387  
-0.8565685554  
-0.9875130524  
-0.0339054142  
-0.3109954625  
-0.4020974791  
-0.3880057012  
0.2925459642  
0.8390375138  
0.2371901152  
0.5006185217  
1.048231191  
0.6651594262  
0.8463417574  
0.428270938  
0.3786215069  
0.02742028326  
-0.6899419001  
0.1010731069  
0.3104728723  
0.1301336671  
0.3345699791  
0.2230907233  
-0.04365645872  
-0.5316646858  
-0.1228190732  
-0.08856209296  
0.05732667053  
-0.2287039772  
-0.07282954429  
-0.2049614444  
-0.1020915536  
-0.2632105982  
-0.2784959169  
-0.1225739379  
-0.2438393163  
-0.5702294172  
0.2227778697  
0.3335635433  
0.1957467608  
0.2335794865  
0.4443702917  
0.2044630571  
0.2129958619  
0.7389668328  
1.194607625  
0.6029605942  
0.6634912596  
-0.08455524128  
0.009387058299  
-0.3809244956  
0.08772995157  
-0.510545685  
-0.5563997348  
0.2442807199  
0.6438670639  
0.3196402705  
0.5463665557  
0.7479563489  
0.6544528943  
0.478117058  
1.309012529  
0.9251773296  
0.5423008255  
0.1013782694  
0.7233616988  
-0.07192321062  
-0.3681625564  
0.3394446152  
0.8759252862  
0.5305419735  
0.1458261169  
-0.1346188576  
0.1229090473  
-0.6230391383  
-0.9191594371  
-0.4285630576  
0.7226970543  
-0.7141484229  
0.1132320048  
0.85182679  
0.5771419567  
-0.2779828293  
0.1004039805  
0.3468739416  
0.4500012415  
0.08868750603  
0.979959732  
1.454069918  
0.9692374202  
0.8205940962  
1.08595094  
0.2689619517  
0.4726222363  
0.9019328042  
1.451811074  
0.7667777921  
1.065687796  
0.06480336572  
-0.1425313658  
-0.2838205605  
-1.126831347  
-0.8560252646  
-0.5008947076  
-0.0822514156  
-0.4550792501  
-0.576280347  
-1.181391335  
-0.7220644558  
-0.1787095704  
-0.09779128176  
-0.2186930106  
-0.6103361179  
-1.00919353  
-1.620301233  
-1.298902431  
-1.911543222  
-1.922015134  
-1.930988728  
-1.999199612  
-2.166020017  
-1.408258226  
-1.775639535  
-2.067114268  
-0.9616862188  
-1.237007463  
-1.480531581  
-1.480189069  
-1.28667584  
-0.8621811831  
-1.109370857  
-0.5465441825  
-0.4717860097  
-0.5418529863  
-0.3342793277  
0.2629769809  
0.02178691313  
0.1131386827  
0.431858604  
0.4271771498  
0.05619279086  
0.2922749059  
0.277223185  
-0.09883772635  
-0.0650395524  
0.2425695982  
0.3395606892  
0.3504737159  
0.04349352292  
0.699367958  
0.2179502623  
-0.01054727203  
0.6018336051  
1.207761236  
0.2036969721  
0.6021126294  
0.67510463  
0.3237908677  
0.3322304036  
0.4389367623  
1.384105675  
0.4879680329  
0.7297395932  
0.8573327014  
0.9672130326  
0.8481900272  
0.1799810829  
0.1491487018  
0.3701612405  
0.03999918105  
-0.1515929621  
-0.5760297153  
0.355617204  
-0.1749956725  
-0.6304787259  
0.1634618186  
-0.06984141986  
-0.7445908872  
-0.5500191686  
-0.4473294025  
-1.285535873  
-1.015405117  
-0.7000941535  
-0.4714756649  
-0.4897439969  
-0.4450641931  
0.07342993588  
0.1406564519  
-0.05742711371  
-0.1482817627  
0.0405196082  
-0.5517063913  
1.045017415  
0.7833033064  
0.4859524255  
0.2349758907  
0.4109972165  
0.0282721371  
0.0453829638  
0.1444640129  
0.9656946857  
0.30872128  
-0.4707026056  
0.2193338379  
0.1172281332  
0.3061470263  
0.1534387159  
0.5102288095  
1.069293755  
0.5555921789  
0.2175329307  
0.7288682898  
0.3795492432  
-0.1194143551  
-0.5196365376  
0.06915164143  
0.1686948403  
-0.3427858813  
-1.052615394  
-0.8134585794  
-0.6515852003  
-1.076034107  
-0.2899559833  
-0.02147654891  
-0.04006350633  
-0.2797399138  
0.1434169779  
-0.5882056496  
-0.4433799424  
0.3504380673  
0.4770057465  
0.1040032184  
-0.6023527277  
-0.167740635  
0.3726825989  
0.08758608136  
-0.01762844932  
0.5841507146  
0.8691039533  
0.682732339  
0.147006078  
0.5799588974  
0.4601735617  
0.2182743966  
-0.3946279379  
0.7296835111  
1.221640771  
0.8194389308  
0.4985193095  
1.383299151  
1.567720218  
0.5658880164  
0.9474912416  
1.560019672  
1.70261829  
1.255599156  
0.7090621181  
0.6677859565  
0.5110750809  
0.1839168269  
0.03893965958  
-0.05544210257  
-0.03929140273  
-0.007981376042  
0.7114993981  
0.3893670723  
0.1657728782  
0.6458395755  
1.085931933  
0.7379059699  
0.5028171096  
0.7756520161  
0.6978740388  
0.3138986449  
-0.2137780124  
-0.482732152  
-0.8700946022  
-1.542742392  
-1.433304664  
-1.08588435  
-0.8534633537  
-0.8892572073  
-0.6566551851  
-0.2001625504  
-0.1387849567  
-0.3308566102  
-0.1874288988  
-0.1863181145  
-0.1378841498  
-0.1531326632  
0.2988938533  
0.1912601921  
-0.3493327288  
-0.07177304637  
0.3794843973  
0.03571663749  
0.1231573557  
0.520824849  
0.07384385144  
-0.3277681113  
0.3718339243  
0.5982427569  
0.04698641216  
0.25182385  
0.7522739518  
0.1508507566  
-0.140741486  
-0.2429222876  
-0.2558940817  
-0.3936136278  
0.001442432594  
0.2477189679  
-0.2303833751  
0.2916962305  
0.5149320455  
0.1683158538  
0.138663209  
0.7595637892  
0.3033691859  
0.01383568464  
0.4446644419  
0.4595435684  
0.6282427813  
0.2697724988  
-0.2658779999  
-0.2456853361  
0.3201069974  
-0.2222849254  
0.3042804819  
0.2506602603  
0.4533969008  
-0.2920322125  
-0.1799956371  
-0.186493162  
-0.3180968612  
0.1846832815  
0.147857778  
0.2963209395  
0.08377085831  
0.3870741348  
0.8493272975  
0.4946443179  
0.5032808522  
1.676468516  
1.066852505  
0.4190419331  
0.0406088271  
0.3499770153  
0.2471140116  
0.006507518189  
-0.3008554501  
-0.6876757638  
-0.1209458729  
1.095907829  
1.449110588  
1.532509249  
0.5884530338  
0.5617950435  
0.9576871742  
0.8853216007  
0.5496128495  
0.2003226452  
0.2875931119  
-0.6411970831  
-0.8011558866  
-0.9871912393  
-0.658984142  
-0.7795478671  
-0.9577719863  
-0.5087513446  
-0.5439669475  
-0.1536939098  
-0.0008937342759  
0.2279782157  
0.08201992845  
-0.2323042786  
0.2277325625  
0.1850745276  
-0.1874048294  
0.3014938563  
0.6066767247  
0.2930708423  
-0.2987987954  
0.5800248421  
0.4622345649  
0.7234169729  
0.266759205  
0.008439889782  
-0.147017856  
0.1149676164  
-0.2277680419  
0.330652294  
-0.1767090452  
-0.3053941073  
-0.1124960485  
-0.2756963546  
-0.2151519344  
-0.6087532047  
-0.3770252265  
-0.5908690888  
-0.7711449832  
-0.5978857663  
-0.9470540595  
-0.6929045904  
-0.6898391792  
-0.5723671781  
-0.3207471028  
-0.4473246365  
-0.435160471  
-0.3636868635  
