4496.89756  
4479.270983  
4450.113554  
4453.050702  
4457.182141  
4443.673698  
4434.184199  
4436.457699  
4437.378625  
4433.739954  
4433.900753  
4443.250941  
4435.205741  
4441.182951  
4442.813794  
4434.015319  
4438.199539  
4449.73123  
4459.704736  
4454.610894  
4449.434607  
4450.778113  
4459.871717  
4454.950762  
4442.785424  
4450.145506  
4442.745168  
4433.764224  
4429.758924  
4439.99364  
4437.45025  
4429.537761  
4435.5209  
4437.341809  
4438.194178  
4422.700776  
4418.729593  
4430.727115  
4432.226  
4423.421846  
4432.137184  
4433.666086  
4425.693032  
4435.171187  
4437.918987  
4436.278611  
4429.131534  
4437.88254  
4434.145347  
4442.323912  
4439.892636  
4455.743702  
4455.912016  
4458.975142  
4460.210065  
4456.169443  
4445.18392  
4438.657654  
4435.527973  
4440.408097  
4429.803756  
4422.533081  
4435.89957  
4427.576105  
4431.053909  
4436.657788  
4440.664853  
4433.988907  
4437.754652  
4449.35678  
4445.576317  
4449.503533  
4454.41881  
4449.710016  
4443.263302  
4447.977861  
4454.836258  
4456.875912  
4449.147323  
4447.924329  
4442.370105  
4438.332205  
4436.069345  
4430.680752  
4429.264877  
4432.654975  
4442.398125  
4439.818965  
4448.131694  
4450.30286  
4454.683477  
4449.693144  
4452.684276  
4450.074539  
4451.841812  
4453.062876  
4452.304768  
4451.975031  
4459.215023  
4451.843957  
4443.748692  
4450.252759  
4451.950467  
4443.178343  
4441.439241  
4440.083923  
4445.286188  
4436.311785  
4440.482617  
4446.039554  
4433.789112  
4425.466703  
4428.053995  
4427.585119  
4420.476184  
4413.992192  
4420.641958  
4423.850753  
4416.950198  
4403.086604  
4420.940818  
4423.019091  
4436.218051  
4427.751581  
4419.302865  
4416.667293  
4424.670297  
4417.968996  
4428.129143  
4434.032532  
4433.888836  
4431.95643  
4425.457619  
4421.641948  
4434.171786  
4432.029925  
4427.081479  
4430.95031  
4438.646591  
4434.521916  
4435.679977  
4448.51399  
4448.94524  
4455.900951  
4462.97128  
4472.100082  
4463.623538  
4447.544543  
4459.481644  
4455.198454  
4452.812025  
4458.801848  
4458.998913  
4467.258003  
4456.967682  
4454.691779  
4451.539471  
4450.566452  
4455.712923  
4463.204198  
4459.298042  
4447.809094  
4454.024847  
4460.219793  
4457.713108  
4453.030205  
4450.356057  
4445.397101  
4439.233442  
4429.687882  
4432.962447  
4447.176613  
4441.837487  
4435.588683  
4440.277409  
4441.332558  
4443.10301  
4448.184549  
4460.76342  
4463.309579  
4460.419518  
4461.069172  
4462.552586  
4453.684102  
4449.843691  
4457.357505  
4449.520195  
4446.044289  
4456.78837  
4462.686419  
4459.433561  
4445.696847  
4447.26153  
4448.932645  
4441.6472  
4444.955688  
4454.672586  
4456.89607  
4447.226219  
4455.88785  
4463.697465  
4463.914155  
4455.778999  
4455.016435  
4453.622008  
4456.41826  
4434.238741  
4435.293482  
4420.322178  
4414.669953  
4405.671039  
4413.513492  
4412.3099  
4415.746366  
4416.212595  
4409.833694  
4411.931598  
4417.268407  
4419.344894  
4415.192054  
4425.996098  
4425.048566  
4422.673131  
4416.319052  
4434.722317  
4434.50926  
4433.238059  
4432.16834  
4439.99755  
4432.455012  
4441.848418  
4451.21041  
4451.581569  
4440.43837  
4447.868032  
4448.769255  
4451.691403  
4456.863191  
4456.408278  
4456.778619  
4451.111018  
4453.9353  
4453.512619  
4447.977379  
4430.24966  
4446.7491  
4440.100595  
4436.532906  
4434.525783  
4437.909718  
4434.44676  
4441.692874  
4446.414676  
4452.747723  
4440.928171  
4439.032036  
4443.144015  
4443.549333  
4439.716696  
4437.158231  
4442.320745  
4436.057874  
4433.668449  
4412.492026  
4418.762821  
4414.839996  
4417.966513  
4408.08673  
4412.558253  
4419.787092  
4432.876091  
4432.435928  
4432.016336  
4433.321821  
4440.35189  
4436.048681  
4437.523582  
4436.127506  
4439.864039  
4434.894391  
4430.360658  
4432.072847  
4421.277501  
4422.656343  
4424.911312  
4442.078357  
4440.857004  
4433.593575  
4446.107034  
4447.645793  
4447.828788  
4446.052787  
4454.105465  
4455.867098  
4452.932346  
4441.665575  
4445.850078  
4446.576528  
4449.043686  
4442.932652  
4449.957173  
4446.515816  
4440.011633  
4432.601827  
4436.161696  
4422.664486  
4422.407619  
4425.091133  
4421.812904  
4420.178492  
4429.180401  
4424.476154  
4415.690709  
4414.170995  
4418.035073  
4414.260926  
4407.466715  
4411.513805  
4422.25482  
4425.277603  
4421.349352  
4428.623706  
4439.405501  
4430.167102  
4426.8948  
4424.716589  
4439.030283  
4426.120174  
4417.024278  
4425.146736  
4422.223409  
4417.99693  
4421.058576  
4425.105338  
4424.461259  
4421.357024  
4429.751198  
4428.191128  
4425.535747  
4429.992514  
4430.98902  
4429.465905  
4416.833765  
4422.448967  
4424.299899  
4427.024265  
4417.84146  
4419.958611  
4426.660699  
4424.433375  
4418.303677  
4427.591374  
4445.131404  
4450.279521  
4443.482755  
4449.725663  
4450.742799  
4449.031983  
4433.511799  
4442.184427  
4445.009017  
4432.382094  
4429.136032  
4433.502083  
4439.685432  
4437.43272  
4437.643224  
4445.910679  
4455.460418  
4457.448703  
4453.565657  
4454.80345  
4455.48968  
4457.668714  
4448.56991  
4456.942946  
4443.284063  
4434.242252  
4431.103112  
4434.268843  
4429.170922  
4420.108879  
4420.148305  
4424.295391  
4430.927056  
4426.330412  
4429.406575  
4438.93333  
4440.570402  
4434.196611  
4443.782929  
4445.388256  
4440.461749  
4436.732336  
4446.3718  
4446.383384  
4442.085398  
4437.272406  
4441.354488  
4443.306935  
4438.179853  
4439.477934  
4453.067089  
4448.811949  
4442.153285  
4443.208192  
4454.550989  
4452.834589  
4443.946758  
4443.306315  
4450.099667  
4447.540521  
4447.300233  
4442.606487  
4439.472088  
4447.962147  
4441.14554  
4429.449905  
4435.624389  
4439.32299  
4438.444148  
4442.828606  
4455.788036  
4453.844523  
4455.072519  
4464.92777  
4472.990278  
4467.189489  
4450.979515  
4457.9845  
4460.897815  
4462.800948  
4460.421382  
4445.923942  
4452.651479  
4457.844458  
4471.251802  
4470.012286  
4451.850628  
4448.505768  
4458.719618  
4466.604423  
4456.303152  
4453.41523  
4437.47086  
4427.19198  
4397.477603  
4389.172137  
4372.901535  
4370.250446  
4385.064696  
4385.034337  
4403.037886  
4404.897531  
4411.529012  
4425.856623  
4429.586537  
4421.861408  
4437.583957  
4441.585762  
4441.473524  
4439.448154  
4448.218101  
4447.37514  
4446.855492  
4451.777085  
4453.396029  
4451.807518  
4457.278168  
4456.028328  
4451.999587  
4436.733773  
4452.144882  
4450.76384  
4447.588018  
4452.672064  
4460.963792  
4452.647305  
4453.032343  
4453.838831  
4447.881587  
4428.755563  
4419.206057  
4416.569686  
4406.353139  
4407.924986  
4414.611407  
4411.049001  
4402.250375  
4421.538886  
4426.420489  
4435.668533  
4428.850949  
4435.612202  
4438.862863  
4438.957475  
4443.222295  
4446.631275  
4440.981493  
4429.504974  
4435.683971  
4430.815244  
4419.711927  
4424.634863  
4426.547682  
4424.333306  
4432.856726  
4446.932535  
4444.593163  
4435.521086  
4440.779258  
4433.565486  
4432.455788  
4432.988638  
4433.39289  
4427.439029  
4414.019548  
4432.858305  
4432.465365  
4424.780025  
4424.386204  
4428.631173  
4429.85766  
4423.0699  
4425.672425  
4423.224819  
4431.487895  
4464.311218  
4456.181675  
4446.750491  
4435.054175  
4430.764959  
4437.086417  
4435.054645  
4434.542921  
4429.746327  
4427.539723  
4428.201606  
4418.160195  
4407.200306  
4405.832322  
4391.435909  
4387.663017  
4390.672974  
4410.94144  
4422.162413  
4415.96024  
4432.104272  
4434.977164  
4439.752348  
4448.0774  
4448.994164  
4449.010398  
4462.547363  
4468.561072  
4460.172283  
4459.20041  
4454.597595  
4442.817238  
4438.405698  
4441.883542  
4444.672556  
4446.122025  
4443.649191  
4458.185708  
4459.104665  
4451.578134  
4459.220203  
4459.398015  
4453.937471  
4453.753702  
4463.657248  
4455.231826  
4442.882356  
4460.426722  
4464.07031  
4467.227738  
4460.695343  
4465.578342  
4472.46124  
4469.566615  
4467.012412  
4466.961468  
4458.87073  
4449.903364  
4444.475641  
4443.919866  
4430.9158  
4416.348155  
4429.28841  
4433.491401  
4437.383036  
4442.323433  
4446.796955  
4449.510092  
4437.37975  
4430.940622  
4431.823188  
4424.073935  
4420.639749  
