4491.314052  
4491.162445  
4476.499736  
4458.067228  
4447.029927  
4444.830916  
4436.829515  
4435.576003  
4428.01579  
4411.740713  
4407.472388  
4412.470425  
4417.336079  
4412.623846  
4420.239641  
4422.429566  
4425.80891  
4431.859838  
4448.178324  
4447.443423  
4439.777703  
4435.24144  
4431.300116  
4421.997146  
4421.576452  
4391.131109  
4370.634576  
4377.817336  
4386.308226  
4380.182916  
4378.016701  
4373.547692  
4367.413828  
4362.652282  
4370.735802  
4367.40339  
4360.840282  
4374.893038  
4379.971828  
4377.90134  
4379.53893  
4386.751416  
4384.069331  
4381.140695  
4383.168109  
4395.185342  
4400.619406  
4413.149212  
4408.320943  
4394.511747  
4376.232224  
4372.120806  
4367.844441  
4363.125984  
4362.688918  
4350.955289  
4342.990352  
4347.48567  
4335.309127  
4352.843579  
4368.369803  
4361.787687  
4370.859549  
4371.825564  
4385.332868  
4389.619904  
4398.530233  
4390.173089  
4389.159108  
4388.072266  
4383.979192  
4387.666325  
4380.697137  
4385.985566  
4385.513058  
4385.044643  
4399.003117  
4402.076897  
4406.33537  
4394.86627  
4384.70185  
4380.86078  
4376.67717  
4369.698245  
4379.963764  
4380.715415  
4392.718467  
4395.256956  
4388.981743  
4395.970126  
4399.338427  
4416.928528  
4414.145232  
4402.527633  
4392.972836  
4391.213259  
4372.269971  
4378.854434  
4374.14001  
4378.211485  
4386.964959  
4378.247333  
4391.431514  
4398.442183  
4389.54821  
4396.418068  
4387.926911  
4397.26028  
4391.633573  
4410.79302  
4410.718827  
4410.623957  
4400.454046  
4397.343895  
4391.527356  
4381.092703  
4373.094677  
4370.734257  
4362.014547  
4351.752652  
4350.576881  
4343.423328  
4343.600063  
4343.673925  
4359.420752  
4362.750035  
4338.498001  
4342.144301  
4351.426961  
4358.476967  
4361.679346  
4374.943813  
4382.773372  
4381.397204  
4387.066636  
4390.807276  
4391.718663  
4399.428763  
4408.105194  
4405.919148  
4395.214205  
4392.220829  
4386.039899  
4388.926741  
4372.793545  
4364.185439  
4373.315116  
4368.50142  
4385.027777  
4387.278488  
4389.545958  
4387.045261  
4388.039557  
4397.888259  
4398.817563  
4397.867563  
4401.900565  
4401.989612  
4386.992885  
4390.701644  
4378.913444  
4373.315365  
4362.188565  
4367.684147  
4372.206665  
4364.422269  
4358.397527  
4375.443783  
4383.603798  
4387.692999  
4371.684055  
4377.083507  
4402.427717  
4385.984976  
4370.747187  
4374.944489  
4378.562707  
4378.080548  
4377.012757  
4381.011146  
4378.470981  
4380.341649  
4375.1347  
4387.930133  
4399.53404  
4398.759017  
4392.692643  
4389.318497  
4393.034016  
4392.101757  
4383.643359  
4387.995427  
4390.171158  
4390.505873  
4395.68214  
4392.362368  
4390.243808  
4399.269488  
4408.642383  
4401.289959  
4393.424536  
4407.952267  
4399.16983  
4396.390528  
4398.303266  
4395.338115  
4389.538716  
4386.264218  
4392.686  
4398.696546  
4395.648371  
4383.743857  
4371.879447  
4366.572097  
4359.716813  
4355.683997  
4366.966617  
4377.282817  
4359.800976  
4355.498813  
4351.265248  
4364.789254  
4361.34139  
4362.052392  
4370.409616  
4370.691268  
4372.032946  
4383.184497  
4394.346854  
4394.30867  
4395.107343  
4386.16835  
4384.583028  
4368.831478  
4380.992991  
4383.046631  
4372.064388  
4382.751435  
4387.078518  
4379.010529  
4375.542029  
4384.43232  
4391.27638  
4389.542691  
4405.132129  
4429.605909  
4418.625694  
4413.19651  
4410.045161  
4407.544566  
4397.390155  
4405.061367  
4405.336328  
4398.690574  
4393.751194  
4389.81833  
4388.335233  
4388.456656  
4404.144555  
4414.447815  
4422.988847  
4414.806859  
4406.052269  
4409.053276  
4394.942285  
4383.915412  
4384.775206  
4395.445233  
4380.24  
4384.632971  
4390.63156  
4393.141008  
4382.961968  
4385.207831  
4395.951296  
4401.584686  
4392.889134  
4390.15618  
4389.409596  
4380.726523  
4374.662632  
4374.486802  
4383.334806  
4371.932042  
4384.943307  
4402.026496  
4396.450808  
4374.467699  
4385.217538  
4382.947936  
4377.050307  
4350.566916  
4347.530369  
4378.965705  
4378.558658  
4373.362546  
4355.548649  
4348.357744  
4348.241283  
4368.566739  
4368.526133  
4368.968859  
4349.658021  
4343.613248  
4332.418848  
4313.910351  
4290.729675  
4290.735871  
4283.770072  
4291.846838  
4301.335608  
4318.977339  
4333.582957  
4340.926147  
4346.989868  
4350.013363  
4364.16422  
4358.344878  
4355.985255  
4365.946269  
4369.175219  
4367.700379  
4373.872112  
4377.075195  
4385.214892  
4391.086487  
4399.72336  
4403.831787  
4408.200782  
4405.817209  
4406.505092  
4401.716875  
4400.727624  
4400.667049  
4389.648978  
4389.822172  
4404.077061  
4409.033868  
4399.843366  
4400.044611  
4395.633365  
4373.483855  
4374.267953  
4378.247021  
4360.029126  
4358.557788  
4377.747747  
4384.877952  
4384.413356  
4384.216435  
4401.473909  
4394.940691  
4395.377149  
4408.576958  
4409.150861  
4402.814702  
4386.392198  
4375.510032  
4372.062837  
4363.326605  
4357.013144  
4362.777236  
4366.445117  
4361.431751  
4359.793096  
4353.308011  
4358.000181  
4361.211368  
4358.441013  
4364.273377  
4366.21462  
4359.271347  
4380.341187  
4391.232204  
4403.00642  
4388.267191  
4391.004295  
4380.087945  
4369.655912  
4368.359901  
4368.010321  
4370.627324  
4393.578642  
4399.405446  
4396.817951  
4392.030275  
4392.118114  
4395.676827  
4391.357771  
4388.769399  
4403.223161  
4393.813531  
4381.005005  
4382.137618  
4390.389744  
4402.422381  
4393.309721  
4404.657514  
4401.142634  
4396.410329  
4374.749684  
4378.033378  
4378.105629  
4367.811396  
4356.243867  
4367.313365  
4372.951998  
4368.456019  
4354.253188  
4345.194665  
4348.345338  
4355.73078  
4357.369246  
4372.174335  
4365.589825  
4368.839191  
4370.371628  
4382.006596  
4371.131949  
4387.578969  
4391.735741  
4401.145827  
4382.686506  
4397.043883  
4400.10282  
4387.822262  
4367.434749  
4387.356791  
4385.428955  
4393.26912  
4396.641935  
4400.534166  
4394.544391  
4397.065126  
4397.533427  
4407.565399  
4412.693348  
4406.964884  
4409.630595  
4413.282211  
4410.476711  
4402.271143  
4399.154763  
4410.247618  
4422.921999  
4403.221865  
4399.434892  
4379.765788  
4386.499144  
4379.224013  
4377.065019  
4372.046768  
4386.270359  
4391.6388  
4399.566433  
4387.306184  
4371.414039  
4371.74827  
4375.105916  
4361.742049  
4367.948555  
4358.822287  
4354.44059  
4333.595031  
4318.736658  
4317.190863  
4328.965896  
4326.753008  
4326.332292  
4335.085694  
4334.972701  
4331.81009  
4344.728567  
4354.131554  
4368.227409  
4368.158673  
4363.355518  
4370.573601  
4374.04248  
4372.689711  
4394.879697  
4399.496211  
4394.774801  
4393.310021  
4405.117475  
4402.759876  
4391.672598  
4398.626898  
4403.218804  
4397.25609  
4407.162822  
4417.581576  
4412.260148  
4409.546562  
4416.382262  
4411.75781  
4399.815154  
4395.373412  
4395.450992  
4391.329451  
4398.676472  
4403.109488  
4389.300673  
4395.968236  
4389.123798  
4381.752094  
4383.582108  
4388.887749  
4394.679999  
4392.534842  
4385.094443  
4399.789228  
4404.018573  
4408.490933  
4395.264434  
4389.114503  
4388.076275  
4378.872325  
4368.349305  
4364.940504  
4361.821275  
4360.091411  
4358.565842  
4370.723194  
4384.451215  
4386.982194  
4384.718344  
4390.023212  
4384.362582  
4397.69362  
4411.299063  
4394.240171  
4400.084168  
4429.056046  
4419.488029  
4400.638271  
4380.641264  
4389.117655  
4393.004905  
4396.920954  
4384.445962  
4368.011962  
4385.319805  
4406.744221  
4411.081425  
4388.03462  
4369.024419  
4367.150235  
4366.82508  
4357.663317  
4361.652323  
4359.917757  
4367.202123  
4362.005091  
4351.67899  
4343.179044  
4341.673899  
4335.038893  
4322.135249  
4330.020718  
4330.698821  
4347.408342  
4355.488856  
4356.200644  
4360.679122  
4371.15293  
4366.113049  
4379.569347  
4379.70063  
4371.734899  
4382.008928  
4393.961408  
4391.692824  
4393.514422  
4401.446897  
4413.277413  
4405.688177  
4401.399238  
4404.595639  
4408.236479  
4398.055917  
4401.093057  
4394.035604  
4382.420507  
4380.439068  
4385.207411  
4382.037935  
4369.375956  
4363.617303  
4357.636231  
4357.960286  
4351.877167  
4343.714539  
4351.182223  
4350.320947  
4342.401575  
4351.790711  
4355.172223  
4354.041624  
4361.467167  
