2.847348611  
1.978521648  
1.158581092  
0.6736483502  
0.8841733338  
0.9181629898  
0.03745922733  
0.7738231793  
1.086417586  
0.9005443111  
0.7875087174  
1.518776898  
0.9122800221  
1.233263897  
1.468414483  
1.064349992  
0.6808028341  
1.009233515  
1.260007644  
0.5279860771  
0.2255007305  
-0.5910732985  
0.01542308166  
0.1579296811  
-0.3508779174  
-0.3252580176  
0.0327083662  
-0.2721040321  
-0.2242830862  
-0.06882403805  
0.5899794762  
0.4097862601  
0.4578170616  
0.6339486551  
0.4291064987  
0.3925090912  
-0.2383072594  
0.283017975  
0.5877229967  
-0.2491521987  
-0.5625260855  
-0.5552954111  
-0.793269827  
-0.6342073457  
0.2546013335  
-0.04631960017  
0.107209742  
0.4030424058  
0.7239320737  
0.6731682103  
0.5294952328  
1.043195867  
1.328679606  
1.325561111  
0.5695934668  
0.9722899699  
0.6754488468  
0.5372949964  
0.09827895579  
0.5537373781  
-0.1140443456  
-0.5829528112  
0.06307647688  
-0.2156239444  
-0.2601988651  
0.1665168674  
0.6682843385  
0.3390440828  
0.2871947057  
0.7504472193  
0.6793568805  
0.8736585406  
0.936474093  
0.7555885958  
0.2069490425  
0.4947989384  
0.7637609421  
1.115828029  
0.1240325928  
0.7560109181  
0.6484694282  
0.7653826646  
0.04176619797  
0.4865697023  
0.5097092955  
0.1914301478  
0.230652164  
0.2020464125  
0.4399236909  
1.196143998  
0.6903975816  
0.7085149635  
0.9731276925  
0.7200425049  
0.4485241495  
1.06745741  
0.9977672717  
0.4909805951  
0.8563091119  
1.083318776  
0.57276276  
1.06272881  
1.244053136  
0.4267657873  
-0.09168332124  
0.287317228  
0.3459838877  
-0.5956151256  
-0.7013023469  
-0.8331666401  
-0.2455103787  
-1.091395229  
-0.5195773928  
-0.4593505748  
0.203213413  
-0.2137473622  
-0.1613909064  
0.1181343987  
0.3808953617  
0.1304463632  
-0.1883863335  
0.3839129748  
0.7487934103  
-0.184938444  
-0.3758370916  
-0.5093916422  
0.137878701  
-0.289363852  
-0.04243261417  
-0.4682200689  
-0.8576527653  
-0.6270754912  
-1.151700626  
-0.7946301195  
-0.7053466183  
-0.03084510425  
-0.660944896  
-0.5451611059  
0.4663639904  
0.9160855512  
0.1776559178  
0.502922443  
0.1633332444  
0.01344007671  
0.06329013043  
0.6905717844  
0.7727525518  
0.1757147421  
0.2264841487  
-0.0003009236434  
-0.09073598376  
0.1884943682  
0.7901946832  
0.9570720512  
0.2850219185  
0.2605067606  
0.08831699974  
-0.4176239835  
-0.0565132773  
-0.2311941972  
-0.08756768818  
-0.417583674  
-0.332918503  
0.152394154  
0.1817864587  
-0.1287639461  
-0.08016511762  
0.01208163814  
-0.1392366442  
-0.4279734709  
-0.7980760751  
0.08577343242  
-0.8092442813  
-0.9482364668  
-0.5323133846  
-0.669071381  
-0.6292904983  
0.03426627198  
0.510767459  
0.7400093368  
0.4032280643  
1.208052247  
1.097112598  
0.6415995053  
0.4794545337  
0.4816720047  
0.3672750533  
0.1096821357  
0.3692103274  
0.4774169542  
0.5968590079  
0.1802473777  
0.2973518044  
1.055146724  
1.001157924  
1.006716742  
1.296900937  
0.6741487969  
-0.1411128982  
0.1430676822  
-0.1332563088  
0.1865142351  
-0.2509266467  
0.1639214975  
-0.2424407387  
0.5975445291  
-0.0463144962  
-0.005512184315  
-0.4858545944  
-0.2712556182  
-0.5828331727  
-0.6372105915  
-0.9372312813  
-0.718284239  
-0.6590783166  
-0.6963119009  
-0.898063794  
-0.4218781745  
-0.1460800751  
-0.6167567265  
-0.7353197656  
-0.7329525652  
-0.192814065  
-0.8066856848  
0.2493929345  
0.4390199212  
0.5684288612  
0.2407954689  
0.6466294044  
0.1937506224  
0.4052920876  
0.5534204671  
0.6587947088  
0.07461066165  
0.1324195871  
0.04332322557  
0.172569563  
-0.03948145918  
0.02834669095  
0.09333694775  
0.482976857  
0.8822284494  
0.728202348  
0.8037487398  
0.2509889798  
0.5661551448  
0.08470962851  
-0.9350010985  
-1.321424866  
-1.704434376  
-1.311638429  
-1.754128453  
-1.241132971  
-1.043330977  
-0.4587058526  
-0.5876393593  
-0.2918378624  
0.01651209213  
0.6023553431  
0.2598945584  
0.3869367663  
0.3658699482  
0.6535279581  
0.3698768996  
0.6474351317  
0.7434034799  
0.9739947419  
0.320613759  
0.6559461846  
0.5413075893  
1.120824482  
0.6764665037  
0.4191101912  
0.3226665037  
0.7737613892  
0.5197803316  
0.9111412336  
0.3192198401  
0.8048367018  
0.3914376653  
0.3739317534  
-0.1824736459  
-0.6711338618  
-0.6320671503  
-0.9623781456  
0.01091293456  
0.1770630917  
-0.7465424307  
-0.08269484844  
0.09742209269  
0.2325867906  
-0.1238202871  
0.5624331177  
-0.121861179  
0.1724019022  
-0.4826998887  
0.04133953483  
0.3769377172  
0.2836249071  
-0.06953222773  
0.3506276407  
0.2419546024  
0.3429834735  
-0.02056828251  
0.2179081862  
-0.09261371313  
-0.7581167695  
-0.7552283292  
-0.9952195443  
-0.7187350823  
-0.6684091085  
-0.6736789643  
-0.7252467828  
-0.8504598276  
-0.5209602311  
-0.7320685387  
-1.245107772  
-1.022910558  
-0.6006547351  
-0.460016136  
-1.020469215  
-0.6698992633  
0.2722073111  
0.07904927793  
-0.7334237712  
-0.2449492048  
-0.6042975363  
-0.7070697044  
-1.536137748  
-1.42096423  
-0.9202906857  
-1.175381079  
-1.015923967  
-0.9413268892  
-1.524976788  
-1.631932161  
-1.169897458  
-0.7781023855  
-1.136938211  
-0.8788838508  
-0.5069177668  
-0.3717128721  
-1.036986913  
-1.020922201  
-1.193255604  
-0.9599761205  
-1.128494356  
-1.255029003  
-0.8302740465  
-0.7264257374  
-0.4538515812  
-0.247407578  
0.5795060378  
0.2197146567  
0.1428466927  
-0.07430947059  
0.01041438029  
-0.4164400817  
-0.5871413257  
-0.8117099111  
-0.6568192696  
-0.8175286383  
-0.7401940232  
-0.6253497949  
0.02022461159  
-0.4200704816  
-0.125121683  
0.06641761764  
0.3149450795  
-0.2006540058  
-0.3725065899  
-0.6097652933  
-0.215288401  
-0.3298449666  
-0.01174021113  
0.06331759413  
-0.1172247978  
0.1722138598  
-0.04291768209  
0.5395444583  
0.624716824  
-0.2444745749  
-0.8212691622  
-1.089484133  
-0.3000337762  
-1.183763819  
-0.8270002655  
-0.5478810223  
-0.2905956054  
-0.5014009023  
0.06461269533  
0.1681314476  
0.3331427997  
0.2576890627  
0.7327752406  
0.9671852077  
0.6927175315  
0.189253602  
0.1869894049  
0.03871398606  
0.113033846  
0.09753527682  
0.2470405259  
0.5601912475  
0.5044920537  
0.5180478246  
0.989317528  
1.114600803  
0.872338985  
0.8223183376  
0.9589670523  
0.7734625475  
0.8073141795  
0.4581976719  
-0.1166530387  
0.1862688145  
0.3033067218  
-0.5472439498  
-0.2189315016  
0.285084663  
0.6532955842  
0.1163958553  
0.217056578  
0.145239432  
0.4031014563  
0.1829149484  
0.7785893553  
0.3417281596  
0.04085705285  
0.4401779504  
0.7433647862  
0.8250908589  
1.05448079  
0.4314736886  
1.511607285  
1.330978573  
1.278835085  
1.142793703  
0.632309351  
0.004381656466  
0.5702022721  
1.357339288  
1.27950182  
1.288322711  
1.030430321  
0.1985507295  
-1.068548248  
-1.072391836  
-1.513715865  
-2.194599381  
-1.3023896  
-2.020263477  
-1.126383879  
-0.09251761277  
-0.4382746144  
-0.199475665  
0.6141560172  
0.1320454062  
0.3713107736  
0.7667053239  
0.3849405718  
0.2140508002  
1.033019688  
0.6590520114  
0.6716972113  
0.6482381221  
0.7712439767  
0.8229012695  
0.2435687978  
0.5459097747  
0.4939069514  
-0.2797381694  
0.5281190585  
0.4022957385  
0.1188326466  
0.1053365522  
0.2613786702  
-0.1154468629  
-0.2656309062  
-0.1527579535  
-0.3886229883  
-0.3153336207  
-0.4875835998  
0.4055763645  
-0.1454268467  
-0.2091609631  
-0.4280521008  
-0.4238524661  
-0.925052574  
-0.6723792999  
-0.2999026883  
-0.2885832694  
-0.8714784672  
-0.4568606962  
-0.5922247525  
-0.2227567679  
-0.3661769749  
0.2997861939  
-0.1908283937  
-0.08633114641  
0.6817135455  
0.7139548348  
-0.3194684225  
0.2960889811  
0.5336706887  
0.4578183791  
0.6749039509  
1.242742746  
1.106645571  
0.3611324838  
-0.3438733195  
-0.5754085136  
-0.9011710089  
-1.400349031  
-1.183103677  
-0.7849225391  
-1.7094569  
-0.9276493003  
-0.82354863  
-0.9072458714  
-0.8462884954  
-0.7577143928  
-0.5702009726  
-0.4649088441  
-0.2136063897  
0.07503858459  
0.3008072943  
0.5686062151  
-0.00438760621  
-0.4204674036  
-0.6473630738  
-0.5055951228  
-0.6344380705  
-0.7679345416  
-0.6273117138  
-0.5657788174  
-0.7275763479  
-0.8196585214  
-0.7048567385  
-0.711741943  
-1.1741296  
-1.313333193  
-1.34987111  
-1.371453437  
-1.489275972  
-0.8379363189  
-1.365281942  
-0.8899334303  
-1.175996719  
-1.129138353  
-0.7864561842  
-0.3744888019  
-0.2365222981  
-0.1853146383  
0.06330291606  
-0.07131215218  
-0.6576442118  
-0.2792708735  
-0.8942880715  
-1.348604633  
-0.6297242966  
-0.09641143663  
0.1118625745  
-0.1986227159  
-0.1139912128  
0.3890836123  
-0.3471716385  
-0.1062836124  
0.520716603  
0.185882839  
0.1462783983  
0.4237656986  
0.5194660513  
0.2211619229  
0.3718640617  
0.314754894  
0.2092774344  
0.07005395265  
-0.1183251626  
-0.1571250879  
0.2560708102  
0.1295193353  
0.2456985378  
0.2889485216  
-0.8658231372  
-0.919063616  
-0.6744829203  
-1.168021636  
-0.9272810843  
-0.8746593115  
-0.2655858576  
-0.2760470172  
0.3074137923  
0.07364907886  
0.2911639741  
-0.08995702256  
-0.2234100182  
0.1705960255  
0.3136065547  
0.1038216365  
3.587849799  
3.380321447  
3.043540434  
2.717569558  
2.326103173  
2.011609744  
1.274386157  
0.5982176696  
0.4977537658  
0.4648922732  
0.0005121207617  
-0.1035610179  
0.8223425067  
0.3539580128  
0.5477573527  
0.9634218688  
1.176731924  
1.046121888  
1.783847509  
2.173459794  
1.582284728  
1.320237556  
1.447593185  
1.973669332  
1.3971595  
1.080568946  
-0.3945092298  
-0.1325370295  
0.05040715588  
-0.3483428341  
-0.2595137644  
-0.6191131235  
-0.4173675744  
-0.05271322354  
0.03224836994  
-0.2960786344  
-0.4258354015  
-0.3810322469  
-0.3065484573  
-0.01920152531  
-0.2346015208  
-0.1648920738  
-0.3624085643  
-0.3129569174  
-0.01495058878  
0.6956328188  
0.5695436273  
0.564932699  
0.3806887775  
-0.3122322914  
-0.5586324414  
-0.3620956989  
-0.3252051409  
-0.552690279  
-0.7369967533  
-0.7699207443  
-0.8222153925  
-0.763690622  
-1.192527292  
-0.8177668291  
-0.5717382727  
-0.6779778647  
-0.777674931  
-0.6271222892  
-0.4085165918  
-0.5833082671  
0.04710975569  
0.1749617132  
0.07256630055  
0.6468969255  
-0.1621638302  
0.1606110032  
0.4498206127  
0.05528421324  
0.5556113672  
0.4211276454  
0.7164712441  
0.7054896373  
0.8592841864  
0.3667944905  
0.2697177768  
-0.01952319826  
0.2807485541  
0.2263163016  
0.3965608517  
0.2167122093  
0.9076179279  
0.5410995103  
0.4916587497  
0.6350717184  
0.0204493366  
0.4745139981  
0.6414030586  
0.483844823  
0.4848414632  
0.3246172772  
-0.14063746  
0.07565506497  
-0.3837460981  
-0.170067934  
0.06272486852  
-0.460055321  
-0.4184035972  
0.3331857064  
-0.2592930883  
0.1412899433  
-0.4146227086  
0.4256504233  
0.08981735572  
0.799131206  
0.419461257  
0.6008842576  
0.2294853636  
0.1801172165  
0.09937248456  
0.08664771491  
-0.2326564739  
-0.231103886  
-0.4998759978  
-0.2013169133  
-0.5095656883  
-0.8678740205  
-1.330351579  
-1.451550432  
-1.345660127  
-1.412565909  
-1.220533769  
-1.213401564  
-0.7584884008  
-0.6687520358  
-0.4953129644  
-0.5015018125  
-0.05525173808  
0.1870854022  
-0.1205172883  
0.1564700336  
0.5292602604  
0.4642434554  
0.661260276  
0.8082306606  
0.4926454827  
0.3742744773  
-0.3126764629  
-0.06781263466  
-0.2606783601  
-0.2672688695  
-0.1438629778  
-0.5849845228  
-0.3956853354  
-0.603536865  
-0.194152426  
-0.4768311172  
-0.4547349452  
-0.04070288692  
-0.03704086662  
-0.1006289261  
0.0180700307  
0.296493315  
0.502087518  
0.4054358463  
0.02315590258  
0.6173461916  
-0.2188147551  
-0.5235827517  
-0.5535403804  
-0.5312533433  
-0.7467782308  
-0.2918826162  
-0.5257121545  
-0.1687971581  
-0.009134263772  
-0.5101071022  
0.2093925585  
-0.07592966351  
-0.1267161558  
-0.3234561232  
-0.1623027399  
-0.1889343687  
-0.04273011809  
-0.158121012  
-0.1732933278  
0.2140284096  
0.2492582165  
0.871208246  
0.7706622822  
0.7071648513  
1.309439596  
0.4504040601  
1.024801783  
1.724508617  
0.7092816686  
0.3484892198  
0.5575148455  
0.5598653855  
0.5523885401  
0.1509969785  
0.2144590324  
0.5124346771  
0.2194659253  
0.4820957099  
-0.2870882022  
0.0005187925649  
0.1881011048  
0.06602603349  
-0.240643526  
-0.4774132171  
-0.6049169062  
-0.3828887381  
0.01771489508  
0.2135009794  
0.1665448901  
0.2085645716  
0.002843778713  
0.04009065274  
0.04107811916  
-0.1746895585  
-0.5977712703  
-0.1050585592  
-0.257789529  
-0.01207405669  
-0.3146600747  
0.2629848661  
0.3699202089  
-0.07348624752  
-0.2263419301  
0.2504918557  
0.3799382259  
-0.06085940507  
0.3830043087  
0.2081082617  
0.06851887414  
0.5492386141  
0.6838443842  
0.5739791413  
0.6569179824  
0.03378805171  
0.2424238289  
-0.2359352349  
-0.08352778015  
0.01439190326  
-0.4210392133  
0.2193691857  
0.267925578  
0.589251805  
0.417167332  
1.265928234  
1.380886664  
0.7599237493  
0.6125104121  
0.7048134364  
0.2335804802  
0.1905895817  
0.4463748088  
0.1554111918  
-0.0578701258  
-0.1817059788  
0.3267785063  
0.1543273669  
0.5008221481  
0.5916721897  
0.4705505802  
0.3604524104  
-0.6311829959  
-0.1085589189  
-0.7750449784  
-0.9946091723  
-0.4572729669  
-0.4865215356  
-0.5186898131  
-0.7293312123  
-0.5618922159  
-0.368006761  
-0.5287574403  
0.1976768346  
0.3563536785  
0.4875969547  
0.5142281207  
0.4549970413  
0.0653518428  
0.3759513489  
0.06457531646  
0.1804718792  
0.4384369866  
-0.1621703583  
-0.1108398986  
0.01911773525  
-0.07502022078  
-0.4188997213  
-0.2425015021  
-0.1139779911  
-0.2952185418  
-0.5219834927  
-0.7634092727  
-0.5285421463  
-1.025102484  
-0.3200537194  
-0.7631760423  
-0.7908486926  
-0.5922916408  
0.1844590566  
0.09295012007  
-0.1404269374  
-0.3381816254  
-0.6565729213  
-1.139371405  
-1.126202031  
-1.949370289  
-1.831407105  
-2.212880844  
-2.346858873  
-1.416686302  
-1.797789893  
-1.599388555  
-1.086902865  
-1.083980727  
-0.7956009814  
-0.0915581186  
-0.2108681135  
-0.3054355885  
0.1515458944  
0.6510769288  
0.9392406436  
0.6027322923  
0.9620463034  
1.083996675  
0.9760072182  
1.030994881  
1.356610801  
1.429035264  
0.9644977627  
0.6508215556  
0.2909294858  
-0.2117048928  
0.1924621839  
-0.07602530105  
0.1103447665  
0.2459630154  
0.4148057475  
0.1877121755  
0.3247154167  
0.09624758809  
0.4411505016  
-0.4014382848  
-0.6092508047  
-0.8683372131  
-0.4091535288  
-0.8415276824  
-0.2962113603  
-0.443608419  
-0.6818467811  
-0.681143787  
-0.5412396784  
-0.03164999994  
-0.1418354421  
-0.1788011291  
-0.03831047787  
-0.8467974387  
-0.572081712  
-0.4637794365  
-0.6808081008  
-0.6533092541  
-0.4015034804  
-0.3342977305  
-0.5672141066  
-0.3874469426  
-1.001983455  
-0.8108878875  
-0.9373107061  
-0.7625323757  
-0.3326655778  
-0.4095438995  
-0.2542254887  
0.0193943284  
0.5273108985  
0.6601501132  
0.1086611302  
-0.1579526857  
-0.7243779788  
-0.03356384033  
-0.519654742  
-0.54286838  
-0.3769850734  
-0.3533832027  
-0.2378290894  
-0.4860624935  
-0.5385110688  
-0.7467646084  
-0.5681626282  
-0.5027984885  
-0.8183962808  
-0.7429540213  
-0.5079279756  
-0.6338810661  
-0.4655226776  
-0.3072094678  
0.3251215494  
0.5030246619  
-0.1232757957  
0.1506387333  
0.6391224516  
-0.07206622233  
-0.3145530677  
-0.4789398455  
-0.2566983627  
-0.9436975557  
-0.3815867199  
-0.7975298193  
-0.5604903881  
-0.9647034047  
-1.227957507  
-1.130763935  
-0.617539194  
-0.7471438816  
-1.489599331  
-1.062180536  
-0.641846968  
-0.8571829965  
-0.593484655  
-0.6530077778  
-0.6944795206  
-0.2232038471  
-0.3252297415  
-0.8904485458  
-0.8286587499  
-0.9830369115  
-0.2678892316  
-0.5893239961  
-0.1915548824  
0.03482214817  
0.4614599433  
0.1538680058  
-0.4575169281  
0.05337372406  
0.2052502736  
0.08539289465  
0.3032587409  
-0.09379735721  
0.5597753071  
0.694631799  
0.3813448215  
0.1904132396  
0.1461483695  
0.4419404248  
-0.07836509952  
0.1350721348  
-0.2108441572  
-0.432670467  
-1.065190403  
-0.7240819223  
-0.9651859544  
-0.7289296475  
-1.095513877  
-0.5210259462  
0.2659102582  
0.2297733856  
0.1862295632  
-0.1790227021  
0.2576826609  
0.01774406547  
0.007182268204  
-0.116401922  
-0.2613879254  
-0.3025822326  
-0.2318034942  
-1.228184351  
-1.01786624  
-0.8398540387  
-1.020201244  
-0.8570020287  
-1.116493421  
-0.6013303166  
-0.7193805343  
-0.3993540071  
-1.073686439  
-0.4908139094  
-0.3208480984  
-0.305250445  
-0.2393564523  
0.06985829117  
0.4021071899  
0.1900910824  
0.2190394983  
0.6458280771  
0.4027780741  
0.9429242389  
0.6543478882  
0.598472844  
0.5920908192  
1.121567333  
0.8904897894  
1.341007278  
1.56869386  
1.47286843  
1.571384223  
1.41196344  
1.513353398  
1.46335938  
0.9972560337  
1.472760951  
1.442292521  
1.244683067  
1.629345842  
1.156577818  
1.190141847  
1.276747757  
0.8681016567  
0.967277599  
0.7328046642  
1.029259066  
0.6799802944  
1.087801449  
1.238640726  
1.41597209  
1.157974872  
1.086933768  
0.4952911178  
-0.08470505428  
-0.908714476  
-0.8579126686  
-1.309106799  
-1.169977459  
-1.124572955  
-0.8359650402  
-0.6920834665  
-0.2512286206  
-0.1293435278  
-1.110834005  
-0.8119225224  
-0.3049224586  
-0.3255379298  
-0.2893781063  
-0.2036290166  
-0.2013582631  
-0.01496058539  
-0.2213339051  
-0.7731553082  
-0.7851268418  
-0.2054254796  
-0.2465382157  
0.1324491062  
-0.2500318027  
-0.83012296  
-0.3430101311  
0.4879353546  
0.4009929038  
0.46565882  
0.4844121767  
-0.1075637572  
-0.03062742342  
0.3881306035  
0.2668670177  
-0.004998569019  
-0.3156671067  
-0.7896896912  
-0.9956605231  
-1.200923861  
-0.8356434973  
-0.9361800179  
-0.8609081933  
0.05238572412  
-0.2846106411  
0.09571960494  
0.4022701806  
-0.1770777379  
-0.1484063671  
-0.1144389183  
-0.603761692  
0.3050720613  
0.2129986092  
-0.1988288001  
0.342224139  
0.3877330101  
0.4404707424  
0.8311416369  
0.9556579184  
1.456272716  
1.597715126  
1.008261204  
1.281886257  
0.8637812433  
0.5377476029  
0.6415634416  
0.8595631914  
0.1565402713  
0.2380343449  
0.5014843331  
0.1794957693  
0.07012139911  
-0.05679840749  
0.1286771543  
-0.004651054682  
-0.4956829301  
-0.594729854  
-0.3178243046  
-0.2723301097  
-0.3833965051  
-0.7483378632  
-0.4182710823  
-0.7118742435  
-0.4187114407  
