0.6979277377  
0.7870276285  
0.6766315642  
0.02897282844  
0.4560290505  
-0.1395731006  
0.1317343141  
-0.187010613  
0.2706807518  
0.904529321  
0.5386020831  
0.4561564835  
0.6855951602  
0.7637214478  
0.6353214751  
0.9347726432  
0.7633148053  
0.9651585985  
1.050939708  
1.194204218  
1.007369536  
0.6859219919  
0.5173049776  
0.6890399934  
0.2160378512  
0.1426887136  
0.708357  
0.5247335313  
-0.03218104855  
0.5749407886  
0.4130030318  
0.04826334866  
0.5420375265  
0.3368139862  
0.5795053597  
0.6798795841  
0.9544184668  
0.5084158365  
0.8746317726  
0.7587390213  
0.3934605898  
0.9391330561  
0.7281682433  
0.3569672776  
0.3004510906  
0.6367088419  
0.7455733319  
0.2436658018  
0.1281748732  
0.4390308057  
0.8037970691  
0.1187671733  
0.6470391992  
0.9224424956  
0.7151707432  
0.6401365096  
0.7003627822  
0.08996406363  
0.2635550142  
-0.09671913807  
0.08650562723  
-0.1473238574  
-0.07981847258  
0.05258973506  
-0.5897568333  
-0.1710829019  
0.262718758  
0.492753339  
-0.2571856211  
0.4803907495  
0.5186191622  
0.1060340229  
0.03849305146  
-0.08542237239  
0.3902723866  
-0.1284536531  
0.4424177509  
0.5688072993  
0.2836463264  
0.2000533877  
0.5517365325  
0.4026098912  
-0.01917555371  
-0.1619194825  
-0.02001502438  
-0.004964797296  
0.1515879529  
0.6258510737  
0.2840219507  
0.4328037395  
0.3471724546  
0.1751658258  
0.3132003244  
0.5971547014  
0.1861633142  
-0.3264811761  
0.2266415318  
-0.01700989244  
-0.06233253774  
0.2711854555  
-0.241962848  
-0.3170565443  
-0.48177876  
-0.138615373  
-0.2903353049  
-0.02479230941  
-0.02182948987  
-0.07560660385  
0.3484669157  
0.4237598653  
0.4967415544  
0.6285542868  
0.7953526884  
0.4422955151  
-0.01990238116  
0.1548412566  
-0.02631424367  
0.4332392447  
-0.1889250013  
0.1497576382  
0.1645488897  
-0.05533620074  
0.8083671216  
0.1526612121  
0.01821924038  
-0.2147881026  
-0.2862502896  
-0.02669815884  
0.3781776322  
-0.1575969326  
-0.2427771216  
0.05476625034  
0.05577479352  
-0.5401334171  
-0.6612841841  
-0.4844805264  
-0.4688176128  
-0.6757873805  
-0.3383369911  
-0.07338255745  
-0.2924264625  
-0.2394516909  
0.01260275353  
-0.3686164592  
-0.273526172  
-0.1073541369  
0.1294063296  
-0.1041203208  
-0.1280207648  
-0.4185388978  
0.00646649891  
-0.0205720308  
0.0188466744  
0.06577389929  
0.1150043318  
0.08691004634  
0.3234299893  
0.3520575039  
-0.14024783  
-0.06692836688  
0.1307587057  
-0.2974442779  
-0.1680144014  
-0.008604031164  
-0.08440484541  
-0.0485746379  
-0.2530454494  
-0.2711302312  
0.03308334751  
-0.1591431741  
-0.4430327759  
-0.03928109254  
-0.2554136777  
-0.6308634876  
-0.8712875015  
-0.3826478549  
-0.1287282588  
-0.7833704231  
-0.6923280636  
-0.3114719246  
-0.5045408166  
-0.4347682433  
-0.08915041088  
-0.4969700849  
-0.8212425451  
-0.8094937924  
-0.3432040887  
-0.3521596067  
-0.7123773438  
-0.3826646388  
-0.4297530074  
-0.09374200811  
-0.4365579841  
0.04894034155  
-0.07371039543  
-0.496852307  
-0.7053309009  
-0.1812540723  
-0.5051560581  
-0.4999625153  
-0.8578201189  
-0.6548052142  
-0.6470523559  
-0.8077395719  
-0.5696446894  
-0.4354491394  
-0.1805853597  
-0.6005354642  
-0.9947177057  
-0.5501365494  
-0.3129600751  
-0.791404162  
-0.7582511818  
-0.3591978704  
-0.5229276852  
-0.3271311117  
-0.4613237938  
-0.5911236988  
0.03973708431  
-0.3306087579  
-0.04656752286  
-0.1969375759  
0.3048691384  
-0.4401779402  
-0.253560167  
-0.2901983616  
-0.2045145585  
-0.4822743059  
-0.5670769011  
-0.4050789355  
-0.5784127378  
-0.9745374461  
-0.1308059481  
-0.8424142584  
-0.8327329608  
-0.6408503368  
-0.2372907558  
-0.4582432846  
-0.3824058455  
-0.07871747704  
-0.02359287463  
-0.328305251  
-0.5275822391  
-0.2223368934  
-1.169998256  
-0.7828075242  
-0.7169579554  
-0.7135556637  
-0.8144609429  
-1.315037288  
-1.110695133  
-1.247504632  
-0.564183687  
-0.8503231719  
-1.064051996  
-0.5210754127  
-0.5767682922  
0.18686252  
0.5952537371  
0.1230465224  
-0.0926936457  
-0.4231882206  
0.6807652204  
-0.2926783014  
0.05718997206  
-0.1824692696  
-0.1068685478  
-0.5635031501  
-0.7214515603  
-1.126370125  
-0.8652402071  
-0.2119282869  
-0.2304457365  
-0.6996364959  
-0.4740232932  
-0.6364138963  
-0.2443678824  
-0.9049761149  
-0.6700310014  
-0.6302387921  
-0.4503713268  
-0.9024356244  
-0.6867754216  
-0.6449284678  
-0.7572545442  
-0.8880787898  
-0.4743556913  
-0.3255435296  
-0.5616376187  
-0.6000140891  
-0.5386053498  
-0.7151631573  
-0.9367928667  
-0.3097971832  
-0.648643466  
-0.2570890462  
-0.2839969551  
-0.4639821204  
0.1461182511  
0.2611837079  
0.1293529863  
0.1889499593  
0.5707682385  
0.1183403946  
-0.003751777739  
-0.3706718425  
-0.3677797773  
-0.2906601385  
-0.07092062719  
-0.5639483278  
-0.6799922146  
-0.365065628  
-0.312095006  
-0.8965144906  
-0.5381815291  
-0.4072130179  
-0.1546550416  
-0.3930580611  
-0.2952850207  
-0.01953078343  
-0.3460707102  
0.02118997805  
0.2345602414  
-0.2814126837  
-0.427475268  
-0.4040035892  
-0.3629287187  
-0.3315044463  
-0.8100425511  
-0.6535869501  
-0.3437851482  
-0.818948495  
-0.5030838234  
-1.219433908  
-0.6767699309  
-0.8326117843  
-0.7013254113  
-0.1738189384  
-0.5762123222  
-0.6403506147  
-0.3919147368  
-0.6925158184  
-0.7759387059  
-0.2948726942  
-0.1437951454  
0.1176641163  
-0.3048983383  
-0.2996439992  
0.09299346253  
-0.03707381114  
0.3369837679  
-0.3333189775  
0.1962318452  
0.3566315106  
0.4301105747  
0.4399858218  
0.2890868238  
0.7539288271  
0.1458462458  
-0.1791737074  
-0.1918892458  
-0.4368139869  
-0.650377612  
-0.9573200864  
-0.6013013238  
-0.5505539681  
-0.7130164643  
-0.6483383685  
-0.4265473453  
-0.1052937154  
-0.4883612069  
-0.5870696122  
-0.2754084112  
-0.4897282756  
-0.674748619  
-0.5262965946  
-0.5088223969  
-0.2845491974  
-0.9665052299  
-1.14259121  
-0.6578069481  
-1.387486853  
-0.7146766596  
-1.050291039  
-0.6837098849  
-0.8031806382  
-0.8437602358  
-0.7663991484  
-0.2517794064  
-0.5812482033  
-0.4516924047  
-0.02219163235  
-0.3163981626  
-0.02003757328  
-0.6759864726  
-0.5086847007  
-0.3252046705  
-0.3838229119  
-0.550815985  
-0.8655394998  
0.5047628647  
0.5309756681  
0.5567525503  
0.900287813  
0.5223723738  
0.4180379979  
0.9568408931  
0.9661597925  
1.266229364  
1.137610777  
0.7777013327  
0.8493840573  
0.6874729073  
0.7821995831  
0.2915429783  
0.215955287  
0.3869614838  
0.2872371645  
-0.09720051786  
0.427679878  
0.04790095057  
0.04952274933  
0.06710043129  
-0.02506793739  
0.1413351296  
-0.1319495746  
-0.1674543706  
-0.3456456515  
-0.8903342618  
-0.8564546293  
-0.6189629834  
-0.2827027897  
0.2209331771  
0.9700227763  
1.072844607  
1.462505848  
0.9878787527  
2.028463234  
1.412096147  
1.315169581  
1.593427967  
1.919552481  
2.017750397  
1.336419261  
0.7183423767  
0.02415498309  
-0.6329577647  
-1.045001667  
-0.7354235079  
-0.8124283626  
-0.5788138301  
-0.535829641  
-0.3993228647  
0.01064002284  
-0.02229413385  
0.2216643419  
0.7845041408  
0.1600902768  
0.4792042529  
0.6979752501  
0.8914911315  
0.4726020694  
0.5142921052  
1.118940638  
0.9510845282  
0.18549287  
0.1517432799  
0.2054972881  
-0.6356307201  
-0.6637418799  
-0.4338025102  
-0.7702005407  
-0.6537466282  
-0.3716722112  
-0.2737868965  
-0.01701389338  
0.2767781869  
-0.1696748838  
-0.04468324142  
0.2332303218  
0.572794354  
0.4070760286  
-0.05347602836  
0.7289508451  
0.6213656992  
0.2791720159  
0.3313455059  
0.02862987416  
0.160050804  
-0.1089792737  
-0.3085539618  
0.2127354912  
0.3453891992  
0.2360139928  
0.3295484862  
-0.163051634  
0.07459910182  
0.08401601197  
0.1370332184  
0.2600843691  
-0.3163194373  
-0.3029711032  
-0.2339084678  
-0.02938985075  
0.3549176625  
0.5140074026  
0.08926484947  
0.3868234051  
0.3534804492  
0.5748858007  
0.242289995  
0.3256237605  
0.2067343396  
0.2293087904  
-0.358265315  
0.4367023686  
-0.4778023907  
-0.5038856677  
-0.1791964972  
-0.288982473  
-0.4566889881  
-0.490965136  
-0.003274494367  
0.1872037874  
0.1561423745  
1.29109114  
1.975914665  
1.214790674  
0.9193686673  
0.4889070872  
0.8194007136  
0.8026777119  
1.669247196  
1.179632071  
0.7456537938  
0.5558637393  
0.1623488454  
-0.0931830563  
-0.001055186769  
0.0474774988  
0.1108000354  
-0.2158816098  
-0.3222453028  
-0.8655395343  
-0.01119389864  
0.1835041599  
0.1901101548  
0.2476092361  
0.4292213064  
0.2723267568  
1.013670259  
1.078105509  
1.200001662  
1.45751822  
1.358610011  
1.100654032  
0.4593943876  
0.7483831825  
0.2943471318  
0.04343959835  
0.06867351687  
-0.09711617972  
0.383134252  
0.5636727028  
-0.1461714213  
0.2681734044  
-0.5216741351  
-0.3357797249  
-0.01890477028  
0.008137533729  
-0.2871997054  
0.2008494309  
0.1791316595  
0.2617083382  
0.765012003  
0.4668118235  
1.100489656  
1.289572155  
0.9734992815  
0.7963801825  
1.387647094  
1.424516442  
1.210668937  
0.7347646396  
0.5950363982  
0.04524013815  
0.1940035564  
-0.3331545372  
-0.4713314828  
-0.4538321095  
-0.2746787559  
0.2985219317  
0.255647097  
-0.04118830994  
0.4922261763  
0.3887069015  
0.1478867529  
0.1604821628  
0.711794936  
0.9971832  
2.422052163  
1.748795811  
1.612976564  
1.294859702  
0.6995490897  
1.050175413  
1.302936466  
1.103680782  
0.5340259154  
0.5866029474  
0.4060769106  
-0.1311451287  
-0.3066503903  
-0.4423634447  
-0.1469656447  
-0.2886800558  
0.5377834388  
0.4444379769  
0.3513524854  
0.7813623449  
0.5495893269  
0.07834842422  
0.4700859637  
0.4829523026  
0.5630435051  
0.5656461785  
0.5769895765  
0.7757749787  
0.5689216069  
0.953351773  
0.6946651693  
0.641140233  
0.5554588531  
0.6576851475  
0.7703368784  
0.9523313737  
0.4574121569  
0.4216135164  
0.02085461905  
0.7001312596  
0.0902614255  
-0.07505785621  
-0.1523968559  
0.3860724853  
0.8693220426  
0.9166676031  
1.029595723  
0.7318147559  
0.8276233507  
1.187216088  
0.5917232784  
0.5500280717  
0.8455416514  
0.5057150863  
0.02134077292  
-0.2709280389  
-0.8460686131  
-0.4713070845  
-0.9983154929  
-1.176330624  
-0.745988299  
-0.9359369268  
-0.5172989143  
-0.5492740699  
-0.3806988961  
-0.2413892574  
0.75153515  
0.3076042805  
-0.05120823807  
0.2255598722  
0.1443549535  
0.1535294923  
0.00997548084  
-0.1691476064  
0.1114921548  
0.4574035828  
0.7835326733  
0.3265459471  
0.7180904212  
0.3386731095  
0.2540415098  
-0.0603846951  
-0.1597417685  
0.1024181693  
0.5582774468  
0.3122516747  
0.9767490428  
0.9884725704  
0.4946243842  
0.6745199418  
1.030650169  
1.034467325  
0.8451774839  
0.9812400665  
0.9295036607  
0.3922299227  
0.5960088359  
0.4448665639  
0.08097722318  
-0.1437636896  
-0.163971846  
-0.6549381221  
-0.5910419283  
-0.8265883607  
-0.3205284922  
-0.2949787808  
-0.671735011  
0.211468263  
0.5109002475  
0.8473793156  
0.6170507699  
0.8420562401  
0.9960962314  
0.8360436201  
0.5174915044  
0.4646215539  
0.8275995097  
0.3685127943  
0.1316712465  
-0.04689458536  
-0.1927696793  
-0.379400084  
-0.1740273579  
-0.2020924497  
-0.2234004017  
-0.1315965035  
-0.4287235301  
-0.3532889632  
-0.9091690293  
-0.5218209361  
-0.6426532935  
-1.026236277  
-0.5685048112  
-0.6759908669  
-0.2478470576  
-0.2251877678  
-0.229992458  
0.194292285  
0.3561533988  
0.387574714  
0.6538379161  
0.5290586041  
0.0533854819  
0.1953250627  
0.2684869927  
-0.009524151848  
-0.2123782689  
0.06098300438  
-0.08352204434  
-0.1310561108  
-0.638472083  
-0.4180123249  
-0.4395944331  
-0.07111250998  
0.1795533053  
0.4947038036  
0.2988588972  
0.2040455313  
-3.752019411e-05  
0.5372353597  
-0.1920676284  
0.1487804633  
-0.1452643839  
-0.4508800492  
-0.4589054932  
-0.6937613786  
-0.5805601465  
-0.05354292122  
-0.3791293282  
-0.3285055625  
0.2568793723  
0.3010146191  
-0.1808602436  
0.2334632553  
0.3099368217  
-0.04620961352  
-0.2040074464  
0.07807774453  
-0.5416059709  
-0.4949440232  
-0.7018558294  
-0.4384459858  
-0.5402092827  
-0.6805638502  
-0.2298812171  
-0.003215355696  
-0.02473095834  
-0.1255234626  
-0.2712384434  
-0.1036222875  
-0.4983270825  
-0.5006675172  
-0.4800769826  
-0.2650110361  
-0.6315087746  
-0.5274885924  
0.007332770664  
0.3016371393  
0.3342028867  
0.3829856607  
0.178806405  
0.1048199959  
-0.01208932268  
-0.416459495  
-0.3117204639  
-0.110518188  
-0.1165470176  
0.4725881973  
0.1737181039  
0.5182273498  
0.4303705951  
0.5901442441  
0.5668868093  
0.5669915885  
0.7101653065  
0.4952517718  
0.5863253396  
0.3696877737  
-0.0350476502  
0.02077641428  
-0.3774576883  
-0.2288922238  
-0.2706141875  
-0.5536160991  
-0.863235799  
-0.2790770465  
-0.7084396054  
-0.2311174311  
0.09917914024  
0.4422681517  
0.5032606745  
0.2177236584  
0.5162305069  
0.4991147663  
0.7356923101  
0.5019288096  
0.3395961952  
0.05881247951  
-0.3904047256  
-0.2496976022  
-0.6775920372  
-0.2828366957  
0.1645244336  
0.3179751497  
0.3734741246  
0.6028299665  
0.9489725987  
0.7638054732  
0.4229008544  
0.3045669634  
0.04735924898  
-0.01386356237  
-0.3636079727  
-0.9838502602  
-1.140013398  
-1.535025264  
-1.328717371  
-1.057629593  
-0.6564710932  
-0.6859956643  
-0.2209191566  
-0.03236539304  
-0.4792678747  
-0.1601222673  
-0.3178891573  
0.02567986507  
0.08291538754  
-0.09753510386  
-0.5095891532  
-0.370535136  
-0.2278490902  
-0.3988581272  
-0.4422586761  
-0.08034473305  
-0.38230451  
-0.1233397375  
-0.3527825691  
-0.3461323508  
-0.4403776149  
-0.3914493448  
-0.3792990009  
-0.9237328782  
-0.7774030466  
-1.244150798  
-0.7576755747  
-1.129271381  
-1.212647691  
-1.078101338  
-0.846322078  
-0.1160115598  
-0.09441053212  
0.2781543188  
1.319432733  
1.92031871  
1.064441323  
1.160830599  
1.23076545  
1.345864449  
1.671453801  
1.663250436  
1.036930881  
1.044845315  
0.7337218649  
-0.2090575572  
-0.2878906716  
0.01312965435  
-0.6284729841  
-0.2484099725  
-0.1781595527  
-0.7164733202  
-0.891641567  
-0.860007836  
-1.035142502  
-0.8353332234  
-0.7044687805  
-1.124261354  
-0.2221867151  
0.07913988952  
0.09041612151  
-0.1692927285  
0.5460057445  
0.3949314942  
0.04337707382  
0.5653289605  
0.4610128418  
0.135780833  
0.06449461462  
0.02507733042  
0.3072865278  
-0.7095177153  
-0.7541796982  
-1.210444819  
-1.122385306  
-0.974706242  
-0.4760942077  
-0.9544141058  
-0.691787755  
0.003517108688  
0.1573688547  
-0.01741172796  
-0.420772418  
-0.09582474995  
0.04257060582  
0.1636039428  
-0.1112636026  
0.3482090046  
0.02788794032  
-0.2276762278  
-0.6667061272  
-0.7921885815  
-0.420459568  
-0.1235349214  
0.3759385681  
0.2868992737  
-0.09315232488  
0.01923784631  
0.07783698983  
0.7120668922  
0.2505131212  
-0.1162945107  
0.2924812278  
0.3393726661  
0.3691865482  
-0.1291341393  
-0.1454672286  
-0.4502288066  
-0.175449253  
-0.4780084478  
-0.5643269192  
-0.3420610749  
-0.2823210028  
-0.02876138653  
0.5112502611  
0.6440007603  
0.4407494444  
0.5145829576  
0.06742918949  
-0.3893077547  
-0.04075589714  
-0.3004494126  
-0.3606975459  
-0.5866322016  
0.1306206407  
-0.2322584754  
-0.3362389857  
-0.5352996597  
-1.060691972  
-1.00636917  
-0.8976181858  
-1.011112313  
-1.256020454  
-1.349280185  
-1.140567655  
-1.060402447  
-1.153184863  
-0.6875281089  
-0.3290070982  
-0.1748192555  
-0.5955574463  
0.1008193487  
-0.2076971451  
0.044833159  
-0.3709692706  
-0.2429898001  
-0.4040891253  
-0.2792987508  
-0.6399011814  
-0.899029236  
-0.6057845408  
-0.8523181271  
-1.403730162  
-1.206130886  
-1.05282431  
-1.351594276  
-1.183258513  
-0.9757493621  
-1.349080771  
-1.048715122  
-0.5169234159  
-0.1652594137  
-0.3005341508  
0.2069334435  
0.240345182  
0.7602507614  
0.1455471899  
0.3583347601  
0.02364269714  
0.3488352326  
-0.458078234  
-0.4382491953  
-0.9957219978  
-0.7195313079  
-1.406755756  
-1.411971178  
-1.439704629  
-1.743998948  
-1.63099588  
-1.640616545  
-1.182662351  
-1.253747534  
-0.9073153726  
-1.397329835  
-1.528639144  
-1.22586223  
-1.102398841  
-1.376065026  
-1.132214406  
-0.6916121825  
-0.5358294668  
-0.1543072231  
0.3957962992  
0.6247777559  
1.120952613  
1.417171224  
1.107260006  
0.9422893279  
1.224224619  
1.410712491  
1.337859488  
1.305254251  
1.164454244  
0.6008127753  
0.02910592631  
-0.1004266481  
-0.1904268888  
-0.1846569778  
-0.4823720596  
-0.4831756791  
-0.4845765178  
-0.4510142465  
-0.360550777  
-0.1888289581  
0.407800783  
0.2508212423  
0.3434312651  
0.399339398  
0.331521467  
0.3279186946  
0.867308135  
0.8538880888  
1.229006044  
1.010588706  
1.314458112  
0.9035349848  
1.059630082  
0.6384632691  
0.4264017154  
0.1929589833  
0.2202604278  
0.2245546947  
0.332677104  
-0.002840840228  
0.1249463922  
0.09213316283  
0.0269699164  
0.3125269808  
0.4937798191  
0.002863725302  
-0.1301886396  
-0.06381401923  
0.06651663836  
0.2282305571  
0.2899516687  
-0.1593064639  
-0.05409183104  
-0.1883118462  
-0.06298788683  
-0.001103695995  
-0.1261099249  
-0.005586146221  
0.1956769924  
0.1885581467  
0.26301813  
0.6995687183  
0.3173068064  
0.2053524558  
0.3443818954  
0.6207714668  
0.1308598975  
-0.7538685799  
-0.8473170373  
-0.8986765565  
-1.14319864  
-1.417325644  
-1.060677019  
-0.8913630188  
-1.048152281  
-1.006948061  
-0.6703175511  
-1.047838095  
-0.8357260009  
-0.728449521  
-0.5595903465  
-0.3489342175  
-0.427324417  
-0.642904553  
-0.5314825488  
-0.2592102972  
0.1026230984  
0.5642718315  
0.6975921422  
1.082062804  
1.691719651  
1.851103847  
1.769926734  
1.393915387  
1.065528004  
0.6643501932  
1.01621855  
0.4953148058  
0.8423426597  
0.03983215796  
-0.2002887645  
-0.3988493808  
-0.7617575404  
-0.7232473337  
-0.7556598991  
-0.4796074463  
-0.5287947937  
-0.6609446158  
-0.3385041464  
-0.3640451221  
-0.0879938673  
-0.8373760465  
-0.6915277719  
-0.524088097  
-0.6603177769  
-0.3892710341  
-0.5866720539  
-0.2822294815  
-0.06272175028  
-0.2732410494  
0.5758855162  
0.7096657596  
0.6188593303  
0.4488066274  
0.9485742291  
1.054930924  
0.9254678682  
1.274514347  
1.05501047  
1.232747189  
1.161514534  
0.9525869663  
1.285056398  
1.047305257  
0.6018171021  
0.463641878  
0.4107928248  
0.3753117752  
0.237143427  
0.5102659469  
-0.01722795857  
0.2518109529  
0.4135082469  
0.7453588232  
0.07925316659  
0.7366275667  
0.5236822295  
0.297378779  
