2840.372691  
2841.617249  
2840.359583  
2828.286488  
2835.912912  
2825.631626  
2830.830724  
2824.171462  
2832.396781  
2844.241769  
2837.465234  
2836.346997  
2840.872833  
2841.537877  
2839.661221  
2844.883967  
2842.271272  
2845.848937  
2847.456676  
2849.61244  
2846.335766  
2840.467424  
2837.345676  
2839.880803  
2831.574343  
2830.529005  
2840.599098  
2837.205055  
2827.226275  
2838.2443  
2835.076723  
2828.618023  
2837.463093  
2833.731166  
2838.352749  
2839.72095  
2844.978637  
2836.78968  
2843.752168  
2841.563023  
2834.830346  
2844.812779  
2841.255435  
2834.332346  
2833.199395  
2839.322936  
2841.601039  
2832.010643  
2829.920272  
2835.524934  
2842.768762  
2830.078584  
2839.72796  
2844.665681  
2840.98201  
2839.322659  
2840.282207  
2829.7371  
2832.510731  
2826.190383  
2829.450179  
2824.820369  
2826.243998  
2828.694143  
2817.300031  
2824.618034  
2832.414256  
2836.086511  
2823.120152  
2836.56495  
2837.383046  
2830.247958  
2828.852837  
2826.10228  
2834.338993  
2825.477833  
2835.937502  
2838.327103  
2832.878315  
2831.103646  
2837.788556  
2834.957396  
2826.892386  
2824.621396  
2827.160172  
2827.78884  
2830.635047  
2839.045181  
2832.522565  
2835.202692  
2833.946838  
2831.52825  
2833.044155  
2838.681899  
2831.298886  
2821.535951  
2831.762089  
2827.227531  
2826.311616  
2832.169638  
2823.121413  
2821.961838  
2818.489151  
2824.541491  
2822.012638  
2826.756338  
2827.60275  
2826.547704  
2833.581617  
2835.404718  
2836.192863  
2839.425791  
2841.773632  
2835.645764  
2827.349225  
2830.567248  
2827.43951  
2835.321718  
2824.524597  
2830.768122  
2830.583293  
2826.905892  
2842.310711  
2830.475649  
2828.373683  
2824.065128  
2822.101951  
2827.243354  
2834.306212  
2825.012025  
2822.733525  
2828.6568  
2828.16446  
2818.165184  
2815.260893  
2818.604172  
2819.4174  
2815.51974  
2821.397177  
2826.261342  
2822.751402  
2823.709082  
2827.656459  
2821.035218  
2822.618922  
2825.536531  
2829.786481  
2825.066704  
2826.007065  
2819.686322  
2827.745276  
2826.613617  
2827.654203  
2828.604055  
2829.44913  
2828.678033  
2833.208202  
2833.238913  
2825.352921  
2825.990704  
2829.481753  
2821.748706  
2823.487786  
2826.820537  
2825.730538  
2826.178698  
2822.905754  
2822.612961  
2828.086855  
2824.348166  
2819.336574  
2826.397285  
2822.894568  
2815.076127  
2811.573683  
2820.529946  
2824.791766  
2812.648131  
2814.014128  
2821.532457  
2817.91742  
2819.56735  
2825.213353  
2817.610197  
2811.922947  
2812.353899  
2820.493825  
2820.535087  
2813.995337  
2819.52842  
2819.103104  
2825.164573  
2819.304725  
2828.423368  
2825.154186  
2817.395757  
2814.065452  
2823.225999  
2817.4442  
2817.664981  
2811.26898  
2814.618987  
2815.775945  
2811.699285  
2816.864889  
2819.284636  
2823.618056  
2815.897051  
2808.67946  
2816.754917  
2820.855038  
2812.290611  
2812.881263  
2819.883973  
2817.517863  
2820.966397  
2818.628801  
2816.574463  
2827.302769  
2820.323747  
2826.192777  
2823.727114  
2832.457836  
2818.929921  
2822.188388  
2822.068036  
2823.132234  
2817.858431  
2815.957046  
2819.361575  
2816.512013  
2808.654493  
2823.57227  
2811.432236  
2811.114979  
2815.428733  
2822.255998  
2818.47906  
2819.546569  
2825.308861  
2826.645793  
2820.969306  
2816.91596  
2822.539405  
2805.453842  
2812.04875  
2813.422426  
2813.966938  
2811.617394  
2802.740262  
2805.983052  
2803.870571  
2815.908821  
2811.234014  
2807.523686  
2816.846677  
2816.370064  
2829.806887  
2837.236415  
2828.472997  
2825.338613  
2819.405716  
2839.324016  
2821.759032  
2827.394124  
2823.05055  
2824.174472  
2816.597006  
2813.377693  
2805.996922  
2810.295118  
2822.421569  
2822.128971  
2813.653438  
2817.494026  
2814.693456  
2821.880327  
2810.03827  
2814.232227  
2814.881445  
2818.321884  
2809.878016  
2814.118608  
2815.040535  
2812.78822  
2810.099757  
2817.457895  
2820.983701  
2816.572935  
2815.564827  
2816.732941  
2813.695684  
2810.017729  
2820.321416  
2814.974046  
2821.768058  
2822.009293  
2818.238899  
2829.211862  
2831.795982  
2829.065355  
2830.100986  
2836.802741  
2828.954552  
2826.538818  
2820.177556  
2820.189142  
2821.751283  
2825.178942  
2816.153135  
2814.355889  
2819.822041  
2821.505606  
2810.617572  
2816.566559  
2819.721678  
2823.869688  
2819.358972  
2821.265048  
2826.281588  
2820.626272  
2827.125725  
2830.619842  
2821.664272  
2819.103961  
2819.242573  
2820.04159  
2820.759772  
2811.162903  
2813.771379  
2820.184605  
2812.075365  
2817.645979  
2804.35601  
2814.042364  
2811.081106  
2814.00462  
2823.924996  
2816.36588  
2815.013429  
2819.432456  
2814.174756  
2812.462339  
2821.31227  
2823.7218  
2828.081419  
2820.660737  
2820.824541  
2828.156115  
2825.549571  
2832.623705  
2820.370096  
2829.945579  
2832.919053  
2834.212438  
2834.784177  
2832.622945  
2840.786208  
2829.451986  
2823.97061  
2823.315028  
2818.985122  
2815.091655  
2809.71949  
2815.302237  
2816.601293  
2813.569048  
2814.443038  
2819.123789  
2824.642688  
2817.754353  
2815.971605  
2821.096371  
2817.898152  
2814.317684  
2816.866812  
2817.65355  
2821.026492  
2809.183636  
2805.544746  
2814.367474  
2801.520575  
2813.582983  
2807.659926  
2814.417673  
2812.340839  
2811.417525  
2812.678191  
2822.165033  
2816.672002  
2818.36291  
2825.715066  
2820.935487  
2825.835245  
2814.197559  
2817.055462  
2820.934039  
2820.004666  
2816.708379  
2811.460023  
2836.074746  
2837.190027  
2837.738258  
2843.897269  
2837.017783  
2835.370103  
2844.979635  
2845.318777  
2849.952553  
2848.06713  
2841.528768  
2843.602681  
2840.455631  
2841.748208  
2833.481773  
2831.251947  
2834.235706  
2832.214468  
2825.252946  
2834.696455  
2828.405713  
2828.27488  
2829.320085  
2826.991081  
2829.702704  
2824.214481  
2823.513054  
2820.758269  
2810.851517  
2810.928204  
2815.902691  
2821.890418  
2831.00939  
2844.764874  
2847.337257  
2854.816691  
2846.118738  
2865.24196  
2854.109858  
2851.979963  
2857.457834  
2863.448512  
2865.23346  
2852.43089  
2841.787191  
2828.836915  
2816.77066  
2809.234495  
2814.874042  
2813.333686  
2817.764452  
2817.868158  
2820.468588  
2827.811386  
2827.550535  
2831.846039  
2842.379967  
2831.297637  
2836.925052  
2840.535256  
2844.83861  
2837.574814  
2837.897504  
2849.07558  
2845.222468  
2831.738382  
2830.875365  
2831.454841  
2816.502417  
2815.68381  
2819.650084  
2813.82447  
2815.589298  
2821.097404  
2822.805369  
2827.212342  
2832.918203  
2824.822965  
2827.491476  
2831.51721  
2838.135236  
2835.122578  
2827.061985  
2840.478838  
2838.279948  
2832.761571  
2833.6311  
2828.579863  
2831.087374  
2825.828604  
2822.208083  
2832.166036  
2834.21214  
2832.513383  
2833.861377  
2825.160717  
2829.879414  
2829.19694  
2830.47193  
2833.076132  
2821.738056  
2822.489601  
2823.842025  
2827.029742  
2834.238238  
2837.060051  
2829.418468  
2834.934721  
2834.395392  
2838.220927  
2831.747225  
2833.73952  
2831.656763  
2832.485926  
2821.799353  
2835.419112  
2818.479531  
2817.915849  
2823.742891  
2822.400951  
2819.103859  
2818.028634  
2826.495701  
2830.814992  
2830.670062  
2851.427624  
2864.03064  
2850.165352  
2844.43646  
2837.523043  
2843.049207  
2843.332373  
2858.562655  
2849.279665  
2841.802149  
2838.529675  
2830.481376  
2826.813039  
2827.897155  
2829.181329  
2829.659364  
2824.712719  
2821.778466  
2812.603268  
2827.547851  
2831.402104  
2831.414931  
2832.254955  
2835.779039  
2833.205804  
2846.271328  
2847.51225  
2850.365787  
2854.670085  
2852.781262  
2847.929121  
2836.788061  
2842.243112  
2833.596704  
2828.902938  
2828.898074  
2826.079  
2834.463117  
2838.138012  
2825.908751  
2832.559527  
2818.141163  
2821.407078  
2827.08737  
2827.572262  
2822.247541  
2831.222294  
2831.181764  
2832.740315  
2841.88633  
2836.344116  
2847.635892  
2851.655223  
2846.197461  
2843.083533  
2853.258385  
2854.472331  
2850.484239  
2841.624862  
2839.200913  
2829.067298  
2831.050302  
2821.851528  
2818.997593  
2819.191195  
2823.265964  
2833.016578  
2832.517601  
2827.396032  
2836.679069  
2834.340573  
2830.226402  
2830.96034  
2841.35542  
2845.923594  
