2.619060536  
2.282543003  
1.250265285  
1.120537045  
1.045534858  
1.074706019  
0.1827435696  
0.4042427277  
0.2138269024  
-0.1110006219  
0.233566252  
0.243971886  
0.3493352137  
0.09494351258  
0.1540279804  
0.0440310336  
0.4715332955  
0.6082765466  
0.8885589609  
0.3041650815  
0.2946448816  
-0.1016194658  
0.3447196407  
-0.006692442977  
-0.372939411  
0.1265210422  
0.3739584937  
-0.1160341033  
-0.3404615676  
0.0154276081  
0.1734579692  
-0.2438761065  
-0.2562941004  
-0.2917481892  
0.06020767084  
-0.2212182782  
-0.4706121829  
-0.03173223572  
-0.2695032449  
-0.1608048999  
0.1753929097  
-0.2789487538  
-0.003467090667  
-0.04324629673  
0.06206737242  
-0.04532877831  
0.241942583  
0.6552845787  
1.028087725  
0.8865697373  
0.4031039495  
0.7116391844  
0.7873117243  
0.5401428263  
0.3187873953  
0.6507542857  
-0.1070239692  
-0.354678097  
-0.6230580538  
-0.32999148  
-0.738713597  
-0.9206842128  
-0.6939733901  
-0.9874000074  
-0.9636352228  
-0.4828745118  
-0.9185147888  
-1.16560592  
-1.392839331  
-0.7587980752  
-0.9662393974  
-1.13042115  
-0.9225323908  
-0.9099182132  
-0.9336181593  
-1.390060278  
-0.7805104529  
-0.6369953086  
-0.9573718347  
-0.6476389362  
-0.8698368777  
-0.7918483025  
-1.062198964  
-0.8223579443  
-0.9177109187  
-0.7640533437  
-0.917538455  
-0.8913978749  
-0.4618660527  
-0.05982539575  
-0.6417510001  
-0.2740478349  
-0.5193594807  
-0.8940310363  
-0.722231686  
-0.4400175665  
-0.8130887743  
-0.4481889542  
-0.3448235059  
-0.3894117183  
-1.076075671  
-0.6608943662  
-0.984674875  
-0.8885843437  
-0.904041221  
-0.8907637217  
-0.8826278633  
-1.157959405  
-0.1361010023  
0.3378326001  
0.1184021908  
-0.0502355843  
-0.1067627563  
0.4897171504  
0.09128275076  
-0.3917487716  
-0.2918766789  
-0.1172187288  
-0.2134259917  
-1.121327139  
-0.4991158077  
-0.6346323962  
0.3830476004  
-0.4693701287  
-0.5170408153  
-0.773981279  
-0.3300439404  
-0.6592366596  
0.1368485327  
0.4924098636  
0.4969997622  
-0.2530035999  
-0.2762829699  
0.02528378038  
0.7035631193  
0.2594881379  
0.1275071609  
0.1177463967  
0.7198383365  
0.4543824463  
0.2133843305  
0.41287329  
0.5199564027  
0.9312342998  
0.5951154705  
1.188746315  
0.9983953159  
0.1581931423  
0.5840019417  
0.4241141469  
0.3500038532  
0.5989684823  
0.5678382257  
0.7430573675  
0.3758499962  
0.6145385797  
0.801322875  
0.5109295809  
0.5976585235  
1.154827811  
1.087637722  
0.5326960356  
0.6245222581  
1.139049382  
0.7253554358  
0.8872093409  
0.6154945775  
0.3324373068  
-0.1781832527  
-0.568237877  
-0.78177783  
0.3024260356  
-0.05176295984  
-0.5225147297  
-0.2201895674  
0.05161210007  
-0.1077988312  
0.1014206122  
0.8587385905  
0.3709179381  
0.01586426135  
0.1161216593  
0.5144234214  
-0.1486813203  
-0.1127880938  
0.0892644914  
0.003666150647  
-0.1878137509  
0.3808826755  
0.4236592403  
0.7505080047  
-0.05312084882  
0.0220040327  
0.1370171189  
0.01884186737  
0.02548664496  
0.6000467743  
0.5348026712  
0.4889560224  
0.471640471  
0.959807078  
0.9483863331  
0.3532781214  
0.9040395965  
0.7795802779  
1.133604038  
-0.01048398564  
0.2885249378  
-0.2200311053  
-0.1941169295  
-0.8229061756  
-0.7792504314  
-0.7779493378  
-1.069490084  
-0.8907394867  
-0.7177267538  
-0.9251631391  
-0.7016294803  
-0.6111292508  
-0.8587507742  
-0.7684187783  
-0.554189299  
-0.3314385708  
-0.6153929642  
0.08578205861  
0.01715535112  
-0.145095436  
-0.4829011812  
-0.07704453882  
-0.0784582648  
0.1554094499  
0.3986085554  
0.5976297877  
0.4036515696  
0.4722394875  
0.3230728679  
0.6070904489  
0.9153175437  
1.162774233  
1.093254666  
0.4524188505  
0.5236980516  
0.6567697008  
0.3510684458  
-0.1938084706  
0.507870364  
0.02233204283  
-0.09627576089  
0.07457909597  
0.3346916412  
0.2311879328  
0.2065275738  
0.3493045447  
0.9733249292  
-0.01118447303  
0.1248370623  
0.1643600105  
0.3465552495  
0.2651942116  
-0.06792141959  
0.005429332344  
-0.2274385255  
-0.2216443665  
-0.8896771575  
-0.67602603  
-0.9661435311  
-0.7388632944  
-1.040915931  
-0.8052700102  
-0.7372227619  
-0.155034112  
-0.1824097877  
-0.1715095169  
-0.06340566479  
0.4798780596  
-0.09707649659  
-0.136501486  
-0.04143484248  
0.06392869268  
0.09000502608  
-0.4335254732  
-0.2722472724  
-0.2206433693  
-0.3905711053  
-0.2422407393  
0.377537275  
0.1090778143  
-0.4004196563  
-0.03574938202  
0.3533884336  
0.3204509571  
-0.0007661325118  
0.2523315167  
0.1126643171  
0.7690019357  
0.437227756  
0.7408460264  
0.9470651985  
0.664840181  
0.316556491  
0.8805492391  
0.7951311117  
0.4342923588  
0.05387668322  
0.06217221714  
0.01086633324  
-0.5069072333  
-0.5768563516  
-0.5998527942  
-0.7105040569  
-0.9066874984  
-1.027392271  
-1.137316992  
-0.9181472288  
-0.8706085712  
-1.038032786  
-1.416196462  
-1.288603438  
-0.5691695552  
-0.6252929238  
-0.5427116301  
-0.5605808835  
0.02219313202  
-0.6364770698  
-0.7686962234  
-0.3456320216  
-0.03444000539  
-0.2506111099  
-0.7922086826  
-0.4148820472  
-0.3486711353  
-0.8969596168  
-0.4480768701  
-0.3289595999  
-0.7360468466  
-0.8397776344  
-0.4404131475  
-0.3278447862  
-0.7007362265  
-0.5066917259  
-0.5834896463  
-0.4698083472  
-0.9108694965  
-0.5072198411  
-0.3127301724  
0.3531791261  
-0.2344636678  
-0.110129583  
-0.0888466179  
0.0006298072508  
-0.3376692438  
0.05118313092  
0.519116278  
0.4264324666  
0.2905508286  
0.7111130813  
0.7532688226  
0.7814609706  
0.3703197422  
0.232519538  
0.08925506904  
0.2183257294  
0.05533515571  
0.3628081394  
0.3578786028  
0.3697458492  
0.4098633722  
1.193526613  
1.489039529  
1.041626224  
1.325992443  
1.071288436  
1.344728624  
1.185798284  
0.6782585454  
0.9505351609  
0.724918375  
-0.152157469  
0.1079157342  
0.3389046534  
-0.2742141794  
-0.3273237522  
-0.04197771003  
-0.3202764991  
0.03432151372  
0.08446891716  
0.2550018652  
0.5357134775  
0.5510960369  
0.5617335271  
0.5197091564  
0.5370593381  
0.3387376246  
0.3103244788  
0.3546615576  
0.2932113229  
0.3583672115  
0.2627075027  
0.7171094179  
1.010875746  
0.6538513134  
0.6697512018  
0.7140125873  
0.8332081022  
0.8389761792  
0.4829706819  
1.16544285  
1.146605754  
0.8059615858  
0.4013959414  
1.010395082  
0.8118274483  
0.7930714414  
0.06011926331  
-0.2279486719  
0.00476904576  
-0.2871624401  
-1.091181913  
-0.3304250147  
-0.3792919129  
-0.2822228364  
-0.4116855248  
0.07201283794  
0.109791722  
0.5272089523  
0.6229837705  
1.413617692  
1.266143548  
0.4659501416  
0.8998240116  
1.143011124  
0.9411752088  
1.011114852  
0.7366440137  
0.6233229499  
1.134120407  
1.316347997  
1.704566847  
1.141646606  
1.581655613  
1.469001698  
1.424874413  
0.7804282489  
0.2985650596  
-0.6066870136  
-1.089805514  
-2.115632382  
-2.447359556  
-3.0191521  
-2.740613849  
-2.23379649  
-2.636117937  
-1.701336734  
-1.451822786  
-1.134761482  
-0.7287446876  
-0.4317450045  
-0.6951071627  
-0.2231784833  
0.1264520913  
-0.08278695299  
-0.1000187373  
-0.02898665341  
-0.005480955224  
0.08707485682  
0.007687240324  
0.1830003341  
-0.01908382059  
0.1049926839  
0.3112720167  
0.2637949676  
-0.4684637822  
0.06174208566  
-0.181613571  
-0.01468321154  
0.2288549087  
0.5126185278  
0.6918157727  
0.4386964771  
0.4707453075  
0.482196936  
-0.4251531256  
-0.5003056935  
-0.4852114693  
-0.8293956092  
-1.299228769  
-0.6027227536  
-0.9231469017  
-1.14077479  
-0.7475628964  
-0.5054239987  
-0.5757610734  
-0.7210039224  
-0.338611788  
-0.5441997856  
-0.6820452367  
-0.4698044235  
-0.3022750102  
-0.6193911832  
-0.5723211661  
-0.3888512263  
-0.715221303  
-0.8560627156  
-0.3961182174  
-0.4681157346  
-0.2513137751  
-0.178739916  
0.3051927817  
-0.08885667431  
-0.2045265088  
-0.5057977409  
-0.1877059776  
-0.2632652223  
-0.3464481285  
-0.0334683501  
0.04182111867  
-0.6119804481  
0.2107950009  
-0.03465990815  
-0.3756763579  
-0.03393136488  
-0.3444384461  
-0.5158791587  
-0.5846363659  
-0.4461351903  
-0.4484068694  
-0.09034180507  
1.208699232  
0.8901495781  
0.7886840431  
0.5782214657  
0.4523834702  
0.6838632343  
1.015261461  
0.2781276917  
-0.2090766879  
-1.14459809  
-1.198895091  
-0.8502717552  
-0.9628413721  
-0.9417795105  
-1.33816993  
-1.869308551  
-1.847917424  
-1.263997904  
-0.4986273661  
-0.7252959593  
0.00193581877  
-0.257773038  
-0.02621045381  
0.3449444797  
0.3514318593  
0.4343992424  
0.8872926017  
1.466103826  
0.8658525347  
0.5013221122  
0.3136498493  
0.07692655266  
-0.3781074891  
0.08855022401  
0.03050956161  
0.09454574676  
0.5239650249  
0.975241825  
1.165758023  
1.053593862  
1.300963373  
1.419415211  
0.5522470251  
0.9074695509  
1.147760863  
0.8670597531  
0.7016035317  
1.064746138  
0.9787865684  
1.476785512  
0.7772399286  
0.9662189901  
1.171621551  
0.9841930101  
0.6573577213  
0.6048033193  
0.6248363952  
-0.1630891711  
-0.1667130658  
-0.1774838787  
-0.8042832829  
-0.9500715456  
-0.7956540976  
-0.4003754683  
-0.6094315431  
-0.1804562634  
0.08216923014  
0.6014298477  
-0.07570907333  
-0.264609174  
-0.2583630524  
-0.4498892091  
-0.6246757181  
3.601593819  
3.741286434  
3.39175896  
2.842868837  
2.186901115  
2.162531164  
1.564797359  
1.381410296  
1.342144744  
0.8625971131  
0.5363118039  
0.6556295451  
1.130385036  
0.63413396  
1.194393107  
0.9886933106  
1.199779304  
0.9165220191  
1.76660274  
1.968081672  
1.562233302  
1.458574296  
0.9812489094  
0.9730321564  
0.9791012224  
-0.3761117453  
-0.8481339263  
-1.025609563  
-0.8221569365  
-0.146764598  
-0.4892074964  
-0.4397772535  
-0.4765665712  
-0.2212236304  
-0.08255379665  
-0.17816912  
-0.4230374804  
-0.1360577004  
-0.3013957814  
0.1187597446  
-0.3332987011  
-0.09840071588  
-0.3936829265  
-0.4507710074  
-0.1081885899  
0.2556432309  
0.01019986241  
0.1762993009  
0.326044389  
0.3075186005  
-0.2001366541  
-0.7137318907  
-0.5974630239  
-0.995679033  
-0.9949350111  
-1.359139048  
-1.526970727  
-1.435947171  
-1.770878015  
-1.034160223  
-0.4778839227  
-0.954588693  
-0.8650070507  
-0.7339902538  
-0.2922288572  
-0.3188716718  
0.6617461514  
0.2477241615  
-0.08645149958  
0.1499351387  
-0.1211237468  
5.977721315e-06  
-0.009695351103  
-0.1855994433  
-0.03567826672  
-0.2736280584  
0.1847002457  
0.03140095375  
0.2540870873  
-0.01091913758  
-0.3744671179  
-0.2372339604  
-0.4563604173  
-0.4676230933  
-0.5003859198  
-0.1792010165  
0.3037283602  
0.2569721977  
-0.0045865173  
0.03764715444  
-0.1575861602  
0.216962513  
0.3658178045  
-0.02461903688  
0.002158792617  
-0.1924506234  
-0.4339501894  
-0.1981773963  
-0.4422876695  
-0.09646513784  
0.02219631008  
0.048558483  
0.3912311588  
0.249060489  
0.2930518493  
0.2342276634  
-0.04549660068  
0.314344309  
0.346213092  
1.059038696  
0.7628354271  
0.8829361849  
0.3096820581  
0.1831275984  
0.4083852598  
-0.2497986907  
-0.377835297  
-0.5834290546  
-0.638980596  
-0.9815444277  
-1.073979853  
-1.140016792  
-1.185626773  
-1.231298503  
-0.7348017152  
-0.3907682285  
-1.112703049  
-1.004259158  
-0.9790656656  
-0.5811966332  
-0.7339491152  
-0.3852803485  
0.03756930065  
-0.3556933322  
0.1001639248  
0.258600588  
0.1467431616  
0.4963086125  
0.4629266547  
0.4428746764  
0.2584008745  
0.0947542074  
-0.07607654509  
-0.3390902942  
-0.7002025682  
-1.048061875  
-0.6635615788  
-0.9145847504  
-0.5880895387  
-0.2432589539  
-0.07778774508  
-0.166051051  
-0.3292119094  
-0.1262695032  
0.1136525671  
0.1255679856  
0.2452913585  
0.4715505672  
0.1285204253  
0.2327755075  
0.02549131716  
-0.01074619914  
-0.3899339024  
-0.4842264874  
-0.6505406379  
-1.004432591  
-1.020310083  
-0.3889346195  
-0.5439904033  
0.08473012416  
-0.359497527  
-0.4497460524  
0.05700443628  
-0.0541216419  
-0.6045618626  
-0.6049810177  
-0.6782312514  
-0.6541055103  
-0.7376207483  
-0.9106643237  
-1.153363387  
-0.8948727055  
-1.065021706  
-0.6699074311  
-0.5713363051  
-0.1762601859  
-0.6810575993  
-0.8341912093  
-0.5440990966  
-0.6815584275  
-1.002386429  
-0.8882797654  
-0.8136780023  
-0.7144082664  
-0.2671331526  
-0.4710489383  
-0.1067673958  
-0.05766482146  
0.6219576516  
0.5051238701  
0.3154675988  
0.6906243603  
0.483767149  
0.324435567  
0.2032139966  
0.3835906202  
0.06488808118  
-0.02772934045  
0.005068206991  
0.4321460369  
0.6472778463  
0.5102294077  
0.3028836931  
0.1555442041  
-0.1208937586  
-0.2597630716  
-0.3363063219  
-0.04857620018  
-0.5706560265  
-0.7446570121  
-1.289197639  
-0.5704217457  
-1.089685811  
-1.059136718  
-0.7417491163  
-0.5713552497  
-0.614959416  
-0.4754247257  
-0.09208751438  
0.02317330054  
0.2861042544  
0.3788260895  
0.1551391815  
0.1126409401  
0.4019121061  
0.4004652349  
0.1630647272  
0.2568365218  
0.2243341447  
0.1107504693  
-0.4561482466  
-0.3419970549  
0.1208659188  
0.03774842836  
0.3394733274  
1.240406468  
1.053779653  
0.5410059906  
0.7811689581  
0.6876188441  
0.1454188131  
0.357173557  
0.5453797721  
0.1554804767  
-0.02526940591  
0.2440040696  
-0.1295486434  
0.2359773893  
0.2326588857  
0.7913248449  
1.061268622  
1.183793427  
0.7331331819  
0.4837925134  
0.1249514483  
-0.3628168322  
-0.08068018489  
0.5974327324  
-0.008821849163  
0.1176930192  
0.3962407403  
0.3489865757  
-0.2726306539  
-0.1565148885  
-0.03801774217  
0.5972425166  
-0.005393270909  
0.1431171004  
0.004791638523  
-0.0140930589  
-0.2577986894  
-0.1956334248  
0.01383893205  
-0.353699089  
-0.06420170215  
0.5725790608  
0.316768346  
-0.103942254  
-0.03155962559  
-0.1500346868  
-0.3388275393  
-0.7877736139  
-0.9551590366  
-0.5327242517  
-0.5750751412  
-0.234492877  
-0.1986984906  
-0.5133091707  
-0.3077847685  
0.1629511475  
0.004759114374  
-0.2735432161  
-1.033698657  
-1.475282155  
-2.083677869  
-1.955121673  
-2.923972895  
-3.029867742  
-2.990107533  
-2.692428208  
-2.529883363  
-2.01349651  
-1.63157917  
-1.481337357  
-1.433087605  
-1.59712896  
-0.879177754  
-0.9417245224  
-1.037156441  
-0.8451783495  
-0.3871925672  
-0.4675225748  
-0.3767722262  
-0.4493879623  
0.1597431399  
-0.0700095945  
0.2875417148  
0.1471925143  
0.3817247739  
0.2302261294  
0.2501553843  
0.2319620716  
0.2150928011  
0.1946547463  
-0.08591866819  
-0.04325555965  
0.4229210492  
0.6443505407  
0.5593624945  
0.4627261765  
0.3952108084  
0.08258764694  
-0.1924470994  
0.06857664527  
-0.4779611967  
-0.2547424569  
-0.07571532275  
0.09432529157  
0.1306742963  
0.3244484486  
0.8122505375  
0.5270913871  
0.5920411106  
0.929764196  
0.8114547598  
1.128905863  
0.5579409693  
0.3918829538  
0.254068365  
0.3268982487  
0.1869189201  
0.2436617622  
0.07538825017  
-0.4610633606  
-0.2971661373  
-0.5673477107  
-0.3289935499  
-0.5115845053  
-0.7989307155  
-0.5853168691  
-0.6348074015  
-0.6189789248  
-0.2226574798  
0.2344479915  
0.7250816256  
0.7102869905  
0.6923535047  
0.5510241161  
0.4759470736  
0.021809493  
0.1303253609  
0.01847957529  
0.372828251  
0.6853256408  
0.4902829284  
0.2010837302  
0.06549606889  
0.5024893035  
0.3204007961  
0.1582295183  
0.7329169855  
0.3814197798  
0.03447938187  
-0.03058183781  
0.175912336  
0.3916810954  
0.6018474348  
0.6762855452  
0.7074960692  
0.7714499031  
-0.09122749212  
-0.05821733463  
-0.1388710194  
-0.3214587229  
-0.8414671974  
-0.4312946389  
-0.2057667731  
-0.05020927561  
-0.07613215546  
-0.6095509191  
-0.7272348253  
-0.2619507883  
-0.3730605025  
-0.03057588392  
0.1466100908  
0.06276815452  
0.06755734376  
-0.004268125276  
-0.07085616726  
0.1571298619  
0.5170363605  
1.158049166  
0.2449281664  
0.5864500177  
0.8687871633  
0.901876401  
0.1992486487  
0.7047243157  
0.205054276  
0.4976350208  
0.2940809386  
0.3210322135  
0.3193838834  
0.3308954109  
0.1901677991  
0.7755598578  
1.252549029  
1.04021212  
1.071555115  
1.157434391  
1.649205127  
1.312181937  
1.139439162  
1.608550598  
2.194210171  
1.558341025  
1.133148833  
0.6607162679  
0.9089607067  
0.6740864293  
0.5079358631  
0.5356593229  
0.9452448493  
1.140937047  
1.30287385  
0.9011065289  
0.7334622631  
0.9777027717  
0.8173604683  
0.2894741971  
0.2237103192  
-0.3872800466  
-0.7721586857  
-0.8355486704  
-1.365605459  
-1.677126444  
-1.344197044  
-1.555817997  
-1.618800991  
-1.276138349  
-0.9870201083  
-1.02312298  
-0.7263671251  
-0.5644183316  
-0.364875178  
-0.2135858016  
0.07834455386  
-0.06067307985  
0.4943687356  
0.3664550467  
0.8561327639  
1.098948364  
0.5570081525  
0.5624541667  
0.9079040059  
0.6377067849  
0.1472284994  
0.1570226326  
0.1836938816  
0.1970572452  
0.1549677023  
0.4779248679  
0.5313099359  
0.70924737  
0.7918557382  
0.3902962306  
0.1004124173  
-0.3007891191  
-0.3147486627  
-0.3738316777  
-0.07306771161  
-0.07535488082  
-0.3566306122  
-0.3406974677  
-0.1821784871  
-0.06933079671  
-0.2906791472  
-0.05439895015  
0.1114576984  
-0.08355578392  
-0.08443026549  
0.1320629753  
0.35877189  
0.5857631409  
0.4798675865  
0.1478602398  
0.3291704758  
0.5726402543  
0.5308016971  
0.03986572484  
-0.1547157952  
0.003070884525  
-0.4195589298  
-0.5546788349  
0.01281700859  
0.6267934354  
0.3373264735  
0.5297201664  
0.7063412804  
0.7872079079  
1.415796044  
1.314161261  
1.400796056  
2.342361597  
1.967930942  
1.460777178  
0.5593280876  
0.8086279416  
0.754223893  
0.8152689695  
0.619118696  
0.3444823382  
0.6536702985  
1.423308528  
1.624041517  
1.090569718  
0.6975170532  
0.5172873502  
0.4120008415  
0.08819816984  
-0.1576778988  
-0.7806868845  
-0.6642910041  
-1.066649282  
-1.64996434  
-1.862293048  
-1.540143367  
-1.707296802  
-1.63219062  
-1.711663308  
-1.812425805  
-1.254150271  
-0.8156658636  
-1.02022839  
-0.5602725604  
-0.5698508008  
-0.2860814623  
-0.08673309769  
-0.3158609094  
-0.1930070037  
0.1903573497  
0.251305733  
0.4132446467  
0.6885919645  
0.562401378  
1.008544135  
0.9209076753  
0.5016410953  
0.7458854942  
0.7812132831  
0.6401721664  
0.6853074862  
0.8164254238  
0.1230652388  
0.1274335058  
-0.2459864832  
-0.3680461659  
-0.7862825435  
-1.112864139  
-1.180302426  
-1.109723215  
-1.032068096  
-1.297664023  
-0.9070774417  
-1.141089639  
-0.898953046  
-0.8633681545  
-0.1670972094  
-0.4535103171  
-0.1995204367  
