1.531455936  
1.178058802  
0.4286512941  
0.2203369473  
0.3019935428  
0.089732891  
-0.4209266486  
-0.5590337463  
-0.3806727922  
-0.3445059355  
-0.3862465772  
-0.1215782981  
-0.203656995  
0.1585691972  
0.141352103  
0.1162834961  
0.1916916482  
0.5265187413  
0.8969049712  
0.8411640617  
0.4713956937  
0.571345932  
0.7303751129  
0.427337433  
0.2643632849  
0.226721296  
-0.04135175072  
-0.1336394787  
-0.2042763568  
-0.08873300394  
-0.1125195861  
-0.3029854949  
-0.09353595491  
-0.02299553671  
-0.07217619331  
-0.5355958171  
-0.6087907912  
-0.3780993687  
-0.204624132  
-0.5017559605  
-0.2881268867  
-0.06179109349  
-0.2030205022  
-0.1566280111  
-0.0117542192  
0.04898030555  
-0.2154177111  
-0.05573896639  
-0.02709969265  
0.2183978846  
0.1641748876  
0.1014482283  
0.371197015  
0.08026765934  
-0.01129529788  
-0.1055634087  
-0.3067748012  
-0.8022283245  
-1.012170838  
-0.7363094764  
-1.152486887  
-1.316821599  
-0.8394980255  
-1.179982229  
-1.213058372  
-0.961371902  
-0.8652017699  
-0.8800957719  
-0.9570369555  
-0.5873144101  
-0.6317632398  
-0.8683588585  
-0.6037266851  
-0.3563081936  
-0.7036375787  
-0.4878390091  
-0.1357173159  
-0.2124547735  
-0.4118189069  
-0.5552430022  
-0.5831957129  
-0.8147749987  
-0.8582841269  
-0.8253525427  
-0.8426437222  
-0.5445819913  
-0.5323439113  
-0.3604717553  
-0.1077690662  
-0.3010912033  
-0.2489164852  
-0.4760720161  
-0.309016297  
-0.3862096145  
-0.6042831839  
-0.3746889816  
-0.4701482823  
-0.6094821702  
-0.3703700326  
-0.3288635602  
-0.5879176076  
-0.5019845061  
-0.33228329  
-0.4355103673  
-0.6024366158  
-0.678742839  
-0.6682892331  
-0.7164343345  
-0.4370541542  
-0.3273045888  
-0.2322908005  
-0.3690343899  
-0.4505095034  
-0.5327969142  
-0.5663692194  
-0.6367994777  
-0.6184634228  
-0.6075574042  
-0.721480781  
-1.134584682  
-0.6866580808  
-0.556060489  
0.01624560146  
-0.363216142  
-0.8723135954  
-0.9079319033  
-0.578705388  
-0.8543073004  
-0.359001847  
-0.08872519006  
-0.08962199358  
-0.2636188222  
-0.7002382475  
-0.702877144  
-0.1327909554  
-0.07043970734  
-0.4020376699  
-0.4818389807  
-0.1329091979  
-0.2907123223  
-0.2904634748  
0.09079170359  
0.4096417163  
0.2727793166  
0.2285511209  
0.5405467795  
0.5175015725  
0.05968682837  
0.08187056333  
0.1922233329  
0.1790618023  
0.3906048076  
0.4540050033  
0.5097563388  
0.2808746469  
0.1653832408  
0.1415886132  
-0.04934920124  
-0.0110151011  
0.2384234543  
0.136276903  
-0.234149574  
-0.1912934214  
0.2349603607  
-0.1014657069  
-0.2294777098  
-0.1540005439  
-0.1267919892  
-0.3640458866  
-0.2767752455  
-0.3123964858  
0.08393380075  
0.2228842262  
-0.1049953251  
0.2031183533  
0.2424931446  
0.1620193772  
0.2498384512  
0.585753416  
0.692565709  
0.4854432356  
0.5533429064  
0.8508681574  
0.3727005399  
0.2996473725  
0.299996704  
-0.02243435503  
-0.1135169289  
0.1656216276  
0.1090683439  
0.06893411604  
-0.3491694165  
-0.5054182517  
-0.2109717853  
-0.2812384845  
-0.1686572345  
-0.07278913732  
0.1034910389  
-0.2223080555  
0.06652136601  
0.1448956421  
0.285472373  
-0.02153484357  
0.008482825385  
-0.1746664949  
0.1946804984  
-0.3150570777  
-0.4065661628  
-0.764845731  
-0.9155576498  
-0.9570063151  
-0.9682800296  
-1.019299898  
-0.8141891066  
-0.8337879946  
-0.7251481276  
-0.8724082174  
-0.5929125197  
-0.6337249899  
-0.8617022393  
-0.5748245373  
-0.7456059624  
-0.3770310865  
-0.8549417685  
-0.26531826  
-0.1462417426  
-0.2995794456  
-0.6261912466  
-0.3744184141  
-0.4128949602  
-0.431177556  
-0.2455615352  
-0.2026691452  
-0.4922637105  
-0.2423286944  
-0.2079913455  
-0.06502419777  
0.07355874494  
0.2008200025  
0.322530337  
-0.08690067034  
-0.09377702359  
-0.03680212129  
-0.07731625077  
-0.3693461119  
0.02683229623  
-0.1893756329  
-0.494427553  
-0.4814134146  
-0.3214731147  
-0.4256470039  
-0.4822639555  
-0.3914900382  
-0.1218261494  
-0.2186634851  
-0.3525129422  
-0.3999515886  
-0.06676597142  
-0.1885991711  
-0.4095936733  
-0.1723581008  
-0.3367761858  
-0.2546179609  
-0.7282716358  
-0.4749494468  
-0.7896486461  
-0.6296313971  
-0.8104813809  
-0.61536821  
-0.4670095033  
-0.01001614145  
-0.0216014442  
0.146203857  
0.0003571078659  
0.1430376373  
-0.01419887738  
-0.07671120025  
-0.4364172705  
-0.2024335148  
-0.4311746192  
-0.5684013985  
-0.3902221587  
-0.4560493959  
-0.5242281168  
-0.3205326851  
0.2779426552  
0.2278755308  
0.04280045314  
0.3185890966  
0.4438929078  
0.233913517  
0.2398093902  
0.3753197436  
0.4931195504  
0.3148540279  
0.1006920376  
0.09892483254  
0.3277288779  
0.1891588589  
0.02829351451  
0.0425622574  
0.008781752658  
-0.08433230263  
-0.3195817619  
-0.1207375918  
-0.4800186123  
-0.7856551451  
-0.6961563148  
-0.598103281  
-0.9757312315  
-0.8833782355  
-0.9911579797  
-0.954387772  
-0.9975599341  
-0.8980036096  
-0.8855256849  
-1.028164667  
-1.041033028  
-0.5476524055  
-0.4493777758  
-0.7342836335  
-0.4386267631  
-0.2250068322  
-0.5626150375  
-0.7382388161  
-0.5341498154  
-0.2879470528  
-0.2725823504  
-0.5565504956  
-0.4649928409  
-0.3084751721  
-0.4257843082  
-0.440323505  
-0.3988268483  
-0.2976511081  
-0.496253048  
-0.06351294366  
0.1160763093  
-0.1471959962  
-0.1869769539  
-0.1923232476  
-0.1607801288  
-0.5933960896  
-0.2732596017  
-0.296166556  
-0.02496623793  
-0.2965331701  
-0.2782827479  
-0.04522117132  
-0.3598355473  
-0.2868521704  
-0.1782111254  
0.2068749395  
0.2848629029  
0.3937146891  
0.4664786417  
0.5106215785  
0.2596003318  
0.02570653304  
0.118015091  
0.03148777816  
-0.3340719637  
-0.3697438495  
-0.2673646846  
-0.09465893221  
-0.07883854592  
-0.09008709089  
0.1320372354  
0.3853769023  
0.4570398758  
0.3395818121  
0.5610958903  
0.6230509218  
0.6757328531  
0.2045908983  
0.6295058636  
0.2736288702  
-0.004861849461  
0.05858421627  
0.2172842134  
-0.0545638353  
-0.2269372022  
-0.1088816861  
-0.1658100637  
0.01093238347  
-0.08884284912  
0.153406  
0.196704229  
0.4476138638  
0.1281390168  
0.3789321782  
0.4099952919  
0.2086899057  
0.1138845893  
0.1433006077  
0.2533927414  
-0.09141188648  
-0.1446860902  
0.050138991  
0.1354010806  
0.02110055066  
0.4324450063  
0.527803533  
0.3162661942  
0.3135650894  
0.1224411294  
0.3816689079  
0.1654714313  
-0.007109002397  
-0.08913657368  
0.03984720114  
-0.05559030266  
0.1825310053  
0.01367842507  
-0.2823647526  
0.1669171988  
0.01105984725  
-0.4011625992  
-0.1388776607  
-0.2828816801  
-0.1137526859  
-0.07850122089  
0.3291019932  
0.3823793766  
0.391166943  
0.4882456049  
0.6503073367  
0.4455932234  
0.2573108587  
0.2908565031  
0.2930139935  
0.1645531777  
0.2042625843  
0.334401584  
0.595499631  
1.435341896  
1.572459746  
1.960636754  
1.475108829  
1.577555049  
1.472834219  
1.665725563  
1.44632984  
1.227364689  
0.6935383115  
0.172034393  
-0.9568187963  
-1.412278822  
-1.862814305  
-1.926142556  
-1.456888058  
-1.737874662  
-0.9942613309  
-0.7571695521  
-0.7294640558  
-0.1999538081  
0.07992937643  
-0.1885698112  
-0.005617733605  
0.4703036354  
0.3835976038  
0.278347189  
0.6513787167  
0.4341361123  
0.4582270965  
0.7726768572  
0.680011886  
0.7058598681  
0.7500459683  
0.9551425188  
0.9980968355  
0.5852690305  
0.6559723524  
0.5313870106  
0.6454714246  
0.7789789843  
0.7555130174  
0.720888883  
0.7652941738  
0.8487233439  
0.5623130294  
0.2499878705  
-0.05914926838  
0.04848712789  
-0.09157645858  
-0.1503093149  
0.05308291591  
-0.1062495082  
-0.3241012409  
0.111120805  
0.1362394412  
0.3619598733  
0.2010065002  
0.5498664406  
0.4976862704  
0.633825617  
0.5431281653  
0.899134696  
0.7263628269  
0.4671186841  
0.2758132047  
-0.03533645227  
-0.1100893313  
-0.007816594825  
-0.05591154645  
-0.0496666883  
0.3041300043  
0.498620123  
0.6509423312  
0.3819922626  
0.5177594145  
0.4144139852  
0.4437379516  
0.3278609917  
0.5398637168  
0.321970294  
-0.1037003437  
0.2495958526  
0.1254913478  
-0.09051897327  
-0.03055082418  
-0.1231521842  
-0.01185929246  
-0.1805962932  
0.04874970148  
0.1905985496  
0.6046328582  
1.857493368  
1.330209519  
0.9700944835  
0.4715532827  
0.6612529875  
0.7293888237  
0.6331119915  
0.7811996749  
0.5504450816  
0.004646476081  
-0.02137974454  
-0.2040238067  
-0.8201390287  
-0.8181194878  
-1.226179354  
-1.481929858  
-1.299724664  
-0.4414330473  
-0.2217766788  
-0.2381487189  
0.4955465573  
0.3079006887  
0.2816429999  
0.8615896224  
0.7869283782  
0.6547016998  
1.188331695  
1.460962032  
1.362872493  
1.286284147  
1.162470446  
0.660755501  
0.4383971816  
0.500789848  
0.7209567822  
0.7895809602  
0.5574551034  
1.029446761  
1.323592778  
1.227998541  
1.222653585  
1.092726396  
0.7243523499  
0.9636102533  
0.9725062674  
0.8930781757  
0.6184808996  
1.206024115  
1.31306527  
1.352271195  
1.215952588  
1.458037984  
1.766585911  
1.823494015  
1.372415282  
1.24628355  
1.134952016  
0.9665949671  
0.7965625941  
1.007410122  
0.5533722137  
0.309867956  
0.2828123625  
0.1516367187  
0.3818078691  
0.4423102287  
0.5139952985  
0.7486232577  
0.4181857587  
0.2359220216  
0.3227779595  
0.3142939206  
0.3043876125  
2.163413815  
2.180215665  
1.975106912  
1.429354757  
1.28652474  
1.334588898  
1.219385153  
0.9076581719  
0.6976962972  
0.3647413001  
-0.04610995639  
-0.003289833116  
0.287490932  
0.07124952705  
0.1395609746  
0.2527250845  
0.4641661659  
0.3023337102  
0.8886090789  
1.017954681  
1.006442576  
0.8678820944  
0.8070904053  
0.499789693  
0.744805085  
0.02974078448  
-0.303423804  
-0.4109185275  
-0.5734551237  
-0.3310875812  
-0.5227321043  
-0.646284747  
-0.6488715209  
-0.6215515912  
-0.4580614347  
-0.6968215126  
-0.7641951958  
-0.7213854887  
-0.3271966393  
-0.2220280656  
-0.3957523718  
-0.3198933784  
-0.5813007261  
-0.4340107631  
-0.0677391362  
0.1063013895  
-0.05577519256  
0.07355264785  
-0.1004928689  
-0.3316971675  
-0.5425271639  
-0.713232318  
-0.8934228399  
-0.9730255971  
-0.9041737675  
-1.040736982  
-1.600810033  
-1.256135274  
-1.388852571  
-1.379518535  
-0.7477792955  
-0.8129776699  
-0.4578414362  
-0.6065636738  
-0.1913631043  
-0.3287587843  
0.2726522685  
0.1841127251  
0.001910451851  
0.1031350379  
0.0339338133  
0.02528435285  
-0.09001880863  
0.1259108714  
-0.1611713012  
-0.1700531208  
0.06567904985  
0.09407803566  
-0.03335895611  
-0.3098804304  
-0.569399153  
-0.3400605951  
-0.5027591279  
-0.6346541649  
-0.1996634972  
-0.3726013977  
0.2442965513  
0.5090006723  
0.3759605856  
0.4020958661  
0.3429256844  
0.744606723  
0.9029056091  
0.5661875883  
0.4939033712  
0.425693971  
-0.03549376889  
-0.2278661524  
-0.5259284939  
-0.3570044729  
0.02882027723  
-0.1214223069  
0.1164762744  
-0.1406729878  
-0.07482457405  
0.08756011185  
-0.1948036856  
-0.00279963408  
-0.06012615515  
0.3094692657  
0.4356263123  
0.6539997179  
0.4589577012  
0.2817245899  
0.3881648335  
-0.08899500994  
-0.04347369515  
-0.1115517077  
-0.2777843453  
-0.6985675071  
-0.8564806479  
-1.008835476  
-1.096657419  
-1.279258825  
-0.9545481299  
-0.6344841292  
-1.170224586  
-1.231280975  
-1.096442626  
-1.138660452  
-0.9859269711  
-0.7733075114  
-0.6390252981  
-0.6094940398  
-0.5209096738  
-0.374261464  
-0.3201370764  
-0.2051941733  
0.1138790814  
0.1469902182  
0.0247249727  
0.1454207717  
0.05857203517  
0.2648713574  
0.1754572255  
-0.1204147281  
0.05100529305  
-0.07697764022  
0.3102239331  
0.5845507255  
0.2692903241  
0.2701648673  
0.005630816373  
0.111660556  
0.1692378985  
0.04709927657  
0.08183672888  
0.1226025302  
-0.1948349631  
-0.05699833938  
-0.3083016872  
-0.7441511902  
-0.8465149359  
-0.673643439  
-0.7835748057  
-0.8470979927  
-1.049879375  
-0.5845584263  
-0.5985231563  
-0.1757034446  
-0.2857390838  
-0.357733467  
0.313281939  
0.1475581896  
-0.08702228576  
-0.01360966694  
-0.1002912069  
-0.1927850543  
-0.3042967591  
-0.326557483  
-0.4854068524  
-0.3907040002  
-0.6073370604  
-0.240769337  
0.05120638196  
-0.0472341344  
-0.08465299048  
-0.1782902537  
-0.04363193723  
-0.1937058263  
-0.3319285625  
-0.4890888041  
-0.5571252843  
-0.286811134  
-0.221229944  
-0.2464286298  
-0.3242296595  
0.1611343442  
0.5356867439  
-0.03623138572  
-0.02192112039  
0.4871828277  
0.3579181644  
0.1042697077  
0.4623838824  
0.2266540359  
0.1455880829  
0.06193631385  
0.158424718  
0.2914764921  
0.3405749317  
0.2802938223  
-0.2933777313  
-0.2549757226  
-0.4819867735  
-0.5050339589  
-0.3232329861  
-0.0779828123  
-0.4199185665  
-0.8183935421  
-0.9135239718  
-0.5878078928  
-0.6859591536  
-0.6530410985  
-0.6002082443  
-0.6582873182  
-0.6139717309  
-0.2912217608  
-0.2185306497  
0.05650259534  
-0.04764294846  
-0.1538108827  
-0.2983646396  
-0.413982519  
-0.1530871003  
0.08329629545  
-0.1771266678  
0.1278050317  
-0.04836356831  
-0.02249781495  
-0.3709187418  
-0.3780661851  
-0.1365499599  
-0.3624674209  
-0.08681071139  
0.5312120428  
0.5079816031  
0.4330757453  
0.8006528112  
0.6482004326  
0.3088717806  
0.6755615003  
0.5132271853  
0.01807522281  
-0.2169665868  
0.155124238  
-0.1515951739  
-0.04948137829  
-0.02226291667  
0.4219559678  
0.5803139817  
0.7147306306  
0.1030311341  
0.1897879076  
-0.3840677199  
-0.6618242852  
-0.3160461408  
0.1224479365  
-0.6436419385  
-0.1448240778  
0.2058798837  
0.09875994752  
-0.2434396612  
-0.2863525473  
-0.01890199879  
0.1431683859  
-0.1257157761  
-0.02930639354  
0.1176544743  
-0.09342215809  
-0.2903089313  
-0.2790262822  
-0.2474167367  
-0.4547323615  
0.05195058937  
0.3022388955  
-0.08413770935  
-0.2550768287  
0.05579579545  
0.09477673681  
-0.1833857768  
-0.522426466  
-0.5237651227  
-0.02071476772  
-0.08423933483  
-0.1366122218  
-0.1811257687  
-0.5435307943  
-0.1910168064  
0.4677370467  
0.2699007899  
0.2062635591  
-0.2821006688  
-0.7332511704  
-1.479611189  
-1.715235312  
-2.377509593  
-2.506662973  
-2.385560851  
-2.2724564  
-2.103481525  
-1.601330668  
-1.481886645  
-1.180147267  
-0.8666134369  
-0.8718859061  
-0.6304204749  
-0.8643065735  
-0.9565418142  
-0.6447757573  
-0.5802344814  
-0.613015212  
-0.3979114844  
-0.1960366424  
0.2972978552  
0.6221721854  
0.6509875053  
0.7855595461  
0.6980414982  
0.8007287893  
0.6360126668  
0.6204737194  
0.546780268  
0.3820108691  
0.2635222595  
0.2777773276  
0.3906650986  
0.5393553309  
0.2443068958  
0.2995347792  
0.1276304888  
-0.0475492093  
0.0281101057  
0.1711231979  
-0.2244172935  
-0.04959924359  
0.1440469454  
-0.03840418358  
0.1646307873  
0.2835972578  
0.5176775408  
0.6627459597  
0.7015386387  
0.7406261869  
0.5839544998  
0.4196012987  
0.2696087982  
-0.1412749511  
-0.2424590571  
-0.3973501427  
-0.3004387919  
-0.1860418526  
-0.0500211334  
-0.3174199334  
-0.2588514566  
-0.08906076886  
-0.1644142811  
-0.4117484604  
-0.3321362014  
-0.4960796791  
-0.5557864275  
-0.5205060684  
-0.1777625027  
0.006098647344  
0.3442435367  
0.4377795434  
0.7516221905  
0.4524532775  
0.5868048188  
0.5931918462  
0.2828515409  
0.3520841407  
0.7070509069  
0.8445497118  
0.4367558554  
0.5616234176  
0.4710967605  
0.5663162187  
0.3741748796  
0.4672266239  
0.7145314637  
0.4405422897  
0.1214658235  
0.04216752644  
0.1391756881  
0.3118903912  
0.3850872646  
0.5163919371  
0.8139153488  
0.7718078161  
0.2480830524  
0.5296567376  
0.4725403111  
0.07053517027  
-0.3414311424  
-0.2502574703  
-0.05149592909  
0.06746398201  
-0.01533531981  
-0.2778253528  
-0.4571074016  
-0.4583229667  
-0.08947976724  
0.3834626062  
0.2379766939  
0.1918143331  
0.1090252873  
0.3447406154  
0.2501672663  
0.4563187322  
0.4455173897  
0.7104377239  
0.3184530541  
0.3897664211  
0.6236879801  
0.3509288138  
0.07212406973  
0.5322443729  
0.03078975018  
0.1762200084  
0.2196622248  
0.5070376841  
0.2700376984  
0.4548993286  
0.1181700595  
0.5275082182  
0.7792674073  
0.6425444368  
0.6972494981  
0.8253271229  
0.8094393488  
0.5814478506  
0.6523871038  
1.208219769  
1.31579272  
0.7204111384  
0.6206074914  
0.2209420084  
0.4212809111  
0.03728979382  
0.3315792827  
0.1505079816  
0.532661848  
0.08132398142  
0.3476665271  
0.2096789967  
0.351999255  
0.3454443159  
0.7074444306  
0.3618935091  
0.3471249965  
0.1768720919  
-0.1041048311  
-0.5349236635  
-0.6960525417  
-1.255940311  
-1.002657767  
-1.151078647  
-1.106944638  
-0.8429958276  
-0.688325363  
-0.6912178634  
-0.4160295042  
-0.3153408452  
-0.082517564  
0.07513289975  
-0.03070845266  
0.08408795771  
0.2881976752  
0.3907913611  
0.785325978  
1.033625562  
0.8843484588  
0.7834257248  
1.083514519  
1.035307043  
0.592377928  
0.673063577  
0.6424399492  
0.6766681714  
0.8118108739  
0.9232644732  
0.9312063563  
0.9401177069  
0.9210737981  
0.843492735  
0.5569569073  
0.3120150898  
0.1827162329  
0.1940725172  
0.2247125902  
0.4122891528  
0.2150125269  
0.1232016199  
-0.01357161299  
-0.02605766238  
0.04424419981  
0.2416319998  
0.3246234639  
0.1859826688  
0.1191938139  
0.1799674914  
0.3695774944  
1.063126474  
0.6099735037  
0.413294183  
0.7293638689  
0.4501521641  
0.3441408966  
0.06413229044  
0.0219161553  
-0.01370807286  
-0.07485260117  
-0.1662262391  
-0.03512412177  
0.584074933  
0.5496421692  
0.4436327479  
0.4686761692  
0.656975589  
1.09430764  
0.7503839907  
0.9613405007  
1.616008607  
1.45589159  
0.9488952342  
0.4776163134  
0.5251954443  
0.6998374603  
0.4890475562  
0.4208753874  
0.2980227994  
0.8239215162  
1.361194724  
1.236382959  
0.6163105353  
0.4154808866  
0.1705640111  
0.2445764711  
0.04295429106  
-0.1000447779  
-0.330013409  
-0.1956669628  
-0.2329567699  
-0.8818899775  
-1.139199796  
-0.7892448513  
-0.9809133235  
-1.214050112  
-0.9330679858  
-1.001122946  
-0.74217226  
-0.2326228329  
-0.4748626434  
-0.224830393  
-0.1522311156  
-0.1007530783  
0.112727586  
-0.05069754912  
-0.1225651303  
0.1452602811  
0.1383379137  
0.3499439218  
0.5595469471  
0.6328653332  
0.6968225003  
0.9168310623  
0.7290593856  
0.8658030817  
0.8652958131  
0.610433309  
0.5292845827  
0.3708885615  
-0.05549181785  
-0.2628958474  
-0.4247987515  
-0.4719668634  
-0.6110426951  
-0.7794705277  
-0.9142482889  
-0.8083811485  
-0.9871535949  
-0.9991738098  
-1.035768233  
-0.9465964887  
-0.9313439622  
-0.8129068949  
-0.2723648343  
-0.464919271  
-0.2637475613  
