2743.224821  
2734.570051  
2733.08411  
2736.337749  
2722.331928  
2721.806452  
2721.033388  
2724.290686  
2719.694551  
2715.92592  
2717.950976  
2719.241383  
2725.827883  
2715.348336  
2722.357782  
2727.057044  
2715.865977  
2725.296059  
2728.861862  
2737.689931  
2729.26233  
2718.707279  
2726.010143  
2716.910608  
2707.843569  
2737.163496  
2710.233147  
2693.199382  
2705.011925  
2699.69792  
2711.75695  
2707.875021  
2705.859988  
2707.115534  
2714.167707  
2702.854138  
2716.546802  
2714.040521  
2717.902081  
2717.155635  
2710.287785  
2717.163384  
2714.644182  
2711.011029  
2705.687839  
2711.57428  
2711.239931  
2718.672028  
2714.440196  
2705.673346  
2707.490035  
2709.917928  
2704.334713  
2705.365146  
2707.487991  
2690.824593  
2701.278891  
2697.802375  
2692.165966  
2699.571682  
2713.280528  
2703.327036  
2713.047144  
2713.232193  
2720.133088  
2719.039613  
2716.232194  
2715.339024  
2705.896254  
2712.291223  
2710.138697  
2711.598001  
2718.016411  
2710.377681  
2713.601446  
2721.105311  
2730.591134  
2718.807075  
2720.216809  
2731.224485  
2723.096049  
2708.851985  
2712.230964  
2704.463498  
2702.844463  
2697.403076  
2714.720854  
2709.936773  
2704.708521  
2709.116653  
2709.600398  
2722.066852  
2720.313542  
2710.43835  
2704.175728  
2704.759088  
2694.438434  
2695.014706  
2691.641856  
2694.854506  
2698.576733  
2698.424747  
2691.038382  
2701.396926  
2699.505075  
2715.071772  
2698.815504  
2708.14007  
2703.902441  
2719.886741  
2720.894803  
2728.548796  
2713.371829  
2709.051391  
2705.832012  
2699.244107  
2684.198212  
2694.963955  
2691.707818  
2683.61218  
2689.426786  
2688.922022  
2683.174352  
2683.790677  
2695.284894  
2695.578885  
2693.790291  
2701.270627  
2693.22829  
2703.350323  
2704.311106  
2700.152038  
2709.192  
2712.283163  
2712.834152  
2715.508178  
2714.832377  
2725.641997  
2731.999935  
2725.463067  
2717.608602  
2721.061461  
2703.855716  
2708.79821  
2689.908023  
2684.206923  
2672.253347  
2684.223835  
2691.015252  
2697.173101  
2701.406286  
2697.090048  
2708.360392  
2711.178725  
2715.065684  
2716.254874  
2724.755148  
2724.966722  
2730.131987  
2743.014433  
2732.118902  
2742.563515  
2732.633983  
2725.210253  
2724.157574  
2723.206767  
2718.045325  
2725.650869  
2721.45403  
2711.071197  
2704.69632  
2698.010873  
2693.221789  
2694.339789  
2694.200015  
2694.074674  
2695.425509  
2691.589574  
2697.05483  
2703.178039  
2697.57724  
2697.038588  
2690.971749  
2696.030984  
2701.531278  
2692.857438  
2697.245864  
2696.91115  
2684.690421  
2678.300859  
2682.153791  
2686.216056  
2685.573718  
2698.706233  
2702.227416  
2699.276095  
2705.730631  
2718.195642  
2714.884161  
2715.163671  
2719.055541  
2713.791594  
2694.295621  
2694.686803  
2705.979429  
2714.514365  
2699.595907  
2690.860398  
2704.347071  
2715.22265  
2710.865775  
2713.715448  
2706.821971  
2694.893778  
2699.084673  
2686.621624  
2684.06936  
2693.393675  
2684.73505  
2682.584545  
2678.498807  
2685.444127  
2686.162323  
2684.594288  
2691.575429  
2695.004424  
2689.298938  
2700.670295  
2706.365471  
2700.160391  
2707.261615  
2714.511846  
2715.531129  
2707.043174  
2715.43738  
2712.799483  
2705.582918  
2697.177606  
2695.406275  
2701.15208  
2692.770509  
2699.319618  
2691.64635  
2711.953954  
2717.718263  
2722.556059  
2711.075347  
2717.886766  
2718.709343  
2695.442329  
2699.144999  
2707.2712  
2691.053465  
2693.419583  
2675.190206  
2684.109432  
2692.481456  
2688.6758  
2697.996306  
2710.115482  
2721.400316  
2707.480149  
2712.917388  
2713.101932  
2708.099711  
2693.864149  
2707.362555  
2719.156132  
2693.771717  
2703.960288  
2709.311394  
2713.68324  
2689.082149  
2704.5013  
2716.984527  
2711.130828  
2714.213925  
2718.730765  
2717.99986  
2710.764207  
2701.139442  
2696.103572  
2699.815909  
2690.283151  
2701.413015  
2701.974851  
2692.630176  
2695.349644  
2696.866439  
2735.897378  
2713.028296  
2701.142672  
2710.048196  
2729.473625  
2721.576692  
2719.718558  
2704.57087  
2701.010615  
2696.789227  
2706.175464  
2693.857555  
2704.630392  
2688.952119  
2697.866626  
2694.784445  
2693.421858  
2693.928881  
2685.225654  
2680.018902  
2677.618018  
2679.734322  
2687.729821  
2676.15513  
2668.355216  
2686.116149  
2685.762026  
2690.814749  
2692.717246  
2689.214  
2693.571157  
2697.287543  
2693.92768  
2708.844366  
2704.121413  
2690.793607  
2696.99492  
2692.126552  
2690.278818  
2700.429478  
2692.819747  
2694.291987  
2682.995709  
2695.699082  
2689.072594  
2694.405234  
2699.567727  
2706.539238  
2705.929009  
2711.078118  
2709.966945  
2715.328386  
2709.002221  
2706.554146  
2720.237881  
2700.478259  
2704.000226  
2709.454674  
2698.512339  
2701.516499  
2693.721855  
2721.550851  
2712.276801  
2715.562428  
2719.665842  
2722.410718  
2723.540595  
2712.253352  
2703.499242  
2713.88307  
2703.882579  
2695.379512  
2693.008684  
2698.535492  
2687.597996  
2688.122219  
2679.250918  
2675.717545  
2670.467139  
2674.29483  
2684.673533  
2691.77984  
2686.371058  
2704.97943  
2708.82618  
2698.684405  
2704.839926  
2694.968385  
2685.894966  
2689.386982  
2669.692983  
2685.134488  
2681.026754  
2699.835834  
2702.731518  
2701.767267  
2701.666094  
2703.800275  
2697.45187  
2707.411045  
2698.513419  
2702.1358  
2698.78352  
2689.676461  
2689.112827  
2692.810443  
2701.884485  
2686.796426  
2692.909923  
2698.452721  
2695.366264  
2676.848089  
2691.212249  
2680.443714  
2679.8805  
2671.950798  
2685.526008  
2686.426888  
2671.136275  
2669.657666  
2661.997366  
2658.332111  
2661.139058  
2658.351901  
2661.661311  
2668.981514  
2660.152188  
2666.815144  
2672.097008  
2677.336968  
2682.730234  
2699.533904  
2695.965369  
2688.891035  
2695.766622  
2702.635597  
2695.205514  
2679.857252  
2703.03421  
2692.132347  
2691.471719  
2684.196955  
2684.618303  
2685.391517  
2671.768003  
2670.145444  
2671.623945  
2692.281089  
2687.031441  
2676.654805  
2687.310614  
2691.182374  
2683.327293  
2688.98451  
2688.765662  
2695.402747  
2680.893236  
2677.206694  
2683.473431  
2687.126957  
2677.731411  
2683.698429  
2684.921064  
2696.166795  
2691.580967  
2698.157278  
2693.295634  
2699.523485  
2704.17074  
2699.095979  
2695.097269  
2691.711896  
2685.80667  
2682.382307  
2681.705163  
2667.666576  
2678.515735  
2674.925858  
2654.111294  
2662.950031  
2668.61919  
2668.56003  
2662.269879  
2672.168082  
2676.216578  
2681.889541  
2681.575744  
2686.534777  
2691.434341  
2685.454726  
2687.199795  
2695.158196  
2689.85985  
2701.056697  
2694.841952  
2703.759762  
2682.356917  
2694.497879  
2699.141399  
2692.123178  
2690.785194  
2702.890277  
2704.376449  
2700.639222  
2701.059131  
2703.083944  
2689.738871  
2692.476064  
2691.468396  
2682.419275  
2687.355154  
2684.492128  
2691.344133  
2680.013364  
2687.416804  
2682.624807  
2677.065733  
2674.607587  
2683.931088  
2677.49212  
2672.674672  
2687.235634  
2699.238433  
2695.140718  
2696.083549  
2703.885295  
2705.204377  
2706.803324  
2700.98294  
2698.827299  
2680.160259  
2684.468069  
2677.187008  
2685.370795  
2687.883315  
2688.441122  
2698.507522  
2678.073837  
2685.197558  
2705.175608  
2695.845421  
2699.112979  
2695.90529  
2692.838859  
2703.024035  
2703.385204  
2695.662089  
2691.048806  
2698.464321  
2696.022965  
2700.880382  
2686.898215  
2682.697967  
2696.703057  
2702.024089  
2710.358684  
2711.457617  
2708.202266  
2692.189064  
2699.487127  
2696.26581  
2698.716992  
2688.302476  
2686.140987  
2673.668419  
2669.273913  
2660.5068  
2661.026322  
2661.398247  
2664.088131  
2669.200925  
2671.712865  
2679.231992  
2678.018142  
2673.674337  
2673.090094  
2675.315056  
2675.713212  
2681.862583  
2676.563996  
2685.009828  
2700.15465  
2697.496729  
2696.650586  
2724.80453  
2728.774751  
2722.81024  
2722.741082  
2713.342656  
2712.323917  
2726.29728  
2711.529066  
2729.258469  
2722.456643  
2711.251761  
2713.113012  
2709.711124  
2704.796624  
2691.619696  
2705.106442  
2700.76783  
2697.828951  
2680.242544  
2681.242857  
2695.137483  
2689.150341  
2693.384991  
2684.690576  
2685.22839  
2677.318762  
2678.134426  
