2.748111319  1.130934496  123490894.8  -131297812.2  
2.664514942  1.096531949  169409236  -422253176  
2.621943902  1.079012624  914510104.1  -28712942.72  
2.595901403  1.068295314  50996329.28  -2057954173  
2.336155133  0.9614015302  212250499.3  -202808014.6  
2.330458299  0.9590571032  74283141.39  -46951898.26  
2.326236763  0.9573198082  794691138.2  -37296940.24  
2.31062164  0.9508936922  41152443.28  -31429652.14  
2.307268385  0.9495137222  182712560.7  -18123219.9  
2.290504359  0.9426147967  49517915.87  -18802520.84  
2.276582471  0.9368855005  88203202.82  -4140927879  
2.25763111  0.9290864179  455009961.4  -118307163.1  
2.25618106  0.9284896765  97302516.75  -322628626.7  
2.226024709  0.9160793867  285589565.5  -51690473.73  
2.190326714  0.9013885355  484237794  -29706533.34  
2.181281237  0.8976660364  38361617.32  -14471139.12  
2.150106915  0.8848368198  47781884.97  -46378967.62  
2.12599053  0.8749121664  36449571.23  -29589183.54  
2.113765532  0.869881194  27772690.65  -15578437.24  
2.108762457  0.8678222709  71076600.87  -17769289.27  
2.105395896  0.8664368251  55475915.21  -41616679.88  
2.104683254  0.8661435504  108783826.5  -405641118.5  
2.084050863  0.8576526703  339045910.6  -137544307.2  
2.083052759  0.8572419192  49882293.81  -66324910.72  
2.075451143  0.8541136146  167168792.8  -10643525.61  
2.067977074  0.8510377993  78301489.87  -38824439.3  
2.036044302  0.8378964565  144446512.5  -90346800.99  
2.035516489  0.8376792447  473669623.7  -54763779.59  
2.026535133  0.8339831334  43994065.82  -25882276.4  
2.025930971  0.8337345014  303760483.6  -41895941.08  
1.993978791  0.8205851715  94593668.08  -39289906.86  
1.979437486  0.8146009659  652533978.6  -293718894.9  
1.955875089  0.8049042961  31532050.29  -90510024.23  
1.954314566  0.804262092  71537841.48  -41323474.95  
1.952637362  0.8035718694  162893104.8  -40067506.39  
1.881008589  0.7740943699  467639055.6  -119441706.5  
1.878588502  0.7730984276  2248372618  -21520182.71  
1.81548817  0.7471306506  91458955.35  -304059914.2  
1.78479609  0.7344998915  1180595496  -71377073.69  
1.628369208  0.6701252954  225841999.1  -6740990.994  
1.527331138  0.6285449423  85946777.43  -113936546.8  
1.517701113  0.6245818832  26311817.96  -39174644.9  
1.490264031  0.6132906583  19498866.19  -37876166.25  
1.48880405  0.6126898302  271421149.9  -23510669.69  
1.469966208  0.6049374638  40933749.65  -86824064.35  
1.44876524  0.596212597  68032292.98  -53794817.63  
1.41088021  0.5806217118  131833845.2  -176937506.9  
1.335992329  0.5498029867  615899750.3  -31751938.49  
1.244028737  0.5119570676  48241914.06  -9993550.96  
1.178766326  0.4850995266  54388196.2  -10401718.83  
