0.6776965435  
0.02461520627  
-0.41032362  
-0.8355169608  
-0.6712632925  
-0.4153625098  
-0.6624440346  
-0.5064281852  
-0.2915168529  
-0.4560390497  
-0.6061386476  
-0.7708925305  
-0.9015814959  
-0.9564225143  
-1.087058876  
-1.055476723  
-1.291586621  
-1.437381215  
-1.087503925  
-1.143353046  
-0.8003897059  
-0.7270303862  
-0.7870938774  
-0.7343483208  
-0.937831918  
-0.9335089623  
-1.009584241  
-1.002473982  
-0.6933384115  
-0.7674070599  
-0.9745229709  
-0.7363627666  
-0.7713792102  
-0.9609348044  
-0.7957775559  
-0.7626029307  
-1.225503658  
-1.047897138  
-1.200502635  
-0.8849910717  
-0.9708610732  
-0.8412917658  
-0.3309987089  
-0.7053507096  
-0.8977670554  
-0.8447111732  
-0.9738133733  
-1.190580853  
-1.368726505  
-1.540161195  
-1.675324718  
-1.399000908  
-1.382535092  
-1.405566282  
-1.262637392  
-1.334449719  
-0.9416102915  
-1.146575642  
-1.0545278  
-1.400017449  
-1.398865167  
-1.551893186  
-1.689214153  
-1.525806152  
-1.644487322  
-1.862243509  
-1.496440372  
-1.529011934  
-1.409119487  
-1.450342104  
-1.387024693  
-1.16038838  
-1.170485519  
-1.009477931  
-0.5758374574  
-0.7663602215  
-0.6149793081  
-0.440838366  
-0.3916881861  
-0.3952260491  
-0.6144797599  
-0.7435709011  
-0.6938221533  
-0.7122229077  
-0.5427671763  
-0.4479853219  
-0.4794713504  
-0.1463121863  
-0.2005802121  
0.1084425159  
0.1387461806  
0.07145413979  
0.1556876451  
0.3417768004  
0.2873592284  
0.1763731568  
0.4694216489  
0.4745830002  
0.2569728681  
0.38019337  
0.3813007462  
0.4125042683  
0.2101521768  
-0.08463169891  
-0.4606381457  
-0.5590932394  
-0.5119195441  
-0.5345481035  
-0.5236707615  
-0.826021298  
-0.7696247155  
-0.7544657976  
-0.9798795602  
-1.180554745  
-1.007015131  
-0.9279103885  
-1.143267784  
-0.7923991624  
-0.8634983067  
-0.9133264467  
-0.535230164  
-0.9670044624  
-1.045124948  
-0.6355885901  
-0.8783463527  
-0.8910617129  
-0.7783529495  
-0.6436324646  
-0.8088142092  
-0.8145564183  
-0.3734341957  
-0.2408003317  
-0.425340683  
-0.4385400436  
-0.4351265477  
-0.3769386346  
-0.5936606831  
-0.4557540917  
-0.4414853343  
-0.9591835017  
-0.7504157099  
-0.8483354034  
-0.9002532139  
-0.7485268647  
-0.6147163484  
-0.7688713067  
-0.779074773  
-0.8129191431  
-0.6396427112  
-0.4286106253  
-0.6704736448  
-0.5675480013  
-0.4534878629  
-0.376668485  
-0.364246415  
-0.507788596  
-0.6215315958  
-0.3511516507  
-0.6300043393  
-0.5406444597  
-0.4148174434  
-0.3422050977  
-0.4348926927  
-0.3814740619  
0.2666099777  
0.2991820154  
-0.09949628797  
-0.1185838456  
-0.04732555635  
-0.03548331486  
-0.1295742345  
-0.2636190358  
-0.4289684625  
-0.2362225422  
-0.3819302293  
-0.3278899715  
0.3863814851  
-0.03610648729  
-0.0267259602  
0.2699293563  
0.05316995849  
0.1270386785  
-0.1359774647  
-0.1139909047  
-0.3631440156  
-0.4559060238  
-0.5046022194  
-0.5422304451  
-0.5592858529  
-0.2212245174  
-0.1833688578  
-0.09746584993  
-0.05739384301  
-0.1901564548  
-0.3531169345  
-0.4143733915  
-0.268151457  
-0.327281858  
-0.2627171339  
-0.3300671115  
-0.2852222992  
-0.08306230933  
-0.02998000755  
-0.0955246719  
0.02219005002  
-0.01031517016  
0.1583680106  
0.5242657159  
0.2490008544  
0.1347647031  
-0.006380284183  
-0.08599603005  
-0.05174616231  
0.103936501  
-0.02977511571  
-0.03799892751  
0.2788845477  
0.5349981677  
0.5964182822  
0.3872727186  
0.09468404967  
0.1422295591  
0.1223124145  
0.3288025616  
0.07027181489  
0.1443076198  
0.3817864525  
-0.05468187535  
-0.072060565  
0.05571973051  
-0.005804074075  
0.0957397704  
0.2801978507  
0.3405904618  
0.009271163354  
0.3006326567  
0.02604404996  
-0.1177178391  
0.1804766708  
0.1804816139  
0.1753174774  
0.1732790468  
0.07643152616  
0.0971677308  
0.454012817  
0.1473153155  
0.1155571795  
0.2288042663  
-0.01023421743  
-0.1822279196  
0.1045822897  
-0.06635335297  
-0.1447527859  
0.01716076498  
-0.1117788921  
-0.1485830062  
-0.07024849046  
0.09369783676  
-0.103154151  
-0.2379879379  
-0.07606371932  
-0.3360841241  
-0.3777399521  
-0.3110070541  
-0.3752249508  
-0.6224525789  
-0.3512213916  
-0.1780404904  
-0.421638967  
-0.3487699682  
0.05038898538  
-0.02955803812  
0.06173904485  
0.3441409289  
0.2655615487  
-0.1350124648  
-0.2257728738  
-0.4833528119  
-0.4779228688  
-0.4626397246  
-0.4101973184  
-0.6599507257  
-0.2108182013  
-0.1969746799  
-0.2803496677  
-0.1781253084  
0.250365419  
-0.07736938651  
-0.5216667855  
-0.3385107653  
-0.6673581668  
-0.516421237  
-0.4403323976  
-0.1468427814  
-0.2084950728  
-0.3999167896  
-0.2646868601  
-0.5185239012  
-0.7649330499  
-0.7717077729  
-0.5881625571  
-0.5924248201  
-0.6380187277  
-0.4880063308  
0.002394108675  
0.1094990309  
0.3494140682  
0.360651745  
0.3589463655  
0.1457297556  
-0.111382417  
-0.09705471233  
-0.07748942063  
-0.2000958809  
-0.1968861489  
0.07565460067  
-0.3686995624  
-0.1436437052  
0.2482996005  
0.1437478166  
0.09963037466  
0.3500045928  
0.3439571117  
0.1817386878  
0.331623421  
0.3494810545  
0.437716811  
0.4369461084  
0.4119353715  
0.3076140688  
0.2001282205  
0.379351618  
0.4489683457  
0.136544919  
0.2659612122  
0.1290537151  
0.1863267747  
0.2186460195  
0.4883647638  
0.4046874867  
0.3585493613  
0.3828016206  
0.2492103317  
0.313960516  
0.3969966731  
0.3552894499  
0.451967076  
0.4450226321  
0.3941457587  
0.5656322063  
0.4412460994  
0.2321929746  
0.3990606974  
0.1331424313  
0.07404927097  
0.2988117074  
0.2954444545  
0.2350658287  
0.4596114666  
0.7105577928  
0.6260395116  
0.6317447558  
0.7598086488  
0.7902494631  
0.4813493081  
0.4671555333  
0.4587891689  
0.4759212871  
0.3397128384  
0.3223891422  
0.3563490362  
0.2301309862  
0.4055392351  
0.3472391803  
0.4211338243  
0.4583486798  
0.6709347058  
1.006523578  
0.9064062815  
0.9062286028  
1.034508099  
0.7112185529  
0.8202851524  
0.8993516037  
0.8572049075  
0.3980541857  
0.6494421321  
0.9128367968  
0.8189232438  
1.300030834  
1.63752206  
1.217007166  
1.22366602  
1.096657909  
0.6701684892  
0.4729312707  
0.2892174221  
0.1605548793  
-0.09754641432  
-0.3134149918  
-0.3247518083  
-0.5064376704  
-0.759616378  
-0.5148002203  
-0.1146549848  
0.1179767083  
0.5339046894  
0.8402742604  
0.7497126227  
0.6555696022  
0.5021777391  
0.03608365978  
-0.08410658568  
-0.3190105837  
-0.2277391186  
-0.2161176579  
-0.207441245  
-0.2583232609  
-0.1961073924  
0.06715235103  
0.1704636095  
0.1048373869  
0.418296808  
0.3626538218  
0.2245854516  
0.1771447724  
-0.2113570425  
-0.4428726437  
-0.2254197528  
-0.3077922166  
-0.5087593803  
-0.4579810324  
-0.03122793537  
-0.01909428843  
0.1537812719  
0.2661606632  
0.1668836986  
0.1017099795  
0.3776886463  
0.04087804593  
0.1775694624  
0.6364041679  
0.4440991625  
0.07881801226  
0.2833697387  
0.262173532  
0.04356269852  
0.2308828113  
0.2886863129  
0.3303226653  
0.6740426074  
0.5377230088  
0.5185057572  
0.6416552142  
0.7787615701  
0.7065925272  
0.7501589271  
0.6816283707  
0.3681893615  
0.3291293906  
0.4530281069  
0.9511972437  
1.09781652  
1.087754105  
1.205399615  
1.369334301  
1.21404128  
1.042037201  
0.5962352668  
0.5226556225  
0.4205798705  
0.2774351528  
0.2644022458  
0.2696478592  
0.4142742333  
0.6334226306  
1.037174925  
1.057120454  
1.093821759  
1.121497206  
0.9045930936  
0.7083641528  
0.3982325806  
0.4926630971  
0.3327389081  
0.08864689375  
0.5070018361  
0.7961204221  
0.9816781237  
1.103515202  
1.451619363  
1.192425041  
1.148592121  
1.120019285  
0.7468501904  
0.6359926218  
0.5355714588  
0.5941592358  
0.3487606829  
0.5704196402  
0.6087841275  
0.6820548628  
0.8384283905  
1.046091264  
1.145022794  
1.116092394  
1.084694741  
1.1847153  
0.9959788325  
0.9081442818  
0.8388047977  
0.6837823793  
0.6389426617  
1.017871195  
0.8166198565  
0.953328472  
1.334105405  
1.489145654  
1.506933841  
1.652706178  
1.099148655  
0.6577879218  
0.7553627089  
0.4099768246  
0.4388146266  
0.1924411831  
0.07641557523  
-0.2322221433  
0.3648848122  
0.9093778847  
0.6288885941  
0.8900378513  
1.022770983  
1.02263971  
1.202972148  
1.206040811  
0.6228229143  
0.4487999941  
0.6033201804  
0.03780538607  
-0.6314920943  
-0.2611358467  
-0.5320127829  
-0.4756347887  
-0.3345727768  
0.2737270237  
0.2488118842  
0.2115567467  
0.1178076288  
0.004541151879  
-0.1983069509  
-0.1413836566  
-0.1340959768  
-0.3006220713  
-0.1675585717  
-0.1780176365  
-0.1410575058  
-0.1273901693  
0.2432405709  
0.2562284185  
0.3230462911  
0.6003019988  
0.8402610461  
0.3664111867  
0.08275590957  
0.2378712788  
0.06042324872  
0.2056157146  
-0.01071040222  
-0.002243198034  
0.5854517148  
1.033337302  
1.003338111  
0.8969406121  
0.7765099986  
0.6100688793  
0.7277298512  
0.5483808659  
0.5639019631  
0.6667841702  
0.3611371061  
0.3646324417  
0.7008532265  
0.7288256019  
0.8455686648  
0.9837882157  
0.9911377447  
0.8402774913  
0.7104099849  
0.5711559808  
0.4276514672  
0.5060185319  
0.3886906976  
0.2333402763  
0.7445572665  
0.5333521293  
0.5579710009  
0.7297333099  
0.7649545239  
0.7157206284  
2.126707171  
1.511613849  
0.5806540357  
0.4518545795  
0.4145852824  
0.3449506029  
0.4979750453  
0.5050588525  
0.5386672857  
0.6547592118  
0.7841615685  
0.9106897405  
0.678706214  
0.6276687602  
0.6004004569  
0.4136905653  
0.4713187631  
1.008323092  
0.9082266385  
0.6518002565  
0.5690642357  
0.4900918526  
-0.09028800545  
-0.4607988598  
-0.7208270967  
-0.811016891  
-0.9003674227  
-0.824001539  
-0.4295336742  
-0.3210633523  
0.1364338604  
0.3149960444  
0.2585478707  
0.01460064298  
0.002320958743  
-0.1693159453  
0.09187274887  
-0.1220752041  
0.2542981195  
0.1704350027  
0.4404420034  
0.7508911421  
0.9436825574  
0.8608907892  
1.170839151  
0.7544928708  
1.270134474  
1.21813442  
1.115279333  
0.8049978358  
0.8226050504  
0.558431051  
0.5499767398  
0.2728082268  
-0.2826361028  
-0.3802250154  
0.08843375563  
0.1522768025  
-0.2580744476  
-0.002535289787  
0.2756501434  
0.1360096602  
0.2736866874  
0.2940119241  
0.1453915113  
0.1930944516  
0.1485766229  
0.01562586874  
-0.2528458112  
-0.3414491426  
0.2188371367  
0.04562339162  
0.1116169881  
0.4614756014  
0.1432177569  
-0.06169271308  
0.04882882887  
-0.6255337109  
-0.7554386359  
-0.7521835364  
-0.6261648353  
-0.6809620062  
-0.1788599001  
0.10520999  
0.2253884358  
0.3786673095  
-0.01699832461  
0.06862119392  
0.06582056285  
-0.2115089991  
-0.3540512674  
-0.3986026944  
-0.759390006  
-0.437318999  
-0.4951274613  
-0.5473688655  
-0.1576864668  
-0.1740728459  
-0.05271963224  
0.07778980152  
-0.1262318382  
-0.4139777707  
-0.5328273318  
-0.5337269197  
-0.6338431175  
-0.8049055816  
-0.1217815351  
0.1204526102  
0.3940353811  
0.6377162307  
0.781952036  
0.7079508264  
0.54992894  
0.5708627301  
0.1377118661  
-0.1721009502  
-0.2054365675  
-0.2367501148  
-0.531226446  
-0.4775827367  
-0.2875147545  
0.03502537373  
0.0152944954  
0.03166836088  
0.4065092389  
0.4992319316  
0.3215713874  
0.05227065914  
-0.2722891248  
-0.6109658475  
-0.8536343458  
-0.9610201352  
-0.9943687966  
-1.207512976  
-1.254231365  
-1.230417662  
-0.7802391623  
-0.3631191308  
0.1391435278  
0.3832388785  
0.4298905514  
0.4172991388  
0.3898399995  
0.2659971386  
0.1670043253  
0.04001592668  
0.06033507581  
0.02505435286  
-0.03244634522  
0.2671626784  
0.3666303255  
0.5969411968  
0.6760464066  
0.6427165397  
0.4828745723  
0.5112565826  
0.3808286618  
0.3539972578  
0.1397375241  
-0.3381685675  
-0.2773655529  
-0.2303782804  
-0.4745772233  
-0.3704976993  
-0.5352681701  
-0.4908228802  
-0.5721941939  
-0.308664727  
-0.1118283667  
-0.06750933355  
-0.041261467  
0.05097653988  
-0.0746647793  
0.5006134516  
0.08844130156  
0.3795732668  
0.1812086535  
-0.037380711  
0.03349258733  
0.292572743  
0.04787762809  
0.4721163861  
0.4981356232  
0.5933121925  
0.5509195848  
0.5599254339  
0.5561415339  
0.3980842553  
0.2481487455  
0.2561488791  
0.1827132597  
0.1413483455  
0.1959940795  
0.123252862  
-0.06229978762  
-0.0585317558  
-0.4439813373  
-0.6036905493  
-0.3741233052  
-0.1780156339  
-0.3020310437  
-0.1145818772  
-0.08192874744  
-0.1109301134  
-0.3342478016  
-0.4054525137  
0.1091366536  
0.2183163129  
0.1983424935  
0.420116884  
0.5340148217  
0.4410186526  
0.1026460251  
0.1387925806  
-0.2260039806  
-0.1732844357  
-0.2558609158  
-0.1726170234  
0.06600459062  
0.04996097672  
0.2314013961  
0.05508574738  
-0.04903118617  
-0.1211501519  
-0.2500313704  
-0.5628640198  
-0.6986895065  
-0.7404368882  
-0.6478090362  
-0.4710413178  
-0.1646583142  
0.4600604027  
0.8574327183  
0.7768719916  
0.6106469991  
0.3622526649  
0.5767076237  
0.5741538238  
0.6305774835  
0.7718392743  
0.6734652827  
0.6881930032  
0.8002467201  
1.006611622  
0.6783447194  
0.5076842001  
0.662318403  
0.2433391482  
0.01270049589  
-0.06944734772  
-0.272849701  
-0.4450874603  
-0.3966057545  
-0.2466293179  
0.0570881206  
-0.1114606385  
-0.1082506321  
-0.04075040306  
-0.09227066498  
-0.1768678658  
-0.3323858814  
-0.5211556673  
-0.5957110608  
-0.7374464003  
-0.8610213526  
-0.4687396174  
-0.4433426198  
-0.4431680875  
-0.2593181445  
-0.4452852792  
-0.4000867326  
-0.647358861  
-0.7170152921  
-0.4399414249  
0.02250320239  
-0.1051267649  
0.08506463321  
-0.1548312431  
-0.217615179  
-0.2735408991  
-0.168511711  
-0.4539880575  
-0.6059316751  
-0.5227643952  
-0.6907732659  
-0.787142111  
-0.6070471078  
-0.7652266739  
-0.5909205661  
-0.3557213533  
-0.01480104811  
0.2653614157  
0.5332017208  
1.046809417  
1.497842837  
1.393479678  
1.212736379  
0.692237669  
0.3493225915  
0.4122958794  
0.1788393839  
-0.1871590425  
-0.2213179344  
-0.2844833244  
-0.3822380676  
0.2678402297  
0.357318696  
0.7252693762  
1.148501114  
1.227064372  
0.9769317895  
0.956534051  
0.6465091004  
0.3170664665  
0.1889229468  
0.07557411504  
-0.1438872385  
-0.1776424415  
0.1090600727  
0.3776256184  
0.3358773932  
0.5661248298  
0.4591400306  
0.5563092271  
0.4715553566  
0.3418430338  
-0.007268765608  
0.2743463555  
0.3434606724  
0.2218450699  
0.3458909343  
0.3308726379  
0.3749801565  
0.2401620491  
0.2111720917  
0.2961775762  
0.3618030609  
0.1491060321  
0.1420527282  
0.4516611034  
0.5531182563  
0.6744069431  
0.3270561371  
0.09150021286  
-0.2573664732  
-0.2512168587  
-0.5597226064  
-0.6038865143  
-0.1769502576  
-0.07261324512  
-0.2226241899  
0.2853660816  
0.5187267  
0.4009789426  
0.7461572976  
0.5402509607  
0.4005079984  
0.1076894216  
0.1909224183  
-0.2792848486  
-0.4841476818  
-0.4780820993  
-0.5686333179  
-0.4662187995  
-0.4649514246  
-0.2779102646  
-0.02447549679  
0.07932207908  
0.2550680246  
0.282649074  
0.2740718274  
0.4842742476  
0.3687899481  
-0.07556959195  
-0.1462747713  
-0.2223233063  
-0.3017195919  
-0.4116930616  
-0.614926117  
-0.5429057585  
-0.6034188246  
-0.3987881742  
-0.5923776538  
-0.8037300702  
-0.8902598755  
-0.8569013072  
-1.564989512  
-1.617199775  
-1.626109853  
-1.519577292  
-1.295913749  
-0.851623658  
-0.4154198923  
-0.1652170412  
-0.182984659  
-0.008473273632  
-0.03165765279  
-0.1169802263  
-0.5558010542  
-0.8315566311  
-0.8161944748  
-0.6234788733  
-0.4485138639  
-0.2191775637  
0.1116482883  
0.6552193539  
0.8625194414  
0.664287134  
0.7606286084  
0.9119480873  
0.527236752  
0.2196822377  
0.05812362799  
-0.06073716552  
-0.1735140143  
-0.2187924386  
-0.1929189277  
-0.3573564305  
-0.2203889882  
0.0009010166816  
0.2331268059  
0.5822504024  
0.4904924613  
0.6265545902  
0.8048534235  
0.8718673507  
0.6996509399  
0.3416829792  
-0.07575914327  
-0.1602824581  
-0.5019777872  
-0.6356112162  
-0.9757490009  
-1.093078862  
-1.027194474  
-0.7832015714  
-0.4015177528  
0.1749570809  
0.3557986329  
0.5889332154  
0.3007033428  
0.00294601697  
-0.1655843868  
-0.5281927741  
-0.7798161891  
-0.9090769628  
-0.9451153306  
-0.9051280805  
-1.040247122  
-0.5333493412  
-0.3965615284  
-0.5923933224  
-0.3906235847  
-0.3687943412  
-0.561398478  
-0.8827523242  
-1.066065187  
-1.099604503  
-1.381770655  
-1.129274996  
-0.8576126838  
-0.5040896078  
0.2229649288  
0.3220230704  
0.8016412313  
1.29523499  
1.137025599  
1.011529263  
1.012977111  
0.6961178672  
0.8141456763  
0.5856823852  
-0.1732004684  
-0.09202416053  
-0.1916283389  
-0.609894408  
-0.2488909699  
-0.007900857169  
-0.2666393578  
0.2435301036  
0.2599734633  
0.06900102494  
-0.07902606473  
-0.2150050662  
-0.6400213128  
-0.594205883  
-0.3518791881  
-0.7491954064  
-0.5113447744  
-0.4189466522  
-0.4751178095  
-0.5788825697  
-0.4245768369  
-0.4087942316  
-0.8296309227  
-0.697196541  
-0.310897962  
-0.1743178734  
-0.428227753  
-0.365831136  
-0.4355396859  
-0.6616034497  
-0.787143572  
-0.7841385316  
-0.4768682763  
-0.5771902139  
-0.3093376529  
0.01647619602  
-0.2020008894  
-0.1394014059  
-0.0569874836  
0.0849061878  
-0.216046129  
-0.3367927133  
-0.2491627617  
-0.5115758473  
-0.2549374551  
-0.08712441928  
-0.4526597879  
-0.1212276206  
-0.08625391127  
-0.5830889022  
-0.6933580924  
-0.8634747699  
-0.802104736  
-0.5861328574  
-0.3006389975  
0.3393571019  
0.6702632099  
0.846966564  
0.6796324396  
0.6501547434  
0.6763120593  
0.6322557784  
0.556531681  
0.3655714239  
0.3466065002  
0.4912120961  
0.534158778  
0.8829219958  
0.8556457129  
1.06624627  
0.895473133  
0.8336950643  
0.6170324484  
0.2642430997  
0.02018933302  
-0.1776505761  
-0.506906324  
-0.4917618895  
-0.7177003559  
-1.02498239  
-1.21473896  
-1.056321669  
-0.984913257  
-0.7165941449  
-0.1384150968  
0.1518873481  
0.4654540564  
0.6633281424  
0.6518136292  
0.22193926  
0.3553502831  
-0.1116420295  
0.3965621524  
0.4163547377  
0.1809848738  
0.4827872668  
0.2845211611  
0.1664923234  
-0.3765758966  
-0.1816696178  
-0.5367822905  
-0.4679818916  
-0.4515731463  
-0.1883377139  
-0.1548558427  
-0.009944570587  
0.0425518525  
-0.1261992188  
-0.1351843434  
0.03323257129  
0.0001526175068  
-0.009073355152  
0.2370247221  
-0.1863200814  
-0.7501456789  
-0.8868474192  
-0.7752322994  
-0.2459259285  
-0.4559967137  
-0.3038297551  
0.4077279525  
0.7204665746  
0.9047593603  
1.114882538  
1.370205102  
1.132272422  
0.925148993  
0.9271725243  
