2852.104167  
2836.399473  
2832.152104  
2832.932932  
2834.216287  
2834.24614  
2833.520892  
2834.443555  
2831.700882  
2838.119318  
2851.295905  
2848.46713  
2851.88441  
2854.042312  
2840.493818  
2841.953535  
2848.729911  
2848.002263  
2849.6377  
2852.572696  
2861.099125  
2859.807401  
2858.020792  
2857.488507  
2845.565554  
2843.212929  
2841.947952  
2845.679815  
2859.746537  
2857.856423  
2858.289342  
2860.971259  
2860.097521  
2856.689573  
2852.954227  
2847.6249  
2840.02157  
2851.960398  
2845.58148  
2851.137642  
2852.586653  
2854.314308  
2861.467955  
2858.832424  
2857.62447  
2855.082718  
2848.070235  
2840.587237  
2844.148845  
2842.5608  
2834.807176  
2836.849588  
2840.364815  
2838.410599  
2836.103963  
2844.964944  
2853.202966  
2843.819499  
2846.20765  
2848.656995  
2852.608526  
2852.149893  
2847.221858  
2852.875694  
2851.478717  
2847.431186  
2841.073846  
2842.296425  
2843.522981  
2841.335411  
2849.841496  
2849.375219  
2856.919282  
2865.015174  
2859.827221  
2852.574297  
2853.628599  
2846.897311  
2840.051049  
2842.76566  
2833.852033  
2834.393746  
2838.31267  
2845.816443  
2853.588231  
2855.035043  
2845.461935  
2847.825826  
2841.784357  
2842.128038  
2834.131006  
2840.091785  
2841.820715  
2849.094819  
2843.586516  
2851.604595  
2857.998132  
2852.969205  
2854.991965  
2842.8499  
2847.405784  
2844.810277  
2849.148485  
2850.929553  
2832.715004  
2840.564894  
2844.812468  
2857.140232  
2852.805196  
2855.451392  
2846.1628  
2848.444778  
2840.711787  
2840.280643  
2837.885225  
2835.038503  
2842.507028  
2837.346389  
2842.263605  
2831.200192  
2840.859294  
2835.065623  
2833.482381  
2851.013085  
2865.567586  
2855.949377  
2856.708285  
2856.71641  
2845.738313  
2851.255053  
2847.431659  
2846.970117  
2843.161864  
2838.850596  
2837.15887  
2844.231132  
2847.661369  
2847.856118  
2853.62977  
2852.290549  
2836.706387  
2831.085967  
2834.485939  
2832.376842  
2828.730713  
2832.77627  
2836.701047  
2828.161491  
2830.987252  
2840.59337  
2838.574368  
2828.49821  
2831.529787  
2834.49082  
2832.346413  
2821.569319  
2814.161659  
2810.420422  
2803.142493  
2803.583065  
2792.95972  
2807.491411  
2803.063796  
2802.948646  
2808.817329  
2809.259043  
2807.314933  
2817.10882  
2812.091858  
2824.138171  
2827.955092  
2826.885215  
2833.373923  
2823.890201  
2821.824673  
2816.425124  
2826.294666  
2823.579155  
2831.385794  
2826.091418  
2827.086248  
2830.77448  
2833.160206  
2839.057183  
2844.124414  
2837.652546  
2837.396516  
2838.359745  
2832.58782  
2830.765999  
2837.107877  
2841.00146  
2830.481402  
2829.623136  
2809.452252  
2822.073479  
2818.663606  
2818.597002  
2812.123208  
2820.599021  
2822.037424  
2826.889502  
2819.326538  
2824.12204  
2821.679263  
2823.874619  
2830.633408  
2835.579626  
2841.040528  
2841.61589  
2841.197  
2838.879244  
2842.95665  
2847.038344  
2839.962349  
2847.757167  
2847.432936  
2851.043021  
2859.110309  
2854.668439  
2845.939324  
2842.51702  
2842.790833  
2838.43982  
2841.215328  
2835.466101  
2838.028481  
2837.15021  
2846.507174  
2841.079655  
2847.092986  
2845.975807  
2847.083868  
2840.828074  
2835.002655  
2840.865144  
2839.51042  
2835.839136  
2850.470823  
2853.182101  
2853.94184  
2847.33676  
2853.074573  
2860.29536  
2848.413408  
2839.849778  
2835.229317  
2827.115135  
2833.563541  
2837.784593  
2834.150063  
2832.148609  
2842.779103  
2830.377761  
2839.68214  
2841.384661  
2831.021314  
2835.889013  
2829.496523  
2833.13757  
2838.619039  
2835.082425  
2839.589361  
2825.673689  
2829.770157  
2833.797513  
2833.45334  
2831.505558  
2835.815296  
2828.079191  
2826.787613  
2831.566715  
2825.232847  
2838.219589  
2842.396514  
2837.748185  
2835.917567  
2825.28975  
2827.737835  
2823.452681  
2825.388387  
2823.945152  
2820.053977  
2820.709467  
2817.753134  
2826.28962  
2827.565397  
2820.525004  
2832.739795  
2828.44973  
2832.147166  
2853.392193  
2841.879524  
2842.325201  
2842.920855  
2833.266857  
2843.245429  
2836.149542  
2833.896332  
2838.507387  
2830.225501  
2831.252255  
2832.73938  
2835.888136  
2844.163917  
2846.209708  
2850.0096  
2845.128931  
2834.457747  
2827.920451  
2832.597009  
2841.886845  
2829.803288  
2836.391305  
2840.706808  
2833.384838  
2840.178399  
2848.919829  
2849.216241  
2844.044239  
2852.31029  
2848.12524  
2851.99336  
2859.600577  
2850.492186  
2848.567783  
2843.115158  
2852.081381  
2843.981597  
2845.898512  
2850.881058  
2847.428168  
2851.899737  
2854.383623  
2866.092526  
2864.231389  
2864.708883  
2861.312416  
2853.204779  
2852.977873  
2845.718403  
2838.214299  
2842.411857  
2839.233187  
2855.761129  
2831.290652  
2838.853256  
2835.41508  
2846.266626  
2851.238919  
2849.870828  
2859.447667  
2861.651854  
2856.70749  
2862.540389  
2859.599903  
2840.129657  
2842.6991  
2848.599259  
2836.707285  
2825.723689  
2822.71942  
2824.475944  
2827.435993  
2829.464011  
2837.100274  
2836.766445  
2841.883096  
2840.785817  
2831.824892  
2840.958849  
2837.03522  
2844.737003  
2840.301334  
2843.930337  
2843.367643  
2838.119387  
2825.451875  
2822.384464  
2839.167812  
2844.702957  
2853.168357  
2845.365203  
2847.494859  
2848.049737  
2850.224108  
2849.414581  
2843.852513  
2840.511404  
2848.364896  
2853.210415  
2862.002384  
2861.930835  
2868.808366  
2862.201529  
2851.72559  
2846.897277  
2836.687922  
2838.835466  
2832.888042  
2827.188753  
2837.819122  
2839.447442  
2837.511746  
2842.040716  
2838.056821  
2844.183699  
2830.926015  
2839.993881  
2828.138855  
2829.651272  
2822.573639  
2823.523008  
2819.736345  
2821.966164  
2833.512326  
2834.711369  
2819.906708  
2832.776717  
2839.012546  
2838.710818  
2833.78185  
2831.637443  
2844.080473  
2840.961365  
2839.421408  
2834.233201  
2824.380254  
2828.249845  
2836.112305  
2829.281688  
2834.516422  
2832.974516  
2838.02999  
2844.265177  
2840.933034  
2843.37902  
2855.164433  
2845.760924  
2850.983659  
2839.061097  
2842.57528  
2838.679316  
2835.820444  
2820.919383  
2820.222813  
2822.554739  
2824.316444  
2833.357939  
2846.889062  
2853.681168  
2846.36029  
2853.970728  
2834.466641  
2827.225144  
2821.854176  
2817.874384  
2812.795228  
2817.882487  
2817.361295  
2825.648986  
2838.006626  
2829.717181  
2829.524146  
2832.163359  
2838.095166  
2829.123492  
2826.998316  
2815.59145  
2818.286534  
2812.211303  
2809.118867  
2802.589459  
2808.960555  
2810.514077  
2800.260514  
2809.594674  
2817.157244  
2821.3289  
2832.476287  
2830.047278  
2835.29301  
2831.50923  
2839.112331  
2831.366425  
2831.483823  
2832.027486  
2833.915032  
2841.445208  
2841.58764  
2839.345098  
2841.60475  
2844.691944  
2834.405398  
2832.583557  
2844.867363  
2846.344387  
2853.330037  
2849.335375  
2856.644319  
2840.126716  
2843.080555  
2840.395046  
2845.340291  
2846.525615  
2856.071869  
2857.194545  
2853.069691  
2853.634585  
2853.396987  
2843.108299  
2845.973504  
2838.725538  
2843.775406  
2847.696644  
2846.924845  
2845.865253  
2852.735499  
2851.027489  
2853.234115  
2847.862253  
2843.141257  
2850.593298  
2833.946853  
2847.246705  
2846.272644  
2856.275848  
2860.754964  
2855.911797  
2854.809478  
2850.364568  
2841.773569  
2830.684047  
2835.657112  
2826.967784  
2818.711979  
2815.585001  
2814.401992  
2823.742682  
2824.873401  
2835.519257  
2828.443424  
2828.461974  
2835.272156  
2843.031206  
2845.861197  
2841.883622  
2830.854677  
2834.682758  
2834.946759  
2828.129477  
2825.294067  
2822.816142  
2825.791734  
2825.521121  
2842.443827  
2849.884655  
2849.626645  
2854.1745  
2853.070495  
2844.250881  
2830.52861  
2838.313846  
2835.476179  
2845.394834  
2850.546033  
2862.075359  
2858.251105  
2857.178878  
2857.011158  
2856.190935  
2850.865036  
2842.481408  
2842.734983  
2862.570687  
2857.480772  
2858.268772  
2866.135687  
2864.364985  
2869.18347  
2861.056604  
2860.272778  
2856.880692  
2858.124652  
2856.909028  
2848.738902  
2844.419244  
2844.335353  
2843.771324  
2838.106892  
2845.305103  
2837.873246  
2854.210794  
2849.11564  
2831.048885  
2824.495755  
2817.047011  
2816.574542  
2815.640472  
2815.381327  
