3533.718913  
3513.562304  
3495.154695  
3489.576249  
3486.532773  
3484.087726  
3486.871561  
3483.758187  
3484.571767  
3484.469111  
3485.425854  
3488.072985  
3495.448398  
3490.617553  
3489.194304  
3491.119704  
3497.240357  
3501.233309  
3501.017687  
3503.886608  
3495.035943  
3480.63134  
3480.494596  
3474.966452  
3455.234216  
3453.766696  
3450.27404  
3454.251218  
3455.778353  
3459.237998  
3476.030138  
3476.387789  
3478.477634  
3473.539541  
3477.315883  
3479.853959  
3466.241633  
3471.135994  
3486.556474  
3482.57467  
3488.907988  
3497.382801  
3501.884375  
3504.238563  
3501.604579  
3488.024723  
3501.310483  
3504.876343  
3495.129233  
3484.813368  
3485.361266  
3490.511655  
3489.369564  
3483.730696  
3470.574722  
3470.089095  
3478.707636  
3486.363786  
3479.812578  
3482.806833  
3481.943695  
3478.535796  
3481.434697  
3477.837338  
3475.666391  
3470.775815  
3474.900804  
3461.70977  
3458.166225  
3458.894425  
3458.98889  
3468.969586  
3470.864466  
3480.49637  
3471.135103  
3470.180985  
3462.793393  
3452.56384  
3458.422102  
3454.98196  
3456.72283  
3462.922438  
3472.648062  
3477.125247  
3480.973854  
3484.654011  
3482.682376  
3484.576107  
3482.917487  
3481.73758  
3475.578459  
3468.446212  
3461.521521  
3470.993782  
3463.274645  
3460.958966  
3472.585566  
3467.164495  
3462.060221  
3462.804423  
3455.723356  
3460.50144  
3450.867202  
3448.791885  
3439.850986  
3446.361073  
3462.285194  
3480.319448  
3499.369504  
3496.023204  
3499.401362  
3506.044011  
3500.084199  
3489.925423  
3477.094714  
3477.574172  
3468.649951  
3457.689248  
3458.057912  
3456.812355  
3471.652988  
3473.550836  
3477.120159  
3486.958411  
3495.0853  
3496.166939  
3486.391334  
3478.620876  
3471.303921  
3468.231982  
3464.354903  
3455.469127  
3447.592429  
3451.312848  
3453.273214  
3454.343271  
3468.821833  
3476.187812  
3484.155954  
3487.659466  
3487.906617  
3484.703835  
3489.702057  
3489.587567  
3490.29195  
3493.122872  
3495.825088  
3500.446512  
3504.196996  
3506.754472  
3513.222352  
3522.650379  
3531.841233  
3525.805279  
3525.408858  
3517.825811  
3513.435917  
3514.041854  
3488.959237  
3480.872987  
3471.823363  
3475.407821  
3477.778532  
3471.806439  
3458.223675  
3455.986177  
3458.087332  
3462.439954  
3463.206281  
3469.615425  
3481.053198  
3487.973666  
3487.507696  
3496.549963  
3492.874074  
3499.487942  
3499.566739  
3498.898232  
3496.277996  
3502.164147  
3495.87484  
3495.329585  
3494.76499  
3499.905689  
3496.275007  
3495.930995  
3499.989416  
3501.065898  
3502.265151  
3492.867  
3493.6733  
3484.583768  
3489.509787  
3475.610334  
3469.685574  
3464.026381  
3450.810334  
3448.994145  
3458.342916  
3459.340559  
3452.135795  
3454.699226  
3450.795102  
3454.374123  
3448.596239  
3451.25527  
3461.706591  
3471.112686  
3475.21378  
3481.456042  
3484.258438  
3475.603702  
3471.014429  
3454.907255  
3455.956876  
3457.402429  
3463.926558  
3465.526987  
3469.606064  
3478.283918  
3486.195247  
3481.116292  
3474.28331  
3473.05609  
3467.883122  
3464.101695  
3459.89019  
3458.401557  
3460.002523  
3463.195878  
3481.814455  
3482.874761  
3488.689711  
3489.977796  
3476.896826  
3474.724987  
3476.611012  
3479.578745  
3490.108707  
3493.894681  
3506.737134  
3512.770784  
3516.41962  
3528.062022  
3528.160551  
3518.459068  
3509.647142  
3503.814727  
3501.920101  
3494.634457  
3484.288999  
3485.100027  
3477.967519  
3480.54831  
3484.846578  
3480.30632  
3472.574649  
3476.470454  
3466.808149  
3467.921704  
3465.317738  
3460.21441  
3459.967881  
3457.889472  
3452.378194  
3458.67142  
3456.008904  
3456.623372  
3452.65679  
3457.41636  
3448.231049  
3463.276893  
3459.06057  
3461.372612  
3466.940874  
3466.760456  
3466.243376  
3458.494373  
3457.689919  
3445.074399  
3443.063688  
3443.32337  
3442.540422  
3441.046853  
3447.557367  
3439.94564  
3448.314277  
3445.615673  
3449.503756  
3445.462761  
3456.366271  
3474.063435  
3478.239999  
3489.560893  
3503.612973  
3495.297934  
3487.168558  
3484.734603  
3480.46541  
3479.292331  
3464.649702  
3463.316043  
3463.071707  
3465.838973  
3464.446009  
3480.65655  
3492.135478  
3498.863702  
3504.380389  
3510.354974  
3508.922625  
3497.159016  
3492.309243  
3485.013171  
3474.17641  
3477.578651  
3469.83175  
3461.87735  
3466.602913  
3470.574033  
3472.861098  
3477.003272  
3477.383306  
3469.310206  
3466.19776  
3465.005156  
3460.061222  
3464.522403  
3466.540399  
3466.427953  
3462.730733  
3468.286827  
3468.053511  
3468.658201  
3475.534848  
3472.23668  
3475.810276  
3483.91556  
3480.929079  
3483.214545  
3490.005255  
3502.427043  
3498.855671  
3492.571161  
3481.360513  
3481.369216  
3471.09252  
3465.933411  
3464.266745  
3479.001104  
3482.097755  
3494.79939  
3495.54749  
3498.140516  
3506.594053  
3508.849781  
3507.92218  
3497.811579  
3497.756533  
3485.259693  
3477.181017  
3475.493394  
3480.914303  
3470.025335  
3477.39156  
3482.431616  
3491.562196  
3494.855505  
3500.324418  
3493.717398  
3488.89742  
3492.436661  
3484.976274  
3482.006003  
3482.1833  
3476.271896  
3476.019562  
3466.453368  
3476.651769  
3478.478002  
3471.130829  
3484.538974  
3475.904506  
3462.440625  
3464.846337  
3457.974078  
3440.392533  
3443.286223  
3438.771573  
3433.52251  
3441.507185  
3456.578772  
3462.501033  
3472.019396  
3468.625641  
3471.216054  
3472.111177  
3466.569601  
3460.169122  
3448.878616  
3447.312004  
3456.933464  
3455.431043  
3464.24014  
3481.478058  
3487.853262  
3489.421932  
3490.267108  
3488.997434  
3493.027963  
3485.87196  
3482.48793  
3479.941059  
3474.826594  
3472.680924  
3475.090218  
3477.580243  
3471.196147  
3470.047705  
3484.250656  
3489.998518  
3503.361094  
3506.854489  
3513.832644  
3511.938665  
3520.600541  
3515.686157  
3506.825133  
3498.354663  
3507.344052  
3488.438027  
3477.503924  
3466.583814  
3464.105414  
3456.908768  
3463.848775  
3470.11613  
3487.584096  
3487.861189  
3489.998444  
3478.207176  
3470.132709  
3467.802085  
3459.837219  
3446.313271  
3442.783996  
3442.412005  
3452.334949  
3460.137505  
3471.237607  
3474.692038  
3470.98928  
3464.1519  
3460.047111  
3459.267023  
3453.961478  
3443.824529  
3441.031735  
3435.828214  
3443.412463  
3452.833169  
3463.142182  
3491.389817  
3490.115841  
3507.083715  
3530.419563  
3524.710333  
3515.263315  
3510.319905  
3497.744073  
3489.743965  
3479.299543  
3463.862586  
3461.814017  
3471.114827  
3459.706223  
3465.483043  
3471.010253  
3474.524278  
3475.609426  
3473.09417  
3468.557945  
3468.715778  
3465.406171  
3458.269279  
3459.25978  
3462.324612  
3458.822891  
3462.407398  
3463.052999  
3462.678204  
3460.600479  
3467.046839  
3464.770115  
3467.239561  
3464.957089  
3475.877749  
3473.090743  
3466.134571  
3469.541859  
3460.525617  
3458.88375  
3455.745076  
3455.710467  
3462.997717  
3465.992706  
3479.03967  
3481.152438  
3485.83715  
3488.892245  
3498.891513  
3496.963721  
3490.670872  
3485.034243  
3488.90581  
3486.456076  
3490.781969  
3487.696012  
3487.940147  
3483.521266  
3480.909437  
3471.26166  
3464.681306  
3458.360598  
3452.580525  
3463.741608  
3474.096209  
3491.816696  
3499.914003  
3498.849233  
3500.66173  
3500.117665  
3498.608865  
3494.5286  
3487.323474  
3477.860296  
3478.564218  
3481.644917  
3487.612591  
3496.282189  
3495.922654  
3494.019356  
3491.993753  
3481.468518  
3482.161439  
3481.241717  
3474.347511  
3459.511546  
3463.484084  
3468.259475  
3456.827553  
3454.392447  
3452.57902  
3461.543216  
3462.350479  
3471.527823  
3476.708355  
3484.343872  
3487.219623  
3488.92207  
3485.68916  
3478.744586  
3475.826821  
3483.270887  
3487.44557  
3493.637076  
3495.726607  
3501.758073  
3495.792792  
3487.066386  
3473.276797  
3471.811471  
3461.681574  
3463.536569  
3466.797744  
3483.87397  
3484.829463  
3486.82099  
3491.707661  
3483.222846  
3480.555535  
3472.810241  
3472.804624  
3469.147677  
3478.852272  
3470.012715  
3458.596545  
3449.93592  
3454.151927  
3452.764968  
3456.640716  
3468.451361  
3478.340427  
3490.155256  
3494.854714  
3503.595066  
3512.030269  
3503.274119  
3495.74005  
3494.222514  
