2612.962364  
2615.622841  
2596.65509  
2608.072784  
2613.767554  
2605.157371  
2625.039203  
2617.699084  
2624.688149  
2611.540795  
2618.328303  
2610.137066  
2616.33019  
2605.008585  
2604.245205  
2599.052091  
2596.126928  
2605.936474  
2614.597523  
2610.000039  
2624.059197  
2608.919037  
2600.047196  
2588.500141  
2586.670711  
2590.366615  
2583.522805  
2586.20113  
2591.93406  
2601.565533  
2610.122356  
2614.639429  
2602.553761  
2600.400136  
2604.918016  
2604.331606  
2596.08904  
2606.317229  
2597.657728  
2606.096834  
2606.732533  
2613.250615  
2613.962255  
2600.105716  
2612.857466  
2604.450506  
2608.745853  
2600.655961  
2615.292105  
2628.06133  
2634.53668  
2621.478666  
2619.878114  
2611.031125  
2620.257064  
2604.404986  
2603.382199  
2596.134909  
2592.474446  
2601.253657  
2601.111348  
2594.025413  
2607.032031  
2608.91769  
2605.279683  
2596.686905  
2593.438194  
2594.501964  
2595.967186  
2589.801013  
2599.019045  
2606.961639  
2602.343815  
2608.092602  
2605.367526  
2598.583136  
2603.421095  
2599.75037  
2599.412424  
2589.060243  
2590.257367  
2596.107936  
2597.715117  
2595.966149  
2600.743673  
2602.618019  
2609.825202  
2607.825885  
2599.118625  
2594.995401  
2592.705687  
2596.152353  
2592.371742  
2594.932668  
2591.147644  
2593.049764  
2597.51612  
2608.597058  
2603.392101  
2601.264213  
2598.443795  
2589.452328  
2580.479612  
2575.921303  
2581.952701  
2588.731835  
2588.757159  
2594.465654  
2616.881873  
2613.740265  
2620.660271  
2616.886917  
2620.133451  
2604.470944  
2594.927627  
2594.951196  
2595.253205  
2591.861088  
2591.964292  
2600.713695  
2598.382217  
2611.690901  
2606.158905  
2616.572112  
2626.094202  
2617.008095  
2615.854905  
2607.006037  
2605.146434  
2605.589619  
2589.569784  
2600.579612  
2597.024511  
2595.742156  
2595.226462  
2599.744635  
2607.977804  
2611.860048  
2628.063832  
2625.622132  
2624.724073  
2618.104514  
2621.614809  
2610.902061  
2609.947165  
2602.086266  
2596.264658  
2597.476275  
2607.053411  
2610.508044  
2610.870418  
2620.516706  
2610.939987  
2612.44333  
2610.263355  
2602.890401  
2610.457399  
2609.657401  
2610.211386  
2607.132063  
2595.524693  
2582.884016  
2588.55139  
2590.151596  
2587.829935  
2599.581309  
2585.787438  
2599.205131  
2610.322342  
2599.388239  
2609.057818  
2612.95296  
2611.762732  
2616.848654  
2605.3678  
2600.607958  
2605.751461  
2606.460011  
2601.553847  
2601.351881  
2611.264286  
2592.976718  
2597.241721  
2609.268189  
2601.042808  
2617.626291  
2606.424031  
2606.38207  
2610.500095  
2613.582587  
2596.560609  
2603.31304  
2603.481341  
2606.17078  
2588.758177  
2592.053347  
2608.565333  
2607.634493  
2609.978788  
2610.026626  
2625.938607  
2615.010857  
2602.953188  
2603.701947  
2601.831716  
2590.306804  
2603.76738  
2603.049976  
2607.047109  
2607.902482  
2607.334852  
2603.280269  
2597.145176  
2596.730557  
2607.032897  
2598.217921  
2597.709844  
2608.730358  
2613.039426  
2612.627754  
2610.542758  
2606.811563  
2602.306127  
2607.208282  
2594.078219  
2594.702779  
2597.159271  
2596.904614  
2598.978085  
2594.713613  
2610.283482  
2607.143594  
2617.962099  
2620.93819  
2610.763524  
2613.564672  
2616.43311  
2614.236243  
2610.229161  
2605.868841  
2616.636831  
2621.414343  
2619.574934  
2618.016995  
2626.562916  
2610.628376  
2614.165916  
2607.85824  
2611.427643  
2610.379118  
2596.953226  
2608.718318  
2603.063345  
2603.55503  
2605.020196  
2603.285944  
2607.279048  
2613.297446  
2606.829112  
2606.90934  
2608.977926  
2600.038987  
2591.428356  
2599.998146  
2601.99014  
2606.236439  
2596.188648  
2594.074053  
2599.378496  
2607.149646  
2601.504324  
2593.091563  
2602.604409  
2606.772829  
2603.817371  
2604.711472  
2596.066171  
2589.914128  
2588.549189  
2597.173783  
2595.92329  
2599.025937  
2595.59899  
2585.78743  
2587.674959  
2586.468789  
2584.139516  
2581.912938  
2590.934585  
2582.657596  
2594.445995  
2597.69872  
2607.549149  
2610.812567  
2623.689716  
2620.982196  
2619.599959  
2609.197749  
2608.951712  
2616.278449  
2596.562218  
2609.623639  
2597.991965  
2596.25015  
2594.186142  
2609.427258  
2602.689375  
2616.45252  
2606.060557  
2609.698063  
2611.570497  
2623.241011  
2603.679602  
2595.479813  
2589.604541  
2589.994216  
2596.891694  
2587.76924  
2586.580432  
2597.131734  
2610.996507  
2608.962546  
2606.632253  
2613.227132  
2608.652866  
2602.710362  
2587.385385  
2596.870459  
2596.607453  
2599.514003  
2602.516516  
2608.680441  
2611.093926  
2615.94676  
2622.015271  
2612.637978  
2607.649472  
2607.386417  
2607.325117  
2604.953939  
2607.588913  
2613.710683  
2607.29881  
2593.492123  
2613.460985  
2603.733642  
2595.368063  
2595.035156  
2608.904783  
2597.940964  
2614.437311  
2616.256643  
2625.396796  
2621.645053  
2636.13857  
2626.441334  
2618.842154  
2618.502672  
2621.061884  
2611.170076  
2596.52342  
2605.265856  
2603.877466  
2594.498341  
2600.796405  
2602.968104  
2608.855181  
2614.822628  
2620.96069  
2619.940373  
2615.123588  
2616.090733  
2602.862198  
2610.871828  
2603.710285  
2608.358228  
2595.272628  
2595.810767  
2607.198354  
2610.436824  
2605.833011  
2612.773606  
2606.053128  
2606.070155  
2599.095751  
2600.880634  
2589.822381  
2582.494019  
2583.81745  
2588.127686  
2593.747229  
2609.042079  
2612.580094  
2611.266479  
2607.523541  
2613.68717  
2603.591534  
2600.702762  
2591.387826  
2578.18363  
2593.902743  
2592.875823  
2593.160123  
2612.583332  
2609.39009  
2611.16172  
2618.789092  
2611.37834  
2620.854717  
2616.026178  
2607.866726  
2601.201093  
2601.25142  
2610.657887  
2598.372982  
2595.60229  
2613.020484  
2601.011706  
2594.350194  
2610.729583  
2613.720678  
2616.290168  
2617.708231  
2623.145083  
2626.723359  
2626.683136  
2617.940227  
2613.990422  
2607.597959  
2609.642037  
2597.81468  
2597.187789  
2588.895672  
2586.462143  
2596.085662  
2597.330133  
2607.284694  
2610.66292  
2613.618319  
2612.808278  
2612.809782  
2608.86115  
2595.045658  
2595.851562  
2601.364092  
2587.874508  
2594.501234  
2599.097505  
2598.974178  
2601.138808  
2597.508278  
2608.290533  
2599.879916  
2605.064815  
2602.390632  
2597.287173  
2593.921693  
2586.90609  
2586.018004  
2589.584701  
2596.456074  
2599.03174  
2598.210649  
2606.177293  
2606.544921  
2609.17092  
2615.162258  
2627.896409  
2608.805329  
2618.572426  
2612.906194  
2596.246913  
2594.350403  
2594.16199  
2595.686064  
2582.284182  
2580.055869  
2590.462359  
2589.892297  
2597.631054  
2594.694727  
2600.082897  
2603.30732  
2596.474405  
2599.331349  
2592.649003  
2592.606438  
2600.980234  
2585.044674  
2595.400783  
2597.690977  
2586.810878  
2590.62555  
2597.143366  
2586.177454  
2582.406359  
2592.867223  
2593.197342  
2590.739272  
2598.035823  
2603.680704  
2589.947731  
2596.471707  
2597.669931  
2604.445174  
2605.72436  
2604.906852  
2613.149176  
2615.01219  
2617.362899  
2605.661704  
2615.909243  
2610.012715  
2605.343241  
2613.38751  
2599.172308  
2608.428259  
2608.450814  
2593.929379  
2612.610494  
2613.525682  
2599.514804  
2598.482425  
2604.95508  
2589.952736  
2610.649471  
2602.311331  
2613.340821  
2604.905821  
2618.157393  
2615.108753  
2607.071445  
2597.622778  
2613.485917  
2601.374142  
2598.027268  
2592.769668  
2596.07882  
2608.233014  
2606.103325  
2608.49826  
2606.962357  
2615.055958  
2608.385663  
2608.136545  
2607.518786  
2607.813911  
2603.038404  
2593.453844  
2599.128328  
2589.891608  
2587.688013  
2579.937301  
2586.861613  
2599.703406  
2594.217499  
2608.286191  
2605.118761  
2609.968487  
2609.59145  
2616.587454  
2599.769489  
2600.784381  
2611.658746  
2607.992488  
2618.412274  
2615.099605  
2627.462207  
2618.98473  
2607.772434  
2611.096866  
2609.946191  
2601.286943  
2590.906206  
2606.951258  
2615.261584  
2614.324915  
2604.124613  
2615.736065  
2611.601672  
2598.711967  
2603.178669  
2605.787763  
2602.42207  
2587.461467  
2587.41841  
2581.875472  
2595.112797  
2603.941039  
2617.468744  
2594.372907  
2599.614263  
2617.992085  
2615.795146  
2622.903121  
2623.587464  
2636.334898  
2624.971499  
2617.089064  
2609.159343  
