2864.29548  
2861.595327  
2862.340708  
2864.980071  
2870.301528  
2876.498562  
2864.305747  
2873.136466  
2875.871553  
2861.076776  
2859.745115  
2850.08724  
2866.089921  
2866.303974  
2854.462819  
2867.492314  
2855.102554  
2852.328676  
2865.083502  
2868.616804  
2865.763252  
2864.246545  
2873.198263  
2865.057618  
2851.723009  
2865.651965  
2872.914625  
2866.124524  
2872.754055  
2867.737676  
2863.287936  
2865.701266  
2867.970275  
2859.680707  
2860.472368  
2867.8155  
2850.403946  
2851.339628  
2863.255503  
2866.789115  
2870.457658  
2871.711888  
2890.326895  
2880.603234  
2873.277546  
2865.905011  
2871.612973  
2865.860804  
2866.430657  
2861.4965  
2863.498359  
2869.615138  
2874.442362  
2869.671692  
2864.183909  
2864.553938  
2861.784832  
2864.012027  
2867.001002  
2855.323131  
2855.297376  
2865.325618  
2853.938772  
2863.55798  
2855.244732  
2850.409513  
2862.103773  
2853.800098  
2865.033119  
2860.995682  
2857.220599  
2858.446263  
2860.105648  
2861.924964  
2865.290489  
2865.9262  
2877.459834  
2868.387357  
2859.471654  
2865.65256  
2856.525905  
2864.529198  
2854.938975  
2856.048499  
2852.796066  
2869.530252  
2865.965199  
2876.729003  
2876.078961  
2883.886773  
2874.971112  
2875.07552  
2870.77986  
2868.766739  
2874.124543  
2879.976023  
2885.651065  
2881.244634  
2877.044815  
2872.581521  
2866.680342  
2872.103607  
2873.426828  
2869.676866  
2856.550829  
2862.892617  
2857.244117  
2860.669859  
2855.873788  
2855.679849  
2866.653371  
2865.343478  
2867.179151  
2854.634258  
2868.352749  
2866.114938  
2853.889689  
2866.345694  
2864.075758  
2858.456967  
2871.754809  
2866.413661  
2869.068429  
2852.967792  
2861.925699  
2868.202424  
2860.73467  
2863.526207  
2860.76455  
2864.89873  
2867.523035  
2870.789249  
2867.467286  
2865.764069  
2872.187597  
2868.625312  
2870.12799  
2870.181343  
2873.514178  
2860.791276  
2870.247849  
2873.018579  
2868.690384  
2863.087183  
2861.953363  
2871.847683  
2867.114811  
2859.09763  
2866.021124  
2865.66839  
2861.809158  
2870.121899  
2865.703353  
2872.60137  
2861.243848  
2861.33196  
2871.39527  
2865.231525  
2873.452717  
2873.112401  
2865.844921  
2873.797239  
2874.259554  
2879.877778  
2881.915345  
2874.350954  
2881.342696  
2888.184513  
2887.374226  
2878.736157  
2874.845461  
2885.631383  
2885.161432  
2882.458606  
2878.328653  
2876.912663  
2881.694919  
2882.041755  
2872.272492  
2875.73284  
2876.009134  
2871.233663  
2874.678569  
2873.380802  
2879.270629  
2873.980918  
2883.143018  
2870.359972  
2868.541399  
2863.433132  
2870.974111  
2870.416916  
2871.257527  
2872.029456  
2871.705106  
2868.432442  
2865.607236  
2866.187958  
2872.075918  
2861.50652  
2872.566565  
2874.516394  
2864.858691  
2875.118605  
2871.040119  
2874.729081  
2874.254827  
2881.998566  
2871.816864  
2878.996897  
2875.244729  
2876.44755  
2869.824748  
2869.493425  
2878.053508  
2879.071908  
2888.803171  
2886.723109  
2885.848537  
2882.646907  
2885.107088  
2880.227254  
2889.564644  
2889.04495  
2880.626846  
2891.999863  
2890.359952  
2889.949948  
2883.767625  
2888.385288  
2887.286727  
2879.545297  
2874.045165  
2873.140207  
2874.665981  
2874.100123  
2876.084627  
2870.321259  
2884.456891  
2872.850005  
2881.581041  
2876.610751  
2876.280721  
2878.14449  
2883.787597  
2877.660269  
2884.626173  
2888.349376  
2876.102296  
2874.790561  
2876.66652  
2876.940143  
2876.099491  
2882.452421  
2881.04322  
2874.397689  
2875.698346  
2865.735769  
2880.443754  
2878.728329  
2877.760234  
2879.522429  
2865.168594  
2877.26965  
2880.649643  
2870.435256  
2872.507308  
2876.03262  
2880.596656  
2881.585244  
2879.694065  
2883.584606  
2872.28711  
2877.463657  
2872.646251  
2867.060992  
2879.960185  
2869.046775  
2865.788939  
2869.103402  
2876.622878  
2864.536138  
2873.543796  
2884.922313  
2870.300825  
2866.924872  
2874.544844  
2881.224371  
2870.74104  
2859.192891  
2867.192315  
2879.285554  
2876.687901  
2886.582566  
2872.701364  
2874.908548  
2873.74151  
2867.472133  
2866.532207  
2873.734851  
2863.592467  
2872.436685  
2867.777914  
2876.689988  
2878.126752  
2883.338965  
2879.204751  
2883.949196  
2880.786228  
2883.001463  
2874.698718  
2867.040443  
2871.163618  
2872.497199  
2869.9148  
2885.923642  
2873.300247  
2872.885625  
2876.923217  
2877.817318  
2873.348982  
2883.891906  
2883.454198  
2869.404716  
2878.281484  
2883.516194  
2877.189525  
2882.623857  
2883.314281  
2884.646462  
2884.494622  
2884.870903  
2880.530934  
2881.030049  
2889.231844  
2887.265702  
2874.571192  
2879.828494  
2886.980684  
2886.642833  
2885.251225  
2888.416482  
2882.763275  
2886.153589  
2882.848807  
2884.96386  
2883.579151  
2892.569442  
2888.5548  
2886.098073  
2888.699595  
2891.026798  
2889.582667  
2885.239028  
2886.925815  
2890.290541  
2886.283659  
2890.161276  
2879.765379  
2893.527831  
2888.444862  
2879.581063  
2886.326241  
2885.557892  
2881.519  
2882.950233  
2879.268488  
2871.1652  
2868.384765  
2883.876614  
2873.098104  
2881.661879  
2889.905661  
2889.290114  
2883.567753  
2890.224634  
2878.574563  
2890.006067  
2892.929378  
2893.006883  
2894.626021  
2898.735738  
2893.622256  
2884.708495  
2890.705311  
2883.081624  
2890.978887  
2898.618125  
2894.30423  
2899.562376  
2911.157511  
2902.739494  
2899.826884  
2891.318199  
2895.992141  
2875.321557  
2877.857816  
2883.689361  
2871.986711  
2861.114397  
2872.592732  
2874.165276  
2874.952326  
2873.049926  
2892.516059  
2890.333322  
2889.048636  
2899.166573  
2894.615967  
2887.265668  
2890.259699  
2885.301434  
2890.434457  
2879.696513  
2883.166483  
2879.845768  
2874.76569  
2884.469132  
2882.407725  
2885.166222  
2891.540264  
2879.730673  
2883.953901  
2882.555148  
2880.266375  
2881.061718  
2875.258141  
2869.94371  
2875.843337  
2880.307353  
2875.541965  
2882.880572  
2886.847451  
2880.322466  
2888.367852  
2887.515363  
2889.087599  
2883.362353  
2883.141884  
2892.264077  
2878.848168  
2890.5571  
2881.649597  
2880.485645  
2884.908197  
2889.174713  
2887.131483  
2877.724289  
2886.474176  
2890.197859  
2887.325528  
2885.64282  
2894.136737  
2884.125725  
2888.397594  
2892.97353  
2886.664817  
2888.720573  
2884.835196  
2888.342657  
2896.810715  
2898.352165  
2902.339317  
2895.342248  
2907.974617  
2902.911265  
2898.977598  
2890.470646  
2895.777421  
2892.435303  
2887.395636  
2885.301144  
2882.877953  
2893.219388  
2890.76467  
2899.667199  
2898.027338  
2894.291862  
2901.597045  
2889.453366  
2889.366468  
2890.438644  
2884.203457  
2888.106854  
2882.065255  
2887.447685  
2880.819764  
2890.315876  
2898.61399  
2900.535504  
2904.154877  
2897.2705  
2889.968232  
2887.934166  
2888.056915  
2883.266008  
2884.364421  
2886.136074  
2885.882064  
2888.583068  
2886.715184  
2897.387315  
2901.971496  
2900.422722  
2897.538632  
2905.098506  
2904.528047  
2898.692319  
2890.898841  
2886.312721  
2890.863984  
2882.669452  
2892.580747  
2891.978179  
2894.827633  
2894.742307  
2898.964632  
2901.673636  
2893.479567  
2891.488923  
2890.364193  
2894.701938  
2889.946176  
2880.327836  
2879.11757  
2881.044377  
2877.852982  
2870.065662  
2904.541227  
2906.446046  
2911.676964  
2913.192621  
2910.068062  
2906.904366  
2903.631178  
2908.472768  
2898.969492  
2894.629129  
2887.91539  
2876.998008  
2878.129453  
2868.68797  
2871.69142  
2872.732376  
2889.885711  
2896.639121  
2900.508634  
2889.167347  
2886.243725  
2879.783649  
2874.642696  
2879.538026  
2882.9892  
2882.150973  
2876.380648  
2883.887915  
2887.924408  
2884.004464  
2893.466694  
2888.670156  
2894.725725  
2895.295484  
2890.726877  
2872.346081  
2879.366639  
2881.582325  
2880.157442  
2880.002721  
2884.138496  
2883.932299  
2899.377549  
2895.102575  
2900.770213  
2890.384071  
2890.972439  
2897.746023  
2897.111112  
2897.293747  
2888.669925  
2892.585008  
2892.668697  
2894.747956  
2907.66622  
2903.812931  
2903.232208  
2900.482354  
2896.396295  
2891.213986  
2891.084868  
2885.579379  
2892.432776  
2889.735461  
2895.11811  
2893.407112  
2900.212091  
2894.649099  
2900.976771  
2897.927757  
2893.532518  
2903.968734  
