0.4397617004  
-0.5562964388  
-0.9632638058  
-0.9828570252  
-0.9280860906  
-0.5033425726  
-0.6121083902  
-0.6895545994  
-0.5945686355  
-0.5035525862  
-0.7357177977  
-1.148219952  
-1.280621869  
-1.478593467  
-1.495658338  
-1.047652074  
-1.346305117  
-1.19263077  
-0.9124951143  
-1.099643738  
-0.8813034168  
-0.6356715104  
-0.996889028  
-0.9043629349  
-0.8917003469  
-1.162182677  
-0.9963674882  
-0.9669354719  
-0.9902544738  
-1.107075763  
-1.082516545  
-1.171636476  
-1.027626976  
-0.9212090599  
-0.9292744709  
-0.8722276849  
-1.250145688  
-1.133358728  
-1.248052077  
-1.013835772  
-0.6251586221  
-0.3978869608  
0.1059097892  
-0.07970464589  
0.07167855179  
-0.03643924535  
-0.3660279906  
0.06600696801  
-0.237307542  
-0.256784635  
-0.06816791178  
-0.1693587896  
-0.4373726837  
-0.5349639076  
-0.2350909496  
-0.322947564  
-0.3020603418  
-0.7282206101  
-0.8220595646  
-1.415678664  
-1.571656362  
-1.697015752  
-2.153627722  
-2.23094642  
-1.886691719  
-2.001307351  
-2.002655845  
-1.990759755  
-1.964084884  
-1.810740294  
-2.000879167  
-1.798556834  
-1.760456013  
-1.637127042  
-1.391472926  
-0.9540639498  
-1.274081478  
-0.6902922698  
-0.8198305483  
-1.1038958  
-1.094672557  
-1.116326671  
-1.209010668  
-1.120582174  
-0.7975683567  
-0.6196625834  
-0.6661157073  
-0.2110928216  
-0.2816917306  
0.01533167744  
-0.06026474089  
0.04401697196  
-0.1265406459  
-0.06570177658  
-0.05443637502  
-0.3853921859  
0.01505025008  
0.1064150335  
0.01102512122  
0.2745797057  
0.4583671007  
0.7884472842  
0.7173134022  
0.637567134  
0.5561531738  
0.3100564122  
0.2617588764  
0.06125287247  
0.1166578571  
-0.06124757421  
0.0009840233068  
0.1082593583  
0.02587436181  
-0.1506913437  
-0.4359299938  
-0.2328722187  
-0.2713660234  
-0.422406709  
-0.31971034  
-0.378767449  
-0.2681838377  
-0.3559160193  
-0.6480364157  
-0.4886878688  
-0.5485333787  
-0.783999258  
-0.8022857524  
-0.7299975135  
-0.8709193959  
-0.8584569934  
-0.6109603655  
-0.7003147555  
-1.056509586  
-0.7414480404  
-0.760932636  
-0.8681013648  
-0.7071888318  
-1.093930989  
-0.7509193604  
-1.036151291  
-0.5900271422  
-0.8321255181  
-0.6689697803  
-0.6476418614  
-0.3877727034  
-0.7309453368  
-0.3041662345  
-0.5286280864  
-0.3229897842  
0.04635932662  
-0.204557221  
-0.3373909447  
0.1545100241  
0.03716458547  
-0.0370044957  
-0.2372178028  
-0.3436556592  
-0.2249864258  
-0.2726467365  
-0.3430922694  
-0.5344853626  
-0.4722042878  
-0.4879379892  
-0.279505795  
0.02731106917  
0.2715660135  
0.08940055948  
0.03436578535  
0.1748760423  
0.2767876817  
-0.2596514006  
-0.3075492238  
-0.3875296162  
-0.6528514392  
-0.3222640339  
-0.1351629723  
0.4223700905  
-0.3239104473  
0.1897088408  
0.3026054043  
0.1093090738  
0.3714219592  
0.3534701864  
-0.2481809398  
-0.4808104709  
-0.4542757618  
-0.678315078  
-0.6226955081  
-0.7170659765  
-0.3040802855  
-0.3467625399  
-0.289888052  
-0.1821797218  
-0.2748034951  
-0.1571471842  
-0.6949321427  
-0.5196120255  
-0.4940678836  
-0.7535026296  
-0.7327052112  
-0.5224214447  
-0.4157852229  
-0.8087466907  
-0.3763929297  
-0.2727149109  
-0.3371277533  
0.06261788296  
-0.1424914404  
-0.3529100316  
-0.1562733009  
-0.5459210066  
-0.5026011745  
-0.4091344688  
-0.4519308237  
-0.3205121373  
-0.2279313252  
-0.2024502499  
0.1288441767  
0.1997207256  
-0.009957091228  
-0.1173537966  
0.1625651881  
0.1835158236  
0.1872941094  
-0.2197730404  
-0.2947403257  
-0.2012190957  
-0.1107878535  
-0.1352697258  
-0.2301976348  
-0.1533527172  
-0.02528266451  
-0.08813334574  
-0.2473367551  
-0.385935562  
-0.01295576283  
0.1048016843  
-0.098574252  
0.09981524658  
0.07059084375  
-0.1633661163  
0.1105446584  
-0.07042725414  
0.09993631994  
0.4133572842  
0.3226801264  
-0.2102805806  
-0.2577810547  
-0.1919097236  
-0.2982659546  
0.3551127061  
0.1262319527  
0.004311951366  
-0.1070623432  
-0.2708332122  
-0.2242241995  
-0.09663460452  
-0.3684013153  
-0.526804456  
-0.6894069151  
-0.331198429  
-0.3978923258  
-0.3433131001  
-0.3490145766  
-0.5451349838  
-0.389726907  
-0.7519887823  
-0.4539612823  
0.08387582776  
0.1704161718  
0.1554341163  
0.2388415004  
0.1909243077  
0.3399199446  
0.2377823876  
0.004403008934  
0.09460055269  
-0.1384544481  
0.04732037104  
-0.399468106  
-0.09537117416  
-0.2531204571  
0.03090839155  
0.1284405699  
-0.249214038  
-0.2974918791  
-0.2624862688  
-0.5796089362  
-0.6135790005  
-0.8179367249  
-1.026948717  
-0.8559541598  
-0.7699758548  
-0.5197790841  
-0.7447952412  
-0.6385043013  
-0.6001793718  
-0.57247495  
-0.6651695599  
-0.8199138477  
-0.8748129666  
-0.8509482833  
-0.8799170935  
-0.7646952323  
-0.2170802115  
-0.05517515845  
-0.0381695742  
0.1365399372  
0.05196670616  
0.01640627172  
-0.09117495856  
-0.4911192468  
-0.1569325838  
-0.3336160697  
-0.4032586671  
-0.3470691055  
-0.6986587956  
-0.4940286975  
-0.479216991  
-0.4989920231  
-0.5890351301  
-0.05726610564  
-0.2994551148  
-0.1805552095  
-0.03190585965  
-0.1416064735  
-0.3222032046  
0.2118355813  
0.135424596  
-0.1029216324  
0.1670630381  
-0.08868740722  
-0.2521273404  
-0.3673247883  
0.1381839569  
-0.04685939401  
0.2460847135  
0.2086558273  
0.3481193336  
0.3801640147  
-0.2247903766  
-0.3170380259  
0.06265028328  
0.2670557231  
0.003049936591  
0.02912389055  
0.2232894893  
0.1504665634  
0.3526046305  
0.3912730798  
-0.05357441889  
-0.07639852607  
0.00502753704  
-0.03503175204  
0.02215952419  
0.6319166329  
0.5141591844  
0.6789745357  
0.808472416  
0.8299904877  
0.5228865041  
0.6351165881  
0.5574547848  
0.7087601874  
0.2732497263  
0.2679754005  
0.458387902  
0.1659703599  
0.2273323569  
0.3365108001  
0.3657379631  
0.5175964908  
0.7674348355  
0.6497761584  
0.7981672363  
0.9276313501  
0.8213769266  
1.233106529  
0.8719783368  
1.218277866  
1.217444928  
1.088084252  
0.8667721299  
0.8691433393  
0.790577799  
0.532757105  
0.6535368497  
1.152831464  
1.146828851  
1.755750335  
1.462219334  
1.333207098  
1.494006129  
1.035138956  
0.734264899  
0.5749451957  
-0.09378434032  
0.3967360054  
-0.156151275  
-0.6112777439  
-0.3918672824  
-0.6046597322  
-1.054967962  
-0.8055325811  
-0.6612790746  
-0.1061604231  
0.2369265841  
0.6662077821  
1.032498569  
0.9922342016  
0.6878459911  
0.3536192591  
0.4355877811  
0.6541122661  
0.3160806167  
0.2529208936  
0.4122625553  
0.4029493316  
0.3952153169  
0.5125128696  
0.49151787  
0.8796983623  
0.8065480255  
0.5782711159  
0.3398179742  
0.2618651603  
-0.3276563383  
-0.5530420563  
-0.9627523893  
-0.7072899478  
-0.9110064465  
-0.7659678414  
-0.3150988439  
-0.3250133827  
-0.149033101  
-0.2407688974  
0.1254108234  
0.3140070769  
0.1774812715  
-0.04607001506  
-0.06798154196  
0.4573364973  
0.3348878058  
0.03831258888  
0.03595757452  
-0.01524439512  
-0.3143720015  
-0.52263857  
-0.3566133389  
-0.4946100358  
-0.02370602312  
-0.1913661147  
-0.3003077227  
-0.3906407702  
-0.1440970758  
-0.3822629313  
0.04684960661  
0.06148584749  
-0.1278783706  
0.004658337548  
0.03290053301  
0.9200098027  
1.315139373  
1.53387413  
1.22836189  
1.689656715  
1.317882114  
1.229407244  
1.315046008  
0.7082307873  
0.7014578018  
0.4284533274  
0.3573089812  
0.4988287151  
0.2234798201  
0.3990191533  
0.6865523332  
0.5675802501  
0.6419381368  
0.7963059552  
0.8900388951  
0.6914646088  
0.5314863164  
0.2339231258  
0.5460945697  
0.1521336072  
0.4167310496  
0.69719979  
0.9564071188  
1.011548987  
1.123672615  
1.005668829  
1.122842077  
0.8809328131  
0.8521338243  
0.5995280887  
0.6444894415  
0.5228937157  
0.5694192529  
0.5379944515  
0.8180232457  
1.209209448  
1.173097037  
1.502398517  
1.331710925  
1.416308038  
1.291394406  
1.377284312  
0.7439196462  
1.136049602  
0.5915446165  
0.9857223868  
1.040088814  
1.087837719  
1.208269387  
1.220958511  
1.955273957  
1.715967833  
1.617770282  
2.033145391  
1.648381621  
1.265493379  
1.186506431  
0.9530244137  
0.7782915198  
0.6933499264  
0.296242854  
0.1652403662  
0.7467302003  
1.196653916  
1.278131848  
1.364680052  
1.319609588  
1.683224037  
1.48663028  
1.411617574  
0.8700241977  
0.497433923  
0.6423147146  
0.3943806155  
-0.3158450984  
-0.345361512  
-0.5081175976  
-0.03888888475  
-0.1196982307  
0.1550621753  
0.1889209758  
0.1002165079  
0.2642875512  
0.04535172877  
-0.120798686  
-0.335551295  
0.08108799951  
-0.05792151617  
-0.3021043403  
0.06368751511  
0.02016418178  
0.08250135964  
0.5771195238  
0.7248519061  
0.7165395752  
0.7106704998  
1.006201248  
1.039328153  
0.059903376  
0.230263127  
0.07296638059  
0.1492569351  
0.316443536  
0.2243811438  
0.3221111215  
0.4117106168  
0.3075682867  
0.6261625284  
1.003669595  
0.8705387165  
1.251440981  
1.558435752  
1.375687499  
1.245887203  
1.115924095  
0.9597894729  
1.395129119  
1.125850364  
1.405582367  
1.243300286  
1.463269779  
1.373715468  
1.356789866  
1.094263873  
0.8740036111  
1.044109507  
0.6809661489  
0.7358931759  
1.249929359  
0.9648874673  
0.9728891198  
1.04555791  
0.6438784492  
0.7686012396  
2.049583978  
1.283628887  
0.650743353  
0.4784875294  
0.3237060752  
0.2942330063  
0.3881495095  
0.2533789605  
0.3365541939  
0.2940053523  
0.3283883869  
0.3518891225  
0.692861373  
0.4917361414  
0.482458771  
0.5213360549  
0.7650659663  
0.9177963855  
0.8444318368  
1.042945687  
0.6648268929  
0.1108018124  
0.1046600716  
-0.08740918159  
-0.8809413418  
-0.8963740367  
-1.040704091  
-0.8609319242  
-0.7860571495  
-0.7039829661  
0.04824817452  
0.03431341917  
0.1319146969  
-0.1149933747  
0.001263304784  
0.09877228666  
-0.4526157403  
-0.2216393211  
0.3066073653  
0.197548421  
0.4147005828  
0.7456118702  
0.9385069852  
1.011310219  
0.9044754189  
0.4061962103  
0.9318521441  
1.063465536  
0.7141478845  
0.3168096064  
0.3110809121  
0.5501759726  
0.543003959  
0.2924523708  
-0.2353638568  
-0.2062345308  
0.07198120924  
0.416209628  
0.1306639923  
0.2361835164  
0.2309205107  
0.02807540709  
0.1856138831  
-0.02239927412  
-0.08601097271  
-0.2676995271  
-0.09969021505  
-0.6425753478  
-0.7434877234  
-0.6890269929  
-0.7189353673  
-0.2198059632  
-0.1580686412  
0.1771940835  
-0.1905193808  
-0.2548176504  
-0.5438795202  
-0.9864347903  
-0.7915954604  
-0.8625434843  
-0.8299546092  
-0.5516988616  
-0.183336335  
-0.02903255633  
0.1441138812  
0.2411656909  
0.1449202892  
0.2641352247  
0.1270507162  
0.1216802115  
-0.1543843363  
-0.3255273581  
-0.6227864564  
-0.1878265306  
-0.4690441802  
-0.6027169132  
-0.1907832268  
-0.4047777976  
-0.6471599083  
-0.5084219952  
-0.8503233869  
-0.6630702986  
-0.9894619497  
-1.130257294  
-1.482368926  
-1.24941184  
-0.5687382384  
0.09455597006  
0.8552591477  
0.6703882773  
0.8239512186  
1.14316217  
0.890826421  
0.451754587  
0.03768268646  
-0.02467294258  
-0.3413483967  
-0.8320903924  
-0.7073281725  
-0.747954592  
-0.138555579  
-0.1201815629  
0.04122259455  
0.3826610864  
0.7749706398  
0.8368768808  
0.4128999706  
0.09937059054  
-0.2032121986  
-0.343702255  
-0.4790253571  
-0.8665389767  
-1.187862301  
-0.9605774979  
-0.8714563747  
-0.8819259127  
-0.2577232374  
0.00812361313  
0.2713216518  
0.4284376817  
0.4155932844  
0.294543896  
0.457584364  
0.4864651427  
0.4477884136  
0.6038554743  
0.7460099546  
0.9131938218  
1.015992107  
1.072171393  
1.36641209  
1.727948378  
2.100395176  
1.867256388  
1.824008  
1.553084188  
1.415497853  
1.457784569  
0.4303107051  
0.1675969063  
-0.2474596595  
-0.05067939865  
0.06173701309  
-0.1849836372  
-0.7501496674  
-0.7932442949  
-0.7359879193  
-0.5475756116  
-0.5213329469  
-0.3178604678  
0.1721216375  
0.3379453872  
0.3491473124  
0.7053491234  
0.5879716397  
0.7979076458  
0.8010528235  
0.7553479618  
0.6530170697  
0.8576156242  
0.6371516013  
0.6036972445  
0.5359571826  
0.7342230755  
0.687943491  
0.6309470349  
0.7841822432  
0.8419256908  
0.8993949021  
0.4970749923  
0.5532210338  
0.2036761616  
0.418804242  
-0.117535952  
-0.3604869343  
-0.4774947247  
-0.9928226685  
-1.060120924  
-0.7242901031  
-0.6296921691  
-0.9541430269  
-0.7701062949  
-1.022064573  
-0.8743730965  
-1.118180503  
-0.9892928462  
-0.5196710735  
-0.2093221265  
-0.0300997939  
0.1544522815  
0.2802577856  
-0.06121364885  
-0.2255125123  
-0.8856570273  
-0.7829484101  
-0.7179962898  
-0.5145858886  
-0.4215123275  
-0.2759578023  
0.09769191276  
0.387490091  
0.1427326089  
-0.1441411043  
-0.1720139841  
-0.422520653  
-0.4966340391  
-0.6978784513  
-0.7488541893  
-0.6273817174  
-0.4936418481  
0.1787490923  
0.2676098403  
0.459416948  
0.5243999663  
-0.01112008564  
-0.1291733703  
-0.02009453059  
0.1049729323  
0.4784743428  
0.6235382796  
1.160239454  
1.313091756  
1.505757416  
1.956919714  
1.947260921  
1.550182487  
1.238033249  
0.9529044445  
0.910380417  
0.5858928629  
0.2477108579  
0.2424731003  
-0.004467602622  
0.07215209267  
0.205319972  
0.04758450859  
-0.3070897386  
-0.0415544306  
-0.5102708095  
-0.4497948206  
-0.507157175  
-0.7755012739  
-0.704967325  
-0.7171772914  
-1.016222728  
-0.7601199241  
-0.8586075947  
-0.8084079053  
-1.005428158  
-0.8456257471  
-1.182716437  
-0.5278814893  
-0.7512304755  
-0.6851444035  
-0.4202304723  
-0.3896760462  
-0.4238076724  
-0.7145593156  
-0.6993580527  
-1.217312098  
-1.326007464  
-1.312978579  
-1.22499059  
-1.32979191  
-1.075364298  
-1.430041472  
-1.074197649  
-1.243382978  
-1.029289334  
-1.252058115  
-0.745539048  
-0.08308848376  
0.09847777747  
0.4827053021  
1.061762293  
0.7662511036  
0.4471936776  
0.3501384854  
0.1350848262  
0.09611070862  
-0.5262260692  
-0.5359880196  
-0.5429726538  
-0.403794155  
-0.4734571258  
0.1508277424  
0.5932647131  
0.8832343376  
1.036832504  
1.376465272  
1.268533148  
0.8057849884  
0.5245063996  
0.274191374  
-0.1642259946  
0.003894762611  
-0.2903846393  
-0.5881822187  
-0.3844721034  
-0.2301812961  
-0.1523171292  
-0.008882150534  
0.06531595046  
-0.2832458008  
-0.3924537685  
-0.3887935577  
-0.7089268158  
-0.4902146075  
-0.4263794824  
-0.431372324  
-0.6116290146  
-0.3611475713  
-0.3509282705  
-0.3554733885  
-0.08991347869  
-0.2040207552  
0.02444806221  
0.301850025  
0.1705226677  
0.2074682225  
0.5004642945  
0.9762066631  
0.8704564984  
0.5477232435  
0.1315359618  
0.1529056481  
-0.2453259731  
-0.4728526233  
-0.4939156054  
0.07156409575  
0.2494240007  
0.7631412866  
0.7038935082  
0.814853519  
1.134588831  
1.221963561  
1.184679817  
0.754252761  
0.788060889  
0.2836564352  
-0.04965911924  
-0.2131864083  
0.09475041421  
-0.3284040279  
0.02033288345  
0.1634323463  
0.5396054853  
0.6477686285  
0.8606646136  
0.595700779  
0.3507602079  
0.5598190459  
0.2375953002  
0.08117892866  
0.1489578685  
-0.07312857302  
-0.09794276338  
-0.5054961371  
-0.06727843313  
0.02958664375  
-0.3120492808  
0.3207589206  
-0.123503212  
-0.6231114158  
-0.5362739843  
-0.7816354683  
-1.422102218  
-1.281419498  
-1.466444812  
-1.756138852  
-1.363107481  
-0.7441649574  
-0.507764197  
-0.1255460857  
-0.3510092516  
-0.2060660076  
-0.2160744123  
-0.4547665791  
-0.7108644617  
-1.090519834  
-1.17258976  
-0.7425462271  
-0.8520617599  
-0.4324814181  
0.2274548375  
0.4284910843  
0.5648184793  
0.4733419251  
0.5192817888  
0.6375905381  
0.3881400724  
0.2574110703  
0.1358785149  
-0.1020849271  
-0.1260244922  
-0.02986564981  
0.08987056747  
-0.1885946333  
-0.2227411589  
0.3542363933  
0.5319954101  
1.080018426  
1.093286934  
1.446527233  
1.260178209  
1.627708465  
1.440772064  
1.011735961  
0.7376068689  
1.102306436  
0.411356491  
-0.0894649432  
-0.4773269707  
-0.5384587571  
-0.8041208085  
-0.5350281198  
-0.2546793604  
0.4163624235  
0.4651115445  
0.5967156276  
-0.002537870158  
-0.2619711185  
-0.3531173596  
-0.6428286671  
-1.233238998  
-1.320954875  
-1.372258746  
-0.9204341967  
-0.6297790812  
-0.2317134302  
-0.07709720494  
-0.1814966894  
-0.5023720684  
-0.7023546473  
-0.7243111643  
-0.8912143037  
-1.247559992  
-1.466111683  
-1.614628978  
-1.374898833  
-0.9775555008  
-0.5920006324  
0.5565197705  
0.4444224227  
1.155766865  
2.0579756  
1.844561835  
1.474690034  
1.305210207  
0.7515028017  
0.5664423047  
0.08995148088  
-0.4933201827  
-0.571542265  
-0.2227861403  
-0.6647119395  
-0.4856067782  
-0.2939769476  
-0.1468740001  
-0.1182554958  
-0.2239111151  
-0.3759158559  
-0.386917207  
-0.5436375096  
-0.7909215421  
-0.67018561  
-0.6124881473  
-0.7120154259  
-0.5514912035  
-0.5557648607  
-0.5794425257  
-0.6540063294  
-0.4022253295  
-0.5026016105  
-0.3768128367  
-0.5603139652  
-0.06474880258  
-0.2336175361  
-0.4947447927  
-0.2616762027  
-0.7028386744  
-0.7254649155  
-0.7836380059  
-0.8595628368  
-0.50198734  
-0.4310431343  
0.1193059964  
0.1987893387  
0.3529874274  
0.4470957188  
0.7743364121  
0.7514687565  
0.5351962324  
0.2462184704  
0.5037011055  
0.3064772065  
0.5512804594  
0.375782863  
0.3625247486  
0.2597863925  
0.1220060733  
-0.2609028451  
-0.4834763766  
-0.7049432616  
-0.9862890475  
-0.5115238504  
-0.1012601515  
0.6060581383  
0.8714688979  
0.8065745897  
0.8001370386  
0.8962432021  
0.8151529828  
0.5911976544  
0.3353743534  
-0.09345218202  
-0.05853608446  
0.138810522  
0.3548068923  
0.6958033366  
0.6958494356  
0.5786510127  
0.5330238145  
0.04580952802  
0.211390003  
0.1995791816  
-0.1204030713  
-0.6839739542  
-0.5219393255  
-0.3023398379  
-0.7111059013  
-0.8543275134  
-0.9438422136  
-0.5175427149  
-0.514663799  
-0.1528343454  
-0.03727569726  
0.2951883894  
0.4519203515  
0.4814489137  
0.3228794075  
0.03669011311  
-0.1070516833  
0.2465440121  
0.4286387166  
0.6584000898  
0.7125499723  
0.9804748593  
0.735337721  
0.393239228  
-0.1700098821  
-0.1924216646  
-0.6161399134  
-0.453160511  
-0.3892985958  
0.2871999084  
0.3731464477  
0.423591997  
0.5777080164  
0.2407494766  
0.1549224836  
-0.2039746508  
-0.2064878185  
-0.3383173447  
0.116810647  
-0.3344033396  
-0.7360335241  
-1.066614638  
-0.8955147449  
-0.8665093669  
-0.7394841146  
-0.3323546476  
0.09429136106  
0.5702574521  
0.7368672124  
1.080478437  
1.401499374  
1.002847194  
0.7614505905  
0.733685005  
