2.551823279  
1.821989666  
1.379513036  
0.9830980878  
0.960796144  
1.104205431  
0.6689672682  
1.072599942  
1.018485331  
0.9161813009  
0.7962935451  
0.8888815038  
1.001308065  
0.7225431292  
0.5666846509  
0.566749151  
0.6954866594  
0.3232241036  
0.5590788159  
0.6542696935  
0.4814542811  
0.5739257684  
0.3134862552  
0.3622491936  
0.3201786348  
0.5029880157  
0.7314469624  
0.8242808318  
1.084109379  
0.8911603115  
1.11715358  
1.392600818  
1.538309551  
1.368082144  
1.387631189  
1.404776645  
1.148129147  
1.149681527  
0.950170031  
1.346103995  
0.8739658993  
0.5576526418  
0.6621980821  
0.01199884718  
-0.07097882592  
-0.370987104  
-0.2010390659  
-0.7890363627  
-1.104470474  
-1.118068489  
-1.397718046  
-1.176835705  
-1.005815265  
-1.006701104  
-1.067994379  
-0.5993291518  
-0.5702822057  
-0.2805269957  
-0.5255543642  
-0.634329373  
-0.7388975587  
-0.6301752366  
-0.5019327551  
-0.7929326853  
-0.4785119011  
-0.6567616077  
-0.5170480734  
-0.5579998725  
-0.8809822604  
-0.6805193823  
-0.3605680143  
-0.1664496426  
-0.09503938943  
-0.2521839748  
-0.3414541024  
-0.1021856281  
-0.3883882943  
0.2365792896  
-0.2290804479  
-0.3127024573  
-0.1525398386  
-0.273559311  
-0.532524302  
-0.3045489813  
-0.3292558017  
-0.0394238917  
0.06123367224  
0.4467809596  
0.7371999016  
0.7310247427  
0.9840530242  
0.7915712803  
0.5956882626  
0.6740846179  
0.7478982254  
0.6823210266  
0.5486588902  
0.6699522926  
0.6423903672  
0.4659507225  
0.7779308834  
0.7753707211  
0.7277718965  
0.9145653651  
1.227556182  
0.9057325882  
0.8774939959  
0.560893991  
-0.005782555269  
-0.3673901214  
-0.44836846  
-0.1431034917  
-0.5350607589  
-0.3192624208  
-0.4296835691  
-0.2358314124  
0.1156444759  
0.5554056573  
0.6654933973  
0.5819093934  
1.175847575  
1.01958797  
0.8084594516  
1.039287358  
0.831610641  
0.4545601726  
0.2492145309  
0.1433163091  
0.1650260497  
0.2460209946  
0.4523909053  
0.06877584739  
0.07227838597  
-0.03468760968  
-0.2696205541  
-0.4500132741  
-0.2655925856  
-0.0711320421  
-0.1542689057  
-0.5729286244  
-0.5686609551  
-0.1403985424  
-0.4129548724  
-0.2307317254  
-0.506073383  
-1.040588287  
-0.9993270684  
-1.508062908  
-1.598868103  
-1.320536463  
-1.362766416  
-1.519599366  
-1.247117306  
-1.467748267  
-1.582170642  
-1.370264671  
-1.067009319  
-0.7003134973  
-0.6532458572  
-0.6762487772  
-0.6145230218  
-0.8467012589  
-0.8713623442  
-0.6028803245  
-0.1030075858  
-0.5066180632  
-0.5890718121  
-0.6713975459  
-1.439643036  
-1.464216605  
-1.351902559  
-1.394435838  
-1.39319031  
-1.297773839  
-0.9091810174  
-0.9887008114  
-0.4625883934  
-0.5082471812  
-0.3875875086  
-0.4045355342  
-0.3095003247  
-0.2885849647  
-0.3818439364  
-0.4677407272  
-0.6660376272  
-0.7169519153  
-0.3562205409  
-0.6250323995  
-1.14506372  
-0.8981216503  
-0.4471461193  
-0.4354023871  
-0.3671472301  
-0.04352181356  
-0.06284049877  
0.302051704  
0.6406643579  
0.5635131237  
1.107361343  
0.8362929686  
1.548110147  
1.272321878  
1.210845178  
1.222457987  
0.9841730657  
0.7977278565  
0.8172873765  
0.8172917481  
0.4863538846  
0.3420649128  
0.09006154209  
0.2613542833  
0.2883673659  
0.4538475494  
0.1325824421  
-0.1354393035  
0.0131140685  
0.2702844045  
0.5860636573  
0.2713772987  
0.1800334508  
0.1760075323  
0.1593447692  
-0.02911891191  
-0.331776184  
-0.06969803344  
-0.108697256  
-0.4740405597  
-0.8779019466  
-0.5524988375  
-0.4517359527  
-0.2662443414  
-0.09439072033  
0.0004010327261  
-0.02274957969  
0.3850945774  
0.1716160975  
-0.03271262304  
0.5201249874  
0.6100013411  
0.4883625486  
0.2297951275  
0.0154098535  
-0.1170582693  
-0.1202527731  
0.06839975923  
0.3163223092  
0.2698021057  
0.2802103783  
-0.3080095069  
-0.2694694274  
-0.8020594886  
-0.6467793409  
-1.373305941  
-1.106135454  
-1.020487225  
-0.8747061972  
-0.9167912193  
-1.016470528  
-0.8006884379  
-0.8572429846  
-1.088897065  
-1.645272797  
-1.425541696  
-1.114159689  
-0.7306878694  
-1.263650639  
-1.218996353  
-1.323021772  
-1.008973592  
-0.8599000178  
-0.1938655836  
-0.1422986697  
-0.2881923776  
-0.3327709658  
-0.4612631332  
-0.8420173294  
-0.6674696704  
-0.6449949021  
-0.8857292934  
-0.6218324169  
-0.7654617181  
-0.6935385071  
-0.6001175885  
-0.8364956902  
-0.4800939196  
-0.2828991128  
-0.3938865229  
-0.854410477  
-0.7349176898  
-0.6961479522  
-0.183762116  
-0.3330160039  
-0.2549441457  
-0.05197077708  
0.1259217015  
0.04994570607  
-0.3177226978  
-0.07611264868  
-0.02043701143  
-0.1081674353  
-0.3156445699  
-0.3257950029  
-0.8500658907  
-0.4902539647  
-0.7513786464  
-0.6732986371  
-0.6085997351  
-1.321779741  
-1.541609801  
-0.9921628331  
-0.6416573328  
-0.7669923852  
-1.022154482  
-1.100983744  
-1.141925149  
-1.15916256  
-0.2777172581  
-0.4028836606  
-0.08462446849  
-0.288675376  
0.2328375223  
-0.1838878955  
-0.03349345021  
0.1076750824  
0.1252519652  
0.1053171237  
0.2967587111  
0.3832737797  
-0.2241351767  
0.1439161765  
0.02250052791  
0.07093726383  
-0.129093569  
-0.2693079443  
-0.1167771561  
-0.04351091286  
-0.1477301409  
-0.3728906137  
-0.1507692252  
0.07176215493  
0.2539807849  
0.5249151773  
0.5291354228  
0.1388632433  
0.2652957959  
0.3591598658  
0.4112294697  
0.5307375071  
0.6273616829  
0.7684501284  
0.6904126848  
0.5687890152  
0.5529163087  
0.5444540708  
0.7272551532  
0.8166549309  
0.7372791081  
0.9013432877  
0.8665787723  
1.31900035  
1.089713547  
0.7750493879  
0.8215791157  
0.4061673454  
0.436365556  
0.3199876027  
0.301868474  
-0.06215159254  
-0.2193737456  
0.3265282639  
0.5007134842  
0.749129992  
1.067929919  
1.111692997  
1.066596348  
1.314673713  
1.066489307  
0.9030611438  
1.046016053  
0.677947967  
0.1222842142  
0.1301533556  
-0.04985633092  
0.08536592183  
-0.1059504071  
-0.08330386363  
0.1307401177  
0.3275331829  
0.3961051025  
0.3182300659  
0.184394487  
-0.08508683531  
0.007054670574  
-0.1834048691  
-0.6024103149  
-0.305541153  
-0.1571213444  
-0.4137998732  
-0.5304167021  
-0.5623543559  
-0.1440813886  
-0.2731704572  
-0.1237129154  
0.2855434305  
0.764821716  
0.4305256752  
0.7761671282  
0.3564713383  
0.2173176687  
-0.1063797823  
-1.018868344  
-0.9511793872  
-0.9035387026  
-0.6388107501  
-0.9303424535  
-0.7630081909  
-0.711691015  
-0.6600594789  
-0.4603026587  
0.07754859291  
0.07258225628  
0.1883674667  
0.00599539056  
0.3861845845  
0.253036501  
0.011311626  
-0.1741843606  
-0.2044493406  
-0.7529942215  
-0.5128435965  
-0.4294964964  
-0.1166896645  
-0.1725093324  
-0.1607737771  
-0.249885857  
-0.06598746527  
-0.2124392315  
-0.3605533371  
-0.412935082  
0.08038443028  
0.2878408749  
0.2509916742  
-0.04140484362  
-0.2609740435  
-0.1595488285  
-0.1801718457  
-0.3542250721  
0.1125739147  
0.3661786971  
0.4759721979  
0.447597862  
0.2298780447  
0.3083472851  
0.9373097026  
0.3156020116  
0.373210499  
0.262766043  
-0.02937437952  
0.2723192863  
0.3314674511  
-0.3264261939  
0.05253111575  
-0.2680183666  
-0.3446880812  
-0.1956088225  
-0.1252076774  
-0.04341409062  
-0.2470848773  
0.1923517135  
0.1943436145  
0.05864735969  
0.04824795431  
0.1047540596  
0.3324035388  
0.8821673729  
1.272199868  
1.794729845  
1.98835234  
1.808263911  
1.312505466  
1.087349509  
1.037742951  
1.514138232  
1.234930645  
1.109908771  
1.345133592  
1.471053051  
1.361845019  
1.661699597  
1.635391845  
1.7021555  
1.411737931  
1.262722309  
1.596776005  
1.457331481  
1.406871513  
1.340841555  
1.301904427  
1.756127171  
2.016576541  
1.956311407  
1.9884133  
1.650894966  
0.7684328438  
0.8062394127  
0.6169941808  
0.4970516082  
-0.03750546493  
-0.4561456701  
-0.7710978565  
-0.8408685926  
-0.8830868331  
-0.6420624196  
-0.5901762846  
-0.5738760702  
-0.4797233096  
-0.3166476577  
-0.1273304648  
-0.1686365018  
-0.2890999961  
-0.7503903032  
-0.862549278  
-1.173021738  
-1.435205658  
-1.50434501  
-1.306371971  
-1.482841572  
-0.7330677387  
-0.6233507293  
-0.7388197445  
-0.9862358031  
-0.8398976234  
-1.061779793  
-0.8568885265  
-0.4603428865  
-0.7393007222  
-0.8400890119  
-0.863761567  
-0.9757140899  
-1.414130955  
-1.084575204  
-1.093839822  
-1.010912901  
-0.8758701207  
-0.7297560507  
-0.1644367509  
-0.7172183537  
-0.7158925254  
-0.3916633933  
-0.6785111914  
-0.6078272135  
-0.5024373536  
-0.6245311875  
-0.3244354522  
-0.3242709101  
-0.1581780727  
0.3612849496  
0.2254941621  
0.4525998698  
0.2784897334  
0.1989504285  
0.4641309099  
0.3238880829  
0.1744272191  
-0.1220841756  
-0.03802756808  
-0.1770762936  
-0.5201974553  
-0.2855209635  
0.08785377014  
0.03026391674  
-0.013291729  
-0.2750366244  
-0.4369078999  
0.04910844738  
0.1726272816  
-0.02599389448  
-0.2708615613  
-0.06016646812  
-0.2114449422  
-0.1456059211  
0.5094731924  
0.7008851419  
0.513675902  
0.9474542411  
0.8280411962  
1.044929819  
0.7660370885  
0.4071012101  
0.3655070295  
0.222559175  
0.3254326762  
0.3226574403  
0.3926122984  
0.1817575393  
0.2446933376  
0.4059746778  
0.3636700879  
0.246059878  
1.878163095  
1.248615054  
0.8514033008  
0.8839201289  
0.7411716722  
0.7705956165  
0.635771253  
0.7216684238  
1.083812051  
1.085188868  
1.449172302  
1.673039434  
1.855334725  
1.78783226  
1.892515156  
1.696383903  
0.9205098278  
1.298047465  
1.007042877  
0.6534395863  
0.7792401582  
0.2708584914  
0.1848456903  
-0.09535896876  
-0.09422921346  
0.1472923634  
-0.1018207743  
-0.1788935033  
-0.1936098226  
0.09076263095  
-0.07535517338  
0.01221982976  
0.4676695461  
-0.3280780036  
-0.4618277692  
-0.2487558527  
-0.4641171349  
-0.7746590168  
-1.058863609  
-1.142107667  
-1.199481794  
-0.9220195484  
-0.5854415119  
-0.877121136  
-0.4059336937  
0.1269785065  
0.9378715019  
0.7094850561  
0.9751128848  
0.5011575745  
0.7935983708  
0.7530915517  
1.311454037  
0.5130195076  
0.3817313783  
0.06889643385  
0.2874445715  
0.1018567881  
-0.07138137628  
-0.8906268274  
-0.354797462  
-0.6776030423  
-1.374581518  
-0.7215528524  
-0.7526019431  
-1.092448527  
-0.8193933565  
-1.159554708  
-1.001842543  
-1.260022815  
-0.8515330632  
-0.6675634367  
-0.4689966002  
-0.7271976857  
-0.9206314361  
-0.8533997717  
-0.7165243196  
-0.5803308316  
-0.7868471602  
-0.8985496538  
-0.5888068309  
-0.9845967705  
-1.046746257  
-0.4501320248  
-0.5033429026  
-0.1431217429  
-0.3203337863  
-0.3164325311  
-0.3259289684  
-1.026843513  
-0.6381735125  
-0.7148762302  
-0.6787874174  
-0.7834918058  
-1.041858233  
-1.12058817  
-0.833126615  
-1.118820549  
-1.141667051  
-0.8371112075  
-0.79664309  
-1.439172251  
-1.742752485  
-1.387866673  
-1.415971815  
-1.528081253  
-1.361336044  
-0.411210774  
-0.6293093425  
-0.6737708293  
-0.7179562825  
-0.1856127244  
-0.7391622726  
-0.7011662277  
-0.4694033772  
-0.348051289  
-0.8151458302  
-1.190165267  
-0.8771107121  
-0.6217804386  
-0.5414765787  
-0.330373325  
-0.1440778092  
-0.1192425538  
0.4556282872  
0.5605362803  
0.5575649673  
-0.01270511135  
0.0882419857  
0.2657058654  
-0.02430041658  
-0.009731259588  
0.004789897616  
0.01056978103  
-0.2902829377  
-0.1888436364  
-0.02001142068  
0.6948956838  
1.006330552  
0.9008642318  
1.511598778  
1.160436397  
0.970287896  
0.7046615588  
0.5619240704  
0.5942341109  
0.3893436568  
0.5450237437  
0.4259161113  
0.3912407455  
0.8701759289  
0.407394485  
0.3427425169  
0.5180773823  
0.3151145507  
0.07899253129  
-0.03495184218  
-0.2564154279  
-0.4304578944  
-0.4585042847  
-0.66826834  
-0.4417086829  
-0.996480286  
-0.8624501024  
-0.9382274985  
-0.6978184005  
-0.702331741  
-0.9081300054  
-0.3699749029  
0.03502596045  
-0.3609634958  
-0.1630242049  
-0.406450227  
-0.5401958308  
-0.8832655947  
-0.6449928654  
-0.2965632592  
-0.3249480711  
-0.6580937138  
-0.6836152834  
-0.7179181763  
-0.1160291409  
-0.3673334433  
0.08146441792  
0.04978526955  
-0.5055732557  
-0.5095662393  
-0.4758765122  
-0.2311323641  
-0.6275367884  
-0.3262042414  
0.005771619206  
0.2808283914  
0.387985665  
0.531871835  
0.1987768018  
0.4325368534  
0.2591564105  
0.3122595411  
0.2985628367  
0.1114657237  
-0.2466974074  
0.03563075224  
0.2383200789  
-0.1235761036  
-0.07571154116  
0.3742649377  
0.4161674272  
0.09320974229  
0.5084681162  
-0.1728679767  
0.1466434221  
0.2906675614  
0.6504102922  
0.4451678685  
0.2682465966  
0.4078448877  
0.03123868603  
0.1707144609  
0.3046248431  
0.7603841571  
0.621999954  
0.3976453554  
0.3057367963  
0.4184386701  
0.5510256472  
0.1387937577  
0.08085354339  
0.14417618  
0.212692878  
0.3655687604  
0.4468290993  
0.2866709191  
0.6188652274  
0.6301357856  
0.8893527984  
1.068941118  
1.024193362  
1.234579345  
1.47188852  
1.372180374  
1.425611429  
1.255121758  
1.288639239  
0.5880591313  
-0.1180648639  
-0.2299970488  
-0.6042367017  
-0.9869815254  
-1.322908006  
-1.678334624  
-1.560230982  
-1.210352506  
-1.185938138  
-1.383367477  
-1.112862452  
-0.6345578239  
-0.8407711199  
-1.140092041  
-1.133447019  
-0.9534003921  
-0.9239414607  
-0.9366597626  
-1.264049446  
-1.094542369  
-0.6528811534  
-0.4855807966  
-0.3282943996  
0.00274202116  
-0.02866330782  
-0.2526498453  
-0.3246271344  
0.08814941164  
-0.0469582624  
-0.01296845601  
0.1330133098  
-0.05007844526  
0.07167931288  
0.01587960332  
0.01732680088  
0.07351369399  
0.1608537168  
0.2822125044  
0.01580415162  
0.2372073008  
-0.05670418427  
-0.05313651684  
0.01633031504  
0.1192149889  
0.1231737106  
0.1438569152  
0.543802366  
1.461665477  
1.148098674  
1.264298948  
1.302305548  
1.530898585  
1.651681502  
1.391535001  
1.410936075  
1.05632989  
0.6604017395  
0.8617193913  
0.8815318124  
0.7954879643  
1.21118748  
1.074880464  
1.248045497  
1.212636267  
1.253992093  
0.7429645169  
0.8457029509  
0.5391695433  
0.2749497146  
-0.1929243329  
-0.304172359  
0.03927810595  
-0.1255009765  
0.07585926753  
0.08149311525  
0.09318620137  
0.4753068339  
0.518462483  
1.007429753  
1.046520256  
0.841472109  
0.8535832169  
0.8431555073  
0.2347808658  
0.4511054669  
0.6744152656  
0.6954722159  
0.5334274246  
0.8262121065  
0.3947001407  
0.2512328653  
0.1047650189  
-0.02874574712  
0.1114396151  
-0.1949819016  
-0.07888001683  
0.2057299608  
0.08410561914  
-0.1053914186  
-0.3203315438  
-0.09746817625  
-0.1937584868  
-0.1755738711  
0.03762234512  
0.2482894178  
0.5912000919  
0.4079825003  
0.5684766047  
0.6733582599  
0.2496809219  
0.2781975653  
0.4059741861  
0.3839572767  
0.2245014296  
-0.08219684752  
-0.1650734014  
0.2762655109  
0.2393790941  
0.07835661751  
0.4832351062  
0.3220756887  
0.3044136664  
0.6470348288  
0.7274959063  
0.4955148026  
-0.02889209124  
-0.04677534892  
-0.4348341476  
-0.5606310028  
-0.1894289553  
-0.290241405  
-0.3703012486  
-0.8820818573  
-0.9579610122  
-0.9251264131  
-0.9692539104  
-0.6827996774  
-0.8878105298  
-0.327151398  
-0.1996720709  
-0.5304916305  
-0.5317224704  
-0.5292742567  
-0.84934863  
-0.8015530201  
-0.6102420936  
-0.09728391612  
0.2823342541  
0.5282479058  
0.3806989719  
0.3453299637  
0.1895503814  
0.4650388435  
0.465420704  
0.2241009464  
-0.2745792404  
0.03884500448  
0.2913332145  
0.2835938502  
0.4976127923  
0.9402468192  
0.6840693543  
0.5382630896  
0.7073527364  
0.7397326995  
0.3945890283  
-0.164722473  
-0.1286174547  
-0.2341660263  
-0.3841618755  
-0.267979723  
-0.4668683005  
0.08668812797  
0.05234549173  
0.2892118019  
0.359036878  
0.4617188035  
0.9331548918  
1.290547788  
1.47185759  
0.9710120631  
0.7904542473  
0.2979326055  
-0.02353018789  
-0.3194029937  
-0.5504002853  
-0.5925880551  
-0.7149252972  
-0.9121463717  
-1.166565026  
-1.229785578  
-0.7916120398  
-0.3682585327  
-0.3287221257  
-0.163338398  
0.1140395187  
-0.4941117874  
-0.102793876  
-0.2397444927  
-0.4857101744  
-0.5789024849  
-0.2768791614  
-0.3486382168  
-0.4595494274  
0.4372823379  
0.3363316031  
0.5284507783  
0.619542071  
0.4636424171  
0.3707798393  
0.09303538073  
0.2865899541  
-0.127907501  
-0.3005519488  
-0.1589763106  
0.0009576777975  
0.01372910506  
-0.1248524021  
0.1930206051  
0.09745632656  
1.264471679  
1.101699731  
1.456381408  
1.209363783  
0.9640755582  
1.347155227  
1.146318921  
1.111126535  
0.8880615913  
0.820608402  
1.053150554  
0.8354169697  
0.7496783203  
0.5929314752  
0.5155293536  
0.4225601214  
0.4016116432  
0.4188217353  
-0.2737457201  
-0.558188891  
-0.07833961326  
-0.2360638393  
-0.01709714588  
-0.3172394672  
-0.4278821988  
-0.8103524276  
-0.7753821713  
-0.8931282603  
-1.025561951  
-0.787736068  
-0.7403713586  
-0.7746874231  
-0.3450757074  
-0.564904779  
-0.4372341828  
-0.68123641  
-0.9649219727  
-1.03882224  
-0.7450123799  
-0.6902722419  
-0.7569039366  
-0.7795016204  
-0.5998717032  
-0.597322905  
-0.6112684887  
-0.4098402637  
-0.3387231696  
-0.4423184161  
-0.6257987844  
-1.021092545  
-0.6450648085  
-0.3176013999  
-0.2736151154  
-0.4608592226  
-0.07571167273  
0.3111531949  
0.2285429483  
0.007318692034  
0.004481924968  
0.04578383039  
-0.2361860408  
-0.2491452798  
-0.4744901366  
0.1256157783  
0.4752648196  
0.4308941302  
0.09393425555  
-0.02421771378  
0.04061676153  
-0.1358369926  
-0.2105075475  
-0.341178589  
-0.02359050816  
-0.1204928589  
0.3109517522  
0.3439827987  
0.1352723354  
0.0260678573  
0.2912398507  
0.4134109597  
0.26327053  
0.1705256259  
0.02336960533  
-0.364669178  
-0.5602441905  
-0.9895585582  
-1.183526752  
-1.146270022  
-1.103358102  
-1.295107775  
-0.6583096568  
-0.428933274  
-0.3372162797  
-0.1774385469  
0.06516129443  
-0.07322119085  
-0.2314575169  
-0.2939809473  
-0.4841045977  
-0.03097887115  
-0.2312974112  
0.2097790593  
0.2624333246  
0.0766009296  
-0.07758983893  
-0.2780392608  
-0.7752468147  
-0.5126998278  
-0.5897516917  
-0.7354786082  
-0.4747727652  
0.088616456  
0.5278347593  
0.2557774452  
0.1955511539  
0.191065852  
0.13090192  
0.05941759811  
-0.06288174551  
0.1458100453  
-0.7186895623  
-0.9168342311  
-0.5565417974  
-0.7418667904  
0.05843324929  
0.4838672273  
0.6155008212  
0.1134653166  
0.4672989555  
1.005151783  
0.9108676981  
1.224168787  
1.606037149  
1.320869846  
1.15971043  
