4901.633324  
4866.788488  
4842.570728  
4840.040871  
4834.331287  
4832.339994  
4835.111175  
4837.569624  
4838.30219  
4843.741182  
4847.554499  
4858.908466  
4857.288095  
4859.076012  
4857.704038  
4858.085016  
4861.081112  
4868.877452  
4872.328054  
4859.886484  
4848.155933  
4838.137167  
4826.558908  
4813.259113  
4797.467599  
4794.298289  
4797.729981  
4793.828627  
4805.19899  
4809.23101  
4817.927082  
4827.057127  
4823.516636  
4822.224546  
4813.830341  
4812.433106  
4818.438217  
4812.859827  
4816.635353  
4823.184352  
4827.18248  
4838.14547  
4845.101841  
4846.281932  
4848.516816  
4840.872769  
4850.770938  
4851.472365  
4845.255543  
4846.591022  
4847.2212  
4845.376348  
4839.345899  
4829.943832  
4812.571394  
4809.571038  
4820.343328  
4824.24956  
4813.309514  
4815.136069  
4824.80122  
4828.441647  
4831.637619  
4830.449959  
4830.335288  
4824.500516  
4825.473041  
4822.119793  
4812.149297  
4804.873488  
4813.194769  
4815.152587  
4819.142447  
4819.705317  
4811.941326  
4808.636784  
4807.149681  
4794.029906  
4797.672993  
4797.25674  
4797.952226  
4802.345106  
4814.811227  
4830.915414  
4837.644257  
4842.55043  
4837.229652  
4838.201267  
4836.752995  
4828.387667  
4823.379024  
4817.655237  
4806.690814  
4801.148315  
4802.779429  
4802.002418  
4811.883799  
4822.686396  
4817.786258  
4815.448992  
4805.212042  
4796.1618  
4787.285146  
4788.293869  
4783.720781  
4785.53223  
4796.900232  
4820.681217  
4836.971822  
4845.682751  
4853.943055  
4854.139715  
4848.532958  
4845.859846  
4836.454181  
4827.843934  
4818.373384  
4814.733186  
4803.32357  
4797.183895  
4803.461056  
4809.991178  
4815.381098  
4824.974187  
4838.324907  
4837.149242  
4830.803004  
4817.465446  
4816.159367  
4812.731865  
4801.234462  
4796.733193  
4792.773802  
4786.198484  
4784.332664  
4789.774102  
4803.19613  
4816.528923  
4828.436138  
4841.734515  
4846.254404  
4848.999797  
4840.589752  
4844.802231  
4842.451203  
4844.001328  
4845.532684  
4844.530019  
4847.011329  
4852.507526  
4859.372309  
4867.03868  
4868.213107  
4868.30267  
4869.176703  
4866.611949  
4859.957309  
4849.041336  
4827.043008  
4814.48602  
4808.70534  
4806.091452  
4804.196295  
4803.900386  
4796.649721  
4794.192707  
4796.419337  
4796.119108  
4802.255998  
4814.893886  
4820.486825  
4833.809633  
4838.078579  
4849.274908  
4848.748919  
4847.837483  
4850.154713  
4853.61135  
4850.316424  
4850.206089  
4846.305427  
4845.39822  
4851.368582  
4857.203084  
4847.040372  
4850.727374  
4849.008658  
4849.338887  
4843.980899  
4843.757752  
4839.078938  
4835.276636  
4828.801166  
4823.104935  
4813.305711  
4806.088393  
4802.0362  
4799.31211  
4803.496613  
4808.139782  
4803.302679  
4800.014294  
4800.652833  
4804.96446  
4799.322424  
4793.841569  
4800.823569  
4811.213107  
4819.488467  
4824.81654  
4827.705263  
4828.134696  
4820.33294  
4806.893199  
4804.370235  
4802.346814  
4804.043714  
4813.097417  
4821.449709  
4826.05754  
4830.101012  
4828.801304  
4824.084046  
4826.228774  
4820.339197  
4817.471355  
4811.478668  
4804.880884  
4798.485788  
4801.002409  
4815.055657  
4835.090226  
4843.225247  
4840.2943  
4841.9652  
4841.101183  
4848.832553  
4854.076764  
4855.768673  
4864.236758  
4871.968204  
4880.25867  
4882.012566  
4887.315437  
4878.366973  
4870.138961  
4869.641586  
4859.825583  
4854.463549  
4842.419622  
4837.480187  
4832.084091  
4828.017058  
4826.061377  
4831.24363  
4830.019771  
4834.630881  
4827.867198  
4824.929505  
4821.898141  
4818.757847  
4811.52937  
4804.596829  
4802.962537  
4802.263535  
4810.627284  
4817.301635  
4820.33744  
4825.085982  
4823.171754  
4819.885864  
4820.53615  
4814.548261  
4820.63348  
4823.415484  
4822.071333  
4821.94401  
4815.958943  
4818.187809  
4810.393593  
4802.801671  
4800.242053  
4798.154405  
4795.185443  
4797.649859  
4791.051156  
4792.735759  
4796.38892  
4801.017375  
4808.349503  
4812.688529  
4833.501568  
4841.329283  
4846.22602  
4857.613864  
4858.462926  
4855.447683  
4853.873774  
4849.891079  
4844.775397  
4839.043244  
4829.626441  
4825.109428  
4819.448394  
4823.746661  
4836.076579  
4850.989214  
4862.04327  
4864.613511  
4868.63302  
4860.845469  
4851.471174  
4841.845592  
4831.478693  
4824.017909  
4816.336101  
4809.584804  
4808.963245  
4813.654703  
4818.993039  
4825.007583  
4826.18415  
4826.273798  
4824.033982  
4815.853167  
4817.724784  
4813.319081  
4819.410866  
4824.197546  
4823.253388  
4823.428402  
4830.730532  
4830.299662  
4830.448209  
4828.225265  
4826.441669  
4828.205198  
4826.1352  
4831.479087  
4834.763648  
4841.318831  
4848.394861  
4840.376334  
4829.59469  
4820.425  
4811.22381  
4803.732182  
4798.033255  
4799.508162  
4809.00061  
4821.276919  
4831.011594  
4840.733123  
4841.737759  
4846.487905  
4845.9731  
4844.012345  
4838.417568  
4835.684741  
4828.547399  
4816.813138  
4825.524685  
4820.126673  
4825.670178  
4824.923552  
4833.461816  
4843.276439  
4844.270231  
4847.17383  
4848.323269  
4843.864462  
4844.323416  
4838.538742  
4828.18206  
4831.21551  
4824.696115  
4823.189495  
4810.222688  
4804.918894  
4806.202398  
4811.203089  
4818.408991  
4816.450004  
4811.994219  
4817.912198  
4810.618309  
4789.97903  
4786.474999  
4780.3971  
4783.054915  
4788.564388  
4808.653981  
4819.601312  
4824.359925  
4825.209025  
4830.954988  
4829.490985  
4827.20335  
4810.551594  
4806.934163  
4803.306153  
4811.687873  
4813.04817  
4821.94156  
4829.568338  
4842.551324  
4841.787338  
4844.40311  
4845.785808  
4843.142411  
4835.92698  
4825.161498  
4823.276226  
4822.478312  
4820.696865  
4821.469938  
4822.303655  
4818.396341  
4818.775672  
4833.046657  
4843.749079  
4854.54529  
4859.173762  
4871.908332  
4876.788085  
4877.461292  
4869.022399  
4854.86888  
4850.005987  
4840.983944  
4832.15113  
4820.093392  
4811.438497  
4801.792956  
4796.628054  
4801.824218  
4816.071672  
4829.035313  
4835.076539  
4836.505747  
4835.403663  
4827.80764  
4823.901476  
4811.53258  
4802.373362  
4800.169331  
4798.769703  
4803.133363  
4807.229187  
4820.669887  
4826.596617  
4827.261689  
4832.920135  
4822.95227  
4812.689856  
4812.627086  
4802.856566  
4797.453802  
4789.376566  
4794.341817  
4804.989782  
4821.558332  
4834.892135  
4852.623225  
4868.324855  
4888.425648  
4882.098924  
4879.370238  
4880.835199  
4873.990604  
4867.594757  
4859.087621  
4842.640899  
4832.074814  
4833.377159  
4826.460325  
4832.629119  
4833.812975  
4837.108544  
4839.326949  
4841.568328  
4833.540678  
4829.721348  
4826.163487  
4822.622234  
4813.884249  
4816.397738  
4812.69655  
4809.988253  
4811.023348  
4817.114836  
4819.84939  
4817.927471  
4821.931305  
4818.025047  
4820.554389  
4827.653551  
4830.272502  
4826.680101  
4822.188009  
4816.902251  
4809.735448  
4801.668399  
4802.510759  
4799.852172  
4804.827441  
4811.472973  
4822.562258  
4822.388726  
4831.301106  
4836.323378  
4830.710181  
4827.681616  
4825.415157  
4822.805943  
4829.190836  
4837.988333  
4837.555874  
4830.468927  
4830.510812  
4828.528455  
4814.574752  
4809.337431  
4805.20834  
4806.122109  
4806.140642  
4818.775299  
4832.876189  
4843.038064  
4857.718471  
4861.559561  
4858.09899  
4856.716448  
4857.372971  
4851.074756  
4844.854759  
4848.696177  
4855.001864  
4860.669693  
4867.748497  
4874.037545  
4874.489426  
4867.61708  
4859.542183  
4847.991826  
4839.419506  
4825.331261  
4813.143185  
4806.672322  
4801.821985  
4790.78586  
4787.569742  
4785.02891  
4786.791272  
4790.451003  
4804.179559  
4818.168058  
4824.786299  
4836.752003  
4839.064589  
4841.090307  
4830.239303  
4824.534622  
4820.189881  
4826.907338  
4837.398777  
4838.538369  
4845.288621  
4840.012988  
4828.792562  
4816.954345  
4806.470144  
4800.353356  
4798.958364  
4807.558061  
4824.415416  
4827.958548  
4834.889671  
4836.510252  
4830.993469  
4824.971379  
4822.358062  
4822.238375  
4820.91237  
4832.920682  
4815.764798  
4809.999207  
4805.82566  
4806.267411  
4809.17961  
4804.625415  
4820.582507  
4826.185187  
4841.211082  
4855.134067  
4858.911792  
4869.111428  
4860.569982  
4855.222022  
4853.643436  
