2615.03781  
2599.608258  
2608.497808  
2605.27183  
2617.031585  
2608.022475  
2609.18343  
2615.774308  
2606.501116  
2599.936304  
2608.546381  
2608.056687  
2602.008264  
2595.042092  
2594.379077  
2602.746411  
2595.620309  
2587.402429  
2599.471625  
2608.916418  
2605.32744  
2611.891016  
2611.736068  
2609.160048  
2603.811097  
2601.807896  
2611.623561  
2593.845912  
2607.238464  
2605.620359  
2591.510168  
2610.09445  
2605.199301  
2604.725972  
2591.364369  
2597.573947  
2597.119776  
2591.125485  
2601.179288  
2598.14646  
2609.24939  
2602.821663  
2616.509727  
2617.073385  
2609.615214  
2619.32532  
2610.576623  
2610.220835  
2599.396953  
2605.136177  
2607.932009  
2606.038005  
2600.787595  
2599.168443  
2604.728481  
2605.868392  
2601.402379  
2602.808663  
2599.140503  
2586.549747  
2592.987412  
2588.655621  
2587.246187  
2596.045556  
2592.672862  
2590.912154  
2589.627974  
2605.558784  
2591.884395  
2595.397843  
2589.943882  
2589.939285  
2603.595544  
2593.465644  
2600.584216  
2602.66455  
2602.541862  
2609.721712  
2601.728218  
2604.968679  
2597.593084  
2594.071734  
2588.633216  
2589.920161  
2590.441048  
2597.728659  
2600.655188  
2610.057229  
2608.588155  
2606.539627  
2618.382779  
2603.967399  
2613.644265  
2613.660527  
2609.513413  
2603.632721  
2612.021272  
2609.108511  
2612.226931  
2611.548834  
2610.341475  
2618.32186  
2606.978641  
2608.581836  
2606.022735  
2601.681668  
2601.456656  
2598.335014  
2592.404963  
2596.77089  
2595.757544  
2605.942801  
2602.11255  
2597.746951  
2593.383706  
2603.906365  
2589.991172  
2596.623189  
2604.016974  
2597.822667  
2604.916558  
2608.963397  
2602.199399  
2606.377768  
2609.102183  
2600.00143  
2591.819458  
2597.551703  
2596.83287  
2599.980068  
2603.009357  
2605.214391  
2606.32755  
2612.870476  
2597.385549  
2606.34491  
2605.114453  
2607.772616  
2603.312788  
2601.462578  
2606.695989  
2606.801647  
2603.757386  
2602.333459  
2595.421416  
2591.898734  
2591.11213  
2596.615761  
2596.355002  
2603.224854  
2604.703995  
2605.630386  
2604.305691  
2598.146452  
2598.599135  
2592.518708  
2605.2584  
2603.974956  
2605.947695  
2606.390672  
2610.40157  
2608.528041  
2609.892922  
2614.138088  
2608.263091  
2612.479644  
2618.888379  
2622.510087  
2633.090535  
2618.12369  
2614.879494  
2612.836941  
2607.443569  
2603.829145  
2609.554617  
2607.463229  
2622.738786  
2618.029864  
2618.427569  
2602.642692  
2604.665295  
2610.623695  
2614.59152  
2603.326733  
2607.639012  
2610.839598  
2613.057031  
2613.599076  
2606.279168  
2595.035567  
2612.655652  
2603.914353  
2608.67014  
2597.488023  
2595.229021  
2607.182471  
2593.726544  
2603.299518  
2594.693657  
2600.650354  
2596.58063  
2595.899414  
2606.344809  
2594.184639  
2606.847416  
2600.884937  
2607.636685  
2618.097479  
2602.700245  
2610.010491  
2609.62573  
2600.018272  
2602.454221  
2611.324378  
2602.017858  
2605.314122  
2617.942577  
2619.004653  
2622.346948  
2620.932966  
2605.26664  
2617.737091  
2623.032072  
2620.535371  
2611.732235  
2615.34306  
2616.373835  
2613.526918  
2621.749731  
2610.981834  
2618.193438  
2599.666747  
2610.68034  
2609.690424  
2604.58013  
2605.200143  
2615.513121  
2605.873739  
2618.878237  
2611.808507  
2607.854164  
2607.379102  
2609.589534  
2607.639711  
2613.656921  
2617.79734  
2610.395257  
2617.84257  
2629.118862  
2603.732008  
2617.330397  
2620.909457  
2608.707621  
2613.789857  
2625.793913  
2605.653604  
2616.562405  
2605.846074  
2619.038894  
2609.028512  
2604.943108  
2618.713485  
2599.270055  
2609.458283  
2610.7882  
2603.26733  
2607.165259  
2604.853545  
2608.91074  
2616.818937  
2621.262115  
2618.857224  
2606.909001  
2610.284319  
2608.482633  
2601.270797  
2605.691452  
2601.04951  
2599.473666  
2602.442514  
2603.303013  
2600.372649  
2606.48445  
2601.943552  
2602.263115  
2603.359505  
2605.377507  
2615.824596  
2606.321526  
2608.751595  
2597.362421  
2609.669242  
2613.047991  
2614.735341  
2614.127838  
2603.985222  
2621.645208  
2613.979932  
2609.707181  
2598.945539  
2608.552854  
2601.664249  
2614.012104  
2620.715431  
2622.689508  
2623.127821  
2623.366004  
2615.745591  
2617.41834  
2616.64819  
2620.342287  
2614.129872  
2604.505999  
2610.252825  
2611.340275  
2603.095032  
2611.593822  
2619.895625  
2610.505483  
2621.583733  
2617.754932  
2620.360314  
2622.524194  
2613.314221  
2625.574431  
2616.883601  
2625.573298  
2622.11893  
2627.974087  
2612.179305  
2619.832963  
2618.482043  
2617.895912  
2630.914474  
2622.644331  
2626.75445  
2625.991151  
2620.320864  
2627.586816  
2634.83852  
2629.388678  
2609.607638  
2624.075878  
2622.942071  
2611.648474  
2623.506169  
2622.246137  
2628.059591  
2629.610896  
2625.279807  
2627.808238  
2614.391045  
2626.001332  
2613.624115  
2621.322179  
2620.086937  
2625.759198  
2620.731704  
2622.275146  
2640.896191  
2620.078011  
2633.067162  
2623.873473  
2631.948383  
2625.96825  
2626.976723  
2618.277363  
2609.425899  
2615.756466  
2625.95986  
2623.20133  
2629.630978  
2626.600276  
2623.58201  
2628.726859  
2633.521296  
2622.42773  
2636.626669  
2629.455547  
2630.450848  
2645.880836  
2638.253926  
2626.036994  
2635.744203  
2622.831739  
2630.367939  
2625.162995  
2630.65189  
2644.592531  
2633.181013  
2639.191819  
2630.763888  
2651.297557  
2625.652779  
2625.717601  
2615.802081  
2626.209038  
2626.014073  
2609.176998  
2614.099304  
2615.19204  
2609.754599  
2611.484191  
2609.527942  
2625.354358  
2631.916893  
2625.206686  
2636.21239  
2638.77957  
2629.34052  
2622.322001  
2624.309714  
2622.40568  
2628.386221  
2611.101234  
2622.06562  
2623.592388  
2627.75554  
2619.057351  
2623.273358  
2630.719253  
2616.375428  
2623.966135  
2627.480746  
2618.379037  
2621.049614  
2615.25703  
2619.881818  
2610.359966  
2606.865141  
2621.195146  
2618.731399  
2624.547836  
2628.384248  
2623.931808  
2622.154485  
2630.913442  
2627.577537  
2635.592025  
2632.775495  
2625.941695  
2629.782969  
2629.111361  
2626.257368  
2619.972503  
2627.914347  
2619.971254  
2621.510349  
2628.981366  
2629.786217  
2632.948565  
2640.465171  
2637.294782  
2630.12423  
2630.977565  
2630.745409  
2620.408236  
2618.330759  
2627.745151  
2621.616509  
2636.293601  
2637.961958  
2637.934853  
2637.525173  
2646.81282  
2643.127867  
2639.906455  
2629.239329  
2622.473953  
2624.124338  
2630.01304  
2621.659559  
2618.133569  
2630.58834  
2631.141146  
2635.224764  
2637.711534  
2642.044107  
2648.488537  
2626.658212  
2632.569671  
2624.37741  
2630.566824  
2629.634835  
2622.792827  
2621.764592  
2635.833173  
2635.392701  
2633.391311  
2634.779731  
2640.667769  
2647.549479  
2635.359904  
2636.47449  
2636.657353  
2627.196932  
2626.507165  
2629.258004  
2631.179081  
2633.483089  
2643.678893  
2645.830905  
2641.186429  
2647.365678  
2641.785022  
2648.864313  
2646.177079  
2644.950926  
2628.676846  
2627.773601  
2628.496804  
2624.148862  
2630.114293  
2625.462331  
2633.376322  
2637.832214  
2648.914852  
2642.848275  
2641.512752  
2635.966415  
2642.456021  
2634.22841  
2626.812117  
2624.064145  
2626.896754  
2629.126416  
2618.993478  
2618.926645  
2645.481984  
2633.322195  
2636.908752  
2649.069317  
2662.468907  
2659.996477  
2652.952647  
2641.562953  
2629.027519  
2624.034003  
2622.833929  
2623.320172  
2609.511327  
2613.619006  
2612.364177  
2617.094563  
2620.419711  
2630.794993  
2635.81808  
2628.960572  
2625.762236  
2614.913231  
2618.419743  
2620.146544  
2624.952514  
2618.592217  
2621.768409  
2623.560277  
2627.154371  
2625.155402  
2638.841192  
2630.166766  
2644.891119  
2636.708842  
2638.781263  
2626.383895  
2623.615232  
2631.676047  
2619.61551  
2620.783618  
2624.553864  
2620.646438  
2624.743907  
2637.907542  
2634.618625  
2632.662388  
2625.025812  
2633.442135  
2638.477098  
2636.588414  
2625.107407  
2644.400685  
2633.445627  
2644.69648  
2642.98441  
2640.841224  
2644.269058  
2640.83515  
2647.622895  
2637.644954  
2635.241251  
2639.473822  
2621.180576  
2623.942389  
2636.816068  
2632.610874  
2644.537986  
2644.393372  
2642.506157  
2641.105778  
2645.432809  
2648.932783  
