3438.505093  
3414.482798  
3403.727856  
3393.672895  
3403.559685  
3408.682672  
3406.979727  
3413.525332  
3408.985289  
3399.508532  
3402.946571  
3402.546768  
3385.61232  
3389.687493  
3381.086048  
3391.436209  
3385.725471  
3387.374293  
3385.399716  
3394.382285  
3394.082539  
3403.269877  
3402.8973  
3390.86982  
3391.653159  
3399.002283  
3407.325487  
3407.290383  
3411.058267  
3403.537842  
3400.876027  
3395.632237  
3391.329942  
3399.58986  
3400.951608  
3406.093183  
3395.713761  
3395.978704  
3390.467251  
3402.193676  
3403.122817  
3415.818948  
3420.36802  
3421.016929  
3426.93474  
3420.796477  
3415.20632  
3429.610374  
3414.045786  
3419.38412  
3418.71228  
3419.580801  
3414.970729  
3419.713278  
3422.958177  
3413.798025  
3417.269552  
3407.040118  
3400.943557  
3396.18947  
3392.215135  
3388.600066  
3383.043384  
3376.564521  
3385.908773  
3383.37314  
3386.04592  
3382.908296  
3382.203749  
3388.294089  
3388.900976  
3392.754113  
3394.710996  
3404.643133  
3411.676997  
3406.036451  
3406.04608  
3410.4178  
3420.624088  
3403.722565  
3411.319537  
3404.997541  
3410.81387  
3415.136074  
3423.313745  
3425.426214  
3424.884778  
3438.836886  
3434.13386  
3430.927075  
3441.046739  
3436.919893  
3433.43612  
3433.097931  
3435.789108  
3438.468769  
3439.042709  
3442.454211  
3443.232457  
3441.052279  
3448.249998  
3443.718363  
3452.066045  
3450.148118  
3437.595379  
3431.318484  
3439.952013  
3438.463108  
3440.043506  
3428.859165  
3430.51412  
3434.586546  
3428.524665  
3424.990247  
3420.831006  
3424.920299  
3420.706199  
3426.51848  
3418.248614  
3417.848841  
3422.205019  
3414.451938  
3405.805594  
3412.561453  
3413.318265  
3414.746465  
3406.334519  
3409.81507  
3408.811398  
3407.928561  
3414.319534  
3416.940131  
3412.303978  
3413.632383  
3414.035109  
3408.565335  
3423.903162  
3414.675103  
3411.125774  
3409.590639  
3416.505132  
3406.821047  
3410.074664  
3414.948195  
3421.928605  
3417.755269  
3427.141268  
3422.624315  
3427.810971  
3432.807359  
3428.126689  
3423.880772  
3432.130583  
3427.991661  
3432.260445  
3423.313227  
3422.435999  
3435.195456  
3426.434591  
3432.272043  
3433.886348  
3422.811431  
3433.899754  
3433.629992  
3444.874765  
3443.510813  
3440.711681  
3441.341722  
3446.675915  
3444.194189  
3446.774461  
3424.988588  
3424.698443  
3429.426986  
3428.084503  
3436.356463  
3448.973279  
3433.433532  
3437.787037  
3437.940701  
3434.023657  
3442.250228  
3437.960676  
3428.325905  
3430.963653  
3428.348982  
3423.769118  
3431.661115  
3422.641644  
3420.75527  
3429.21426  
3420.702705  
3430.520471  
3417.812191  
3425.477556  
3416.723418  
3419.32402  
3414.95843  
3409.422229  
3413.277301  
3421.447239  
3422.825279  
3416.871594  
3421.791449  
3430.58749  
3430.923861  
3439.00488  
3436.509052  
3435.523314  
3431.335618  
3422.607934  
3422.831161  
3427.389089  
3428.168678  
3435.031952  
3438.205943  
3446.690577  
3457.047427  
3455.453477  
3458.843294  
3459.239679  
3453.585197  
3455.491265  
3455.51539  
3446.092299  
3439.093156  
3440.087958  
3442.123445  
3433.002434  
3436.061699  
3435.026042  
3434.977072  
3439.292039  
3437.124845  
3426.232486  
3436.339797  
3436.560464  
3429.290504  
3435.02057  
3435.744891  
3435.375472  
3438.944963  
3438.772506  
3447.916592  
3442.902966  
3445.764436  
3440.395918  
3435.569196  
3427.700883  
3438.804109  
3440.021665  
3436.073424  
3445.161031  
3442.68907  
3434.43729  
3435.854268  
3437.782812  
3432.090667  
3433.628622  
3429.649203  
3438.439606  
3432.092045  
3434.213551  
3440.756327  
3440.016036  
3428.705692  
3424.159293  
3429.639899  
3441.212615  
3435.603425  
3445.362532  
3453.59939  
3444.534585  
3453.68061  
3441.307475  
3420.984016  
3437.471028  
3431.250298  
3426.024666  
3423.297134  
3433.158176  
3430.772027  
3432.802956  
3428.3958  
3432.332369  
3437.489411  
3435.966646  
3433.52379  
3419.653506  
3412.541386  
3412.525505  
3420.852771  
3420.316347  
3428.564841  
3432.128809  
3426.912543  
3425.418718  
3422.468952  
3415.892869  
3412.117785  
3412.202501  
3421.136993  
3422.031373  
3430.984266  
3445.968186  
3443.977892  
3456.612116  
3453.827948  
3454.336048  
3448.024992  
3439.215515  
3435.864199  
3435.070047  
3436.427975  
3440.487073  
3432.302476  
3421.824997  
3424.703648  
3433.263571  
3435.31786  
3428.646866  
3434.14491  
3440.624462  
3432.849346  
3435.594289  
3437.460724  
3432.574522  
3442.035132  
3449.734435  
3441.620807  
3440.292395  
3447.237701  
3444.236103  
3437.482857  
3445.135663  
3440.017036  
3438.43908  
3444.770696  
3459.217941  
3456.552253  
3441.360176  
3441.420543  
3432.550355  
3443.891291  
3437.903431  
3445.181872  
3447.071872  
3444.695353  
3451.03852  
3460.187944  
3451.387691  
3449.594609  
3445.31076  
3439.386664  
3437.635494  
3451.877592  
3453.202768  
3446.337678  
3447.403775  
3461.663628  
3458.93376  
3452.663045  
3450.657044  
3459.387481  
3453.925387  
3456.259315  
3451.328142  
3444.360364  
3448.413567  
3444.858831  
3457.882597  
3450.139934  
3450.124339  
3464.666554  
3455.20906  
3460.956747  
3466.990363  
3482.146147  
3470.691542  
3481.853502  
3476.607846  
3474.63028  
3476.317378  
3477.274459  
3472.10887  
3463.532453  
3464.870732  
3476.686427  
3479.785703  
3484.335357  
3487.966239  
3477.343362  
3476.859636  
3468.53394  
3455.228173  
3448.747775  
3439.004436  
3440.099086  
3432.726175  
3429.238794  
3428.318648  
3421.256902  
3416.392112  
3421.300639  
3428.282968  
3441.164575  
3448.511018  
3461.397297  
3466.431611  
3455.855005  
3461.950238  
3450.059917  
3443.098331  
3441.844795  
3439.963661  
3441.554849  
3443.488285  
3448.442688  
3452.378428  
3445.117822  
3452.047435  
3453.265902  
3457.752554  
3450.336292  
3447.823798  
3438.996519  
3423.959452  
3423.124306  
3423.036564  
3428.253724  
3425.745427  
3417.785355  
3431.644635  
3435.420976  
3433.610916  
3437.256062  
3444.853869  
3443.400716  
3446.717197  
3443.883084  
3444.243686  
3450.90723  
3449.38853  
3436.850071  
3441.385322  
3438.261627  
3441.66071  
3433.814888  
3438.4755  
3434.168497  
3445.469679  
3444.154439  
3442.142438  
3435.574823  
3442.604935  
3438.498014  
3443.448684  
3438.879093  
3432.328635  
3443.706966  
3447.848439  
3463.696575  
3476.232052  
3482.388159  
3479.839932  
3478.487365  
3476.840905  
3474.06693  
3471.187698  
3466.226668  
3463.026145  
3460.727493  
3454.684441  
3454.751551  
3464.650012  
3465.519581  
3469.511695  
3466.103986  
3462.677185  
3465.081786  
3463.531947  
3462.773905  
3454.923151  
3445.593917  
3453.76697  
3447.892529  
3453.732528  
3466.929966  
3463.007168  
3464.080291  
3469.081689  
3472.243723  
3471.53487  
3472.543126  
3465.304597  
3457.079061  
3459.311456  
3457.647575  
3465.682701  
3462.455342  
3464.327224  
3466.726237  
3464.18609  
3479.143272  
3481.281187  
3482.637119  
3486.315964  
3488.084527  
3469.917529  
3477.468898  
3479.719785  
3473.340569  
3476.253389  
3474.445228  
3478.680704  
3477.807727  
3480.810032  
3483.58296  
3480.449524  
3490.000819  
3478.640628  
3463.535134  
3454.964871  
3454.712183  
3456.673442  
3446.473828  
3441.1254  
3437.091924  
3455.963344  
3474.26485  
3475.518087  
3477.762435  
3473.373691  
3482.888222  
3481.701944  
3478.054986  
3458.898173  
3453.310391  
3462.654369  
3450.795435  
3434.008667  
3429.461769  
3430.095416  
3439.882732  
3441.487048  
3445.733323  
3456.631538  
3450.570782  
3437.676399  
3442.862086  
3436.057388  
3443.340058  
3451.781507  
3437.22802  
3431.839809  
3445.670262  
3444.113458  
3441.014197  
3456.619387  
3448.793307  
3448.355858  
3450.918669  
3465.717279  
3458.798605  
3447.176029  
3442.033424  
3450.110375  
3450.128626  
3441.12475  
3447.448317  
3455.822834  
3464.123621  
3465.721183  
3471.264738  
3468.910126  
3460.567538  
3478.733647  
3479.223519  
3472.783455  
3471.525341  
3461.297937  
3463.310925  
3473.85557  
3472.646174  
3477.815608  
3477.951307  
3478.423153  
3480.68122  
3475.108583  
3471.11259  
3460.995991  
3464.474178  
3451.603526  
3452.830002  
3466.590731  
3468.374189  
3467.322525  
3461.390149  
3464.04933  
3465.797421  
