2681.984622  
2680.580152  
2665.495785  
2670.526846  
2674.93136  
2680.532314  
2690.70444  
2689.68757  
2699.434035  
2687.902592  
2694.121748  
2697.400379  
2685.764021  
2683.031877  
2688.822287  
2686.021936  
2685.537001  
2689.835768  
2685.349364  
2689.355234  
2694.637926  
2686.378281  
2684.450303  
2669.783747  
2664.666586  
2669.701808  
2658.855542  
2653.923677  
2670.057846  
2676.216251  
2672.91865  
2673.038149  
2672.417755  
2669.437373  
2671.574409  
2685.760731  
2673.837571  
2670.420799  
2672.305437  
2673.446028  
2677.85747  
2688.100361  
2686.270795  
2682.294503  
2684.79165  
2682.057485  
2687.353518  
2686.480839  
2693.110914  
2706.511429  
2706.220406  
2703.815649  
2699.599655  
2684.343514  
2680.90533  
2675.723926  
2686.044331  
2682.481785  
2677.323536  
2676.99079  
2682.979949  
2675.033788  
2683.039246  
2683.031264  
2681.748244  
2677.221027  
2668.830428  
2671.875389  
2673.286555  
2672.747164  
2675.282086  
2674.394578  
2683.60848  
2681.610556  
2682.767292  
2683.483474  
2675.879845  
2671.642456  
2670.283861  
2667.318601  
2679.226976  
2667.152308  
2673.529893  
2684.16468  
2677.015978  
2678.619917  
2682.169384  
2678.94836  
2673.944675  
2679.069162  
2672.398339  
2670.545798  
2663.81032  
2674.666711  
2665.561509  
2659.469776  
2667.709759  
2672.627264  
2679.055121  
2660.578955  
2668.197734  
2665.253805  
2657.723873  
2654.554846  
2665.336426  
2652.162971  
2665.937833  
2666.744739  
2683.409549  
2691.328528  
2695.3703  
2689.667501  
2687.266599  
2677.871275  
2674.256654  
2664.904707  
2663.964022  
2660.42291  
2661.386094  
2665.632657  
2676.554138  
2691.012474  
2683.842366  
2684.745555  
2697.852632  
2699.41481  
2695.422432  
2690.939273  
2681.426268  
2679.386438  
2674.207818  
2678.94274  
2685.974468  
2670.111098  
2666.882743  
2669.192528  
2679.056367  
2683.816491  
2687.565442  
2695.712806  
2698.889666  
2695.855837  
2689.172048  
2689.002648  
2678.249341  
2670.218842  
2676.604143  
2673.190017  
2674.275213  
2686.319105  
2686.178758  
2685.748456  
2688.290764  
2689.344642  
2691.298135  
2689.905133  
2689.48642  
2688.042626  
2683.475536  
2675.442811  
2678.917725  
2674.833254  
2669.313234  
2669.429491  
2662.81329  
2679.676172  
2675.172607  
2677.280109  
2689.898931  
2683.216027  
2679.015161  
2689.714357  
2681.794145  
2682.975404  
2687.404292  
2685.761854  
2685.297094  
2683.184665  
2681.557612  
2688.548234  
2681.79912  
2682.087501  
2682.065427  
2687.264262  
2686.749063  
2687.451632  
2698.420717  
2686.233772  
2680.377367  
2693.955644  
2677.939198  
2674.376684  
2676.27494  
2674.638244  
2678.889256  
2670.172177  
2672.116558  
2672.44855  
2679.419298  
2675.797971  
2680.433781  
2672.171335  
2673.015936  
2668.540503  
2677.331417  
2664.754438  
2670.757578  
2674.887921  
2681.560714  
2679.607811  
2681.731653  
2678.901101  
2675.947557  
2666.548533  
2674.560705  
2668.474092  
2675.143591  
2682.509771  
2676.647992  
2680.085761  
2684.348036  
2675.821845  
2681.272519  
2672.892356  
2671.029981  
2662.010222  
2667.997974  
2667.712734  
2668.74847  
2672.183971  
2670.628329  
2685.236819  
2682.169963  
2683.277383  
2680.807406  
2682.486178  
2681.10439  
2694.220553  
2686.027397  
2680.408585  
2689.958947  
2693.491668  
2695.614753  
2693.218252  
2697.134079  
2692.080883  
2686.615438  
2688.801891  
2674.272837  
2674.787815  
2682.145729  
2671.471344  
2683.162636  
2678.755684  
2677.742564  
2681.477733  
2681.478522  
2686.630368  
2681.71818  
2677.935461  
2686.938821  
2671.482038  
2669.878275  
2674.05015  
2668.480936  
2673.376993  
2672.070091  
2672.118059  
2685.180234  
2676.898536  
2674.347278  
2666.299124  
2676.382771  
2689.446729  
2675.86025  
2677.278189  
2689.146327  
2673.934791  
2670.905999  
2683.10113  
2664.040379  
2677.897588  
2673.734395  
2660.052049  
2659.93502  
2654.19886  
2653.745382  
2662.624443  
2664.184017  
2661.240373  
2679.602888  
2676.846082  
2682.139909  
2697.494893  
2696.67333  
2689.502114  
2688.559639  
2699.536359  
2680.875903  
2685.997092  
2679.73735  
2670.524738  
2666.615437  
2670.014226  
2670.626212  
2682.306719  
2681.116303  
2684.447852  
2679.929586  
2693.153469  
2692.037581  
2690.257625  
2679.588792  
2676.566515  
2661.825078  
2671.36457  
2670.885908  
2663.018196  
2665.765064  
2681.157861  
2683.206054  
2686.807107  
2691.996772  
2686.038814  
2683.209247  
2688.905751  
2679.442434  
2677.322798  
2674.746058  
2680.265502  
2685.514201  
2676.109279  
2684.730231  
2682.972856  
2695.848318  
2694.675214  
2683.996458  
2693.153862  
2684.070084  
2686.445513  
2685.498884  
2690.604028  
2686.346689  
2681.916286  
2676.807496  
2680.576194  
2672.009075  
2668.217676  
2663.989025  
2676.528393  
2674.92373  
2677.37015  
2687.937714  
2693.81064  
2695.874093  
2693.963806  
2680.912221  
2693.153468  
2683.645985  
2680.160774  
2672.37931  
2673.798945  
2679.37644  
2673.20443  
2674.919135  
2676.621122  
2687.831059  
2685.019976  
2694.987296  
2694.559203  
2689.733273  
2693.383017  
2676.726761  
2680.84217  
2673.779561  
2676.000462  
2670.817267  
2669.828543  
2678.126793  
2681.835445  
2669.504054  
2671.982329  
2671.699772  
2666.204454  
2664.038706  
2663.254617  
2662.56364  
2647.389773  
2645.878508  
2651.80831  
2663.365846  
2660.465392  
2676.448744  
2678.003357  
2678.917676  
2678.071495  
2678.813686  
2685.237195  
2674.539866  
2657.911568  
2664.829703  
2664.777493  
2670.033058  
2666.054848  
2684.118376  
2683.261246  
2683.953898  
2686.827353  
2702.320184  
2691.171501  
2682.227129  
2679.39233  
2674.954621  
2676.644619  
2685.681007  
2674.924082  
2676.111709  
2671.982311  
2668.447892  
2688.727443  
2690.728096  
2692.861017  
2689.89846  
2690.877285  
2702.367865  
2695.982988  
2700.418526  
2688.286211  
2686.350239  
2678.975782  
2675.013309  
2672.562156  
2669.221038  
2667.696181  
2670.451796  
2666.000187  
2675.75974  
2679.338612  
2681.223066  
2687.160826  
2697.188335  
2684.057673  
2677.855541  
2671.444466  
2673.851212  
2674.440531  
2662.870081  
2661.803758  
2659.931636  
2663.014325  
2666.798063  
2677.985746  
2675.636471  
2673.747781  
2677.994278  
2668.584213  
2672.5463  
2653.36762  
2655.471745  
2663.543169  
2665.475982  
2670.193904  
2680.79269  
2688.267156  
2694.932283  
2704.813807  
2695.360366  
2710.971304  
2703.37917  
2693.463727  
2689.71134  
2679.589038  
2679.569714  
2673.547611  
2670.229333  
2668.230841  
2668.17512  
2670.685304  
2673.310899  
2666.12102  
2676.18855  
2675.57134  
2665.502833  
2680.632576  
2671.099453  
2661.830341  
2667.973913  
2673.419875  
2671.869087  
2657.930963  
2661.705654  
2664.23561  
2664.049841  
2671.941479  
2667.314237  
2669.292006  
2676.263492  
2674.309648  
2678.406073  
2671.532962  
2668.95483  
2662.724429  
2667.600639  
2671.352467  
2671.608574  
2677.284492  
2673.265359  
2675.624416  
2681.703452  
2681.91035  
2686.795775  
2685.802561  
2681.320624  
2673.981197  
2683.904894  
2672.646164  
2673.11437  
2680.649927  
2684.985167  
2679.00402  
2682.63803  
2675.663272  
2666.958635  
2666.953934  
2668.713409  
2673.698739  
2681.896597  
2679.34317  
2683.625499  
2687.7175  
2696.315969  
2680.131836  
2688.10561  
2676.732585  
2679.833982  
2674.717017  
2670.357231  
2665.374055  
2676.680147  
2671.893984  
2673.703733  
2680.680264  
2670.801662  
2671.708864  
2676.217673  
2681.567773  
2680.098006  
2673.350991  
2668.985726  
2669.67483  
2672.452476  
2668.853536  
2660.840087  
2664.342917  
2657.95831  
2670.062545  
2676.580009  
2674.62318  
2676.595599  
2679.779081  
2683.193423  
2669.258637  
2677.739439  
2686.975398  
2682.407001  
2681.534025  
2686.129122  
2685.519571  
2681.425163  
2688.325014  
2674.158243  
2678.404735  
2672.910175  
2667.12079  
2675.342012  
2671.873804  
2684.82725  
2683.746631  
2683.190264  
2681.331887  
2679.229396  
2684.808955  
2676.776408  
2676.367642  
2675.869448  
2671.198297  
2665.586562  
2667.325401  
2673.104862  
2679.787121  
2675.58878  
2677.908059  
2682.790808  
2693.49506  
2697.556634  
2691.413327  
2702.869361  
2696.871676  
2691.91713  
2689.974037  
