1.144010205  
0.5345163351  
0.02860323314  
-0.2208486536  
-0.08665622649  
-0.3186422404  
-0.4714164733  
-0.1211013984  
-0.2539402086  
-0.3329304509  
-0.2487616779  
-0.4743028177  
0.1181609272  
-0.2255292911  
0.1635693662  
0.03432586491  
0.2421318067  
-0.3650607456  
-0.05969859133  
-0.06186047859  
-0.007302354312  
-0.2067280447  
-0.1148453847  
-0.2785613025  
0.8061155278  
-0.0976408384  
-0.5641454447  
-0.194916999  
-0.07703131026  
0.05881662746  
-0.3140643884  
-0.1483048814  
0.1776248175  
0.04823412389  
-0.3449888063  
0.3769510694  
0.4985033271  
0.593234844  
0.2584442331  
-0.061797205  
0.3860919921  
0.2088531782  
0.7067995313  
0.755107558  
0.7612070062  
0.1142913837  
-0.498684818  
-0.09695803385  
-0.0082493112  
0.2059568979  
0.6488015692  
-0.4014491208  
-0.06186110158  
0.3881452884  
0.4352531422  
0.455747707  
-0.3191473054  
0.4264678703  
-0.2201677786  
0.4460276132  
0.1416547428  
-0.2418958403  
-0.08071052063  
-0.2096651815  
0.09997520171  
0.004735942626  
-0.2615980993  
0.1228354197  
0.5060511175  
0.1964596481  
-0.3082124678  
0.2064699215  
0.1841489155  
-0.2143597081  
-0.5687991427  
-0.3319486739  
0.0906528026  
0.0790758773  
-0.2736065307  
0.1207516747  
0.2797180948  
0.552810544  
0.4283847406  
-0.0712106472  
0.5035784432  
0.4228756858  
0.4229633602  
0.03925079347  
-0.3135141524  
-0.3340116839  
0.2468986821  
-0.3584996708  
-0.2335410711  
0.6160511188  
0.3946841353  
1.195102615  
1.178567128  
0.9280873459  
-0.009288588807  
-0.01530882233  
0.1298985229  
0.2440825038  
0.8483651788  
0.2016427759  
0.2286002377  
0.0545186117  
0.1247615441  
-0.562094641  
-0.3230760333  
-0.4267141598  
-0.1093356776  
0.1348387756  
-0.1053722995  
0.05568980365  
0.4061217552  
-0.08860621106  
0.06829580461  
0.3194218583  
-0.2592915381  
-0.351519335  
-0.09283409841  
-0.4250538125  
0.5330291903  
-0.3859044432  
-0.1085601794  
0.08854997118  
0.3572243679  
0.5596889612  
0.8428734898  
1.294985388  
0.9860980139  
-0.02055108233  
0.08273376025  
0.2141259815  
-0.07842623253  
0.325281573  
-0.2770596849  
0.02441065721  
0.5822239141  
1.230018809  
0.1408229238  
0.7279504357  
0.4265668551  
0.6208031322  
-0.2079274934  
-0.6820499446  
-0.1023095362  
-0.6774004954  
-0.2521639383  
-0.1887473185  
0.5341466468  
0.06483102055  
0.4020778108  
0.5104737022  
0.7636704256  
0.232273749  
0.1774904113  
0.3489290383  
-0.06158450235  
-0.4406359259  
-0.5276489723  
-0.3494064529  
-0.5865851735  
-0.7157681716  
0.1569497947  
0.5294732461  
1.069042965  
0.6432508533  
0.1813189343  
0.5942517914  
0.481978917  
0.5812512614  
0.09309562099  
0.237016437  
0.2522339621  
0.8293901894  
-0.1364043207  
0.01899471119  
0.7489613382  
0.9611668079  
0.9842509445  
0.4659212821  
0.3784392983  
0.3783685573  
0.08813226  
0.07235678005  
0.3424063366  
-0.0006430150915  
0.2741516596  
0.1952627947  
0.3109979046  
0.4596984035  
-0.07521039024  
0.4276734873  
-0.2359353834  
-0.05107971475  
0.2370395866  
0.1987005401  
0.2808415738  
-0.4820786503  
-0.5528942553  
0.416100122  
-0.2333594072  
0.5316138678  
-0.03142938705  
0.07410428437  
-0.09167745515  
0.8411069644  
0.4044339702  
0.6168608321  
-0.1441465738  
-0.03987436664  
0.3535127384  
-0.4595556376  
-0.004493673474  
0.7109588553  
0.6257988523  
-0.002336056074  
-0.2046836059  
-0.02589863658  
0.5268278112  
0.5164194556  
-0.03523100151  
0.3723268622  
0.4214845452  
0.4134548302  
0.2463105204  
0.3472456527  
-0.09566775424  
-0.009677121819  
0.183769973  
-0.275730968  
-0.3891585536  
-0.3380754344  
0.009871964589  
-0.5508046724  
-0.7187922471  
0.1968458987  
0.1816483454  
0.5584209108  
0.5153878233  
0.2725044532  
0.2715747285  
-0.00701528447  
0.01379695064  
-0.1663371435  
-0.3033844579  
-0.2667239507  
-0.3863410706  
-0.3922204342  
-1.048084539  
-0.5848755019  
-0.2327910181  
-0.445476413  
0.1027013928  
0.45218849  
1.051978974  
0.17470671  
0.004293407179  
-0.279375  
0.3626054521  
-0.1451768443  
-0.279818726  
-0.4132957179  
0.1175755297  
-0.2298559057  
-0.5452670362  
-0.2445089084  
-0.1484890647  
0.1455679563  
0.3774132091  
0.227083634  
0.5001198612  
0.9863668135  
0.2284919335  
0.1528726507  
-0.6089626913  
0.3243204072  
0.101108118  
-0.235631193  
-0.0655888258  
0.05090063275  
0.633053689  
0.2186354373  
-0.3917624374  
-0.2703304271  
-0.3923755625  
-0.16112901  
-0.5756175489  
-0.6853133026  
-0.3614552545  
0.04011499457  
-0.4776634131  
0.3744519149  
0.3098498866  
0.03445308806  
-0.3646190528  
0.05398772393  
-0.05411270998  
0.02996946925  
0.01627618303  
-0.9114978062  
-0.4463995223  
-0.3117639288  
0.4448383265  
0.2185510252  
0.1916422841  
0.3716779233  
0.3153228007  
0.1031178447  
0.2973862719  
0.2323988291  
0.6897836006  
0.5513931188  
0.1616409616  
-0.241523897  
0.1836788928  
0.5199642308  
0.4061354942  
-0.3734450555  
-0.06465197208  
0.1124908498  
0.3844889931  
-0.4315901714  
0.02182441003  
-0.2702783205  
0.1225794253  
-0.09667165511  
-0.5914274367  
-0.7714257142  
-0.2983619022  
0.1209726495  
0.0841989115  
0.4774182045  
0.02682179998  
-0.1798272158  
-0.145543734  
-0.3299380189  
-0.04625080943  
0.3577212902  
0.2260710071  
-0.221277241  
-0.2115368609  
-0.286772144  
-0.2398837346  
-0.3762618054  
-0.5333249064  
0.3080541523  
-0.341554936  
0.4273218848  
-0.5103534503  
0.1374660189  
0.1627509644  
0.7859472971  
0.06483217782  
0.3602218035  
0.07537064965  
0.4019235006  
0.08343847668  
0.430989676  
-0.08888538691  
-0.08293490549  
-0.1221756953  
0.04042620896  
-0.1357447697  
-0.03581339433  
-0.5814905446  
0.5046354434  
-0.7815253364  
-0.3954858147  
-0.09327875866  
-0.06683810301  
0.09895688762  
-0.4463716087  
-0.3757665069  
-0.3312116372  
0.02450334454  
0.2827184284  
0.5437300461  
0.6156540269  
0.7369449733  
0.5671019579  
-0.4825115709  
-0.4239588964  
-0.4867306799  
-0.5845297803  
-0.8102803878  
0.003103731407  
-0.04835184693  
-0.1755822264  
0.3775450103  
0.006807565453  
0.07677934257  
-0.2075516172  
-0.6631334842  
-1.263321974  
-1.080194325  
-1.368945117  
-0.7839334086  
-0.4742847482  
-0.6289723885  
-0.2409033015  
-0.2563013875  
0.9740638438  
0.9902724995  
0.5928846099  
0.01748040106  
-0.6095131591  
-0.3628790757  
-0.05761433771  
-0.2423196793  
-0.6330435642  
-0.5359342748  
-0.2621129219  
0.02720740528  
-0.3436543543  
0.1533841294  
0.1990261569  
0.2349729524  
0.2806177753  
-0.3199056567  
0.1204230917  
-0.4940939314  
-0.3219454599  
-0.3422361719  
0.3371615512  
0.3622471808  
0.1201185696  
-0.6215442657  
-0.5727351322  
0.01654265121  
-0.2746409687  
-0.1849982496  
-0.8233771354  
-1.096180185  
-1.020647125  
-0.2944212695  
-0.6013776789  
-0.6445960512  
-0.6381067319  
-0.7295157331  
0.07694343959  
0.1231663655  
-0.3497573178  
-0.3416346659  
0.055193674  
-0.02687709168  
-0.06717843085  
-0.4743946401  
0.02545469505  
-0.5848593513  
-0.3186813871  
0.4807380643  
-0.01211420528  
-0.06405882329  
0.6382519399  
0.146535435  
-0.1647504064  
-1.131635789  
-0.2381827461  
-0.5065966355  
0.09481565029  
-0.02851823511  
-0.4963306821  
-0.363696378  
-0.1545579059  
-0.4316660681  
-0.3942544844  
-0.2858403392  
-0.09938785256  
-0.08861599009  
0.01907698668  
-0.02106505511  
-0.001249506275  
0.002924784747  
-0.02096532537  
-0.06296916054  
-0.3903143706  
0.1187481736  
0.148115577  
-0.2924614821  
0.203647481  
0.4840190822  
0.2976033044  
0.2378970307  
0.2896233411  
0.2132452151  
0.06266783578  
0.01700445338  
-0.734767424  
-0.342159821  
-0.6689489433  
-0.4282861456  
-0.4876625411  
-0.08566871853  
0.07888411812  
0.1361581524  
-0.3395833251  
-0.08655260176  
-0.2755222447  
0.1302738973  
0.08400732854  
0.2541183375  
-0.1764276498  
-0.02357113245  
0.8118444537  
0.4537134869  
-0.3388745937  
-0.05463665179  
-0.5670402684  
0.2521324688  
0.2437161259  
0.6132787023  
0.6734326094  
0.6170515861  
0.2257031193  
-0.4551392024  
-0.4207519494  
0.07679402181  
0.322640372  
-0.19782607  
-0.1462280037  
-0.5106567662  
0.5045517385  
0.8631244731  
0.3109682764  
0.9812484231  
0.7265737089  
0.8985133714  
0.3210711618  
0.08501337272  
-0.2233853569  
-0.5199958699  
-0.4144189226  
-0.7425927455  
-0.4796611546  
-0.6985469477  
0.5700468874  
0.09709351142  
0.01384694898  
0.05095994797  
0.1071737127  
0.03333434718  
-0.4735198572  
-0.5113854426  
-0.1113734399  
-0.6492120195  
-0.4116955757  
-0.2731072045  
-1.163778349  
-0.1445877725  
-0.947477007  
-0.3097541291  
-0.08681358868  
-0.143221513  
-0.01298647766  
0.3178599816  
-0.09644910504  
-0.3848278679  
-0.3647798573  
-0.4173678705  
-0.1370080632  
0.08647117526  
-0.2710000856  
0.4233977129  
-0.1334617943  
0.1155719641  
0.4217412124  
0.02066002987  
0.02194178673  
0.09055939562  
-0.1131288209  
-0.3265947089  
0.1609191508  
-0.7902199455  
0.191234103  
0.1279651563  
-0.7446049992  
-0.4936302546  
-0.6136092524  
-0.5374254352  
-0.5340279873  
-0.681782236  
-0.6259001683  
-0.04638554673  
0.2596895958  
-0.2296142796  
-0.1520035367  
0.05121425981  
-0.06555528859  
-0.1607263736  
-0.7012335197  
-0.5386847758  
-0.758398866  
0.01985785834  
0.2027916857  
-0.1311564254  
0.1078234616  
1.215303327  
1.023581223  
0.0656110446  
0.1237641644  
0.08186713955  
0.3062175767  
0.2687866402  
0.225541494  
0.08000061807  
0.1325629194  
0.4741445111  
0.3682149223  
0.3269847704  
0.6999808659  
1.105074943  
-0.08181870583  
-0.09643887805  
-0.612983166  
-0.620937026  
-0.5133365205  
-0.2503497661  
-0.227515723  
-0.06015748171  
0.5711621051  
1.252201286  
0.5950826828  
0.6655955822  
0.1278023677  
-0.163183622  
-0.002477419457  
-0.1484381642  
-0.1871166403  
-0.3792469936  
-0.214499979  
0.06916647482  
-0.3392602077  
-0.3006750899  
-0.4574242669  
-0.7907210237  
-0.01914341219  
-0.157767876  
0.4660484301  
-0.09214212098  
-0.6700632883  
-0.783523877  
-0.3760001566  
-0.4295122099  
-0.5442195066  
-0.08009437448  
-0.06489231678  
-0.9223730017  
-0.3845290564  
0.0783439524  
-0.1454802674  
0.3475402389  
-0.5629897777  
-0.1971520065  
-0.00944387686  
0.1738750235  
0.3935338965  
-0.1610894465  
0.8846329984  
-0.1017736859  
0.1502035891  
-0.008499042833  
-0.8569642299  
-0.5657981201  
-0.7487678736  
0.1805751125  
0.3305523186  
-0.1938884808  
0.2545506192  
-0.2597265268  
0.1886751961  
0.1357053807  
-0.7807576793  
-0.1401118725  
-0.2422150565  
-0.07232407531  
-0.02553687084  
-0.4620116266  
-0.04779895583  
-0.1842378013  
0.2499771877  
-0.4007312781  
-0.2412774476  
0.1833394047  
0.7966718926  
0.7440972364  
0.6374920022  
0.5021310573  
0.3560521321  
0.6499058019  
0.2829534242  
0.264757502  
-0.4464350641  
-0.08800805033  
-0.5621727415  
-0.5196440844  
-0.3744785842  
-0.2630625993  
-0.4631109858  
-0.3218471327  
-0.01500979688  
-0.6298637017  
-0.07338283382  
-0.339987653  
0.1900228962  
-0.2211170059  
-0.006583018957  
-0.2905462947  
0.1576326296  
-0.4183099921  
-0.4544590221  
-0.03957521426  
-0.1042315018  
0.7928598953  
-0.08851518277  
-0.03283541239  
-0.4502353534  
-0.08982314949  
-0.06543386298  
-0.6430765604  
-0.01752659292  
-0.1835874788  
0.2710409477  
0.3911022951  
-0.2352655016  
-0.2053378792  
-0.2296374007  
-0.7178751171  
-0.9367618826  
-0.7487854653  
-0.4302068805  
0.06750096213  
0.2259525861  
-0.4244576399  
-0.520545667  
-0.2127166999  
-0.2728947981  
-0.4496252793  
-0.8635712057  
-0.9454676425  
-0.382110888  
0.1621592268  
0.4832288383  
0.0796165253  
0.4514964759  
-0.273213266  
0.2121012554  
0.2758537165  
0.75098263  
0.6374315766  
0.1221042338  
0.2563168893  
-0.7161460751  
-0.8652563066  
-1.036553632  
-0.9872832283  
-0.3676069024  
0.2252442123  
-0.146366621  
0.3772629413  
0.3592481121  
0.455719337  
-0.0883476963  
0.09419978498  
0.1526913416  
-0.3874335912  
0.1517593601  
-0.378399144  
0.4577166277  
1.02198532  
0.867313705  
0.9981936058  
-0.3036984224  
0.1626309079  
-0.002097666339  
-0.296285273  
-0.487817269  
-0.4850098626  
-0.3775946043  
-0.2383463518  
-0.2108137256  
-0.4149821707  
-1.148886172  
-0.5464077351  
-0.1906084672  
-0.2334617377  
-1.129319308  
-0.4925029821  
-0.4993090304  
0.01081101832  
-0.339906772  
0.5162653174  
0.1175790116  
0.1815666103  
0.3223849273  
-0.478391691  
-0.8276768426  
0.02231872041  
-0.4404663757  
0.3701048857  
-0.2709308638  
-0.4547821081  
-0.4696801609  
0.2735080194  
0.1002353225  
-0.5387344612  
0.6241066634  
0.03259677391  
0.222353726  
0.1292072845  
-0.426233448  
-0.835770552  
-0.6346087936  
-0.1503689616  
0.2036707653  
0.5005014598  
1.320334436  
1.558647061  
0.8778808414  
0.488665532  
0.3112914932  
-0.2550413774  
-0.5974126205  
0.01181075611  
-0.4160949005  
-0.3268179935  
0.2710569649  
0.4815603472  
0.6984177232  
0.7474813082  
0.06558449442  
-0.2807890733  
-0.4626143667  
-0.5148090778  
-0.2467197387  
-0.3262948872  
-0.08000122858  
0.233629117  
0.4191501418  
-0.5593101492  
-0.1514423544  
0.4551212828  
-0.5361799454  
-0.06792212753  
0.4534877453  
-0.01325915671  
0.169633841  
0.06274361458  
-0.02024612641  
0.2977972615  
0.09049701973  
0.2739519331  
-0.5662513731  
-1.03896274  
-0.5108508549  
-0.8082270676  
-1.030767627  
-0.8723083607  
-1.275572155  
-0.6482015515  
-0.3194079883  
-0.2475464889  
-0.4425870487  
-0.03715862289  
0.4054667872  
0.4379702042  
0.02368061959  
-0.2700664192  
0.1993068614  
-0.569798133  
-0.2167423065  
-1.403328705  
-0.4871382625  
-0.3849579744  
0.08198747792  
0.2907444631  
0.1139925392  
0.6817375162  
0.341058339  
0.4463764989  
-0.02164777209  
-0.5180635987  
-0.8141216128  
-0.3272548509  
-0.07283717078  
-0.1079975479  
0.2511619998  
0.5948403651  
0.6703989008  
0.9336395454  
0.09512973631  
0.06336573438  
-0.1109032295  
0.005232256918  
0.682391671  
-0.001446297626  
0.03436489722  
0.2297752526  
-0.2183641627  
0.2630334244  
-0.06543468002  
-0.4259947775  
-0.1742680756  
0.515479508  
0.5147784298  
0.6752960949  
1.10641591  
0.5740674026  
0.20421056  
-0.08475871646  
-0.7210141423  
-0.5421122251  
-0.5853898824  
-0.06866889393  
-0.566785639  
-0.4678683016  
-0.1003210449  
-0.1513536342  
0.3100376253  
1.192046295  
0.6243669053  
1.242013104  
1.327021362  
1.472864002  
1.12542943  
0.5209221143  
0.5833189787  
0.2429641042  
-0.188279104  
-0.3437262291  
-0.2439081119  
-0.1560831231  
-0.2423010577  
-0.655994679  
-0.6552922276  
-0.4868191511  
0.1735493159  
0.42813525  
0.1487274027  
-0.3186214285  
-0.3087926399  
-0.2439458721  
0.09959449659  
-0.07364033017  
-0.7476562744  
-0.1729937697  
-0.04759551328  
-0.1326287753  
0.3781639478  
0.5010785103  
-0.07139704771  
-0.1528726605  
0.748691464  
0.2510242702  
-0.2303786406  
-0.1097433259  
-0.2153389072  
0.1398480001  
-0.8845472853  
-0.0512852348  
0.03380663035  
0.4322072233  
1.035826925  
0.1361181362  
0.6778384446  
0.5570043447  
1.011614213  
0.4564729214  
0.7445505939  
1.297515661  
1.544161692  
1.710629027  
1.375219273  
0.617747826  
1.014756027  
0.4556007892  
-0.0560523158  
0.3913658462  
-0.1168620243  
0.4748810987  
-0.2884762908  
-0.3047756541  
-0.7616830256  
-0.8139097384  
-0.1387375252  
-0.3634729667  
-0.6089299447  
-0.3377165141  
0.1330724039  
-0.4283967067  
0.04927024063  
0.8181504447  
0.4799481711  
0.2918691626  
0.3508650995  
1.101665998  
0.5972250115  
0.8103600199  
0.958303402  
0.7002120257  
0.5320122367  
-0.08782811818  
-0.4993070956  
-0.8249679231  
-0.6357911414  
-0.720459437  
-1.001370402  
-0.5680347487  
0.09778689437  
0.1023913872  
0.1138481072  
-0.3937984895  
0.1068759934  
-0.6231617797  
-0.4061204818  
-0.9792842019  
-0.499895748  
0.1377316444  
0.5664198001  
0.8397005726  
0.7340434291  
0.1828301295  
0.04018423372  
0.4002957911  
-0.2497222921  
-0.6381206274  
-0.433441748  
0.01700672339  
0.2655882912  
0.6510329833  
0.04266972955  
0.3719088985  
-0.02593137895  
-0.1977438785  
0.1541196924  
-0.2802471526  
-0.4196306279  
0.1818664903  
0.3286496794  
0.4221355438  
0.5988036986  
0.3538358926  
0.4989984718  
0.2456362529  
0.1935566287  
-0.1199693096  
-0.3831431124  
-0.3348797126  
-0.4926146744  
-0.3453655878  
-0.7978937499  
-0.6169089356  
-0.2667944055  
-0.2746001936  
0.334523609  
0.2936562619  
0.934639395  
0.3729206871  
0.4498224251  
0.09982704793  
-0.7007587961  
-0.578991919  
-0.7166624225  
-0.460166964  
-0.6475587461  
-1.616369127  
-0.7139363193  
-0.6901348293  
0.1269158968  
0.05828574592  
-0.6980430524  
-0.2762240958  
-0.3136637071  
-0.1887255852  
-0.2630578794  
0.003635296759  
-0.1010607021  
0.1588860835  
0.430431161  
0.09053729318  
-0.4386055002  
0.5016667845  
0.1180243342  
0.3678912838  
-0.2989422888  
-0.4395490668  
-0.1941192726  
0.3671132959  
-0.1626663951  
-0.7422945296  
-0.1387420726  
-0.3070831862  
0.3352499771  
0.9917158253  
0.3797963439  
0.4528570812  
0.5289157916  
0.9521936534  
0.7946109389  
0.7598633178  
0.9742120251  
0.5984027699  
0.28795321  
-0.03060150086  
-0.1352162717  
-1.076766663  
-0.8733862787  
-0.4938578024  
0.03364824156  
-0.5607010631  
0.01259014267  
0.1583276667  
-0.03369246823  
0.3241206906  
-0.387649633  
-0.08986181795  
-0.07448341573  
0.08375075033  
-0.1971570085  
-0.02127509485  
0.07526691143  
-0.1638524699  
0.2701333923  
1.013949662  
0.6644525344  
1.046343514  
0.9121163009  
-0.2208808197  
-0.5412987464  
-0.5819603886  
-0.5054164876  
0.1874069112  
0.1160120093  
0.2118080672  
0.5546670323  
0.9193142974  
0.4722817609  
-0.3462423213  
-0.06193170663  
-0.1896555671  
-0.6043216661  
0.03492147124  
-0.6744874126  
-0.9606455172  
-0.07361173592  
-0.121855202  
0.769252181  
0.899210328  
0.9697880793  
0.9146029155  
0.3871812399  
0.4463372874  
0.09163309598  
0.07215773119  
-0.07121326995  
0.1800095115  
0.1157814097  
-0.850841156  
-1.22055789  
-0.9950381783  
-0.7755004224  
-0.382442137  
-0.273832536  
0.4635946261  
0.4182423849  
1.093183348  
0.623246433  
-0.4152962497  
-0.4209458296  
-0.5739476858  
-0.357319338  
-0.2802377057  
-0.9815633651  
-0.1886325538  
0.823646563  
1.084269032  
0.9239386762  
0.373131501  
0.7875064958  
0.05408983288  
0.498068313  
0.47141236  
0.04513687642  
0.195696313  
0.5609796982  
-0.1817916061  
0.2101318402  
-0.2038476249  
-0.04590335429  
0.01478359285  
0.1326598697  
-0.2677609479  
0.06103558093  
-0.3787069297  
0.1622811639  
0.8089345445  
0.2407859234  
-0.008143793923  
0.4208317908  
