1.776020518  
1.38585745  
0.873448147  
-0.09311362516  
-0.05964509145  
-0.2955402721  
0.02468593831  
-0.2288678182  
-0.6058785186  
-0.2747440707  
-0.312531832  
0.2606812371  
0.9061367304  
0.3019484368  
0.2233910246  
-0.5776772806  
-0.1681949077  
-0.1422431042  
-0.3602783632  
-0.3556504504  
-0.06637014285  
-0.5036568681  
-0.2169040857  
-0.2745884022  
0.4972850726  
-0.07619841182  
-0.1181469026  
-0.121948904  
-0.4090362809  
0.01075800526  
-0.6037416912  
-0.7181112996  
-0.6553249528  
-0.1388286232  
-0.5062763625  
-0.9126257238  
-0.9110476718  
-0.6813622917  
-0.7780634847  
-0.5220884033  
-0.9502893678  
-0.002008316014  
-0.491228471  
-0.336316399  
-0.7007744397  
-1.524533322  
-0.8094084559  
-0.9025825994  
-0.4691290689  
-0.5294020745  
-0.3647547391  
-0.06417959908  
0.09308446791  
0.2428026004  
0.1870525203  
0.3723541103  
0.07955439334  
-0.3048669094  
-0.7154011901  
-1.049858754  
-1.032407233  
-0.8534643676  
-0.5615312974  
-0.2306145525  
0.01710034146  
0.7995227292  
0.3841295343  
0.6349039618  
0.6416021161  
0.5289728323  
-0.3183320346  
-0.4537217915  
-1.034934193  
-0.356910642  
-0.3438194093  
0.1408324661  
0.2237466506  
0.2606916217  
0.05496881807  
0.2296253339  
0.1317214331  
0.5380841108  
1.025682449  
1.023282284  
0.9206973222  
-0.269731267  
0.6728075218  
0.2979331197  
0.3917316497  
-0.02542588405  
0.5778079328  
0.432766341  
0.5398149884  
-0.1619524693  
0.3616289908  
0.501240284  
0.06632103534  
0.5399600773  
-0.7320970718  
-0.1445360942  
-0.002407254687  
-0.068720448  
0.7386764932  
0.6290054575  
0.2827792079  
-0.3595563373  
-0.5743416577  
-0.7526616744  
-0.1321695694  
0.3055689175  
-0.1200491223  
-0.0898553357  
0.7126219743  
0.3633385073  
0.358369081  
0.2902352317  
0.03890510928  
0.1207848193  
-0.1365782789  
-0.09021098154  
-0.2589422189  
-0.1984489259  
-0.6546363784  
-0.2650584893  
-0.5420697327  
0.3136183764  
0.5937587106  
0.6399746027  
1.096817573  
1.064999427  
1.066212691  
0.3219041381  
0.004074354577  
-0.8490418682  
0.006164372  
-0.1846582126  
-0.2296866558  
0.05717008171  
-0.1111087326  
0.5095601448  
0.4480180469  
-0.01928631933  
0.500644776  
-0.08435670122  
0.2242537098  
-0.3073922469  
-1.054535635  
-0.5930596585  
-0.4374618984  
-0.6811258397  
-0.6958610898  
-0.08112490573  
0.3430590947  
0.5786679731  
0.1969480555  
0.2150125772  
-0.07906429529  
-0.2738118573  
-0.6027312146  
-1.001044886  
-1.255997972  
-1.14481284  
-0.2448124672  
-0.5135292327  
-0.7443904473  
-0.4471491619  
0.4334044491  
0.7146317614  
0.7887929964  
0.6779591517  
1.038828134  
1.13887423  
0.852166598  
0.2000987748  
0.066631557  
0.03456670078  
0.5938622915  
0.4485526284  
0.601792637  
0.4836399168  
0.8032672567  
-0.5958748868  
-0.440487022  
-0.6193733343  
-0.1378635324  
0.4552825512  
0.4313183389  
0.1689013996  
0.5605278344  
0.7832210016  
0.4821958176  
-0.2650050778  
-0.09040047819  
0.01330586586  
0.5932328336  
0.8703801473  
0.4331143176  
0.7328797972  
0.7788592014  
0.2625448277  
-0.06962933767  
0.1434613523  
0.5939686319  
0.4614988708  
0.009019322359  
0.4528663189  
0.3968894515  
0.4806238365  
-0.00196740031  
-0.7068388255  
-0.07096778342  
0.2966754195  
0.0779349763  
-0.5907927929  
-0.4478244637  
-0.5363315961  
0.05190837044  
0.2473382187  
0.007136512166  
0.1134503319  
0.1538288281  
0.2369905763  
0.1766392249  
-0.4019065086  
-0.8133777414  
-0.3430250893  
-0.6830398322  
-0.4076029116  
-0.06889767678  
-0.08579414749  
0.9020113868  
0.5476125536  
0.7308884065  
-0.1062546505  
0.1713448995  
0.2855951233  
0.3532918492  
0.3843649972  
0.8621888244  
1.07640023  
0.561950893  
0.6218419381  
0.1464175652  
0.1204031933  
0.3272334073  
0.1822259793  
-0.06755949095  
0.2078913017  
-0.3274344431  
-0.7478806063  
-1.407106702  
-0.4300402836  
-0.4986794588  
-0.2175557462  
0.1740652867  
0.1085672552  
0.7212594694  
-0.2490087362  
0.1219193879  
-0.03946192568  
-0.2532713579  
-0.2869759022  
-0.6157229072  
-0.3459564105  
-0.7907087337  
-0.09287822313  
-0.3557173781  
-0.3435951984  
0.09217751381  
0.2172982419  
0.550838959  
0.4260145965  
-0.02091233282  
0.2529062043  
-0.0796522747  
-1.053137141  
-0.9205461724  
-1.16170694  
-0.5327709221  
-0.783398136  
-0.01155060321  
-0.1631340194  
0.8628001872  
0.01874864915  
-0.00725294612  
-0.8865645259  
-0.7454016679  
-0.1062916091  
-0.3466809712  
-0.2628208571  
-0.1311975374  
0.2129908405  
0.3059053092  
0.0840013047  
0.6618262076  
0.7204121608  
0.3672493531  
0.1860742489  
-0.1614722003  
-1.00863173  
-0.2743552656  
-0.2933054462  
-0.2814688643  
0.05486107136  
0.8410826829  
0.4621885352  
0.05243557413  
0.3958510539  
0.596109356  
0.6755598055  
0.7299497018  
0.2019545771  
0.2550103723  
0.6982646924  
-0.2593325032  
0.6673130504  
0.1213723603  
0.2950109998  
0.5020574181  
-0.03811191611  
0.004938346762  
-0.7130237082  
0.7077089985  
0.3462995297  
-0.01136628519  
-0.1404140667  
0.141503029  
-0.1181724343  
-0.1813667751  
-0.06697458588  
0.4000870936  
0.3045532151  
0.5753896928  
0.1539493708  
-0.2662541194  
-0.2647521632  
0.3702947097  
0.09618696627  
-0.1186182803  
-0.07130414401  
0.03159774551  
-0.2378806147  
-0.8599456139  
-0.3411530688  
-0.08922455977  
0.4961946297  
0.1044690274  
0.2713754947  
-0.3377122661  
-0.03591938229  
-0.3153804278  
-0.1563118085  
0.005850738514  
0.7311860334  
0.4407221701  
0.6279035006  
0.04418378602  
-0.3874487192  
-0.1904956995  
-0.6378533961  
-0.3417732219  
-0.3253648916  
0.278283688  
0.2924220112  
-0.2328908366  
-0.01718209883  
-0.03601338855  
0.2823147603  
0.8718164552  
0.2885232602  
0.7546198349  
0.5758224245  
0.2009300514  
-0.4057260442  
-0.1416542219  
0.1699355883  
0.6299317405  
0.6408610717  
-0.3487196011  
-0.1950538879  
0.1842784997  
-0.08598074749  
-0.715611622  
-1.246766608  
-1.310777212  
-0.7302074881  
-0.1924794634  
0.09654040551  
-0.330051658  
0.1660712402  
-0.4077669995  
-0.06474354294  
0.2726842441  
-0.3614555172  
-0.3537658326  
0.09891424586  
-0.1550580968  
-0.1696991978  
0.04047037511  
0.04949857123  
0.06713528732  
0.2614525397  
0.3854403017  
0.7642116269  
0.9746823737  
0.7695666433  
0.5039235549  
-0.6774837132  
-0.8935197564  
-0.4362387826  
-0.6217480578  
-1.040364442  
-0.8034793633  
-0.1124156012  
0.5293530542  
0.5794404802  
0.3432110926  
-0.01524659983  
-0.1167554691  
0.2343045827  
0.009588251809  
-0.3101598847  
-0.226607366  
0.2783550236  
0.4108451503  
0.5480532442  
-0.458597952  
0.4768278027  
0.0112782158  
-0.5610948729  
-0.6339300399  
-0.1999032943  
0.10488695  
-0.386637313  
-0.5229267948  
-0.4272454102  
-0.1351063684  
0.1295483757  
-0.18723833  
-0.02021948828  
-0.3435657763  
0.3101829854  
0.4218341747  
0.4030627053  
0.4333263547  
0.7959328984  
0.8626280365  
0.9761766584  
0.6232087413  
0.09855330325  
-0.2014251784  
-0.1299433111  
-0.5840761593  
-0.7077620284  
-0.5779456017  
-0.8998661924  
-0.6236005583  
-0.6795715768  
-0.6170127115  
-0.3356359417  
-0.09867664221  
0.1783094314  
0.7371660943  
-0.226398511  
-0.4096122337  
-0.8967658021  
-0.4651832691  
-0.3990962462  
-0.5063469589  
-0.2243890166  
-0.218460923  
-0.4081640546  
-0.07545377307  
-0.3860816311  
-0.4012367446  
-0.2272919899  
-0.1285322872  
0.2514099784  
0.2070279002  
1.056837878  
1.066020532  
1.02769334  
0.5514793228  
0.5916332346  
0.1740884508  
0.01282722093  
0.1805134755  
0.09053736506  
-0.2452946036  
-0.5179491932  
-0.6105292244  
-0.5415350386  
-0.3004434647  
-0.2684390292  
-0.172270777  
0.4059434004  
0.8172542174  
1.181727846  
0.2153882417  
-0.2890693643  
-0.2831211973  
-0.1692164436  
-0.2082551194  
-0.368311791  
0.1153579424  
0.5719052872  
0.6487197136  
-0.1231773769  
-0.599149739  
-1.075210151  
-0.2942792249  
-0.6553416145  
-0.3058497561  
1.057913126  
0.0111191822  
0.2702943574  
0.05896879826  
-0.451386281  
-0.1337942383  
-0.4695015475  
-0.1099386557  
-0.1719506497  
-0.5368635735  
0.6466677303  
1.34652592  
0.9382841706  
0.9797266643  
0.7022166114  
0.4393418472  
0.3863713737  
-0.3808733488  
-0.4343205116  
-0.3790200238  
-0.09322529977  
-0.3673014054  
0.2300544579  
0.345646234  
0.7551888161  
0.6448198003  
0.8319905797  
0.3341843104  
0.01410051815  
-0.4963994453  
-0.2533535223  
-1.02370357  
-0.7331101837  
-0.7476710877  
-0.837942802  
-0.5300343929  
-0.4091361432  
-0.9200553601  
-0.696656812  
-0.4507614054  
-0.8569149919  
-0.7396292215  
-0.3838788712  
-0.704735767  
-0.07644171445  
-0.2002841039  
-0.1929118555  
-0.4550479257  
-0.1416457172  
-0.1397578995  
-0.6473048873  
0.05797643335  
-0.008984551139  
0.3536622579  
0.556829138  
0.3204493143  
-0.05548692063  
-0.2355598065  
-0.1445595174  
-0.2646514586  
-0.2810694332  
-0.1667187499  
0.3491965946  
0.3566917061  
0.1409950554  
0.3784280547  
0.103547696  
0.5545743527  
0.9116808604  
0.4328592257  
0.1907319053  
0.3114717927  
0.3606230207  
0.02610378378  
0.002522750499  
0.5398291964  
0.0578526314  
-0.2824905295  
-0.4522852358  
0.113833984  
0.1629895521  
0.6899104266  
0.5091001987  
0.335551277  
0.4933790479  
0.5893064207  
1.058032822  
1.064687873  
0.2592833984  
0.2289219746  
0.002039690165  
0.08960506162  
-0.6239244265  
-0.06489842742  
0.03111036469  
1.011614365  
0.7300448761  
0.3064369341  
0.3189426101  
0.1134146843  
-0.167260207  
-1.277322244  
-1.505307106  
-0.7030572563  
-0.6256248359  
-0.5480404601  
-0.3774334964  
0.2999192865  
-0.43853698  
-0.4686234814  
-0.3434753195  
-0.3069014125  
-0.2157271528  
-0.5265819606  
-0.6466994424  
-0.4243942962  
-1.45552767  
-1.279529535  
-0.8815147592  
-1.251669511  
-0.7722630464  
-0.468196053  
-0.6373103617  
0.3989215788  
0.5216018528  
0.2017673402  
-0.01948092896  
-0.3184383192  
-0.3488587557  
-0.5620623623  
-0.08913116229  
-0.7139096719  
-0.5704127545  
-0.419319232  
-0.131156118  
-0.3030282063  
-0.1226706168  
0.2272965278  
0.4576796608  
0.1017910846  
0.02617434952  
0.5706955211  
0.7808894241  
0.4079614972  
0.1366651235  
-0.4604751611  
-0.4814694497  
-0.432094057  
-0.09379409696  
0.04819939672  
-0.4588910179  
0.2613715243  
0.1487145321  
0.1222814329  
0.1156867934  
-0.4408312212  
-0.2799584034  
-0.1165225169  
-0.6319799048  
-0.02933044964  
-0.3920023447  
0.355541434  
0.009190354171  
0.1242376766  
-0.6095715395  
-0.6378551546  
-0.1058698909  
-0.06128062609  
0.008179198353  
0.0237230768  
-0.1226426886  
-0.4024777772  
-0.01199645186  
0.574312165  
0.08540613128  
0.04205898425  
0.4092738328  
-0.03230895257  
0.152942924  
-0.3995849183  
-0.6434908845  
-0.6023654457  
-0.4493968498  
-0.4918666521  
-0.9591052936  
-0.4981473514  
-0.5330718498  
-0.2612576498  
-0.4560347665  
-0.5357945092  
-0.5774968739  
-0.3244967217  
-0.194121513  
-0.7303964945  
-0.5016131519  
-0.4534237285  
-0.2425761471  
-0.06966032175  
0.1982202847  
-0.3683907746  
-0.574484541  
-0.256083546  
-0.5778011396  
-0.3025398416  
0.1710042614  
0.00294182598  
0.4576173922  
-0.2369086497  
-0.3680401143  
-0.6900314642  
-0.3107366983  
-0.4767771303  
-0.7208756295  
-0.2345050618  
-0.2265796451  
-0.03231362604  
0.1362461369  
0.1581357741  
0.2336193069  
0.04134132027  
-0.3607123607  
-0.8813837636  
-0.8462567189  
-0.4440830568  
-0.4399532276  
-0.2131055786  
-0.2549401672  
0.1100179984  
-0.2285736452  
0.4276633717  
0.3383555791  
-0.04413198472  
-0.1338075699  
-0.2698460434  
-0.4079262995  
-0.3264499371  
-0.9254601111  
-0.4624835018  
-0.2374172856  
0.2346713743  
0.0590640165  
-0.3398374477  
-0.3186282977  
-0.4779919642  
-0.5665080664  
-0.8342514519  
-0.5072148797  
-0.6300051485  
-0.3624991934  
0.2776618739  
-0.3744041215  
0.1715776121  
-0.346462896  
0.3887095837  
0.8002281522  
0.2030125827  
0.6453058266  
0.5873686504  
0.1857280102  
-0.01195935627  
-0.5153482686  
-0.4280593561  
-0.5230510675  
-0.4408106989  
-0.4978622256  
-0.7714746657  
-0.9160911025  
-0.9960013326  
-0.5500142337  
-0.9947678716  
-1.212735778  
-0.6077498027  
-0.7207153226  
-1.271779303  
-0.7623889815  
-0.9302956777  
-0.5161928561  
-0.1692947458  
-0.3837556852  
-0.452126378  
-0.152638211  
-0.001391784194  
-0.4547745098  
-0.2680935317  
0.1102237253  
0.2108883164  
0.2495859369  
0.4154321124  
0.06285438998  
0.1156335098  
0.3084422307  
0.4207001099  
0.1159529321  
-0.004772779345  
0.5979494451  
-0.1119070303  
0.3523821665  
0.2564896288  
0.01137437368  
0.353019247  
-0.1692657666  
1.00037279  
0.2945515114  
0.4403641524  
0.274215968  
0.7834968334  
0.3533575202  
0.7937283038  
0.5330858412  
0.0716488929  
0.06745719284  
0.3534259651  
-0.2339010799  
0.1789135982  
-0.4310794182  
-0.4788027638  
-0.129352665  
-0.6646168181  
-0.2459867669  
-0.2460096002  
-0.7328928048  
-0.2489787063  
-0.1232651181  
-0.5486784766  
-1.135219254  
-1.22410359  
-0.2131477068  
-0.3797644611  
-0.5358788224  
-0.445138034  
0.06590205575  
-0.6152259621  
0.1770897418  
0.0298806385  
0.1238961707  
-0.04180310325  
-0.4457950486  
-0.01643307199  
-0.2173361529  
0.3618911601  
-0.3567857005  
0.2165519325  
-0.8698241095  
-0.8244483203  
-0.7406027889  
-0.6079948324  
0.2038611949  
-0.12080127  
0.1527666621  
0.2179262899  
0.3391823509  
-0.3703414299  
-0.2534202474  
-0.4337090141  
-0.719941885  
-0.3421353639  
-0.3246948304  
-0.1860570814  
0.1109022902  
-0.03640041438  
0.4187944321  
0.3702698166  
-0.2116013674  
-0.1536203915  
-0.6424763671  
-0.568642479  
-0.3552709747  
-0.1603745173  
-0.6119321387  
-0.3927979743  
-0.2150193988  
-0.2103359063  
0.3843318269  
-0.166423052  
0.4113783613  
0.7865049642  
0.4253774429  
0.9712737877  
0.2445158425  
0.2221511668  
-0.1257660888  
0.6506041941  
0.4653622526  
0.1406549554  
-0.1834530098  
-0.3240138297  
-0.1329807101  
0.1798037586  
0.2561864381  
-0.09740866323  
0.2415447161  
0.3695355753  
1.140768507  
0.9439986821  
0.2971081907  
0.2021007937  
0.300098569  
0.2168466237  
-0.3717248606  
-0.09852349138  
0.06406788291  
0.4281816344  
0.2615097776  
0.480403562  
0.6780910136  
0.3462389862  
0.6966260017  
0.9789870058  
1.016664061  
1.159915226  
0.9078889914  
1.428946013  
0.5984313888  
0.01471726014  
0.04953043004  
0.1647271834  
-0.1694484873  
-0.5335478122  
-0.7665234008  
-0.3732262448  
-0.04371373523  
-0.3968515778  
-0.4339675337  
-0.09636795009  
0.01916435492  
0.3435283828  
0.4221166528  
0.3240362977  
0.3120736964  
0.3773257953  
0.6072235993  
0.2420065055  
-0.1601261037  
-0.4475087292  
-0.06144777616  
-0.1314481412  
-0.03395107933  
0.1651414861  
0.3815058298  
0.7878421788  
0.5505461191  
0.568591026  
-0.08837287161  
0.2971606926  
-0.1155309823  
0.4744900455  
-0.1333410823  
-0.372424398  
-0.06406382381  
-0.002010420924  
0.2178576978  
0.172314881  
0.3168159575  
0.1405760231  
0.7836059771  
0.5635808813  
0.497332465  
0.5287914971  
0.2453101542  
0.7037249011  
1.103457675  
0.6175773813  
1.260767549  
0.7529859577  
0.8951212991  
0.5803696776  
0.5834373201  
0.868601608  
0.06303578573  
-0.1750501941  
-0.755596815  
-0.5600930761  
-1.00358568  
-0.9026702442  
-0.6537068726  
-0.7138388558  
-0.3510521261  
-0.1809908845  
-0.04987021114  
1.195938112  
0.2293286703  
0.5300060624  
0.5898398162  
0.8324581974  
0.8004765993  
0.3318285289  
-0.01581433093  
-0.2579329868  
-0.3821752404  
-0.2337121528  
-0.0297098636  
-0.5523684123  
-0.318784234  
-0.2514008256  
-0.09477374594  
-0.6268721386  
0.01642978212  
0.2608345996  
0.2403488639  
0.1827178535  
0.3690452101  
0.155884813  
0.09005065209  
0.4141357052  
0.4817332637  
0.7813776318  
0.436180219  
0.667302132  
-0.0245103224  
0.1766501638  
-0.2170114195  
0.6814548103  
0.6439120777  
0.439322375  
1.078100561  
1.2144594  
0.5617486606  
-0.03774111743  
-0.555374551  
-0.07447917599  
-0.1811497797  
-0.1454920553  
0.4643868367  
0.5172707118  
-0.3654799272  
-0.06954807745  
-0.07886875578  
0.4529839593  
0.2055146058  
0.1277893998  
-0.04504969076  
-0.369086895  
-0.774423286  
-0.5647720937  
-0.3724055816  
-0.3221788882  
0.2207555239  
-0.6775028383  
-0.260962692  
-0.08741322291  
0.02835591454  
0.3794434586  
0.6620447906  
0.6754968088  
1.032961707  
0.8810241941  
0.6802631915  
0.5641680172  
-0.02509592506  
-0.126995179  
-0.6718029188  
-0.6198362548  
-1.046444604  
-0.9680999216  
-0.3459908257  
-0.9867571649  
-0.2395406856  
-0.7938294358  
-0.6594246272  
-0.6398747058  
-0.1321445782  
-0.03041506982  
-0.1731909838  
-0.1062980748  
-0.2740636907  
0.3417852832  
-0.3649269712  
0.2233829383  
-0.1841053299  
0.1894427629  
0.1627530423  
0.2522620849  
0.2575475334  
0.4178127701  
0.4471189928  
0.7387691509  
0.1728516916  
0.2625586744  
0.8148856687  
0.3834475887  
0.6342143497  
0.7421427438  
0.560200618  
0.4277200569  
0.5499752597  
0.647322754  
0.2689745692  
-0.4534258716  
-0.4705786257  
-0.516945671  
0.05839358504  
0.05060355292  
0.1017805768  
-0.1791713807  
0.181181249  
-0.6324778197  
-0.7154019184  
-1.129026067  
-0.6305434841  
0.05880262802  
0.1245704813  
-0.1071157906  
-0.02488257089  
0.06216079662  
0.1866198583  
0.3928647493  
0.3325830991  
0.5468280724  
0.4044051431  
0.5510459243  
0.6064550491  
1.00747407  
0.5256156482  
0.8657948138  
0.5937735706  
0.2545647644  
0.6921380449  
0.3813598923  
0.1120075645  
0.6413845326  
0.9157694469  
0.9529089255  
0.6381939647  
0.223153982  
0.3697446391  
-0.2914390716  
-0.3736123152  
-0.5146985429  
-0.4301647599  
-0.06020557509  
-0.3449113903  
0.09466147753  
0.0739590729  
0.7505206233  
0.9573218054  
1.326308912  
1.308644107  
1.344788096  
0.8140839822  
-0.1440344297  
0.03227344753  
-0.006349052366  
-0.5677009436  
-0.2740546741  
0.03682422344  
-0.05753211862  
0.1726021372  
0.2167008254  
0.2374289593  
0.08810545455  
0.0814045536  
0.08294595811  
-0.08099709549  
0.3081534254  
-0.3800951231  
-0.1752650553  
-0.3129885451  
0.08084800323  
-0.01786040409  
-0.3569207104  
-0.4710527181  
0.2821318631  
0.4112665022  
-0.03189253181  
0.2774976474  
0.1132531801  
0.285225705  
0.3591971593  
0.6844199341  
1.189909733  
0.7733605657  
1.153351548  
1.061742013  
1.189610504  
1.279019593  
0.6511883417  
0.2441310612  
-0.0009165733935  
0.3073525305  
-0.1408824505  
0.308476725  
0.319109954  
0.01369411704  
-0.1013230812  
-0.1935916417  
-0.2445294247  
0.3832896524  
