1.847802429  
0.8145658798  
0.4013047687  
0.1365115193  
0.1121903517  
0.4119156326  
0.06041073559  
0.05622318753  
-0.3015651324  
-0.3305508198  
-0.4810556845  
-0.5293719277  
-0.6479071719  
-0.5965845245  
-0.2026883965  
-0.2307985546  
-0.1534159853  
-0.3434737129  
-0.3622487107  
-0.6644463206  
-0.6157422757  
-0.7059901382  
-0.3732278685  
-0.1433577336  
0.1902028609  
0.0684766092  
-0.01935481883  
0.0948418919  
0.0883160809  
-0.2541029862  
-0.224577598  
0.1259132864  
0.3997715183  
0.1012134978  
0.07824147387  
0.1447258225  
-0.03263873671  
0.4820669063  
0.4175405453  
0.7021272531  
0.8591331302  
1.237856476  
0.9320211045  
0.5790908544  
0.4356716334  
0.189334572  
0.371288609  
0.3737978997  
0.72123779  
0.7456635949  
1.093322255  
1.013557663  
1.139438546  
0.9395412029  
0.2118867999  
-0.354265119  
-0.6028394389  
-0.4497486079  
-0.5371226582  
-0.6433739404  
-0.7411675627  
-0.5737761083  
-0.4031102553  
-0.2973747722  
-0.2007161561  
-0.2947843415  
-0.2919659362  
-0.5060635028  
-0.0908716636  
-0.4396973685  
-0.3422137637  
-0.2317130167  
0.05678508072  
0.1379432174  
-0.2922533652  
-0.2809536455  
-0.4460466584  
-0.2248862805  
-0.2530968446  
-0.1481481453  
-0.04898640192  
0.362665489  
0.2051819427  
0.1952898452  
0.2651227179  
0.2065571453  
0.1373954875  
0.007346751893  
-0.1153206736  
-0.1826369881  
-0.485362569  
-0.4954766043  
-0.2868268508  
-0.2241214008  
0.3339283675  
0.5916329284  
0.3210942841  
0.8806858911  
0.2928276401  
0.4916195208  
0.2355578645  
0.4682197167  
0.261763204  
0.2412910166  
0.05978371761  
-0.1477767236  
-0.1734721622  
-0.187506624  
-0.3392294532  
-0.6278428519  
-0.6754148671  
-0.7567731747  
-0.4796042759  
-0.5142819481  
-0.5760014708  
-0.09285488702  
-0.06959852247  
-0.166319143  
-0.2077632863  
-0.3142401333  
-0.3228239215  
0.202056703  
0.187447329  
0.1823329548  
0.2847984006  
0.6588694097  
0.6739734939  
0.7697056598  
0.9006745242  
0.767069769  
0.6442792491  
0.09129866073  
-0.04115722888  
-0.1034478801  
-0.1960094349  
-0.1218144582  
0.2083674614  
0.1122108253  
0.3827694158  
0.7501892238  
0.5894137444  
0.4666774813  
0.4895217519  
0.5146598604  
0.3239128358  
0.1091153078  
0.08156835564  
-0.124406181  
-0.2663579628  
-0.1277005558  
-0.01901339978  
0.4242844493  
0.6509793371  
0.7410269223  
0.6175985261  
0.8739225715  
0.4603134326  
0.1106539398  
0.1464278617  
0.04713743502  
-0.2366013092  
-0.09368935939  
-0.3784117193  
-0.2136446085  
-0.07592490981  
0.07185594553  
0.2622987765  
0.4276052697  
0.1995314596  
0.4973314821  
0.2924634288  
0.358180553  
0.2216757408  
0.1397169284  
0.05062145049  
0.1640340063  
0.1723541907  
0.5914367677  
0.4939946725  
0.7638657351  
0.9597364515  
0.4318345069  
0.4764627294  
0.267577344  
0.1312469774  
-0.175601079  
-0.109748783  
-0.2127153066  
-0.03563743041  
0.05831416473  
0.1239694259  
0.1740925962  
0.2824438593  
0.4799714846  
0.4318143782  
0.532953967  
0.399348443  
-0.1056871575  
0.2639800412  
0.2914408903  
0.1992998398  
0.2659810667  
0.3406340897  
0.1966980202  
0.1551653982  
0.3090924847  
0.4173431908  
0.6683992669  
0.3161270633  
0.4282171049  
0.4041594399  
0.3505122794  
0.1510509706  
0.1157901436  
0.2933033563  
0.2595110885  
0.3312023042  
-0.03190930949  
0.115737496  
0.06369888504  
-0.03323319942  
-0.1331966214  
-0.191862804  
-0.2677973677  
-0.06972253322  
-0.0112904653  
-0.04765919677  
0.3130724617  
0.3177962523  
0.1124201921  
-0.09380950366  
-0.6265377782  
-0.5645390934  
-0.5937413782  
-0.3839732389  
-0.3718146254  
-0.4631948115  
-0.02938920241  
0.007366429971  
0.3142322944  
0.3380256903  
0.2670801201  
0.2176144725  
0.8207658635  
0.3865539041  
0.2855757961  
-0.04635261014  
-0.1018140929  
-0.372875185  
-0.199386632  
-0.3811433204  
0.06799238801  
0.3657210364  
0.5816597086  
0.6407928838  
0.986010591  
1.234105636  
0.8593427554  
0.8893972191  
0.8285471388  
0.8028076623  
0.5661035156  
0.2185273309  
0.237944207  
0.3570094804  
0.546055828  
0.2438376065  
0.2920980305  
0.06638071968  
0.3578024384  
0.4933645739  
0.7006481001  
0.7760952155  
1.118572189  
0.9431179923  
0.4022127711  
-0.1604778497  
-0.1176068447  
0.225125829  
0.02362431012  
0.160129267  
0.2756653837  
0.4788997563  
0.170994595  
0.213389243  
0.129875919  
0.3185746769  
0.3302171614  
0.4044490043  
0.3401579703  
0.3274826957  
0.7914724392  
0.4000043394  
0.4794019113  
0.4716784317  
0.879979246  
0.1139004506  
0.04652864834  
0.08337342999  
0.253956411  
0.4715489888  
0.4718264556  
0.3700670588  
0.7029364987  
0.842306672  
0.1745382471  
0.177782635  
-0.07559867268  
0.350094083  
-0.0528821944  
-0.1066763321  
-0.06448973229  
0.1962260293  
0.1197750445  
-0.2015470606  
-0.4504363145  
-0.8195445605  
-0.8650347234  
-0.4814772529  
-0.5896417515  
-0.4140232158  
-0.3461388115  
-0.2003137225  
-0.4502523905  
-0.5847903842  
-0.7589705658  
-0.6202387433  
-0.5072987885  
-0.4215404058  
-0.3732947606  
-0.1753411255  
-0.2127845893  
-0.01533724532  
-0.1212154128  
-0.1945914248  
-0.09044920018  
-0.01848842632  
-0.1723588777  
0.1773903276  
-0.2786902142  
0.0976226083  
-0.2776135471  
-0.62922543  
-0.5827625996  
-0.1285651504  
-0.05093422605  
0.1204660961  
-0.03644934129  
0.3350598123  
0.728351346  
0.1313113291  
0.2062290481  
0.4326307412  
0.3387871087  
-0.02410168323  
0.09017872155  
-0.05304025858  
0.15876939  
0.4994774756  
0.05601535118  
0.1936616996  
0.2361743295  
0.4302889273  
0.1743580333  
-0.2969302861  
-0.139440106  
-0.328257215  
0.03129104678  
-0.3965372429  
-0.7113240284  
-1.061760014  
-0.5879261348  
-0.1093367569  
-0.3002170572  
-0.01430019459  
-0.00778660116  
0.01953806269  
-0.0636344896  
-0.2949803581  
-0.06915826803  
-0.2943715906  
-0.1437807415  
-1.10017416  
-0.8480742268  
-0.8228300639  
-0.3501913295  
-0.3547128538  
-0.1569477674  
-0.2338866594  
-0.05401277884  
-0.02009710268  
-0.1507952985  
-0.1157708149  
-0.2150817103  
0.1166758349  
-0.01311318918  
-0.5866618227  
-0.2979066366  
-0.3249715256  
-0.1109173986  
0.1123839785  
0.2924790315  
0.517116153  
0.4721573393  
0.1298331211  
-0.3189470892  
-0.5276666215  
-0.8618650896  
-0.9491457412  
-1.034828455  
-1.068550846  
-1.222665667  
-1.435415588  
-1.356974001  
-1.128847735  
-0.963629206  
-0.7614326331  
-0.6528372045  
-0.3504324462  
-0.1709511598  
-0.05715539398  
0.2731883589  
0.520537163  
0.396418771  
0.3514505749  
0.249346943  
-0.2317815332  
-0.4134668737  
-0.9901817772  
-0.967053341  
-1.114044172  
-1.111448223  
-0.8283958415  
-0.9202365173  
-0.6809504087  
-0.4508837609  
0.03325168142  
0.1115046627  
0.119632852  
0.4185275175  
0.5599868181  
0.5894078343  
0.4756972565  
-0.2290074878  
-0.4491219065  
0.03539577578  
0.2269260578  
0.3439851417  
0.3766534167  
0.6488307773  
0.5085211325  
0.564187622  
0.5574599618  
0.1390885345  
0.327343419  
0.8015279479  
0.9434877697  
0.6828442934  
0.2533560424  
0.1945092065  
-0.01191435197  
-0.2107507439  
-0.7686568333  
-1.110122008  
-1.19578162  
-1.523269357  
-1.284109627  
-1.396518661  
-1.18242394  
-0.8854387576  
-0.9917353949  
-0.885267583  
-0.7955276646  
-0.7947732526  
-0.5717628088  
-0.7635217023  
-0.7133336314  
-0.5550729478  
-0.5331330045  
-0.03222315559  
-0.1741472469  
0.01099797281  
-0.1242828342  
-0.2007558038  
-0.442092026  
-0.6902657804  
-0.730584987  
-0.69340736  
-0.8049897411  
-0.8937737523  
-0.741613254  
-0.787617147  
-0.294843662  
-0.4863251389  
-0.358062172  
-0.2685781755  
-0.4955266542  
-0.6856557938  
-0.5807687939  
-0.6421152237  
-0.4443383657  
-0.1875931888  
-0.6061486843  
-0.2534703581  
-0.2364181302  
-0.01771037733  
0.3898605462  
-0.1148166757  
0.06757473839  
0.2361681966  
0.5113727739  
0.3116571505  
0.03614862655  
0.1185173717  
-0.07975663618  
-0.3458012521  
-0.4880640692  
-0.2230567644  
0.0363909383  
0.2627465683  
0.1443973868  
0.3695498565  
0.4036215974  
0.6964314728  
0.8292465302  
0.2967332651  
0.194021376  
0.04096836723  
0.3918129123  
0.1549105715  
-0.2548831636  
-0.3776519776  
-0.0747365522  
0.09493901556  
-0.3613555178  
-0.445755921  
-0.5337124352  
-0.3742856236  
-0.321015397  
-0.2353628227  
-0.4626573095  
-0.5969285877  
-0.6482526411  
-0.7087820972  
-0.9981785963  
-0.7699658987  
-0.9532581474  
-0.3054336634  
-0.2233623417  
-0.6295781607  
-0.3557832907  
-0.1371460175  
0.36074608  
-0.08501021102  
0.06287030361  
0.1311502912  
0.6212749491  
0.6002515095  
0.1033107638  
-0.01342902729  
0.4302696342  
0.4344239903  
0.1850975206  
0.136062312  
0.04854919871  
-0.02995986608  
0.3671399865  
0.03073486435  
0.354324803  
0.516629876  
0.5328270706  
0.2312357888  
-0.5796073548  
-0.5342921295  
-0.8480135317  
-0.02638317312  
0.3961202659  
0.1530099802  
0.4452940439  
0.6970088733  
0.8517455096  
0.6074782405  
0.4069828467  
0.1153990071  
-0.3377906427  
-0.5023185669  
-0.8707438744  
-1.071403751  
-0.8089377485  
-0.6875076624  
-0.340626039  
-0.7194870391  
0.4107828641  
0.5591554227  
1.286723737  
1.33574116  
1.080100009  
0.9872757345  
1.624267697  
1.62864629  
1.41164853  
1.034730689  
0.7288609112  
0.6761346579  
0.6243903946  
0.2372143771  
0.6522768683  
0.7431230211  
0.9434429595  
0.5367051406  
0.2219737818  
-0.1378645211  
-0.02751249038  
0.354506536  
-0.1935892933  
-0.1038041622  
0.04964543792  
0.08488990982  
-0.05393634876  
-0.3162714394  
-0.2975651932  
-0.2965154953  
-0.001993678205  
-0.2766538779  
-0.5908816646  
-0.4440357109  
-0.8291835743  
-0.5266075108  
-0.9994534312  
-0.8859905706  
-1.163703563  
-1.09977346  
-0.7685273212  
-0.8709917533  
-1.002715355  
-0.7891508845  
-0.6145431892  
-0.4395411651  
-0.712184149  
-0.4437017412  
-0.3969668101  
-0.3292646522  
-0.4043540798  
-0.7799447644  
-0.7471247121  
-1.093296669  
-1.072041336  
-1.061562486  
-1.129317724  
-0.5361743606  
-0.2451762891  
0.1044136711  
0.4455037118  
0.1516441887  
0.0885894081  
0.08381734524  
-0.1379983473  
-0.2985703674  
-0.7838736941  
-0.6130776126  
-0.5380284313  
-0.459638123  
-0.6633636556  
-1.203061701  
-0.8239881654  
-0.8501355907  
-0.3250086176  
-0.1886885408  
-0.2473194305  
-0.06800069789  
0.2584215149  
0.49848103  
0.2335054726  
-0.1657226489  
-0.2282098198  
-0.3608106545  
-0.1447474421  
-0.08876165191  
-0.1515596043  
0.4596650361  
0.3017069843  
0.7718888866  
0.3774537614  
0.3713200185  
0.4102370705  
0.5794173909  
0.6266410962  
0.1902155279  
-0.01074155961  
-0.2836290512  
-0.3804572901  
-0.5720114452  
-0.8102681546  
-1.306115784  
-1.568965013  
-1.449269674  
-1.769206159  
-1.724923095  
-1.58975642  
-1.137274434  
-0.9922702171  
-0.927546181  
-0.4238721585  
-0.298258824  
0.004463177727  
-0.414288813  
-0.373317165  
-0.2564540784  
-0.07425440216  
0.1990076332  
-0.06379271121  
-0.02573135336  
0.5866033406  
0.380334556  
0.8370887016  
0.3165871204  
0.5431468861  
0.6507399745  
0.8042012523  
0.4551489228  
-0.2899490752  
-0.5939861182  
-0.8671484407  
-0.5958900476  
-0.5155215348  
-0.5551528076  
-0.1501669416  
-0.1510435327  
0.243282288  
0.1337131104  
-0.2674914674  
-0.4553884161  
-0.7897517477  
-0.5788450132  
-0.8800961601  
-0.7854055056  
-0.258600907  
0.1993588164  
0.3602050428  
-0.07654681243  
0.003858392743  
0.3056084014  
0.5518827908  
0.7171919807  
0.3603652297  
0.1690387596  
0.3363317035  
0.4173790714  
-0.07593548787  
0.3675111233  
0.2434106134  
0.3014715309  
0.6077658813  
0.3060719019  
-0.2622406599  
-0.6115336908  
-0.7237449443  
-0.8603514943  
-1.304124178  
-1.021883121  
-0.5528270855  
0.0164239238  
0.2381315156  
-0.01360892617  
0.2648051121  
0.5655914309  
0.5940166242  
0.6500060989  
0.05880107971  
0.2647691808  
0.4186924092  
0.06564009183  
0.1353290602  
-0.3304375688  
-0.2757923168  
-0.2252843046  
-0.1421589905  
-0.3008511706  
-0.4582588729  
-0.7069630246  
-0.7592324142  
-0.7571456834  
-0.8752801793  
-0.8934852339  
-0.553141645  
-0.6734990481  
-0.8068271242  
-0.8128412965  
-0.7784235308  
-0.7539824887  
-0.5860910668  
-0.910495939  
-1.099532195  
-0.9031022219  
-0.607310688  
-0.3818403356  
-0.401612573  
-0.2140244728  
0.1512509346  
0.5817324307  
0.8197079512  
0.6525584925  
0.8195101966  
0.8291521469  
0.9503435621  
0.637694191  
0.17320726  
0.5625106739  
0.6807110559  
0.7907649501  
0.8705563022  
0.3755761874  
0.4793838884  
0.497983694  
0.8410176631  
0.8624812828  
0.2569881734  
0.4629735775  
0.8613135467  
0.8438278911  
1.054627485  
0.3121339999  
0.4153731185  
0.1476332331  
0.3109747265  
-0.348854478  
-0.5179146846  
-0.6084925368  
-0.6557765712  
-0.3860346194  
-0.6525357114  
-0.09108980666  
-0.09527735404  
-0.09922049879  
-0.5060478018  
-1.281251842  
-0.7354379967  
-0.4973065041  
-0.250487526  
0.08370747771  
0.04452697515  
0.4062990795  
0.4297819291  
0.5436440279  
0.1911760069  
0.7002952173  
0.8159634702  
1.140277199  
0.6102972853  
0.2340581885  
-0.1111532965  
-0.3767954458  
-0.3536696191  
-0.7320596066  
-1.066304943  
-1.21762844  
-1.301217797  
-1.194824956  
-1.339452607  
-1.305765004  
-1.365506409  
-1.148902061  
-1.370026917  
-1.409285474  
-1.54385255  
-1.583958934  
-1.161064396  
-1.254302314  
-1.227891732  
-0.9138977815  
-0.6100461175  
-0.3367340196  
-0.3812774556  
-0.3255577799  
-0.1288331266  
0.0604753058  
-0.02756083294  
-0.5618512471  
-0.4835122419  
-0.5209648914  
-0.02178705717  
0.1139798212  
-0.2416890589  
0.006612597816  
-0.0006684476335  
0.3161507726  
0.004423351315  
0.03939747651  
0.5118277581  
0.1644581871  
0.633789637  
0.3055886239  
0.06882952855  
0.121562538  
0.3849566883  
0.3583895169  
-0.228140463  
-0.5616368061  
-0.4984545878  
-0.04822878829  
0.435203377  
0.3328914563  
0.4348369812  
0.4686359158  
0.9088303368  
0.937444581  
0.5582164033  
0.1735406013  
-0.3222010555  
-0.7105416191  
-0.9264817994  
-1.035362605  
-0.4965018984  
-0.3078487781  
0.03459762767  
-0.2220543615  
0.6300470993  
0.9969783836  
0.7710337845  
1.480212975  
1.634622543  
1.246635783  
1.296033842  
1.311975153  
1.239225614  
0.7695604522  
0.3086895921  
-0.0777638216  
-0.4911337418  
-0.6899502324  
-0.9651264715  
-1.12675933  
-1.161880461  
-0.6855895508  
-0.6656685214  
-0.7271640287  
-0.9532223743  
-0.9078973569  
-0.793766062  
-0.7146402942  
-0.6761844581  
-0.2786751596  
-0.1093716511  
-0.02359076544  
-0.1168039488  
-0.520481818  
-0.1984958905  
-0.0005197605518  
0.3202759956  
0.3401762943  
0.378046975  
0.5393826214  
0.3878149134  
0.3918281639  
-0.193781814  
-0.7062664772  
-0.7882408093  
-0.7179183289  
-0.4210132818  
-0.8864122054  
-0.609187546  
0.0411413286  
0.4560778766  
0.4352467892  
0.4453114554  
1.222157845  
1.002900082  
1.569404929  
1.301186493  
1.260304578  
1.962731742  
1.979965772  
2.790688154  
2.53128536  
2.060840818  
1.596464079  
1.131705893  
0.6378284958  
0.1284411209  
-0.2812209322  
-0.5216946367  
-0.8733617477  
-1.025181468  
-1.407372611  
-1.490797516  
-1.409413255  
-0.8634467069  
-0.4934328677  
-0.5474670026  
0.5852219283  
0.3736018041  
0.7120632461  
1.42045111  
0.7882021888  
0.7189155227  
0.5413964339  
0.5336469462  
0.2836609162  
0.3381963199  
0.7398319972  
0.1411400277  
0.5551596989  
0.3864968378  
0.0359879278  
-0.1191567925  
-0.08922233286  
0.1244144441  
-0.1962852211  
-0.5477151276  
-0.1135148236  
-0.04246890664  
0.01240180943  
-0.03478905232  
0.08623529499  
0.08492244503  
0.3480916621  
-0.02434902332  
0.03452958519  
0.5824367394  
0.7721353259  
0.8639827674  
0.4256373113  
0.1351275354  
0.04454565724  
0.2335598948  
0.4978766885  
0.353765972  
0.1116469273  
0.08495054707  
-0.08400178618  
-0.2223539727  
-0.363600185  
0.02454136327  
0.4899714592  
0.1866247555  
0.4495656389  
0.7512424634  
0.3360297061  
0.4634708992  
0.7021873959  
0.6557588657  
0.566702161  
-0.3880474635  
-0.1263498666  
-0.1465613165  
-0.1591336109  
-0.2327432011  
-0.2288672059  
0.1420748569  
-0.2274834487  
0.09261480917  
-0.1697563571  
-0.29447396  
-0.00240125583  
0.05394274876  
0.4772897538  
0.5624272579  
0.3773699501  
0.4977904613  
0.3851458972  
0.1412215214  
-0.3842401668  
-0.4990511817  
-0.6300522915  
-0.9963244099  
-1.104257203  
-1.527331484  
-1.434181204  
-1.334643349  
-0.6646235635  
-0.6729720656  
-0.7727745217  
-0.02499513547  
0.2532567701  
0.6311647152  
0.2124909401  
0.2164404662  
0.3223975306  
0.5667867211  
0.595673514  
0.5703083888  
0.244887926  
-0.1247704831  
-0.3635152013  
-0.5894648959  
-0.8104683934  
-0.7316425049  
-0.1515381269  
-0.01575813614  
0.1557750544  
-0.27971023  
0.544449571  
0.6348302869  
1.143382728  
1.741140944  
0.9887337831  
0.988604249  
0.8324620328  
0.779397327  
0.6945268523  
0.08464632319  
-0.3769942701  
-0.3246551525  
-0.1912410631  
-0.1431738971  
-0.3797925321  
-0.3503472373  
-0.5935644159  
-0.7804487163  
-0.7740408759  
-1.133535354  
-0.9445353785  
-0.4747471415  
-0.07901854858  
0.2054654605  
0.1404761868  
0.4630359438  
0.6287447756  
1.107666408  
0.9406525647  
0.8870378682  
0.9526287182  
1.512648265  
1.439875401  
1.312882198  
1.219541934  
1.356340741  
1.330244157  
0.781219512  
0.6263377117  
0.7217868485  
0.7483129633  
1.024225529  
0.7710280341  
0.6745486151  
-0.03053148579  
-0.2405027137  
-0.4806190936  
-0.6836005847  
-0.5040021289  
-0.6725889652  
-0.2820664932  
-0.0841868808  
0.0100024641  
-0.1726944041  
-0.1316997319  
0.3304640921  
0.5201867081  
0.6775579147  
0.6241541943  
0.2147502783  
0.01260767975  
-0.4721304058  
-0.8056397867  
-0.6426727197  
-0.5620878723  
-0.3978900765  
-0.3225699523  
-0.5985974324  
-0.4069907379  
-0.5112361543  
-0.2296389042  
-0.3028226259  
-0.4159773812  
-0.2794521763  
-0.2078701294  
0.05778937413  
0.1299502299  
-0.1496987113  
0.2017903325  
0.5895828092  
0.8385577286  
1.020482501  
0.8172700681  
1.453654597  
2.070623714  
1.813020088  
1.640364463  
1.560941146  
1.63341344  
1.654742236  
1.69011403  
1.887901006  
1.509584699  
1.345031009  
1.0407731  
0.8828288039  
0.7448915957  
0.2615505839  
0.2603604458  
0.2224423603  
0.2827388638  
0.2703006775  
0.03559148754  
-0.3441045607  
-0.7966856535  
-0.4940063112  
-0.6611062151  
-0.5164914726  
0.6161361978  
