0.8988635476  
0.260125925  
0.1781116628  
0.1303839333  
0.2597390279  
0.4131655231  
-0.3829506559  
0.1209328806  
-0.09437890693  
0.3216006512  
0.5057916392  
-0.2570578407  
0.1971302332  
-0.08131119264  
1.003254925  
0.9331354503  
0.2885447073  
0.7178817428  
-0.1315384587  
0.07198452092  
-0.3196960409  
-0.1428785742  
-0.07957432278  
-0.1256048393  
0.2100486725  
-0.3388549535  
-0.3996465997  
0.5356847007  
1.045292874  
0.3699771924  
0.2210681436  
0.549186628  
0.05582784426  
0.09826248918  
-0.1206174942  
0.01548360682  
0.8323725404  
1.067961288  
1.002251261  
0.293620024  
1.063387586  
1.025936467  
0.4775446642  
0.1356211123  
0.4518627115  
0.188656232  
-0.5642871081  
-0.01749680248  
0.1951662823  
0.4029138492  
0.9891173987  
0.4066379524  
0.6926869071  
0.3829653978  
0.4984299846  
0.398983145  
0.07010209367  
0.9621535743  
0.1126511724  
0.6766354789  
-0.07942642195  
0.7286773411  
0.03383735478  
0.001292009174  
0.100726462  
-0.1820632627  
-0.3874634719  
0.5591360643  
0.4310225529  
0.1216635282  
0.01868231649  
-0.3772904301  
0.2195837807  
0.0137209195  
-0.3209339391  
-0.1217281314  
0.5940848761  
-0.1975584336  
-0.1596736437  
-0.1623318363  
0.1626002477  
0.2325959855  
0.2457641382  
0.3588789997  
0.05835476158  
-0.07370087871  
-0.0198132455  
-0.3798393812  
-0.4190579943  
-0.8376313853  
0.1024186146  
-0.6558162356  
0.1223724371  
0.868501094  
0.7800097895  
0.8522020282  
1.027072716  
0.8088714842  
0.842429629  
0.3666845382  
0.2270910843  
0.557923478  
0.40800845  
0.7456988305  
0.6234648892  
0.5651182999  
0.7265494472  
1.061854944  
-0.1881810607  
0.08424298857  
-0.3844147565  
-0.002591886143  
0.4496751006  
0.3937029261  
0.5670194384  
-0.1076274183  
0.01585548434  
0.4170936624  
-0.1886300264  
0.03124538252  
0.1742636444  
-0.3668529777  
-0.2867995871  
0.1848319493  
-0.156680829  
0.3814824959  
-0.1639996006  
-0.03199783466  
0.2206444478  
0.4649359041  
0.3836911784  
0.04992319657  
0.6032705317  
0.05936545343  
0.1605067365  
-0.2411639594  
-0.2983831084  
-0.1895407951  
0.2978829914  
1.101326344  
0.667574984  
0.8375514975  
0.7651271017  
0.2357797433  
-0.1540925592  
-0.8152755982  
-0.4011849023  
0.02535411449  
-0.2121336254  
0.3038120976  
0.517451995  
0.4176059752  
0.8313548006  
0.4856473911  
0.4273843254  
0.1107804017  
0.5791762956  
0.1921279111  
-0.497912947  
-0.09644937893  
-0.602219934  
-0.4349474669  
-0.3962588115  
-0.6550382107  
0.234840591  
0.724492852  
1.519322304  
0.5065939699  
0.5781158433  
0.4151509318  
-0.03601942948  
0.6985322585  
0.386935488  
0.4653691529  
0.7034550458  
0.2628707613  
0.520121318  
-0.04704168207  
1.021628894  
0.4594087747  
0.6929962886  
0.004906114272  
0.2024012127  
0.2993086167  
0.1204361284  
0.05256163546  
-0.1891147543  
0.1594482635  
-0.04935080301  
-0.2931683765  
-0.2482408093  
0.4584146932  
0.1341560944  
0.3600507472  
-0.6716348641  
0.09957832928  
-0.03208241502  
-0.06643684763  
-0.6518268242  
-0.8706020808  
-0.3021504355  
-0.2465437083  
-0.3204711865  
-0.5885042448  
-0.8334424372  
-0.03454334562  
-0.01735263502  
0.4427440319  
0.124632565  
-0.2739907148  
0.4746089715  
0.4373904038  
-0.5196719914  
-1.052155201  
-0.8720831705  
0.5152268615  
0.1801407138  
0.03502968204  
0.08948040243  
0.3641940153  
0.5546256352  
0.4382460764  
-0.921802905  
0.2218489648  
0.306734875  
0.5065946672  
0.4636401363  
0.1082988793  
0.3270074053  
0.1074859348  
0.2232475025  
0.1091898295  
0.0077651701  
0.2583058975  
0.4940709635  
-0.5795207646  
-0.5728300366  
0.6252998925  
0.3455984615  
0.2327277216  
0.428208061  
0.5350031853  
0.1000105539  
0.05237736825  
-0.1731908473  
-0.6266728633  
0.2188057156  
0.03029522556  
-0.5178298514  
-0.5838372137  
-0.7326666967  
-0.899473592  
-0.0713747489  
-0.1900643062  
0.3132040496  
0.3418331167  
0.4810597434  
0.379000849  
0.08018324668  
0.1389838801  
0.1802934651  
-0.3733357034  
-0.6096507588  
-0.08292952368  
-0.1800626165  
-0.2415461279  
-0.4307604785  
-0.7124399687  
0.4730620054  
0.5768311845  
-0.1081487126  
0.6169036857  
0.4701545956  
0.6620973562  
0.121698524  
0.1765248425  
-0.2183883515  
0.3206052463  
-0.296786935  
-0.3224318399  
-0.7886288565  
0.55224819  
0.6626802929  
-0.1014699938  
-0.2830729796  
-0.1165750102  
-0.3459038412  
-0.5946133517  
-0.1720107639  
-0.09484844514  
-0.1437361574  
0.8732935461  
-0.0546274961  
0.3313165564  
-0.1822746451  
0.1852176535  
-0.2235324131  
-0.2818557839  
-0.2425341022  
-0.216934619  
-0.4989371423  
-0.4113384096  
-0.08012715747  
-0.2857149307  
0.2060262947  
-0.2619948738  
0.1342953941  
0.3101129965  
0.7316970741  
0.4285612811  
0.5446765156  
0.450212349  
0.4652808395  
0.4453707788  
0.170107984  
0.2703568518  
0.02905544011  
0.5887588868  
-0.1583841524  
0.4184160798  
0.4793051933  
0.4715180523  
-0.1260222509  
-0.6226099291  
-0.1300706163  
0.007758534076  
0.2218095324  
-0.1525956686  
-0.5276805953  
-0.226373252  
-0.3071248248  
0.01505709657  
-0.5725611556  
0.2208268343  
0.1889240635  
0.01122161891  
-0.4798017452  
-0.1965411889  
-0.004759960905  
0.05782549068  
-0.0114194586  
0.007059922974  
-0.2006829373  
0.1154710771  
-0.04241511043  
-0.4205416455  
-0.5968137536  
0.2189063528  
0.1489678148  
0.07894864777  
-0.5923105434  
-0.4374443837  
-0.3581877637  
0.286903316  
-0.2360961868  
-0.7967357543  
-0.04538918584  
-0.1928537699  
0.08524807863  
-0.1578918625  
0.1658112386  
-0.2637055717  
-0.4870784627  
-0.4483008484  
-0.4851153629  
-0.5690725453  
-0.6513711297  
-0.6009055294  
-0.1062473124  
-0.4494027909  
-0.2562370779  
-0.1843230589  
0.2395442448  
-0.4187715283  
-0.4639118386  
-0.3439841917  
-0.07955256539  
0.04283184742  
0.021281821  
-0.08096601622  
-0.01862770955  
0.4557575188  
-0.3495172572  
-0.5529297829  
-0.7530697457  
-0.6779918229  
-0.5916252357  
-0.5798490401  
0.150189794  
0.7509304688  
0.8144818451  
-0.09475484929  
-0.3867524651  
-0.6525942729  
-0.8886118519  
-0.7266650121  
-0.8162399287  
-0.8120472635  
-0.615479672  
-0.3174039417  
0.3473820885  
0.01330515718  
0.2773117434  
1.115068343  
0.6685968636  
0.3505590094  
-0.4570476025  
0.009842322923  
-0.537234489  
0.07276552009  
-0.3507789474  
-0.2535755251  
-0.1346061616  
0.01425415637  
-0.3999834183  
-0.05309838127  
0.5600433882  
0.2872184908  
0.524590689  
0.2228406228  
-0.1012670216  
-0.07629616343  
-0.391468148  
-0.1559852652  
-0.6409356159  
-0.290641769  
0.3930333825  
0.4194153207  
-0.7165215949  
-0.1329488383  
-0.2268384301  
0.2804671231  
-0.241790971  
-0.788222524  
-0.5153905504  
-0.1609861387  
-0.7246648341  
-1.015474556  
-0.0430021523  
-0.8891589796  
-0.6133329957  
-0.03606847988  
-0.2634379924  
-0.6344663285  
-0.1921112362  
-0.2277641585  
-0.2594004142  
0.1330750947  
-0.6061887352  
-0.03622051357  
-0.04524645096  
-0.0006179692436  
0.465967707  
0.09888440591  
-0.2505276359  
-0.0003169783887  
0.1469486864  
-0.3351483487  
-1.027148574  
-0.4302447433  
-0.3654881308  
-0.4870672128  
-0.4166551398  
-0.638934207  
-0.5028115292  
0.2370117061  
-0.7788387455  
-0.48940445  
-0.6725542418  
0.001106651115  
0.5674610064  
-0.1560155154  
-0.3853648097  
-0.2920683534  
0.01172415744  
0.1210098541  
-0.09659058238  
-0.8043279485  
-0.6990632737  
-0.3750510913  
-0.004493584485  
-0.307711432  
0.252398962  
0.3886882358  
-0.2338185127  
0.6190473047  
0.1603999691  
0.3212557202  
-0.4705986165  
-0.7027419895  
-0.4479658914  
0.06085701766  
0.1276474503  
-0.219267399  
-0.1157572831  
0.68074053  
0.7866587697  
0.3163918371  
0.1249571269  
-0.04956892674  
-0.158573483  
0.2430987014  
0.4660538054  
-0.2325269586  
-0.02662303507  
0.472941843  
0.2585574003  
-0.7699765345  
0.03107740304  
-0.4109736124  
-0.03961313059  
-0.3469549863  
-0.002430029783  
0.3660229884  
-0.1732202944  
-0.3384763218  
-0.6437753816  
-0.2833477649  
-0.003369766833  
0.1079440117  
-0.5967750586  
-0.3640610744  
-0.2230605066  
0.3564519336  
0.3065525027  
0.5862630282  
0.6381863397  
0.5461891315  
0.4556576899  
0.5987043598  
-0.2836870708  
-0.306355006  
-0.3396877237  
-0.3433133316  
-0.1881869645  
-0.4154838119  
-0.3159374867  
-0.1398606194  
0.1180348372  
0.3727045231  
-0.3270945332  
-0.2489439396  
0.2050757387  
-0.04272871305  
-0.3846311438  
-0.5014663675  
-0.3054887587  
-0.5442095336  
-0.7708188675  
-0.6836038573  
0.2337845095  
-0.8115065229  
0.1266188631  
-0.1678580179  
-0.300983826  
-0.9369187451  
-0.3862574842  
-0.6549657427  
-0.4365224153  
-0.1567819577  
-0.2407665307  
-0.1807929594  
-0.004511244671  
0.1879543778  
-0.06907929002  
0.09591369767  
0.1821034025  
-0.3313615562  
0.2582718469  
-0.5015201616  
0.436107879  
0.4659411064  
-0.2842235453  
-0.1402813892  
-0.6089640287  
0.01810499696  
-0.1347420376  
-0.5582427529  
-0.425708315  
-0.7239881581  
-0.3217274114  
-0.5574438479  
-1.172402302  
-0.2938760539  
0.19193812  
0.4224492962  
0.0219144029  
0.04850644418  
0.330536909  
-0.0966992627  
-0.3320189759  
-1.052399177  
-1.038813039  
-0.9854873848  
-0.693737916  
0.1098191902  
-0.3238332258  
-0.1115102701  
0.398444384  
1.024260872  
0.08803143758  
-0.08526051617  
-0.6183949239  
0.2440930513  
0.1470008746  
-0.04445234516  
-0.09166560853  
0.640062633  
0.7028216521  
-0.03491272337  
-0.0119336959  
0.06762068356  
0.1664206836  
0.1573922726  
-0.5065900079  
-0.4318458451  
-0.2412856508  
-0.4078582747  
0.1462721273  
-0.3628198731  
-0.05003947946  
0.2158260299  
0.4759057624  
0.1937540355  
0.2918503431  
0.0162781579  
-0.005659813181  
-0.09398072761  
-0.5351046178  
-1.342668607  
-0.6495837626  
-0.7641077171  
0.2979122029  
0.2566729755  
-0.2840930076  
-0.4772928173  
-0.881667264  
-0.2775808661  
0.09194810309  
-0.1948458591  
-0.2620469126  
-0.1899458039  
-0.742196153  
-0.2992843316  
-0.3521819492  
-0.0677392133  
-0.074625635  
0.0842543159  
-1.036512311  
-0.2127221163  
-0.2923847632  
-0.02705562895  
0.5102010089  
-0.03888908989  
-0.02158406385  
0.1026825878  
0.2115145036  
0.1490815724  
-0.4301630961  
0.1630484498  
0.02898527842  
0.3680792267  
-0.4678613471  
-0.8093907833  
-0.6609992369  
-0.9519912126  
0.2075065406  
0.8579850167  
-0.2320803546  
0.365088706  
0.3193610774  
-0.2411156168  
-0.4574520289  
-0.4961012481  
-0.2934181686  
-0.5791268435  
-0.01249952849  
-0.1176667106  
-0.7147950657  
-0.08457380329  
0.05296042911  
0.07325661096  
0.5174326216  
-0.3584802369  
-0.2441627064  
0.3588090906  
0.8039189578  
0.4280673853  
-0.1970354453  
-0.06939073267  
0.1650915012  
-0.09277262034  
-0.1819864395  
-0.07465390884  
-0.3508083032  
-0.490364635  
-0.2954454196  
-0.4917748025  
-0.3156748194  
-0.1867272949  
0.0412242084  
0.439578356  
0.2330119284  
0.08849297906  
0.2894222876  
-0.4183674351  
-0.5750657764  
-0.4059330311  
-0.2427766366  
0.7294116899  
0.1131902373  
-0.3653364688  
-0.1735374693  
-0.06393275385  
0.1193838708  
-0.3503238971  
-0.1279272847  
-0.1271393968  
0.3216164555  
0.6070305938  
0.199945602  
-0.3107441183  
-0.05433814056  
0.3143299192  
0.1474299188  
-0.1239689403  
0.001740660318  
-0.57954543  
-0.3347975794  
-0.683321982  
-0.5268931035  
-0.1951037849  
0.1510931719  
0.2403682279  
-0.36575336  
-0.3566748169  
-0.273589885  
-0.253910162  
-0.09009340364  
-0.6803788797  
-0.6693054313  
-0.03345114898  
0.08119485428  
0.2697227068  
-0.06849614386  
0.4483374949  
-0.1887088479  
0.3368641265  
-0.591144715  
-0.3409616036  
0.4350199673  
0.1000562395  
0.070639328  
-0.1143439305  
-0.6503560403  
-0.5077444621  
-0.922411642  
-0.06570938718  
-0.2073722633  
0.3134548074  
0.1627769111  
0.5718543682  
0.8180774043  
0.3057002912  
0.2808349451  
0.09674580269  
-0.07965638774  
0.07111895352  
-0.07454685238  
-0.2970956558  
0.3745706476  
0.3547526157  
0.4406334708  
0.3229451435  
0.2518870139  
0.1302940514  
0.1897383465  
-0.4398192119  
0.04837659587  
-0.03627470259  
-0.1259683056  
-0.803066346  
-0.8875663197  
-0.4335474411  
-0.05311465843  
0.4082415403  
-0.01699698888  
-0.3351176233  
-0.2965807319  
-0.05092447097  
0.05960036693  
-0.1699526785  
0.3536576755  
0.2965279443  
-0.1789002803  
0.1185504747  
-0.3947205022  
-0.3045650752  
-0.2746983119  
-0.5577619296  
0.04004973725  
-0.9619040758  
-0.02751494797  
-1.086266776  
-0.8306993962  
-0.0707410862  
-0.0223641707  
0.4656907973  
0.3901613663  
0.223087678  
0.3376065838  
-0.3710737505  
-0.5373772263  
-0.7731009967  
-0.3679550076  
-0.4411754713  
0.2081592324  
0.6970752584  
0.8479051165  
0.3341291632  
0.5182787047  
0.2556294274  
-0.3426666916  
-0.1529197246  
0.3662987162  
-0.1846133588  
0.01314977641  
0.02404784381  
-0.13184464  
0.3230669242  
0.4695922182  
0.07953177839  
-0.8059804781  
-0.3582577826  
-0.1261874067  
-0.1107560519  
-0.8881516287  
-0.2939443933  
-0.2243809565  
-0.0525501286  
-0.2095948614  
0.1588947157  
-0.3572385375  
-0.1863881524  
-0.3940105362  
-0.4139239422  
-0.2670529452  
0.08508936942  
0.5385908556  
0.1343495703  
0.264145283  
0.03215749856  
0.1664523623  
-0.6342383018  
-0.7018379552  
-0.7422050909  
-0.5460504789  
-0.3838491089  
0.09787411992  
-0.724745799  
0.1112140682  
0.1425350028  
-0.2256831419  
0.2869387614  
0.1055172087  
0.5961495305  
0.5308879001  
0.3374970129  
0.1963418554  
0.3419580653  
-0.02054463861  
-0.06720451595  
-0.6461910383  
-0.1595206989  
0.01530653791  
0.6065901633  
0.7365637559  
0.5225356148  
0.2342671986  
0.2227400477  
0.3304331883  
0.3993733802  
-0.1993230948  
-0.2722244551  
-0.5835394821  
-0.2716292513  
-0.3355797768  
0.6570255769  
0.3449893195  
0.368150475  
0.3978350098  
0.5414347516  
-0.01538834905  
0.1017905916  
-0.07788861781  
0.3099326505  
0.2620664831  
-0.1225931507  
-0.2781718751  
-0.6021624671  
0.3990052352  
-0.04628429347  
0.0970326718  
-0.3833793144  
0.1975179842  
1.055733647  
0.324285325  
0.8107065306  
0.18843618  
-0.1344154856  
0.2909555882  
-0.6831554627  
-0.4558209701  
-0.2199623384  
0.130365224  
-0.3154603768  
-0.6084046842  
-0.04415941125  
-0.2300874435  
0.2921461986  
0.1353268634  
0.8619893587  
1.155544735  
1.280191488  
0.8173488401  
1.37454238  
1.133427764  
0.4887748446  
0.6471022247  
0.369088735  
0.1349333582  
-0.09014046994  
-0.1043757106  
-0.154892989  
-0.2335603396  
-0.4553801701  
-0.426763804  
0.1996254248  
0.9675925718  
0.3279906973  
-0.2848230775  
-0.2782419774  
-0.1191219659  
-0.1760688416  
0.264968798  
-0.1255970679  
0.2767321631  
0.4699633818  
1.058768457  
0.4607351952  
0.7835460738  
0.1507210519  
-0.2586350586  
0.1147424515  
0.2442076621  
-0.3845126804  
-0.320749816  
-0.1763645123  
0.07100865214  
-0.4597939417  
-0.6604285976  
-0.3284766953  
0.1219605072  
0.955764928  
0.4701267055  
0.9556940508  
0.4498616792  
0.1974551251  
-0.06518687188  
0.1527028452  
0.7473252533  
1.433165221  
0.9579906209  
0.9941925946  
0.4440836753  
0.4096767882  
-0.0127951499  
0.05617153698  
0.01816781701  
0.1059693268  
-0.06280696413  
-0.2289371949  
-0.6252755793  
-0.7435770009  
-0.4498508106  
-0.7470704829  
-0.3918112591  
-0.06703464717  
-0.2306961434  
-0.2967219082  
-0.2846961181  
0.4497892041  
0.4350759246  
-0.274503  
0.5406492111  
0.6109837889  
0.7386063836  
0.5715858111  
0.008412209361  
0.2679560961  
-0.2688454479  
0.1788556476  
-0.07277055582  
-0.3747028125  
-0.73776135  
-0.5590989829  
-0.4994840091  
-0.907429011  
-0.1877576165  
0.07451017435  
0.2889522531  
-0.1098366117  
0.1666816755  
-0.3611426153  
-0.5335961678  
-0.4923167567  
-0.7638602509  
-0.05437679973  
0.2851051531  
-0.1379551055  
0.3038161765  
0.8610312724  
0.3714709934  
0.08901662087  
-0.2580207867  
-0.6863837323  
0.0832186079  
-0.4157466044  
0.05871960677  
0.7485226095  
0.2071956912  
0.1623720026  
-0.01291156245  
-0.04438588837  
-0.7751911847  
-0.07953718732  
-0.3021793735  
0.09747739312  
0.5128669571  
0.4202406741  
0.2211955143  
0.4936270134  
-0.3398748346  
0.5736633468  
0.1085917469  
-0.1120822178  
0.3776980468  
-0.1165036036  
0.03327001539  
0.06705834571  
-0.1199553192  
-0.6856135475  
-0.8390641401  
-0.8451311908  
-0.07576529326  
0.2855880876  
-0.255046304  
1.07902284  
0.4840539723  
0.8731123645  
0.2187207841  
-0.5197335532  
-0.2477280901  
-0.06801087539  
-0.3493616897  
-0.8414411964  
-0.3882097139  
-0.5816300904  
-0.5551587635  
-0.1630223944  
0.3506629384  
0.230926862  
0.1365869622  
-0.1926055515  
0.1072026669  
-0.2745507782  
0.7796116511  
0.05695758061  
0.4026716403  
-0.5301046694  
0.1474126155  
-0.1309239136  
0.4415333957  
1.050037107  
0.2586418512  
-0.05394743479  
0.02230112487  
-0.3172232498  
0.3280323975  
0.2249955287  
-1.063738749  
-0.4136126127  
-0.07039894651  
0.6271013705  
0.8236549013  
0.1231348371  
0.7459777735  
0.771042162  
0.8883115181  
1.176316435  
0.7885502096  
0.1348824539  
0.5418631271  
0.2678525535  
-0.0711416724  
-0.3117450539  
-0.5201711941  
-0.105863891  
-0.4796691489  
0.2738514725  
-0.0931145764  
-0.3835824651  
0.2042131386  
0.4263836917  
0.6613636514  
-0.07649263535  
0.1375094288  
0.5257538425  
0.5317658316  
0.074094335  
-0.03895647809  
-0.01774836341  
0.09308946302  
-0.01457007221  
0.4204221331  
0.06828768146  
0.6710635145  
0.5949033076  
-0.1408766715  
-0.273068547  
-0.680776558  
-0.291508197  
-0.3626376698  
0.2129664354  
0.5443308694  
0.6271298061  
0.4472560584  
0.4779473481  
-0.8556105442  
-0.2264858833  
-0.01837869485  
-0.6892233087  
-0.1342060893  
-0.9122926496  
-0.5702136193  
-0.5008839147  
0.1728436604  
0.9709912126  
1.171456049  
1.085399317  
0.9729858734  
0.6415522586  
0.9559351221  
0.4108822655  
0.2402035838  
-0.6767953316  
-0.286807033  
0.1466480307  
-0.4865533495  
-0.4255124692  
-0.6140360172  
0.01689009688  
-0.3312094641  
-0.3984998911  
0.2287540453  
0.8839555546  
1.105985788  
0.2446493706  
0.04194968305  
-0.1633366163  
-0.6441919597  
-0.07120245107  
-0.4465874901  
-0.6520142041  
-0.8847835385  
-0.1849786139  
0.3759092262  
0.7142904349  
0.1605443902  
0.1367557  
-0.1625456812  
0.1315708736  
0.1621413978  
-0.2594716887  
-0.5643614021  
-0.05695313778  
0.182465292  
0.2018661983  
-0.1450669385  
-0.4504971997  
-0.5185387166  
-0.2146411674  
-0.2921118197  
-0.02835326342  
0.01644364554  
-0.1458718459  
0.1270750717  
-0.1673296186  
0.06892453546  
-0.04142372926  
