-1.135236816  
-1.343160274  
-1.469890706  
-1.959764767  
-1.962209088  
-2.113361751  
-2.167582615  
-1.931659092  
-1.836085366  
-1.863117646  
-1.68553116  
-1.448199378  
-1.392254721  
-1.262044704  
-0.9398125308  
-0.8641093639  
-0.8838750772  
-0.9690867375  
-0.8346107873  
-1.006895822  
-0.9778184356  
-1.021658705  
-0.5607801917  
-0.3538030927  
-0.4879675357  
-0.586218577  
-0.6200101369  
-0.5433039366  
-0.6601250725  
-0.5708085031  
-0.6701070866  
-0.7454321694  
-0.5366758877  
-0.6721552233  
-0.6395478004  
-0.7157473583  
-0.8727994457  
-0.9406429845  
-1.054483607  
-1.150590625  
-1.08019672  
-0.8409484905  
-0.707620724  
-0.9092024726  
-1.000509936  
-0.9693658606  
-1.124136989  
-0.990988267  
-1.078917026  
-1.212347322  
-1.219291685  
-1.282279974  
-1.458932223  
-1.397515142  
-1.366278121  
-1.190135836  
-1.127583743  
-0.8879140962  
-0.6724296986  
-0.6688996297  
-0.6359433449  
-0.3271945943  
-0.3733281904  
-0.5983253127  
-0.8354401743  
-0.5740891292  
-0.6910369676  
-0.07580089346  
0.1140119695  
0.1682305958  
0.4728268642  
0.5935208607  
0.3590826327  
0.1666467908  
0.04905739706  
-0.1779085263  
-0.3039990656  
-0.4310883016  
-0.476417616  
-0.4664068377  
-0.5196962366  
-0.3428739933  
-0.3863178226  
-0.2221156508  
-0.1594154386  
-0.1376023643  
-0.2118602196  
-0.06022981219  
0.04150002367  
-0.05991525641  
0.01232836312  
0.1518151767  
0.1792867557  
0.2213290458  
0.1641771423  
0.2516827798  
0.2257996849  
-0.03674343909  
-0.1384582746  
-0.1693040312  
-0.2821294132  
-0.4035319197  
-0.560887603  
-0.4023532899  
-0.4937559482  
-0.2139621461  
-0.184379853  
-0.3659695877  
-0.181886909  
-0.1474602037  
-0.2625526481  
-0.3323034307  
-0.2045717979  
-0.1288207969  
-0.2354229817  
-0.3238647538  
-0.1109773501  
-0.2403859219  
-0.2224768046  
-0.01287735485  
0.0649750344  
0.001040450792  
-0.1502222252  
0.1328627419  
0.136889253  
0.1743772629  
0.234715659  
0.5519612445  
0.7138768305  
0.4069390894  
0.3645950987  
0.4876507767  
0.4021712801  
0.4048401716  
0.1647109179  
-0.06894491495  
0.00205918298  
-0.1933114121  
-0.3307190395  
-0.2715499507  
-0.3926825064  
-0.501976508  
-0.3226544008  
-0.195580616  
-0.08330169199  
0.02573955681  
-0.1652962864  
0.04634271759  
0.3366526013  
0.6143423856  
0.8550624928  
0.8227946951  
0.6842427034  
0.5362548413  
0.7353962613  
0.7564501708  
0.721780589  
0.469436502  
0.5653143623  
0.2917058579  
0.1985511488  
-0.03095566174  
-0.06005722253  
-0.2027871785  
-0.1826397811  
-0.1159276886  
-0.1241743932  
-0.1849268338  
-0.0107374846  
0.093065653  
-0.02815222332  
-0.2312420275  
-0.3345448225  
-0.3284622694  
-0.2775800111  
-0.4199033846  
-0.4274501659  
-0.3466052231  
-0.5169301663  
-0.5392094478  
-0.7675210729  
-0.763423576  
-0.8919278156  
-0.8202502477  
-1.012554076  
-0.8706575349  
-0.7297557509  
-0.6190510841  
-0.4337553076  
-0.3560003059  
-0.3287755265  
-0.3408955405  
-0.220551109  
-0.2000102759  
-0.3252686769  
-0.4533179381  
-0.5401370721  
-0.5387254763  
-0.5750312512  
-0.6290260102  
-0.6662747423  
-0.8005205941  
-0.6565313662  
-0.5659498766  
-0.6792252639  
-0.6019265353  
-0.4611878218  
-0.2651550323  
-0.2704290756  
-0.2907442586  
-0.138852807  
-0.252201544  
-0.2276333173  
-0.4285415399  
-0.5327357632  
-0.395961311  
-0.3930204455  
-0.2447190456  
-0.06777589213  
-0.1003782141  
0.02844999976  
-0.2057633153  
-0.1702311988  
0.04647982133  
-0.2179693208  
-0.3921737945  
-0.2269772998  
-0.5045831258  
-0.3902595368  
-0.6120886393  
-0.5443936667  
-0.4574378482  
-0.5892840723  
-0.66178518  
-0.4057122306  
-0.4233821205  
-0.707510573  
-0.6777877008  
-0.8035981191  
-0.7083750151  
-0.7286366898  
-0.5093190889  
-0.4077554239  
-0.4069196593  
-0.4889113779  
-0.6334600534  
-0.4355613017  
-0.6309942712  
-0.3269874921  
-0.2687997589  
-0.3248197013  
-0.136823053  
0.02502422301  
-0.1396039089  
-0.2867277325  
-0.03422293676  
0.006707794756  
0.02216168732  
0.07457395968  
0.1517892738  
-0.154287421  
0.1276763829  
-0.0009047061989  
0.05810943995  
0.129998547  
0.3887500456  
0.232102634  
0.2026374298  
0.1275881072  
0.02553710329  
-0.09180165069  
-0.313686203  
-0.3726053195  
-0.4292756659  
-0.3129476176  
-0.4766491794  
-0.4867957923  
-0.6409415485  
-0.7873495401  
-0.7337145274  
-0.7454203037  
-0.7505558722  
-0.5533296945  
-0.1531475295  
0.2302844415  
0.2682562612  
0.3278329294  
0.3870039671  
0.1851344877  
0.08283626291  
0.4749070799  
0.1478343101  
-0.1573626595  
-0.02147242176  
-0.1208569507  
-0.05035448009  
-0.07702206829  
-0.0796951963  
-0.2481062136  
-0.1887277123  
-0.3885107189  
-0.2850006703  
-0.4382242609  
-0.1798200049  
-0.1541806631  
-0.1437725371  
-0.06325300052  
0.01954288008  
0.05014330293  
-0.01709268186  
-0.05480924671  
0.1212923027  
0.122598537  
0.06908586105  
-0.001354503314  
-0.06256178316  
-0.141978418  
-0.1366365407  
-0.379733412  
-0.2770170934  
-0.1709841501  
-0.2667120626  
-0.318615157  
-0.1895786608  
-0.2905198121  
-0.2412487184  
-0.2589708033  
-0.2296317239  
-0.1833608422  
0.08512814861  
0.00944292857  
0.0315147966  
0.1195941931  
0.05320086315  
-0.106496241  
-0.109037141  
-0.04594056569  
-0.02871420828  
-0.05559510566  
-0.008102964777  
-0.01796367324  
-0.01845518987  
0.02773054958  
-0.04535880655  
0.1159771786  
0.2336466774  
0.06655681479  
0.6330247216  
0.9281485232  
0.4478207485  
0.5687096078  
0.8260423373  
0.8196662049  
0.6804953026  
0.3609726945  
-0.02068628733  
-0.5201901627  
-0.9559214978  
-1.482336481  
-1.50447624  
-1.580191911  
-1.550138114  
-1.345693973  
-1.112397931  
-0.9155112791  
-0.7250082648  
-0.4643131452  
-0.4477290827  
-0.3531587026  
-0.5010308283  
-0.4971720116  
-0.4261022828  
-0.2194318016  
-0.1458881751  
-0.1955115635  
-0.2473649545  
-0.2088386824  
-0.426225557  
-0.3662878912  
-0.300689688  
-0.2115705711  
-0.1049370823  
0.2584427463  
-0.1267735986  
0.00800782716  
-0.001762440744  
0.316813148  
0.04480754151  
0.07853241597  
0.1586148171  
-0.02885170921  
0.1707861572  
0.2006547181  
0.2219018135  
0.1514576583  
0.1698574512  
0.31037697  
0.245459572  
0.1996444397  
0.2172227162  
0.3319252246  
0.2103216025  
0.1773152733  
0.28438686  
0.1518933601  
0.3961049735  
0.4202736215  
0.4372560287  
0.6014522751  
0.6418616207  
0.8525972393  
0.7195597409  
1.031904897  
1.206468153  
1.04317934  
0.9270764244  
0.9452674538  
0.6125680676  
0.4875554804  
0.5558039263  
0.4178855019  
0.595267723  
0.792331062  
0.6648890525  
0.591327364  
0.5817374404  
0.5570084063  
0.5650708039  
0.7005501286  
1.16051046  
1.237014842  
1.258157564  
0.9622738272  
0.9910756978  
0.9274078523  
0.7219578369  
0.3476816736  
0.1065268135  
-0.194404037  
-0.4647745674  
-0.7100275032  
-1.130248694  
-1.266619853  
-1.264990161  
-1.269445669  
-0.9761904301  
-1.011096111  
-0.9320018615  
-0.576520378  
-0.7172146265  
-0.5955251884  
-0.1397075023  
-0.1410133291  
0.3219167767  
0.5928259744  
0.9416795461  
0.8877525972  
1.053413777  
1.172198562  
1.133105571  
0.9780643671  
1.048455099  
0.8190021745  
0.5822933753  
0.4440725061  
0.5743442577  
0.381357674  
0.2409953556  
0.5062506092  
0.3881610759  
0.401016824  
0.7601023179  
0.9349528707  
0.8933345482  
0.9328067474  
1.039981871  
1.162104696  
0.912176619  
0.8884843187  
0.9687833575  
0.9128136049  
0.9540920561  
0.8640216737  
0.9108597318  
0.8039270379  
0.7412777892  
0.9125909428  
0.528642162  
0.6059969775  
0.6231438875  
0.5456390508  
0.4216989333  
0.4507851714  
0.4255614084  
0.4109491092  
0.4526558488  
0.6920811152  
0.7484610478  
0.8995932585  
0.9117321308  
0.8776621922  
0.9370846138  
0.900503391  
0.6323479146  
0.7384942647  
0.6678370426  
0.5746266655  
0.4809725848  
0.5379639426  
0.4172295666  
0.5093481663  
0.6878302901  
0.4745611192  
0.4063267209  
0.4532391527  
0.5400033997  
0.7411450906  
0.7090265605  
0.5965778816  
0.7649389767  
0.9208341221  
0.7546659993  
0.8081486155  
1.020036608  
0.6092536668  
0.8847380986  
0.8316523898  
0.7748702781  
0.7868365256  
0.8092769791  
0.7078259741  
0.780947383  
0.8031747995  
0.8115324174  
0.6919389816  
0.6100893882  
0.7072612323  
0.682460549  
0.6981023523  
0.9366738585  
1.030576435  
1.088653672  
1.205114999  
1.335111391  
1.637053886  
1.242698177  
1.162229447  
0.784291643  
0.9491107241  
0.835585923  
0.7713739428  
0.3701741161  
0.4556167371  
0.4700566617  
0.4022394593  
0.4146038032  
0.3838668529  
0.2846323512  
0.2286832629  
0.2612724702  
0.246772883  
0.3628927568  
0.3151840339  
0.2779651292  
0.3974194132  
0.328524363  
0.6122346545  
0.5647599797  
0.6061519604  
0.6315675449  
0.7608528364  
0.8464781842  
0.8368454805  
0.7117674815  
0.9608251882  
1.046831546  
1.270194912  
1.161293831  
1.279803833  
1.448164427  
1.557294461  
1.593782182  
1.616732945  
1.51762517  
1.603165792  
1.46100474  
1.122230634  
0.7913701132  
0.4578211537  
0.3796489205  
0.2089529226  
0.06786216622  
0.04792215824  
0.2079384301  
0.2203200084  
0.1393545032  
0.2315367046  
0.4014954561  
0.4683422721  
0.5385589115  
0.265486389  
-0.09921838179  
0.004727040607  
-0.07262177404  
-0.131833576  
-0.2154876162  
-0.2706267003  
-0.3921163482  
-0.4893072836  
-0.5466654492  
-0.6467917247  
-0.4466152932  
-0.4634130762  
-0.2501290007  
-0.2329804175  
-0.2798202489  
-0.09959872069  
-0.1741924167  
-0.2665290885  
-0.3802648802  
-0.6492354597  
-0.1518765145  
-0.3996458258  
-0.436077445  
-0.4031389097  
-0.2485342067  
-0.3112386355  
-0.4029033454  
-0.3568396525  
-0.5099579938  
-0.182540427  
-0.2738859989  
-0.2270515317  
-0.07116681992  
-0.2520078246  
-0.3331232111  
-0.2667185365  
-0.3189682054  
-0.4504235679  
-0.4288527125  
-0.34546316  
-0.4413011726  
-0.4133785784  
-0.3414545281  
-0.4454457363  
-0.4901540299  
-0.1565245386  
-0.148857394  
-0.3092539982  
-0.05979268428  
-0.111510331  
-0.0360045385  
-0.2399894433  
-0.2234784407  
-0.2622756379  
-0.05625462026  
-0.2029631404  
-0.226593793  
-0.1864247633  
-0.1669936012  
-0.08339814207  
-0.168693643  
-0.2716787577  
0.1252978919  
0.009123359671  
-0.02859736314  
0.1262191052  
0.1385735681  
0.2029744127  
0.2170099666  
-0.04077185478  
0.06569062726  
-0.2339660573  
-0.1580388847  
-0.2426363282  
-0.08600449041  
-0.1646521159  
-0.2749412091  
-0.2163382354  
0.009155398796  
-0.2485745955  
-0.3558109413  
-0.2726656886  
-0.3682925523  
-0.47005398  
-0.6138356173  
-0.5048077541  
-0.533529117  
-0.3958330983  
-0.4308277891  
-0.1322290212  
-0.4303825479  
-0.8648575642  
-1.025528936  
-0.8581978883  
-0.7507817858  
-0.7724079513  
-0.6924722415  
-0.6279112682  
-0.7195114226  
-0.7866835529  
-1.097650879  
-1.137765293  
-1.262315084  
-1.292840627  
-1.508682518  
-1.475739104  
-1.633640191  
-1.306339468  
-1.34505573  
-1.397698148  
-1.130613941  
-0.7459434064  
-0.07184286612  
-0.1984804269  
-0.307440832  
-0.1036890064  
-0.1165393876  
0.03603980027  
0.07990428448  
0.06820733604  
-0.01974616227  
-0.4403294506  
-0.3442680903  
-0.5231451978  
-0.6195365541  
-0.7805442826  
-0.8963324031  
-0.6729871468  
-0.8628035326  
-0.6725548991  
-0.561312796  
-0.5629691138  
-0.6821899208  
-0.6776156639  
-0.6154039588  
-0.5905728835  
-0.2649525184  
-0.3650461913  
-0.4162473862  
-0.3289549853  
-0.2825379464  
-0.455755325  
-0.5015853862  
-0.5909404688  
-0.7327294511  
-0.8051142041  
-0.7359282724  
-0.7037270127  
-0.9234383951  
-0.8999198058  
-1.086170885  
-1.144786535  
-0.8691840224  
-0.7981946137  
-0.8551426981  
-0.7773543957  
-0.7770453723  
-1.047959803  
-0.9808151611  
-0.9290419877  
-0.8059059959  
-0.9083058334  
-0.8641568479  
-0.8053698603  
-0.7604378937  
-0.5493193506  
-0.4470134088  
-0.3781600375  
-0.2903149689  
-0.2658338923  
-0.2294445045  
-0.3225731313  
-0.1829683446  
-0.5167571455  
-0.5645217543  
-0.7861113925  
-0.9724443942  
-1.047733022  
-0.8515431273  
-0.9787648205  
-0.9594386589  
-1.170849766  
-1.129382493  
-1.074990694  
-0.9899149956  
-0.7272244646  
-0.5128629073  
-0.3231863049  
-0.3165038321  
-0.1516691204  
-0.0505759401  
-0.04867345447  
-0.02235133918  
0.0677189913  
0.210226265  
0.3345736518  
0.1516165871  
0.5240726083  
0.3928734595  
0.5657074639  
0.2497469518  
0.2265965861  
-0.1573226649  
-0.2976939998  
-0.2371378711  
-0.5939478321  
-0.8343302194  
-0.9527541236  
-0.9096222301  
-1.054235499  
-1.006287638  
-0.8522994  
-0.7983730433  
-0.5320630178  
-0.6879281225  
-0.5403185683  
-0.3740138913  
-0.4235288067  
-0.4445850837  
-0.5428045447  
-0.3639996062  
-0.1134730115  
-0.3089841144  
-0.1210089614  
-0.03095297622  
-0.1474189827  
-0.2383261363  
-0.2335790122  
-0.348599335  
-0.2868835898  
-0.3372996805  
-0.3512695463  
-0.3861108003  
-0.3852865678  
-0.4995090411  
-0.4525236755  
-0.4869958365  
-0.3232489345  
-0.07317538957  
-0.08842109444  
0.2347041768  
0.2189558093  
0.2344710864  
0.3294984972  
0.123078324  
-0.02296809983  
-0.07019987199  
-0.1617557867  
-0.4125459839  
-0.5616594879  
-0.6774512003  
-0.769845419  
-0.6858117377  
-0.5165165177  
-0.59120917  
-0.6281812374  
-0.8262593398  
-0.6190779744  
-0.7463404669  
-0.792540488  
-0.543729201  
-0.4140194721  
-0.3926479035  
-0.4783403388  
-0.4346546253  
-0.3452512042  
-0.3722945879  
-0.3186639791  
-0.2175983903  
-0.1205410314  
-0.1773523876  
-0.339864353  
-0.2645635031  
-0.3527781685  
-0.4813901884  
-0.4954118021  
-0.6106824037  
-0.3768784342  
-0.3865860716  
-0.2597108003  
-0.318542348  
-0.1433743208  
0.07820444402  
-0.0604585868  
-0.3167441724  
-0.4328293402  
-0.4734378896  
-0.3854032096  
-0.3791466256  
-0.3167320488  
-0.2895329801  
-0.1328059804  
0.08668598627  
0.08746328617  
0.07099815301  
-0.01594750032  
0.09460961833  
0.05509425488  
0.2111694884  
0.414332268  
0.2666485625  
0.2516022461  
0.2001383847  
0.05519361018  
-0.07118513674  
-0.04779029153  
-0.0687509476  
-0.3392392448  
-0.4922518126  
-0.2738911313  
-0.07762424528  
-0.1544734149  
-0.3165842709  
-0.2441359796  
-0.5287958194  
-0.408935334  
-0.2634631628  
-0.5461226809  
-0.6638314403  
-0.7241506871  
-0.9146580526  
-1.279760616  
-1.395098279  
-1.546480461  
-1.45879893  
-1.078978089  
-1.001600515  
-0.8484759348  
-0.531872519  
-0.3526740773  
-0.3000515546  
-0.3944260088  
-0.3729787195  
-0.538312954  
-0.4060110784  
-0.3406813452  
-0.3153426408  
-0.3219826604  
-0.2671526423  
-0.2440084737  
-0.08384439581  
0.005141783601  
0.1017410396  
0.1330748303  
0.349771817  
0.008673084838  
0.2564161934  
0.1208068061  
0.3908200756  
0.1792843627  
0.2649204743  
0.2745742468  
0.1111319634  
0.3695240936  
0.4554995024  
0.3990005914  
0.4881824718  
0.4807676668  
0.6790298258  
0.5197292651  
0.4900728569  
0.5173541688  
0.3920449807  
0.2199198893  
0.3252773092  
0.1335737665  
0.09641110472  
0.07438562447  
0.2104674213  
0.02170780954  
0.1503166284  
0.0947066516  
0.06123119713  
0.02185538908  
-0.1307461031  
0.4971071854  
0.3061933003  
0.4158038206  
0.5680757774  
0.7294438097  
1.207619567  
1.169054274  
1.253661715  
1.455937823  
1.373729279  
1.06627207  
1.01091644  
0.7841047572  
0.7836191966  
0.449968547  
0.2930353062  
0.5595893365  
0.3122743498  
0.4001942769  
0.3736986136  
0.3457632174  
0.5306423388  
0.4816250228  
0.4441490985  
0.5743035815  
0.7077464377  
0.5647249781  
0.6478755429  
0.6235911724  
0.699606951  
0.5666914755  
0.511041727  
0.4680338872  
0.4189411303  
0.5338735847  
0.4053859834  
0.6446236323  
0.783458353  
0.9258128468  
0.9655529716  
1.013370942  
0.9347831173  
0.8114069488  
0.872784751  
1.061840782  
0.7356864419  
1.054652943  
1.230642252  
1.337619851  
1.385710306  
1.465895333  
1.803109737  
1.510629189  
1.186611551  
1.201180694  
1.158994212  
1.139479909  
1.035762475  
0.564656288  
0.6013934273  
0.388165103  
0.1783210481  
0.4432317863  
0.1750150751  
0.4766808283  
0.4563125968  
0.5791267769  
0.6488659083  
0.6397396951  
0.4342452672  
0.653949025  
1.287374469  
1.51443525  
1.627266061  
1.446539755  
1.450490024  
1.214940446  
1.363881953  
1.369334855  
1.350607296  
1.152617177  
1.300289631  
0.9461529876  
0.5596025021  
0.1728586516  
-0.1396397317  
0.07094957727  
0.01223533863  
0.3080527699  
0.5311176482  
0.4722148178  
0.4954160365  
0.5486012013  
0.4041938764  
0.555539211  
0.7936778171  
0.5570811084  
0.5018173056  
0.5726332997  
0.4970030479  
0.6099699448  
0.9090142606  
1.009284509  
1.026834764  
1.013351736  
1.108132939  
0.7650281371  
0.7941204051  
0.6328668758  
0.4683157965  
0.2739143229  
0.1768737956  
0.0508540542  
0.1670310625  
0.1598514315  
0.2451340804  
0.3277474687  
0.389909551  
0.8957160246  
0.8263781572  
0.7042992638  
0.6412105006  
0.6119105855  
0.3193422043  
0.29345744  
0.140448188  
0.01270484419  
0.1906089943  
0.4490157121  
0.9620467887  
0.794934089  
0.4038785706  
0.4560778204  
0.1478153589  
0.08954644095  
0.04806255612  
-0.388589307  
-0.7537970762  
-1.115871817  
-1.133522481  
-1.437716563  
-1.331852111  
-1.00121285  
-0.9584520654  
-0.6445388556  
-0.5885908863  
-0.1106048314  
-0.281634425  
-0.2916807389  
-0.4118661379  
-0.4233887384  
-0.4539359852  
-0.4988557261  
-0.7587258012  
-0.5279028605  
-0.3236107273  
-0.1429117152  
-0.1210989777  
0.1206608289  
0.5383887382  
0.3384619889  
0.462377092  
0.6453384835  
0.8363593574  
0.6693698294  
0.9521222535  
0.6687777718  
0.9564790275  
0.9173832945  
1.029836566  
1.013395178  
1.045204598  
1.164073555  
1.101656982  
1.159302264  
1.054533087  
0.9634975608  
0.905859067  
0.7211875389  
0.6832571257  
0.4037499501  
0.3786177112  
0.4084610811  
0.5033222068  
0.6277024118  
0.789283474  
0.6004638289  
0.7161671587  
0.6092778055  
0.606177357  
0.5505007  
0.4373645858  
0.4783822013  
0.5554428817  
0.6727673017  
0.4873010093  
0.7569269688  
0.7252587413  
0.9774839078  
0.9065547446  
1.139149941  
1.390795061  
1.10467632  
1.005494152  
0.9231870964  
0.9360994617  
0.6109471349  
0.6992688722  
0.5768459141  
0.5765857377  
0.655129648  
0.6783220729  
0.5842867617  
0.5986374045  
0.6965049081  
0.7108323353  
0.8370770195  
1.019433307  
1.515631862  
1.706309447  
1.026686413  
0.7514183191  
0.9885765146  
0.9070756737  
