2767.501559  
2767.942852  
2762.256828  
2762.088736  
2757.820843  
2755.537098  
2757.773026  
2755.665589  
2759.397463  
2768.249546  
2773.358129  
2778.916371  
2769.867012  
2793.16876  
2797.042968  
2789.246039  
2785.165872  
2789.093455  
2792.804204  
2785.979063  
2785.4975  
2785.6355  
2778.369548  
2786.859394  
2784.565455  
2789.223166  
2785.126817  
2784.722447  
2785.892323  
2794.861995  
2787.772616  
2788.259948  
2788.817528  
2784.071528  
2789.123646  
2784.606271  
2779.550183  
2780.325543  
2779.001029  
2766.444212  
2779.995849  
2784.499382  
2790.964874  
2782.015304  
2783.752858  
2784.669955  
2773.822045  
2779.20533  
2776.128678  
2769.060019  
2775.694629  
2768.967369  
2761.95563  
2756.290299  
2760.06481  
2767.480207  
2778.65805  
2772.841785  
2784.113854  
2780.029995  
2775.325791  
2777.467027  
2766.394925  
2770.089612  
2768.237381  
2760.900961  
2771.935945  
2777.36443  
2779.0224  
2787.696742  
2788.625202  
2786.470603  
2771.384863  
2778.902482  
2783.124139  
2777.908597  
2780.473109  
2778.784799  
2772.935448  
2782.819768  
2773.330098  
2782.445806  
2777.392914  
2784.030621  
2788.172652  
2791.549501  
2780.81318  
2788.165303  
2785.163982  
2788.608887  
2792.213386  
2799.134774  
2797.943556  
2787.418147  
2794.37799  
2797.23884  
2789.742282  
2780.044971  
2783.790001  
2796.517521  
2788.248668  
2780.410531  
2774.633915  
2779.45177  
2777.477642  
2787.991772  
2798.042718  
2791.940573  
2786.004459  
2792.269233  
2788.386846  
2797.306613  
2803.698271  
2800.162585  
2801.104738  
2787.580926  
2793.72806  
2786.37519  
2786.080298  
2785.431471  
2794.816335  
2791.444754  
2791.806831  
2800.004387  
2801.056756  
2804.901977  
2796.802415  
2803.256421  
2812.543479  
2809.479226  
2803.043855  
2812.594674  
2804.884022  
2797.000326  
2799.357817  
2789.882772  
2792.043493  
2790.081457  
2783.872176  
2783.777628  
2783.451524  
2786.849811  
2788.270803  
2801.601633  
2800.426537  
2807.036884  
2800.4424  
2806.00271  
2799.894663  
2801.814237  
2802.358236  
2800.413435  
2795.621173  
2801.401871  
2803.413948  
2779.73564  
2789.115084  
2781.838562  
2792.696915  
2773.846582  
2774.308641  
2774.505358  
2777.690516  
2771.034588  
2785.258975  
2784.564089  
2789.048895  
2791.21682  
2796.730509  
2796.625954  
2796.38108  
2795.069128  
2785.397421  
2786.983398  
2784.595725  
2790.845713  
2785.354611  
2780.914569  
2784.111872  
2787.037957  
2783.236876  
2787.208057  
2781.345459  
2788.863995  
2786.493317  
2778.425755  
2787.793622  
2794.709998  
2797.275091  
2801.6426  
2802.97532  
2802.833658  
2810.555755  
2802.437216  
2805.743495  
2797.666857  
2797.103048  
2798.79419  
2787.038626  
2787.997154  
2782.23719  
2778.955942  
2783.898458  
2785.918443  
2787.357337  
2791.709822  
2789.162634  
2790.139637  
2799.895023  
2804.322361  
2806.50731  
2801.152467  
2806.214831  
2806.384477  
2797.95753  
2803.060895  
2799.423149  
2799.176679  
2799.026458  
2806.639849  
2801.002213  
2799.892469  
2804.090686  
2798.995506  
2802.773531  
2801.017468  
2802.259103  
2801.892713  
2792.675727  
2800.676494  
2782.609245  
2790.461596  
2786.972006  
2794.610198  
2799.818849  
2798.76888  
2785.223213  
2781.57737  
2781.927494  
2775.412496  
2785.114177  
2782.312917  
2791.87406  
2782.32573  
2782.901759  
2779.44405  
2784.448135  
2781.928644  
2790.490298  
2797.782978  
2795.284429  
2791.552251  
2791.833191  
2791.075898  
2791.618112  
2791.334895  
2794.037918  
2790.465546  
2794.465862  
2792.294844  
2795.261231  
2794.1512  
2794.445556  
2798.557584  
2799.553728  
2798.861524  
2791.484619  
2794.640719  
2793.589559  
2787.387368  
2786.251115  
2772.725609  
2779.027643  
2788.005498  
2787.772807  
2780.295928  
2780.494301  
2780.688564  
2777.131963  
2769.34912  
2782.774336  
2781.888234  
2786.713435  
2799.498462  
2812.989491  
2807.762062  
2813.650515  
2797.73116  
2797.184813  
2803.317027  
2806.337641  
2808.244452  
2794.83571  
2804.477262  
2804.446565  
2797.801085  
2808.856827  
2804.385636  
2791.560621  
2792.474317  
2791.362312  
2783.800714  
2792.691387  
2792.409143  
2792.079594  
2795.917665  
2794.128278  
2799.841094  
2799.165816  
2796.472202  
2798.644899  
2797.81988  
2790.738963  
2801.309066  
2796.869679  
2789.909981  
2799.342458  
2793.574468  
2793.385707  
2780.839295  
2792.615738  
2791.547194  
2794.562479  
2800.454163  
2791.628338  
2796.456799  
2792.879359  
2793.90891  
2807.498293  
2809.696276  
2810.991144  
2809.449028  
2812.381539  
2801.081736  
2787.571551  
2790.154268  
2789.462643  
2791.705628  
2789.716271  
2796.954327  
2791.168079  
2799.112916  
2797.132098  
2797.087832  
2783.919601  
2791.20392  
2792.331647  
2810.839235  
2814.448517  
2815.961343  
2812.7056  
2817.198015  
2810.555829  
2805.628271  
2796.949399  
2776.691847  
2764.891262  
2757.296047  
2754.329125  
2754.869913  
2759.184986  
2763.723418  
2778.565715  
2783.91993  
2791.823801  
2796.481067  
2810.214756  
2808.989463  
2812.40278  
2805.011985  
2799.158162  
2798.834489  
2804.844688  
2807.960104  
2803.044728  
2799.396567  
2794.48695  
2798.656419  
2808.708322  
2801.661064  
2810.830977  
2811.508554  
2811.065094  
2818.905914  
2825.421759  
2817.887508  
2830.471674  
2833.120947  
2824.100227  
2825.574029  
2819.222841  
2837.093372  
2826.968384  
2831.672577  
2831.637801  
2820.087191  
2821.427464  
2821.941378  
2817.214262  
2809.167878  
2807.774692  
2810.421972  
2809.760467  
2806.502943  
2802.501728  
2803.646113  
2805.497805  
2809.492863  
2802.594006  
2802.560331  
2806.98838  
2816.10825  
2812.688082  
2812.616507  
2812.57319  
2804.204669  
2798.561767  
2800.009779  
2807.434144  
2797.465139  
2794.104497  
2802.603892  
2804.382428  
2811.576875  
2817.860569  
2805.638301  
2803.499587  
2797.951618  
2809.972687  
2822.90559  
2833.226148  
2818.69786  
2806.427152  
2811.089229  
2796.277933  
2794.631242  
2785.60901  
2779.696433  
2767.727191  
2769.601362  
2755.74509  
2761.518774  
2767.978638  
2762.267456  
2765.351699  
2765.609416  
2781.649642  
2786.656631  
2799.487906  
2793.907364  
2804.252938  
2805.763084  
2816.366254  
2818.325939  
2822.272016  
2820.103986  
2821.598127  
2829.660004  
2840.145906  
2836.972057  
2826.885375  
2837.453671  
2825.876028  
2819.96791  
2806.556901  
2812.771842  
2811.909665  
2809.093057  
2810.691783  
2808.425615  
2810.170219  
2814.019957  
2818.704113  
2812.803489  
2827.825647  
2819.324905  
2820.544968  
2822.089973  
2807.754001  
2808.561974  
2819.416052  
2822.752152  
2817.20117  
2818.090083  
2805.827048  
2803.802603  
2802.814029  
2794.49048  
2798.039564  
2801.138727  
2799.365956  
2794.060874  
2796.73649  
2795.125758  
2796.547785  
2805.059493  
2806.180232  
2814.366164  
2814.355917  
2815.64144  
2814.253465  
2819.489733  
2814.18437  
2815.498839  
2811.540305  
2810.744482  
2814.356545  
2798.517625  
2794.903282  
2803.540789  
2798.922817  
2805.606325  
2810.065716  
2809.434695  
2800.958297  
2802.60866  
2800.006514  
2799.872297  
2807.24386  
2813.703716  
2817.041918  
2817.709599  
2809.437831  
2812.132927  
2822.238426  
2809.221951  
2813.495019  
2801.409542  
2802.06731  
2811.365057  
2806.580113  
2809.223796  
2805.695638  
2802.218153  
2810.313091  
2799.062865  
2799.61578  
2806.6384  
2804.207979  
2815.875221  
2820.427139  
2810.523413  
2808.607023  
2808.754503  
2825.665229  
2815.084479  
2803.835215  
2808.257575  
2809.8468  
2811.024551  
2799.039272  
2801.187067  
2800.982989  
2801.579503  
2804.767085  
2804.615044  
2801.921398  
2790.402924  
2802.315608  
2804.692439  
2811.630416  
2813.994567  
2818.195441  
2824.689465  
2821.715747  
2823.231768  
2825.946035  
2820.374561  
2821.7643  
2824.439311  
2815.448164  
2813.744898  
2820.892411  
2815.171643  
2833.04766  
2822.332902  
2825.722582  
2829.107974  
2839.101538  
2838.681671  
2835.121412  
2829.667395  
2831.589386  
2814.491401  
2823.326093  
2824.847211  
2809.646499  
2801.290402  
2794.581682  
2795.648617  
2795.663079  
2793.314467  
2792.141528  
2799.122544  
2807.138132  
2799.906097  
2797.2326  
2805.532533  
2809.122262  
2808.133046  
