2771.729701  
2765.73784  
2758.677498  
2760.607516  
2754.587919  
2760.459518  
2760.40543  
2761.126234  
2754.104706  
2746.035444  
2747.440072  
2747.238524  
2746.437086  
2737.651616  
2748.355161  
2744.1162  
2749.853615  
2752.862077  
2751.614566  
2760.693017  
2748.476921  
2751.978163  
2752.252342  
2747.753115  
2749.020132  
2748.06815  
2749.010293  
2745.622349  
2746.554357  
2746.294218  
2745.305396  
2749.418036  
2761.331194  
2755.972691  
2759.217217  
2759.544406  
2748.372529  
2752.624161  
2749.391679  
2749.64376  
2753.997645  
2749.460511  
2746.15853  
2739.527881  
2745.637074  
2741.766179  
2741.150833  
2736.438851  
2746.154094  
2749.400294  
2745.782232  
2742.381149  
2742.615707  
2742.562158  
2736.526664  
2736.547945  
2731.134163  
2732.17973  
2736.978958  
2738.920151  
2742.466316  
2745.209837  
2747.432112  
2743.208644  
2747.348323  
2752.106125  
2747.438233  
2748.755173  
2752.071849  
2744.52171  
2743.121889  
2737.039355  
2739.516711  
2743.064061  
2740.184731  
2748.655054  
2746.358441  
2747.806434  
2751.049622  
2745.845224  
2744.047787  
2753.598407  
2752.771899  
2747.58603  
2752.953706  
2752.96108  
2750.409294  
2758.618255  
2749.299461  
2755.338694  
2749.848565  
2745.828457  
2737.791891  
2739.507104  
2729.957237  
2734.827814  
2739.840904  
2742.476717  
2746.256318  
2739.379327  
2741.94179  
2735.820363  
2738.806511  
2734.471274  
2726.967797  
2721.145538  
2730.730779  
2725.804689  
2723.001066  
2731.122314  
2734.337472  
2736.814536  
2736.873072  
2750.320041  
2750.458487  
2749.360437  
2749.891647  
2756.400828  
2753.231958  
2758.933149  
2752.005061  
2742.12019  
2742.62538  
2743.636563  
2745.928666  
2743.374895  
2747.650488  
2740.003523  
2731.11295  
2736.222236  
2743.770427  
2741.732224  
2747.084262  
2746.282473  
2747.526049  
2744.033616  
2741.205908  
2748.548545  
2739.623837  
2747.140414  
2747.223899  
2751.554204  
2749.774303  
2743.85187  
2739.309754  
2739.329162  
2738.390915  
2739.445356  
2737.743386  
2735.333845  
2737.452744  
2738.162961  
2739.892486  
2743.570409  
2739.137493  
2733.293127  
2739.39657  
2737.570105  
2733.702853  
2723.742562  
2733.623766  
2720.375522  
2724.846923  
2726.114273  
2721.954135  
2723.028531  
2726.636835  
2724.528865  
2731.381994  
2739.851122  
2733.621456  
2735.226362  
2739.279498  
2742.773775  
2745.296166  
2742.641583  
2736.451927  
2737.591  
2731.452447  
2737.842885  
2731.507452  
2726.734048  
2731.887435  
2724.789209  
2729.206913  
2729.810623  
2739.491142  
2738.707254  
2742.017753  
2748.067557  
2743.149564  
2748.007691  
2750.753899  
2742.52924  
2746.486244  
2745.400927  
2740.307373  
2741.777529  
2759.345753  
2758.552805  
2754.637699  
2754.921832  
2745.798616  
2751.79414  
2746.594233  
2756.175038  
2751.976939  
2749.535362  
2744.422081  
2741.509377  
2739.416847  
2740.124016  
2745.563376  
2746.652342  
2745.5409  
2744.067446  
2742.913304  
2747.959055  
2749.810994  
2742.100945  
2738.024098  
2732.802314  
2733.774897  
2735.535779  
2735.030172  
2726.525184  
2724.872824  
2727.916168  
2738.845828  
2728.713795  
2726.914596  
2732.723872  
2737.483549  
2734.997915  
2733.07987  
2740.264275  
2730.759132  
2734.727597  
2747.317706  
2749.969449  
2749.547872  
2751.764466  
2748.960702  
2753.173652  
2752.321736  
2750.474625  
2750.102343  
2748.681324  
2757.002139  
2751.573354  
2747.939236  
2751.646112  
2741.359779  
2746.857326  
2747.981223  
2743.837541  
2738.610539  
2738.397562  
2741.991543  
2742.294566  
2736.323134  
2747.348051  
2747.611813  
2749.333281  
2749.35126  
2747.214504  
2747.018589  
2736.982152  
2752.5009  
2751.204509  
2748.472807  
2747.292146  
2742.222646  
2743.446372  
2745.190246  
2734.726599  
2741.862785  
2747.983161  
2752.199656  
2751.369459  
2745.608242  
2738.258806  
2743.113388  
2749.429331  
2749.018966  
2740.835728  
2736.58817  
2730.627633  
2725.40531  
2733.832013  
2735.726118  
2738.357366  
2742.694237  
2756.666425  
2754.951547  
2756.252076  
2759.136651  
2758.740258  
2747.639257  
2752.808517  
2753.943979  
2746.404182  
2760.963421  
2755.056005  
2747.335836  
2750.726799  
2741.129774  
2736.723893  
2739.294825  
2731.725428  
2730.258736  
2738.120524  
2740.199322  
2743.398676  
2746.412075  
2747.753122  
2743.016133  
2741.982849  
2739.525462  
2729.824442  
2718.060339  
2716.542883  
2710.345675  
2708.394413  
2705.675366  
2714.084546  
2714.212095  
2710.77327  
2709.289035  
2721.222545  
2731.58933  
2730.066285  
2725.56104  
2734.904186  
2736.305743  
2739.244014  
2743.209463  
2745.554361  
2735.785131  
2747.408193  
2750.213856  
2740.286667  
2745.171474  
2739.000615  
2734.612762  
2734.919759  
2741.216682  
2750.695105  
2749.939547  
2741.801923  
2755.61949  
2744.420214  
2748.957871  
2753.020931  
2755.24732  
2755.00404  
2760.969833  
2754.298908  
2761.156359  
2751.006576  
2752.467237  
2758.882127  
2752.629559  
2755.030266  
2755.021167  
2748.704323  
2741.886383  
2753.086086  
2746.701106  
2740.01083  
2745.226087  
2738.01733  
2737.691703  
2752.629037  
2745.56703  
2746.174605  
2759.270946  
2730.676941  
2742.2854  
2746.997208  
2742.425226  
2755.040446  
2751.213317  
2755.481795  
2759.343977  
2751.668099  
2750.610938  
2759.479902  
2746.914349  
2738.370276  
2732.841092  
2729.82471  
2726.430898  
2724.199023  
2720.009573  
2724.954202  
2736.724385  
2736.033942  
2745.267469  
2744.700951  
2740.357409  
2747.437264  
2746.74444  
2745.680224  
2747.32696  
2744.454058  
2746.498344  
2733.796136  
2735.987735  
2735.422884  
2731.270213  
2732.56966  
2735.873209  
2740.703522  
2749.491451  
2751.497778  
2749.81612  
2751.183734  
2749.518243  
2746.550022  
2742.105466  
2748.479943  
2752.443523  
2746.565101  
2752.894157  
2756.698156  
2760.431683  
2768.437424  
2770.636577  
2763.854404  
2770.892898  
2767.905778  
2765.690847  
2765.773013  
2745.198278  
2753.359736  
2745.532104  
2745.469719  
2738.148303  
2744.02785  
2747.491139  
2749.308954  
2750.002291  
2755.718939  
2754.485673  
2755.017988  
2758.797751  
2763.338839  
2768.886528  
2772.12273  
2764.1243  
2769.106916  
2763.519903  
2761.53053  
2752.136607  
2761.594038  
2755.395019  
2755.262006  
2748.970043  
2740.19217  
2735.043822  
2726.194026  
2726.568871  
2736.917944  
2737.343108  
2740.86428  
2743.913191  
2741.296424  
2743.20374  
2750.973375  
2753.725857  
2754.867938  
2745.229674  
2749.791847  
2742.621659  
2737.765359  
2743.188428  
2751.89624  
2757.701565  
2748.817529  
2754.150211  
2744.624404  
2739.38395  
2740.173007  
2739.531089  
2732.156178  
2729.67348  
2731.81406  
2726.047094  
2724.012109  
2726.415358  
2724.821555  
2732.138162  
2744.830565  
2741.810145  
2747.546195  
2746.427937  
2747.154277  
2737.201186  
2736.473215  
2733.17365  
2720.360295  
2710.959158  
2725.426317  
2731.646219  
2739.587462  
2739.40588  
2741.057  
2737.5027  
2733.029845  
2730.916846  
2717.759652  
2708.778515  
2703.671856  
2697.111522  
2698.789192  
2686.572491  
2685.36542  
2693.250641  
2705.226299  
2709.152842  
2711.808767  
2725.529532  
2730.360191  
2729.434356  
2725.755723  
2735.637686  
2736.924065  
2721.020784  
2727.885558  
2725.94011  
2719.536693  
2733.955911  
2733.614566  
2739.23785  
2740.080547  
2741.080534  
2764.207431  
2753.408482  
2756.659667  
2763.450785  
2762.15726  
2754.678808  
2761.282604  
2772.001757  
2764.966645  
2758.314757  
2757.538863  
2756.013251  
2759.345785  
2763.801086  
2761.368907  
2759.228157  
2759.696311  
2757.944135  
2749.084163  
2750.391876  
2751.382789  
2745.514426  
2747.410443  
2749.913467  
2746.901896  
2749.625932  
2747.157736  
2746.182126  
2747.134558  
2744.61484  
2743.703414  
2747.086233  
2748.48894  
2751.65491  
2750.228701  
2751.687017  
2756.019086  
2751.927101  
2757.404003  
2756.918415  
2761.916998  
2766.630915  
2766.028197  
2763.396392  
2769.750932  
2754.558049  
2750.278462  
2741.913335  
2748.248887  
2748.838821  
2752.781813  
2741.012732  
2743.069546  
2739.323009  
2748.924829  
2746.211533  
2736.129883  
2753.176112  
2747.808794  
2740.826344  
2744.414466  
2744.038524  
2750.197238  
