2857.297429  
2847.761904  
2850.50534  
2849.874056  
2842.51521  
2845.624593  
2844.171097  
2836.800376  
2836.347699  
2832.091224  
2829.848801  
2828.88691  
2833.337441  
2838.931894  
2837.484705  
2830.093171  
2829.70209  
2831.282485  
2836.514645  
2837.718897  
2834.529737  
2836.043214  
2829.585665  
2829.209965  
2833.651158  
2838.010024  
2832.415102  
2839.352016  
2837.563074  
2843.020316  
2845.697337  
2842.844589  
2836.740924  
2847.226764  
2843.142654  
2852.912782  
2843.299905  
2841.239373  
2837.190867  
2835.085461  
2846.108542  
2837.246472  
2836.478789  
2834.949327  
2831.019627  
2835.485321  
2831.083842  
2838.516751  
2842.463477  
2840.603383  
2837.345943  
2843.468975  
2838.870081  
2830.261833  
2828.621331  
2837.160969  
2828.601261  
2824.948722  
2831.446518  
2828.877452  
2830.157267  
2832.381097  
2835.293095  
2825.20954  
2832.398991  
2838.124269  
2840.642182  
2835.894214  
2832.154634  
2829.397262  
2832.761201  
2825.357255  
2822.764111  
2826.438146  
2829.214318  
2829.022806  
2827.476877  
2833.593314  
2836.897333  
2835.261236  
2832.786812  
2836.714538  
2829.153912  
2833.639618  
2837.524639  
2840.93828  
2831.983295  
2831.712475  
2832.486923  
2835.071382  
2822.170893  
2821.940434  
2823.955221  
2821.325477  
2826.133009  
2823.263089  
2828.905787  
2834.423499  
2835.662992  
2832.274884  
2834.894724  
2834.136326  
2828.684574  
2827.721328  
2822.606271  
2815.302378  
2817.35547  
2817.993321  
2820.496183  
2818.133745  
2829.464827  
2825.715545  
2831.344  
2833.599401  
2836.839215  
2840.404376  
2845.658425  
2846.258993  
2842.768715  
2841.262432  
2839.84928  
2842.452841  
2838.572619  
2836.02624  
2842.342441  
2837.83752  
2829.644797  
2831.409587  
2828.198435  
2830.191117  
2833.964569  
2828.065023  
2842.933035  
2838.987703  
2840.643696  
2839.219453  
2838.040714  
2834.767026  
2833.128293  
2829.995901  
2837.510231  
2829.433543  
2844.459263  
2832.212007  
2828.495048  
2821.647379  
2830.223185  
2823.438414  
2828.602167  
2824.510442  
2831.416273  
2827.906641  
2830.589836  
2831.314313  
2835.598592  
2839.262164  
2829.475803  
2819.838986  
2824.300031  
2821.089893  
2826.84938  
2819.829491  
2820.14262  
2814.087659  
2819.228772  
2812.299958  
2816.764517  
2823.452877  
2825.694518  
2834.698842  
2823.572456  
2831.924416  
2830.91035  
2833.510246  
2840.86004  
2829.818839  
2826.253392  
2820.82816  
2820.147613  
2819.692575  
2815.090689  
2812.020452  
2811.407925  
2816.145758  
2817.114759  
2811.698493  
2827.271743  
2829.205793  
2831.012625  
2831.030532  
2831.03411  
2827.552126  
2831.778826  
2831.890388  
2831.989454  
2836.82892  
2831.25314  
2825.516079  
2840.440599  
2838.001613  
2844.353295  
2837.766396  
2840.07601  
2838.885863  
2839.522212  
2845.866755  
2843.949296  
2839.90433  
2830.098607  
2837.570061  
2828.946355  
2826.406002  
2832.905423  
2835.713834  
2835.873553  
2833.472145  
2840.189593  
2838.590833  
2830.957644  
2827.418454  
2833.440341  
2828.999698  
2827.099308  
2824.947053  
2822.580239  
2820.145277  
2823.075642  
2814.898419  
2818.100549  
2817.613427  
2819.797194  
2823.879557  
2832.882505  
2829.094428  
2824.749105  
2829.320953  
2825.39869  
2826.641539  
2840.180323  
2833.893927  
2841.765345  
2837.995393  
2842.185679  
2840.837864  
2844.236279  
2845.125906  
2831.069099  
2842.247416  
2836.067961  
2835.652958  
2831.992375  
2828.455521  
2832.784105  
2822.695563  
2827.960204  
2825.560215  
2834.269217  
2830.366414  
2830.24176  
2827.469792  
2827.375396  
2835.536789  
2835.709812  
2841.183541  
2835.132113  
2832.090615  
2834.701717  
2828.571401  
2831.896804  
2837.776835  
2830.660403  
2840.285149  
2830.601968  
2829.222512  
2831.040133  
2827.526107  
2832.524157  
2828.739143  
2832.006479  
2833.817302  
2829.036082  
2822.922568  
2820.822778  
2835.378692  
2832.073101  
2826.148853  
2820.613766  
2826.076576  
2824.491347  
2824.370449  
2824.310121  
2821.269408  
2836.825879  
2838.717732  
2842.327393  
2840.580706  
2846.833529  
2851.577419  
2838.76577  
2841.12318  
2843.983558  
2839.115702  
2839.120759  
2835.115553  
2840.306383  
2833.940777  
2829.842537  
2829.885818  
2823.757985  
2822.938172  
2827.319501  
2828.747198  
2835.29664  
2827.529206  
2843.119001  
2833.487555  
2832.423302  
2828.8887  
2833.222392  
2825.71834  
2821.439852  
2813.038785  
2798.463739  
2798.261926  
2799.695792  
2804.830553  
2799.362192  
2801.777718  
2805.815531  
2813.792185  
2822.813374  
2815.932243  
2822.628541  
2820.578159  
2826.730561  
2818.268397  
2823.648815  
2829.044562  
2824.84322  
2828.56662  
2839.106719  
2827.308704  
2827.708413  
2831.978375  
2825.734122  
2824.984187  
2828.250854  
2839.650896  
2835.007005  
2829.681182  
2835.599534  
2831.657347  
2837.010753  
2837.171336  
2837.988076  
2843.455034  
2838.253952  
2840.635027  
2845.4788  
2841.597936  
2844.664616  
2844.452867  
2840.785948  
2842.683588  
2839.952  
2833.846702  
2831.010663  
2838.666958  
2828.295508  
2836.674206  
2821.804197  
2823.045076  
2827.255035  
2827.718628  
2830.909309  
2830.48465  
2821.742818  
2814.891606  
2840.412784  
2837.011358  
2829.185928  
2833.874075  
2839.576517  
2841.14725  
2849.724018  
2846.820801  
2846.348655  
2847.314461  
2837.258367  
2845.382444  
2836.45322  
2832.583411  
2827.825928  
2823.923053  
2827.503735  
2831.762785  
2838.227574  
2838.267003  
2834.52122  
2840.99559  
2842.760848  
2842.873005  
2841.172908  
2849.287868  
2848.127876  
2842.110991  
2848.755065  
2841.885712  
2832.681051  
2835.180362  
2838.156281  
2833.625324  
2832.368219  
2840.558259  
2846.201289  
2847.150296  
2844.52672  
2845.961981  
2846.349045  
2848.133757  
2839.296017  
2845.253878  
2850.509264  
2851.841254  
2854.623022  
2857.296871  
2859.382499  
2858.213011  
2866.722587  
2859.76069  
2863.740022  
2864.938768  
2861.942146  
2868.98653  
2859.121396  
2860.594362  
2855.384564  
2851.356252  
2847.497955  
2846.375264  
2847.981249  
2848.745101  
2848.283572  
2852.132164  
2852.657844  
2845.834665  
2849.967735  
2850.867217  
2852.503508  
2861.848032  
2855.32771  
2858.906034  
2857.466734  
2855.002022  
2854.963494  
2859.205751  
2857.581221  
2849.647797  
2850.303483  
2840.776968  
2831.743872  
2828.801725  
2830.684474  
2831.270062  
2840.335816  
2848.624612  
2847.816898  
2838.165522  
2849.458107  
2849.185921  
2849.152178  
2852.060172  
2852.873123  
2853.117914  
2847.995209  
2844.522925  
2838.644511  
2846.041502  
2852.24025  
2846.949779  
2839.313477  
2844.103623  
2829.365554  
2833.965423  
2838.404296  
2826.519295  
2827.357844  
2827.666102  
2824.874555  
2828.806395  
2824.46168  
2829.142565  
2834.008219  
2837.257124  
2847.224804  
2845.031558  
2852.342827  
2842.09349  
2847.306478  
2845.061293  
2840.297413  
2830.225551  
2820.217175  
2825.499621  
2829.022726  
2841.516767  
2840.687131  
2842.222106  
2841.472774  
2837.579668  
2832.02857  
2828.473128  
2819.374662  
2813.864736  
2804.216729  
2806.117413  
2801.771349  
2798.207226  
2793.127519  
2804.429589  
2810.373946  
2817.416785  
2822.149736  
2828.285623  
2829.328822  
2832.519481  
2831.100559  
2831.968848  
2837.799555  
2831.387731  
2830.061673  
2827.014833  
2834.730203  
2833.647703  
2839.218094  
2835.085783  
2836.992943  
2849.25691  
2850.306069  
2845.231946  
2850.496289  
2851.668243  
2856.72669  
2857.929779  
2856.68091  
2848.453663  
2853.150506  
2854.405264  
2845.319045  
2848.807911  
2855.905786  
2847.360174  
2856.768268  
2850.653764  
2851.903505  
2837.31262  
2840.392457  
2848.96791  
2840.292902  
2841.532664  
2840.891757  
2841.62972  
2834.393738  
2842.236875  
2846.327739  
2843.632406  
2846.064199  
2840.985325  
2842.741505  
2846.310059  
2840.519363  
2847.624958  
2847.008373  
2850.691084  
2847.404871  
2850.37612  
2854.746981  
2859.095242  
2864.097171  
2857.639178  
2850.413881  
2854.789386  
2843.643423  
2846.758042  
2837.127098  
2835.640978  
2840.400314  
2841.32084  
2836.505497  
2840.226125  
2836.636239  
2848.072374  
2837.783156  
2831.574883  
2843.150554  
2846.330167  
2838.253981  
2830.780136  
2843.271743  
2842.150978  
