-1.343758554  
-1.323687284  
-1.578781928  
-1.583840263  
-1.789981684  
-1.93387234  
-1.770784002  
-1.921910959  
-1.757723846  
-1.281232182  
-1.044452311  
-0.7597457736  
-1.222349138  
-0.07329276952  
0.08870137037  
-0.288061438  
-0.4719636798  
-0.2987012136  
-0.1313013287  
-0.4226188772  
-0.4458092345  
-0.4489006734  
-0.7821948886  
-0.4386835406  
-0.5859330829  
-0.3225520002  
-0.5334172031  
-0.5552766103  
-0.5065059111  
-0.04147474663  
-0.4250229  
-0.3878745836  
-0.3506933502  
-0.5882759022  
-0.3294758319  
-0.5320526528  
-0.7843369256  
-0.7538850478  
-0.8151209782  
-1.344620457  
-0.729013702  
-0.5335550074  
-0.2625776545  
-0.6203538781  
-0.6275860315  
-0.5317147079  
-1.069608129  
-0.8122184447  
-0.9369034723  
-1.320439002  
-0.9748526556  
-1.360779408  
-1.618873934  
-1.913646119  
-1.700555087  
-1.374977511  
-0.8086308626  
-1.114928513  
-0.5372398429  
-0.7192454073  
-0.9522383606  
-0.8718613308  
-1.41026025  
-1.230578771  
-1.328310558  
-1.71468496  
-1.159523764  
-0.9234659748  
-0.867510655  
-0.4625053831  
-0.4060149032  
-0.4747908853  
-1.251777608  
-0.841998943  
-0.6678546765  
-0.8866760318  
-0.7687529158  
-0.8519077183  
-1.107464736  
-0.626556487  
-1.077176955  
-0.6599469501  
-0.90372542  
-0.5680389661  
-0.415309625  
-0.2378398498  
-0.7369556753  
-0.4023138658  
-0.5320090353  
-0.4185968851  
-0.2290167531  
0.100337906  
0.07837702364  
-0.4336174709  
-0.09214690093  
0.02861121701  
-0.3395501545  
-0.7997917705  
-0.6217494826  
-0.03079119063  
-0.4098431025  
-0.8228196533  
-1.094055967  
-0.8512726833  
-0.9286310532  
-0.4213664911  
0.06352520906  
-0.2256529645  
-0.5149360723  
-0.2280662327  
-0.3956316029  
-0.008547254328  
0.358474092  
0.1602737382  
0.2562936988  
-0.4134761786  
-0.08882948476  
-0.4561413682  
-0.5148836107  
-0.5485946935  
-0.06497945873  
-0.2122391163  
-0.2293168329  
0.1666251114  
0.2033437703  
0.3849282452  
-0.02676638074  
0.2813316207  
0.7416939705  
0.5980199016  
0.2617409134  
0.7656295727  
0.3872071578  
-0.0111661969  
0.1559474866  
-0.336324071  
-0.2066619868  
-0.3101569713  
-0.6136045399  
-0.6057323683  
-0.5853143092  
-0.5036962715  
-0.4043426117  
0.2452648595  
0.1615321919  
0.4937223951  
0.1778846597  
0.4590922442  
0.1683049763  
0.222851732  
0.2374762564  
0.1984921922  
-0.07550152952  
0.2260326507  
0.2950546197  
-0.8051125047  
-0.3165329047  
-0.6672432331  
-0.1618410682  
-1.068511914  
-1.030525017  
-1.044046639  
-0.8412158881  
-1.208374486  
-0.5425233374  
-0.58515278  
-0.337409222  
-0.2265510484  
0.03474490333  
-0.01023110558  
0.02340971949  
-0.07510786358  
-0.5542691376  
-0.4658991561  
-0.5920169658  
-0.2862287557  
-0.5401245719  
-0.7402025308  
-0.5779486642  
-0.4667026672  
-0.6024394189  
-0.4895270242  
-0.7330696056  
-0.3773638346  
-0.4759735953  
-0.9338291896  
-0.4464033184  
-0.05745803772  
0.05168316725  
0.2361444727  
0.3005320317  
0.3070161062  
0.6496581796  
0.2649572692  
0.3933047396  
0.07294970194  
0.02149331409  
0.07483471819  
-0.4854128422  
-0.4128606973  
-0.6978309729  
-0.8618714566  
-0.5871184788  
-0.5444796411  
-0.4360998145  
-0.2401380234  
-0.3600571165  
-0.2903542973  
0.1060798685  
0.3718483285  
0.4794570396  
0.2184390756  
0.4272962675  
0.4909834706  
0.06716544045  
0.3286599929  
0.1423741954  
0.1045928635  
0.1093319217  
0.4444033415  
0.2017826981  
0.1488931849  
0.342336362  
0.1087759659  
0.2670681223  
0.17563787  
0.2693523231  
0.269900333  
-0.1837879833  
0.2578213093  
-0.6574825087  
-0.2868560388  
-0.421489789  
-0.1143774505  
0.2063665113  
0.1564864835  
-0.5096057386  
-0.7036310493  
-0.6855097969  
-1.002389665  
-0.5537681235  
-0.647788568  
-0.1679671879  
-0.6343585539  
-0.6266159165  
-0.7953700019  
-0.5066705911  
-0.6436449642  
-0.257666951  
0.05590286409  
-0.01548100199  
-0.2285002288  
-0.2538340422  
-0.277207979  
-0.2757136446  
-0.2785562858  
-0.1419661576  
-0.3396404905  
-0.1646762339  
-0.2357748061  
-0.1064436998  
-0.1198794231  
-0.1188111317  
0.0966500542  
0.1268746312  
0.1166504709  
-0.2484301899  
-0.0846818382  
-0.1409513972  
-0.4644650413  
-0.5044729668  
-1.152065078  
-0.8357919135  
-0.43054253  
-0.4029187795  
-0.7838784281  
-0.7527309725  
-0.8123175947  
-0.9245180857  
-1.347188138  
-0.6865601539  
-0.7307359988  
-0.4937327634  
0.09969771846  
0.7431634233  
0.4984566945  
0.7711281579  
0.06634322634  
-0.01209299068  
0.2986184501  
0.4707163297  
0.5756268912  
-0.1358408756  
0.3738859639  
0.3545189735  
0.04887071133  
0.5684988882  
0.3872196912  
-0.2313547489  
-0.2380274311  
-0.267109327  
-0.5914465965  
-0.1788645788  
-0.2087663188  
-0.2394960418  
-0.03406864214  
-0.09699026552  
0.1255842991  
0.09976094814  
-0.02951815965  
0.1096666523  
0.07606198395  
-0.2680033407  
0.2105211296  
0.03601276216  
-0.316501036  
0.157664018  
-0.1528889071  
-0.1492147796  
-0.7681936948  
-0.2208961844  
-0.257886324  
-0.09654350426  
0.1733043049  
-0.2474024846  
-0.04346747  
-0.1903832614  
-0.1139581026  
0.4822282547  
0.592698982  
0.6981438997  
0.6286307442  
0.7629757941  
0.2000658983  
-0.4473479483  
-0.3390684698  
-0.3801686891  
-0.2320527615  
-0.3681834124  
-0.007177056778  
-0.3048199659  
0.1101512291  
0.01735270754  
0.02732954843  
-0.6433562467  
-0.245161636  
-0.1956361764  
0.6644985598  
0.8155035829  
0.8635862834  
0.7226174896  
0.9180459699  
0.5632702648  
0.3481674813  
-0.01266038564  
-1.00819977  
-1.534030981  
-1.899494575  
-2.017953103  
-1.993303981  
-1.766049588  
-1.556553965  
-0.8673118227  
-0.6335339156  
-0.2268419499  
-0.02116100765  
0.6277000219  
0.5673426027  
0.7559702466  
0.3453568034  
0.09324910125  
0.09054824213  
0.3580330821  
0.5012582784  
0.2962952342  
0.0607691922  
-0.1554921084  
0.05405652889  
0.5123556509  
0.175317325  
0.645270458  
0.6633431065  
0.626334744  
0.9887090937  
1.285722002  
0.9645034934  
1.525356449  
1.660755543  
1.270084778  
1.329107175  
1.010693599  
1.883501186  
1.391097971  
1.660933543  
1.615673655  
1.05931387  
1.097906419  
1.150416349  
0.9218068172  
0.5601349842  
0.4873190804  
0.6188754476  
0.5715898694  
0.441867359  
0.2473741349  
0.3075710107  
0.3883981944  
0.599791585  
0.2345778392  
0.2644758385  
0.4570391593  
0.895407467  
0.7096865733  
0.7091306107  
0.7084591521  
0.2914115056  
0.01603075266  
0.0834128812  
0.4609905225  
0.001969149203  
-0.1469733932  
0.2442234283  
0.3042595365  
0.6374525842  
0.9661353192  
0.3612664486  
0.2878336662  
0.04168932223  
0.6095443002  
1.222530561  
1.706772163  
1.005080523  
0.3635553527  
0.6188742481  
-0.09975838596  
-0.1539699254  
-0.5853376652  
-0.8509401971  
-1.412570678  
-1.330569181  
-1.966003062  
-1.723466419  
-1.385936956  
-1.687543625  
-1.522235376  
-1.52467899  
-0.7751181935  
-0.496811084  
0.07446010829  
-0.1860446981  
0.3169263192  
0.3867289461  
0.8916176735  
0.9976450198  
1.176320699  
1.065185895  
1.134970145  
1.517898391  
2.011402899  
1.922769457  
1.350648911  
1.886817298  
1.296499381  
1.027306184  
0.372640834  
0.6868081731  
0.6054270507  
0.4859914935  
0.5815845891  
0.4752743752  
0.5989678984  
0.7826840263  
0.9845966038  
0.7013331424  
1.422130991  
1.000922886  
1.062006663  
1.133630845  
0.4657237127  
0.5014422189  
1.011142459  
1.204713517  
0.9002831177  
0.9370353498  
0.3712029425  
0.2611093837  
0.2167679814  
-0.1499255015  
-3.63981005e-05  
0.1342161477  
0.04923005942  
-0.2082095739  
-0.03658849696  
-0.1318196269  
-0.05949426237  
0.3714250025  
0.3982927594  
0.7702304446  
0.7922835989  
0.8097527358  
0.7990237508  
1.029376903  
0.7827948443  
0.848310304  
0.6438589283  
0.6218780971  
0.7675113491  
0.04704750967  
-0.1348982277  
0.2544061929  
0.02432901982  
0.3852941484  
0.5565069599  
0.5420204005  
0.1261818097  
0.1900712571  
0.06660425973  
0.08243430381  
0.4418438961  
0.7503269343  
0.9068984074  
0.9170983164  
0.5681381023  
0.6728863539  
1.168917003  
0.5303001572  
0.7163580731  
0.144649096  
0.1774567051  
0.6596340882  
0.3958487329  
0.5674328409  
0.3643132462  
0.149129291  
0.6042450084  
0.05711308686  
0.07201700954  
0.3948642992  
0.3269994103  
0.8494458752  
1.08822214  
0.6435834041  
0.5179905461  
0.5062145367  
1.325768225  
0.843682402  
0.3181946418  
0.5020921514  
0.5813105888  
0.6573012337  
0.06245221142  
0.1923055917  
0.1192811407  
0.2043604785  
0.3215432297  
0.3097652533  
0.2010189131  
-0.3580716979  
0.1840610522  
0.3154365986  
0.6662147548  
0.7413257107  
0.9655895886  
1.279205937  
1.140989769  
1.234112469  
1.360660404  
1.079245415  
1.180540483  
1.296561851  
0.8377582948  
0.7768121586  
1.124500033  
0.8023074591  
1.672389127  
1.152342589  
1.312254818  
1.477167701  
1.952520643  
1.938354218  
1.771416041  
1.48308472  
1.590404543  
0.7725152637  
1.196312015  
1.281265342  
0.5490542983  
0.1509909669  
-0.1736406814  
-0.1315102032  
-0.0823490932  
-0.2166834821  
-0.3290505489  
0.05418823092  
0.4416242652  
0.06300605094  
-0.03944494399  
0.3598609065  
0.5414493732  
0.4683483683  
1.172430159  
1.189496008  
1.015106208  
0.7645268288  
0.766669483  
0.8268225201  
0.6996472222  
-0.1335473064  
0.08026790977  
0.5675672623  
0.1530908975  
0.1150689455  
0.2099811961  
-0.3534559998  
0.06495890915  
0.1563862227  
0.1984998168  
-0.02431614582  
0.4028202092  
0.3752185576  
0.469111586  
-0.01426098989  
0.21454499  
0.2397425102  
0.6598901003  
0.2498227457  
0.261739889  
0.1401862995  
-0.0997781889  
0.2910530477  
0.5086079816  
0.3334608404  
0.9020343206  
0.5032069924  
0.7041763288  
0.7878856389  
0.298990939  
0.06012263413  
-0.09464647328  
0.4210481245  
0.7371579806  
0.3835294642  
0.07444456919  
-0.2095494933  
0.1754604943  
-0.1766229047  
0.08185597374  
0.1274095599  
0.3346818203  
0.4335159925  
0.4228447562  
0.66159479  
0.1527819498  
0.2262483446  
0.6491559576  
0.3482582802  
-0.0390155064  
0.3016698901  
0.1285200854  
0.4677001132  
0.2884523165  
0.3254548481  
0.2429662165  
0.3952258879  
0.4530247567  
0.4425390193  
0.7770033842  
0.4184561376  
0.3391235393  
0.4764186858  
0.2413559125  
-0.6702750792  
-0.1409538953  
-0.09870743434  
0.2815298182  
0.5234431401  
-0.06389206896  
0.6062812078  
0.1127821467  
0.2738969534  
-0.1532251397  
0.5127760587  
0.664911132  
0.5702758388  
0.5355059509  
0.4196192614  
0.3266999077  
0.4662625957  
0.8365148916  
0.5992089848  
1.022352535  
0.4161498344  
0.9665546977  
-0.1100509398  
0.2071881314  
0.9595177817  
0.6473970747  
0.7476446926  
0.7647385324  
0.8174041244  
0.4973403414  
0.4791595413  
-0.02508300352  
-0.06039424714  
-0.3556081253  
-0.4152760551  
-0.5859673495  
-0.4318547652  
-0.3337946578  
-0.333911613  
-0.2089556673  
0.5589287129  
0.6333639821  
0.3931587408  
0.7126524389  
0.6905770401  
0.9763626101  
1.345476216  
0.9707292584  
0.6547159694  
0.6715264872  
0.5933727638  
0.2441346472  
0.271098435  
0.3303815061  
0.6544192689  
0.495815064  
0.3362869832  
0.1099537357  
0.3151375675  
0.718295612  
0.4796253649  
0.4827515569  
0.2142952097  
0.608091657  
0.05399631617  
0.3415689872  
0.02944437422  
-0.06401143196  
0.1422524057  
0.0489404582  
0.4379102479  
0.1228225116  
-0.4358872601  
-0.3452176949  
-0.09856724295  
-0.4475336908  
-0.2502836662  
-0.527013108  
-0.4902156684  
-0.06079670769  
-0.5496117547  
0.1079800407  
-0.4679230274  
0.2214854194  
0.1174077047  
0.2056973731  
0.008572124211  
-0.3575368854  
-0.5720690489  
-0.4952062648  
-0.4126170438  
0.3056877554  
-0.8139224973  
-0.2331596638  
-0.7640829167  
-0.8219470611  
-0.01554664769  
-0.02166652691  
-0.3118480076  
-0.08109720247  
-0.05837440295  
-0.01794149277  
0.2497260714  
0.02824925651  
-0.008629748193  
0.03570705239  
-0.228351328  
-0.4637980751  
-0.3983202548  
-0.6151447358  
-0.3868823497  
0.01200538912  
-0.1665959676  
-0.4025692449  
-0.4008434627  
-0.4834696929  
0.5018340209  
0.6946058098  
0.2927060087  
0.5961226812  
0.2696014994  
0.6633304533  
0.5944480145  
0.5258686708  
-0.07195439181  
0.4515124632  
0.4014513079  
0.5003657588  
0.6546278891  
0.7697085838  
0.8012237382  
0.2613579432  
0.7444574989  
0.4751462476  
0.8492418861  
0.7157027088  
0.4511663854  
0.8001126423  
-0.06553547391  
-0.09840264392  
0.002388890313  
0.1950836973  
0.2099853668  
0.279494391  
0.0605937759  
0.1513915347  
0.790673976  
0.3748350746  
0.2800911938  
0.4339674736  
-0.3909061109  
-0.5213287768  
-0.1860023668  
-0.2557431916  
-0.3833324167  
-0.5931041964  
-0.2478646308  
-0.4199789535  
0.1681887164  
-0.02849700923  
-0.1758825215  
0.07458403049  
-0.2328375771  
0.8178642827  
0.4079545377  
-0.001281628875  
0.1820992788  
0.8556189155  
0.4573265346  
0.4927140863  
0.9626416687  
0.963036686  
0.9363375206  
0.7966842287  
0.5900775148  
-0.1563160834  
0.1528928222  
-0.3365040143  
-0.06747577531  
-0.1305900744  
-0.288259309  
-0.2541355101  
0.04757846709  
-0.1451085044  
0.06967267109  
0.09208050703  
-0.3758875223  
0.02933949773  
-0.1831272181  
0.131706999  
0.02576989762  
0.4415035034  
0.09937114082  
0.2741328615  
0.2510652211  
0.4188163056  
0.8246249406  
0.5173945837  
0.4873975024  
0.3442830888  
-0.2636805404  
-0.0293556913  
-0.1762787187  
-0.08291535337  
-0.04061144816  
0.1817244363  
0.4472944794  
0.4173752439  
0.1359284997  
0.5459895607  
0.195880869  
0.533093385  
0.9234509944  
0.2681305472  
0.09042488481  
-0.09480741529  
-0.07835740611  
0.2857057559  
0.0244867937  
-0.2104049146  
0.463655273  
0.6071221759  
1.172801889  
0.9291198811  
1.066035735  
0.7913913772  
0.8607491701  
1.058106765  
0.8935138557  
0.1862899494  
0.4630324738  
0.8927502551  
0.5420443598  
0.7084386161  
0.2551218341  
0.2084657859  
-0.01116361815  
0.08530624825  
-0.1712350991  
0.02273438023  
0.3244566719  
-0.01408826251  
0.3950538897  
0.5671336792  
0.1620183964  
0.03095527043  
0.3806735849  
-0.3844147376  
-0.9663451697  
-1.146340573  
-1.935485844  
-2.252750683  
-1.880625239  
-1.78663424  
-1.589879433  
-1.354496746  
-1.609751722  
-0.9520368028  
-0.4380306121  
-0.1912616054  
-0.3811586502  
-0.6827251624  
-0.3259122396  
-0.6126641011  
-0.07756504693  
-0.2980398975  
-0.7990934684  
-0.4816849922  
0.09579934216  
0.1512214081  
-0.2076051609  
0.09313600635  
-0.1187716369  
0.05838795923  
-0.2716788465  
0.2661046618  
0.05632554551  
0.3678036729  
-0.19594427  
0.556627293  
0.5985401012  
0.09535531773  
0.8451506702  
0.3121281747  
0.6677596588  
0.7835790026  
0.6721727123  
0.7042924443  
0.3345879069  
0.115005166  
-0.07444784042  
0.006768515655  
-0.2759391826  
0.02709743713  
-0.5268762845  
-0.4251018128  
0.1653046645  
0.1038045383  
-0.1339592411  
-0.7014251034  
-0.3823881801  
-0.1515585432  
-0.6096227766  
-0.6655133878  
-0.1355756629  
0.1114427851  
-0.117920871  
-0.2335300905  
-0.1724256087  
0.04763546109  
0.002189151255  
0.4356856951  
1.107486802  
0.6466259131  
0.3664954448  
0.6137699723  
0.8297469094  
0.003909611154  
0.1225731281  
0.05336185945  
-0.618383055  
-0.1444444904  
-0.6979440586  
-0.4382229042  
0.2041260995  
-0.4228315118  
-0.05098660504  
0.2573044846  
-0.01597539439  
0.3055888537  
0.4949975878  
0.4687431735  
0.2613385168  
0.09829240951  
-0.4722676077  
-0.2936557174  
-0.5585532448  
-0.8639739362  
-0.2052029661  
-0.4247576439  
-0.2708678623  
-0.3619324935  
0.2609986935  
0.4803477931  
0.5987927132  
0.6519853294  
0.5355967082  
0.5074512949  
0.04916426675  
0.1399073416  
-0.2871547528  
-0.6828834854  
-0.1672743017  
-0.2893368305  
-0.1426470059  
-0.2183842166  
0.4005070848  
0.7851702251  
0.1985404182  
0.2057332355  
0.04784506047  
0.5401142345  
0.8487357313  
0.06679785027  
0.3391399974  
0.005466957026  
0.1798233277  
-0.6645793852  
-0.266505186  
0.1075046278  
0.2389280243  
-0.1463651916  
0.04606154468  
0.3812432977  
-0.2192518713  
0.2509535391  
0.8306163836  
0.9158397911  
0.7849913737  
0.2174293397  
0.4033792762  
0.7781617033  
0.4432990568  
-0.1155617177  
0.5296992206  
0.3012352189  
0.0111687762  
-0.2126240857  
0.02587733937  
-0.6291630117  
-0.7533197215  
-0.7113378194  
-0.7450744027  
-0.1313005844  
0.01727852149  
0.01247683432  
-0.2553554236  
-0.278862184  
0.261589319  
-0.2258462422  
0.5736180337  
-0.4403371784  
-0.1114491873  
-0.1193078778  
-0.3857104292  
-0.02326763742  
0.01846902921  
0.07982038333  
0.675722666  
0.3452745095  
-0.1807445467  
-0.99695674  
-0.5547341899  
-0.7653964654  
-1.201638182  
-1.014752668  
-0.9971389875  
-1.388150558  
-0.9531677346  
-0.988826907  
-1.217690875  
-1.054740923  
-0.6427384315  
-0.4761681759  
-0.4211490329  
-0.03676900931  
0.1042866511  
0.06772990849  
-0.3398836271  
-0.5250334616  
-0.7584695543  
-1.716841605  
-0.513459125  
-0.420390583  
-0.168096485  
0.1818879901  
-0.429793454  
-0.08805942829  
-0.5116804289  
-0.7139780673  
-1.095454364  
-1.575817286  
-2.247561157  
-2.884171953  
-3.110846526  
-3.18672132  
-2.766968637  
-2.652300374  
-2.380139901  
-1.95597458  
-1.928929281  
-1.078564036  
-1.283537551  
-1.011832263  
-1.115846418  
-0.8492718188  
-1.147981857  
-1.243019237  
-1.887963971  
-1.646112835  
-1.376158913  
-0.8780669197  
-0.9238962079  
-0.8670259063  
-0.5225767991  
-0.3004171051  
0.4039797938  
0.3641829707  
0.7336150087  
0.9519138521  
0.406739901  
0.3485889154  
0.779043585  
-0.0622004738  
0.6017108807  
0.4331510184  
0.08899264472  
-0.05843304063  
-0.08593921397  
0.05641104243  
0.1410527997  
0.02021771446  
-0.2924388839  
-0.5040899779  
-0.5782729153  
-0.492097995  
-0.875238493  
-0.2348593826  
-0.09349041775  
-0.2971392639  
-0.5330488483  
-0.5413139966  
-0.3060886741  
-0.479620911  
0.05473420075  
-0.6524661019  
-0.3495059335  
0.005722332086  
0.2507527572  
-0.4176386242  
-0.1669475564  
0.05928083153  
0.04162498525  
0.06708300516  
-0.2270378075  
0.1572078523  
0.3839402511  
0.4651053776  
0.01537404194  
0.04334840022  
0.2565838848  
-0.1677870575  
-0.5913423661  
-0.5777650482  
-0.2343361934  
-0.1278600084  
-0.118316101  
-0.4283204973  
-0.5457907093  
-0.7076994541  
0.1433044999  
-0.3573749073  
-0.4549137537  
0.6018320408  
0.7814209181  
-0.1172447856  
-0.4695312014  
-0.2624094798  
-0.3339988459  
