-1.534387036  
-1.912427614  
-2.156014358  
-2.384662995  
-2.33146263  
-2.430456644  
-2.52845057  
-2.419615246  
-2.298115555  
-2.24465133  
-2.044638241  
-1.798939565  
-1.94173306  
-1.671175105  
-1.409037982  
-1.314738063  
-1.167013043  
-1.210445833  
-1.341850266  
-1.291155178  
-1.248883424  
-1.341094209  
-0.9666438954  
-0.7075389846  
-0.9328429927  
-0.678682136  
-0.492651537  
-0.6183328737  
-0.595525842  
-0.8086478041  
-0.9167467772  
-0.9244958036  
-0.8126663675  
-0.9002692662  
-0.9244383441  
-1.065507373  
-1.245023152  
-1.173153592  
-1.335188988  
-1.551733599  
-1.511773663  
-1.125565207  
-0.940507975  
-0.9562274161  
-0.8771537552  
-1.114708836  
-1.286875348  
-1.217660101  
-1.255307804  
-1.538960701  
-1.371690797  
-1.663088471  
-1.658189961  
-1.740347079  
-1.911708512  
-1.880898958  
-1.847338995  
-1.5747678  
-1.62194263  
-1.461366627  
-1.485901856  
-1.173343801  
-0.9727259439  
-0.8741414612  
-1.084127954  
-0.9047284216  
-0.87448202  
-0.1696310404  
0.125979932  
-0.1182581531  
0.4652456663  
0.2874943712  
0.04804941889  
-0.09381340638  
0.02382512689  
-0.05342977967  
-0.3119631559  
-0.4223321848  
-0.42026475  
-0.3925673421  
-0.6881307516  
-0.5447170441  
-0.757511801  
-0.4776394794  
-0.471512317  
-0.3479887222  
-0.5494772514  
-0.5374648227  
-0.39040079  
-0.3191811764  
-0.4103170744  
-0.2172914337  
-0.3205905914  
-0.2846835863  
-0.4350086586  
-0.387334809  
-0.6857114056  
-0.7269654238  
-0.679621466  
-0.6582480454  
-0.7556734465  
-0.754690592  
-0.8483064889  
-0.8411437078  
-0.9399511496  
-0.3545896862  
-0.5951542622  
-0.53042031  
-0.5877511552  
-0.4331536109  
-0.4726154918  
-0.491687133  
-0.6443930587  
-0.4474674636  
-0.5493578735  
-0.7045863112  
-0.6188103327  
-0.6357430073  
-0.546603763  
-0.1596301673  
0.01464377903  
-0.2501612527  
-0.2211668876  
-0.03052337068  
0.1400767431  
0.06669307559  
-0.05425598686  
0.3669413596  
0.5910207459  
0.2969896561  
0.08603417438  
0.1436323055  
0.1867084344  
0.05944682235  
-0.1310800564  
-0.3994593521  
-0.3245043125  
-0.6055211128  
-0.9485213888  
-0.5971100046  
-0.7223028933  
-1.113724003  
-0.7880974093  
-0.6299789353  
-0.4127554875  
-0.3954852407  
-0.3765041346  
-0.2797798332  
0.0413401999  
0.2774792758  
0.3806963666  
0.4371994871  
0.3300954343  
0.4966078086  
0.4917477869  
0.4053014066  
0.5010320396  
0.2102552376  
0.302576802  
-0.2266320149  
0.005591945162  
-0.2984682626  
-0.3042240981  
-0.4405143309  
-0.5645181183  
-0.5698031623  
-0.5985186601  
-0.6339269814  
-0.5324820342  
-0.1263798646  
-0.1937588571  
-0.5948536625  
-0.6163297972  
-0.6897119156  
-0.7561431579  
-0.5763918959  
-0.5711268524  
-0.6851838401  
-0.7565515772  
-0.7808113473  
-0.8550686595  
-1.029331713  
-1.175191535  
-1.104783939  
-0.9700635764  
-1.213896088  
-0.8920112137  
-0.9334237846  
-1.020688583  
-0.8840475262  
-0.8331204227  
-0.7951045067  
-0.6246643985  
-0.6184689667  
-0.4925173935  
-0.5283124561  
-0.4731411204  
-0.619603256  
-0.6768414998  
-0.6911656416  
-0.611241526  
-0.9473375356  
-0.9147889366  
-1.038656685  
-1.212742971  
-1.099518727  
-0.8162340469  
-0.8166472247  
-0.7431075128  
-0.5371433778  
-0.3234819555  
-0.5500346556  
-0.5109281989  
-0.6260198678  
-0.81309774  
-0.7825606741  
-0.7554875253  
-0.5561214052  
-0.4062607047  
-0.416014412  
-0.2805575677  
-0.3314900238  
-0.2892215774  
0.02014415493  
-0.4496280183  
-0.394008594  
-0.1791670026  
-0.354435499  
-0.5105902709  
-0.6792164508  
-0.8439632185  
-0.956421208  
-1.041840855  
-1.08319328  
-0.911711829  
-0.8599811442  
-1.021924256  
-0.9025393407  
-1.209088113  
-1.1148346  
-1.005234362  
-0.9964759135  
-0.9184222334  
-0.8380828155  
-0.8243997594  
-0.9855929592  
-1.110217119  
-1.126540348  
-0.8299295214  
-0.7242429946  
-0.7532325719  
-0.843494022  
-0.337952834  
-0.3328154161  
-0.6897236263  
-0.5506996017  
-0.4349493434  
-0.3475105496  
-0.2484504018  
0.1838327416  
-0.149240643  
-0.2385810704  
0.03258126398  
-0.1363011498  
-0.02776560009  
-0.174684437  
-0.4457203947  
-0.3155044311  
-0.4784739653  
-0.5231589259  
-0.4773821083  
-0.5515635123  
-0.767359822  
-0.5219653194  
-0.5566277344  
-0.6775266146  
-0.7331271644  
-0.6585114926  
-0.916471703  
-0.9004490182  
-1.023900964  
-0.6523653467  
-0.5554406456  
-0.2565379475  
0.2882757083  
0.1499501173  
0.6074261954  
0.3398076659  
0.2983969105  
0.4414661673  
0.8868757388  
0.5625076011  
0.1590142356  
0.3662577756  
0.3957384437  
0.2176974719  
0.3418391392  
0.1903153395  
0.1889459136  
-0.06738426156  
-0.3905028593  
-0.2347327414  
-0.3812770033  
-0.4300710232  
-0.5043499895  
-0.4249999459  
-0.2149438251  
-0.2772786745  
-0.1840385055  
-0.1363743288  
-0.2581848938  
-0.3006265225  
-0.03007870168  
-0.1712994639  
-0.05279376024  
-0.2130979616  
-0.2076877484  
-0.3355473106  
-0.3986954614  
-0.3851888002  
-0.46950952  
-0.3978998694  
-0.3662581158  
-0.08373424989  
-0.2808525116  
-0.3667141574  
-0.4221855174  
-0.3894430674  
-0.4553765038  
-0.3594581583  
-0.1501427243  
-0.1160089852  
-0.1903991626  
-0.2566548185  
-0.4832176346  
-0.5254349345  
-0.401913252  
-0.3105471733  
-0.4466149064  
-0.2899595798  
-0.3891745728  
-0.2464286953  
-0.2195658238  
-0.3094648786  
-0.1503740125  
-0.1030235049  
0.2066515133  
0.7992532567  
0.9934559462  
0.8215212609  
0.9233014826  
1.260602809  
1.473827892  
1.116807236  
0.8452575339  
0.4859776396  
0.05772900681  
-0.349992632  
-0.8882069985  
-1.08662531  
-1.08927034  
-0.930549192  
-1.150443886  
-0.955299092  
-0.6786658421  
-0.3332289106  
-0.080764052  
-0.01909811986  
-0.02467356896  
-0.02872403069  
-0.05198789392  
-0.1127037228  
0.126390702  
0.4293006482  
0.2561713553  
0.1538833194  
0.3065871763  
0.2404176552  
0.1890375207  
0.4567806985  
0.3186453669  
0.5500187053  
0.709078079  
0.6027239697  
0.5616992118  
0.6868829336  
0.8756099586  
0.6185072482  
0.6452246195  
0.6388056227  
0.5585245934  
0.7014131627  
0.646008812  
0.6946408484  
0.9274001401  
0.6070223857  
0.5999252607  
0.6798168564  
0.8020940725  
0.553490521  
0.7977822427  
0.549864872  
0.6096440533  
0.81655234  
0.4627918497  
0.8499748871  
1.042161124  
1.047213986  
1.112855009  
1.235636058  
1.203215995  
1.085591837  
1.440950865  
1.693058994  
1.527089955  
1.546640984  
1.664630166  
1.390800722  
1.446946332  
1.215358619  
1.063975958  
1.531771957  
1.603309281  
1.451268256  
1.378153243  
1.339060319  
1.474871705  
1.281370487  
1.456353358  
1.787600413  
1.953886147  
1.993120054  
1.723620722  
1.508226698  
1.377598518  
0.9342408068  
0.4724673014  
0.177494124  
-0.3889590866  
-0.4745313974  
-0.672715113  
-0.8419967722  
-0.8818769849  
-0.9778525999  
-1.13339154  
-0.8698357843  
-0.7287075689  
-0.7125875015  
-0.5550724393  
-0.4155559277  
-0.2400729099  
0.1341591208  
0.2312660479  
0.4637799685  
0.7119776444  
0.983291421  
0.8121659348  
1.089569587  
1.450654803  
1.291694009  
1.070158463  
1.089462462  
1.030599218  
0.8156717849  
0.6328548955  
0.7606274254  
0.6484609619  
0.5906027347  
0.8106788708  
0.7609335638  
0.8163582693  
1.012962755  
1.115945756  
0.9270315078  
1.157726118  
0.9295498481  
1.190538066  
0.8582198079  
0.8469245979  
0.9126286744  
0.7666097713  
0.9380820538  
0.8429926659  
1.059960789  
0.7515984319  
1.02999775  
0.9194354855  
0.6737775784  
0.6154640882  
0.8107319363  
0.7768716896  
0.6179707535  
0.5721302139  
0.5571907229  
0.5969883745  
0.6522213076  
0.5710319112  
0.7326158589  
0.8584183482  
0.8202363417  
0.8218290556  
0.8898251719  
0.7044928839  
0.6165899974  
0.7560691887  
0.6896457714  
0.6943588585  
0.4466633508  
0.7605590141  
0.5202593376  
0.5152351601  
0.4996930083  
0.7286992049  
0.4755691586  
0.548595588  
0.7041180049  
0.7242115443  
0.5424174231  
0.738612442  
0.9301333266  
0.9822540694  
0.9040287841  
0.9184425787  
0.8737091896  
0.8099742217  
0.912591574  
0.7962370122  
0.7365695479  
0.8623670444  
0.8655144143  
0.7835479787  
0.8409281912  
0.9646813616  
0.9789230739  
0.7205031597  
0.7603440858  
0.6349510806  
0.9448971953  
1.065466817  
1.153195455  
1.419811769  
1.45423949  
1.594210595  
1.777198324  
2.349671923  
1.894939153  
1.825539899  
1.5285649  
1.721494398  
1.787203592  
1.719311855  
1.452690214  
1.393669271  
1.323700863  
1.479091638  
1.278852647  
1.1008434  
0.9755112296  
0.9725752327  
0.872129557  
0.6876271579  
0.9020916764  
0.9162671818  
1.053282615  
1.137115324  
1.124334666  
1.320587156  
1.328331829  
1.383092209  
1.298737467  
1.543012347  
1.345521869  
1.250528637  
1.410443953  
1.64288469  
1.75588188  
1.915336024  
1.659502353  
1.961962212  
2.001055895  
2.055676689  
2.086674217  
2.098403305  
1.752154232  
1.500655209  
1.490281326  
1.167874871  
1.177626085  
0.9233851038  
0.9258904263  
0.784795081  
0.6583981553  
0.6713750045  
0.6720876016  
0.7014138006  
0.7094672125  
0.8525615537  
0.954622375  
0.8643015535  
1.034439631  
0.9781511628  
0.7496270094  
0.5374379297  
0.2270046449  
-0.2012635032  
-0.07278390352  
-0.3158723687  
-0.2944326967  
-0.2741238381  
-0.4137673765  
-0.3556584457  
0.03499297837  
-0.02958464744  
0.5886125259  
0.3005618261  
-0.09613888118  
-0.2587554215  
-0.3737363814  
-0.1334347166  
-0.5701699612  
-0.5127148968  
0.1090338133  
-0.3792029497  
-0.4503955474  
-0.2287081959  
-0.3867827668  
-0.2564796947  
-0.6771624053  
-0.4025495979  
-0.7007247516  
0.03967360342  
-0.1219968847  
-0.05388521772  
-0.09308414824  
-0.03883780265  
-0.09515322256  
-0.4450330948  
-0.1198362342  
-0.3572820316  
-0.4612512621  
-0.4636509121  
-0.3252621214  
-0.2732881208  
-0.3736841594  
-0.08632508886  
-0.3073164079  
0.0849039942  
0.01429018674  
-0.08228889785  
0.02585543587  
-0.02771370671  
-0.1815097269  
-0.2576258041  
-0.5938542296  
-0.7303396416  
-0.29079656  
-0.4093957931  
-0.7410666391  
-0.3205262174  
-0.3155918041  
-0.1513166638  
-0.3629065156  
-0.2995807755  
0.04860203295  
0.1384249017  
-0.1185745154  
0.1614730139  
-0.05558173431  
-0.2146468464  
-0.4289776308  
-0.2324239752  
-0.1048382813  
-0.4405571672  
-0.5732888394  
-0.3429105155  
-0.2397874579  
-0.2072739369  
-0.2723477607  
-0.119274848  
0.1105923516  
-0.2130302373  
-0.683576838  
-0.3280497803  
-0.8224169725  
-0.849283154  
-0.7722429309  
-0.6133447036  
-0.7853477997  
-0.6098613485  
-0.575007602  
-0.2043485415  
-0.6961999129  
-0.8562994969  
-1.141195594  
-0.981918757  
-0.8059231591  
-0.90770932  
-0.6227247513  
-0.6416272304  
-0.7443206196  
-1.095672848  
-1.07525117  
-1.397909887  
-1.751890759  
-1.797671617  
-2.219482606  
-2.017691417  
-1.909902171  
-1.608368833  
-1.357702594  
-1.435938772  
-1.399119689  
-0.9294251809  
-0.06722814365  
0.01590542261  
-0.3237712723  
0.3656360422  
-0.1612119987  
0.02923081895  
-0.06293992585  
0.25611498  
0.0614105278  
-0.6119420494  
-0.401356845  
-0.5086790358  
-0.3200141931  
-0.6865045913  
-0.5428259217  
-0.5796085752  
-0.6958306337  
-0.2736331348  
-0.3738936319  
-0.4027911646  
-0.4320136125  
-0.4524562549  
-0.4234311421  
-0.2188705605  
-0.2828072293  
-0.7079276414  
-0.8052508942  
-0.8323380432  
-0.7664632339  
-1.033083059  
-1.098457604  
-1.139151558  
-1.221443526  
-1.09055761  
-1.185757383  
-1.19494918  
-1.14690582  
-1.12092826  
-1.127342095  
-1.278713981  
-0.8447975019  
-0.9417949433  
-1.034496808  
-0.8843312747  
-1.085313308  
-1.466210315  
-1.257823664  
-1.20383936  
-1.005219541  
-1.274055991  
-1.386157462  
-0.7837506038  
-0.9336825348  
-0.904919457  
-0.5423381704  
-0.3583658058  
-0.462626263  
0.1237812392  
-0.4177808148  
-0.548502389  
-0.4768495775  
-0.7476665628  
-1.033583568  
-1.099862701  
-0.9316806699  
-1.213150527  
-1.089393575  
-1.152996284  
-1.014199944  
-1.283908763  
-1.037128479  
-1.241247871  
-1.262521267  
-0.844141655  
-0.537232204  
-0.3954954175  
-0.1238627176  
0.09217641365  
0.06113855874  
-0.1994331507  
0.08569460275  
0.3723515649  
0.4068175356  
0.9592420133  
0.7311063313  
0.7940824071  
0.6511090854  
0.5710647384  
0.2608683733  
0.4411871805  
0.03384209843  
-0.1807421998  
-0.1421021984  
-0.5409508055  
-0.604786447  
-1.029506766  
-1.042932827  
-1.38420858  
-1.264694574  
-0.9358912069  
-0.72343235  
-0.5854393902  
-0.5575317767  
-0.7112599723  
-0.5455967582  
-0.6711596685  
-0.7299686603  
-0.6777495154  
-0.5015718763  
-0.4310382859  
-0.2833841459  
-0.09390834886  
-0.3046405815  
-0.6060780732  
-0.3899321556  
-0.3736036532  
-0.4827520654  
-0.2651991956  
-0.4774116313  
-0.3924106307  
-0.270200022  
-0.4256621536  
-0.5232266136  
-0.2706436898  
-0.5232036364  
-0.1255990654  
0.1979802996  
0.2279969381  
0.5955936349  
0.5174003024  
0.6755397539  
0.7504615772  
0.2986509153  
-0.05787751624  
-0.07390044096  
-0.5011755774  
-0.5182628523  
-0.6888945169  
-0.5860374653  
-0.7684954373  
-0.6119324358  
-0.431552924  
-0.5663148243  
-0.4870721242  
-0.5826038883  
-0.3252313211  
-0.6828642734  
-0.5138959233  
-0.2202033265  
-0.2160412468  
-0.6157187328  
-0.3665930381  
-0.5648739143  
-0.4157436655  
-0.6220518527  
-0.7331573829  
-0.4495406419  
-0.6805204954  
-0.4096182144  
-0.6993995879  
-0.2947659582  
-0.4715625957  
-0.6368998471  
-0.4796528243  
-0.2699290915  
-0.5113598001  
-0.4090228785  
-0.3393034663  
-0.389517932  
-0.6423538319  
-0.4478335612  
-0.3339685094  
-0.5033854537  
-0.891060008  
-0.7851687054  
-0.876938833  
-0.644378657  
-0.8142458287  
-0.6029551955  
-0.458853326  
-0.1322281654  
0.2535225723  
-0.06013348385  
-0.1360907438  
-0.2265677169  
-0.2695167633  
-0.2746220003  
0.02352056252  
-0.03071885219  
-0.01333727444  
-0.1156191729  
-0.5015901018  
-0.3313882237  
-0.4044381273  
-0.02699535009  
-0.1530246789  
-0.5921703191  
-0.2612689084  
-0.2627069726  
-0.1738389443  
-0.1089132465  
-0.0168839448  
-0.1568922038  
0.05320574966  
-0.2496500845  
-0.6488325529  
-0.7400556184  
-1.214122512  
-1.796666822  
-1.960880436  
-1.879798685  
-1.931709859  
-1.396300839  
-1.176471494  
-1.254743728  
-1.147026381  
-0.8107634815  
-0.7944507347  
-0.5899574987  
-0.6699172586  
-0.5411401381  
-0.7316437299  
-0.4504814519  
-0.2703153471  
-0.5511167383  
-0.3582308657  
-0.09924595791  
-0.2616605937  
-0.04557545548  
0.1941298691  
-0.1408116057  
0.4614500442  
0.612678527  
0.09652051831  
0.2350788036  
0.218336874  
0.1135514015  
0.2221609335  
0.5659354953  
0.623149321  
0.6310619278  
0.5932595552  
0.5808243523  
0.638331851  
0.7060131733  
0.7292956831  
0.838860382  
0.4960483503  
0.3413753291  
0.280260869  
-0.0832429093  
0.2025708833  
0.4934595738  
0.03269802446  
0.01442195129  
0.2243073797  
0.1861162337  
0.1840671872  
0.3005818492  
0.2402337526  
0.007564433293  
-0.009123618445  
0.1318942092  
0.6845616549  
0.5172672074  
0.459249772  
0.860559646  
1.305953601  
1.727684079  
1.533616737  
1.86418415  
2.307195531  
2.059275401  
1.538239011  
1.679348869  
1.126582453  
1.053704343  
0.6969390436  
0.747900922  
1.082906262  
0.4396536728  
0.4188060954  
0.4640045515  
0.4959279448  
0.894997212  
0.6291526217  
0.5363992173  
0.6934193367  
0.6188271519  
0.5378234298  
0.6919007097  
0.5486221048  
0.3198517473  
0.2305405365  
0.03810626554  
0.127296349  
0.0420953613  
0.0388091759  
0.2477381775  
0.375456561  
0.7683102115  
0.7438654359  
1.077556659  
0.8468140108  
1.312118348  
0.9634976033  
1.462688233  
1.329930555  
0.9210332653  
1.581842066  
2.040841551  
1.943217332  
1.901251614  
1.997619433  
2.301128477  
2.285282264  
1.777249139  
1.932964403  
2.04290842  
2.011142239  
1.879193004  
1.705052302  
1.390260329  
1.071714007  
0.9609421517  
1.341532989  
0.6620873215  
0.9188277721  
0.643908546  
0.8587076709  
0.9745936195  
0.8638483181  
0.6963567194  
1.068244459  
1.248145544  
1.839038528  
2.512759142  
1.872044601  
1.833851382  
1.671631205  
2.00283482  
1.843974586  
1.602753576  
1.384386984  
1.632321788  
1.050200787  
0.8218474277  
0.4046813757  
-0.08203976377  
0.04950556411  
0.05389207071  
0.7011817828  
0.6529736998  
0.9310566809  
0.8362007675  
1.004237161  
0.5577871954  
0.5355595971  
0.5920301728  
0.5763837536  
0.2604388397  
0.262563273  
0.3019662873  
0.2698339055  
0.3194364677  
0.541183915  
0.8620415609  
0.8808222418  
0.9144112774  
0.4293816043  
0.273652277  
-0.1131038095  
-0.3159206555  
-0.131481294  
-0.5096557459  
-0.2057060789  
-0.2195428239  
-0.2610263173  
-0.05335349755  
-0.05940986541  
0.4124335784  
0.7205593772  
0.9836360131  
0.6738705339  
0.539648154  
0.5116009676  
0.1594530736  
0.4030550767  
0.2057650134  
-0.5979729637  
0.0007336575528  
0.1239526379  
0.8742163475  
0.8712587708  
0.6215711564  
0.3566257204  
0.2949356976  
0.2611839467  
-0.1051982366  
-0.5522654771  
-1.039246143  
-1.761147378  
-1.772632068  
-1.803067151  
-1.860758878  
-1.383518888  
-1.230086306  
-1.053945216  
-0.8144281385  
-0.4167824022  
-0.4304563351  
-0.5497780292  
-0.6694710199  
-0.7069422158  
-0.8364232749  
-0.5921112913  
-0.9251802164  
-0.6607514651  
-0.3864337382  
-0.2039213803  
-0.04949212766  
0.1743393357  
0.7631665537  
0.3539237529  
0.7483728506  
0.916006369  
0.8892740751  
0.6801255795  
1.335579067  
0.7475165785  
0.9275088299  
1.227419368  
1.485057448  
1.203421846  
1.236302271  
1.439268191  
1.004876787  
0.9926039079  
0.9091097858  
0.8985161626  
0.5563133297  
0.3544002588  
0.4750634093  
0.2021699158  
0.7466018379  
0.6928457597  
0.6349284732  
0.7163899941  
0.955495587  
0.9117605989  
0.4370567662  
0.4142964349  
0.6992798241  
0.6662652215  
0.4454456706  
0.7822834488  
0.7804562492  
0.7646654181  
0.8060111413  
0.6306853016  
0.794766088  
1.544442254  
1.16988363  
1.412712281  
1.352501387  
1.15992571  
1.047552584  
0.5959435795  
0.3951820825  
0.3165892072  
0.6684473279  
0.2879280012  
0.3460961646  
0.7979949451  
0.7308843509  
0.6109784081  
1.026133973  
1.1074211  
0.8099414983  
0.6471637593  
1.265933303  
2.118070715  
2.230957615  
1.560998321  
1.10918464  
1.507912338  
1.299350139  
