5909.189341  
5897.488551  
5908.982127  
5895.685289  
5883.414566  
5891.349291  
5878.612799  
5890.422463  
5891.664751  
5870.82077  
5874.961157  
5881.94367  
5864.374857  
5883.851852  
5885.659782  
5877.152322  
5877.10803  
5879.130594  
5880.445557  
5875.331172  
5875.068347  
5891.733138  
5879.899749  
5860.894058  
5879.105137  
5866.292516  
5862.11738  
5857.966276  
5853.92797  
5857.838887  
5883.055937  
5873.210675  
5867.973977  
5874.314764  
5873.402376  
5866.447646  
5863.35571  
5875.183928  
5883.762015  
5868.103631  
5865.767972  
5870.334382  
5876.135814  
5861.819957  
5861.026066  
5871.144514  
5887.122938  
5869.84667  
5865.579504  
5853.852406  
5852.601672  
5859.310547  
5852.96012  
5842.100204  
5844.528764  
5868.998916  
5861.620478  
5842.182705  
5857.68874  
5855.7008  
5853.668305  
5860.537707  
5866.414007  
5884.24097  
5893.820322  
5879.807379  
5882.882062  
5862.247829  
5872.89272  
5875.573059  
5893.907637  
5880.868158  
5861.336268  
5869.016713  
5869.554918  
5849.290271  
5859.428946  
5861.558733  
5857.511684  
5872.603242  
5863.845592  
5855.117932  
5852.644637  
5850.102839  
5852.9115  
5856.686621  
5876.267904  
5858.221575  
5864.034842  
5859.70905  
5873.149895  
5865.87226  
5858.966248  
5852.68185  
5851.825717  
5848.493404  
5847.208527  
5856.760595  
5856.828318  
5845.505767  
5854.713607  
5851.686435  
5854.824413  
5843.354579  
5845.487815  
5835.678595  
5844.346256  
5842.082552  
5855.006287  
5862.450097  
5846.352977  
5843.426294  
5868.956454  
5882.562226  
5870.838975  
5884.135897  
5899.95653  
5889.04143  
5883.295627  
5875.289325  
5892.043724  
5889.025472  
5870.940578  
5872.185138  
5861.957647  
5863.086623  
5860.681887  
5870.14128  
5880.106325  
5867.359651  
5869.807658  
5860.733162  
5877.9885  
5861.262091  
5864.899245  
5859.198638  
5872.447786  
5885.473057  
5862.595806  
5857.699032  
5854.361924  
5853.972905  
5866.534967  
5860.055686  
5866.985055  
5867.473571  
5863.391417  
5863.260697  
5857.438783  
5852.553131  
5848.623566  
5840.403486  
5849.10469  
5858.181128  
5852.673416  
5862.465964  
5858.454098  
5865.223121  
5861.786433  
5856.392064  
5855.794118  
5856.778175  
5834.996374  
5829.277721  
5851.385638  
5852.33762  
5841.808164  
5844.040662  
5835.891682  
5832.91833  
5857.427007  
5846.238552  
5841.743978  
5843.761667  
5844.738244  
5839.945877  
5833.113043  
5841.73014  
5839.552969  
5843.119006  
5842.621929  
5838.410722  
5830.781008  
5838.205308  
5840.383727  
5836.728469  
5847.643289  
5841.977784  
5831.431848  
5835.694181  
5839.773341  
5838.605869  
5833.182389  
5828.558164  
5836.72561  
5850.520444  
5869.508593  
5858.576205  
5864.239385  
5851.691427  
5863.651782  
5850.772177  
5867.084417  
5871.219926  
5864.702295  
5866.674478  
5859.05872  
5867.687607  
5850.451479  
5857.720572  
5859.15152  
5850.032735  
5862.076745  
5860.103531  
5854.946103  
5858.291717  
5852.933188  
5855.405064  
5851.925757  
5847.790341  
5850.890024  
5854.636114  
5854.944464  
5840.152973  
5845.150652  
5843.935448  
5841.957025  
5850.127345  
5851.718248  
5858.319551  
5867.967715  
5853.935375  
5856.610729  
5856.693902  
5851.284049  
5850.534734  
5851.861752  
5858.767066  
5860.721051  
5863.625585  
5871.479423  
5870.660835  
5875.598835  
5877.415952  
5876.304438  
5889.054882  
5872.574844  
5863.46482  
5862.206288  
5858.787586  
5857.379692  
5851.999741  
5848.24347  
5850.090082  
5853.827116  
5838.017715  
5853.696416  
5848.636658  
5856.887117  
5851.063383  
5845.71543  
5855.17886  
5849.33009  
5849.36057  
5854.072154  
5853.597221  
5860.904346  
5858.068026  
5861.884088  
5866.696345  
5857.943921  
5861.622924  
5856.969654  
5869.166923  
5871.091396  
5851.446037  
5864.419145  
5857.230099  
5862.287471  
5861.593408  
5876.371167  
5871.236544  
5852.499865  
5874.778388  
5857.984581  
5843.246334  
5843.168237  
5841.691237  
5841.295422  
5834.694918  
5845.338227  
5858.934708  
5852.636885  
5860.20731  
5858.044847  
5864.47006  
5860.81112  
5860.846187  
5865.05247  
5842.807396  
5859.452989  
5862.017775  
5843.681834  
5851.38904  
5854.18316  
5855.162247  
5847.463229  
5867.48006  
5846.603793  
5838.189346  
5846.549817  
5841.028605  
5854.496753  
5846.795011  
5867.411438  
5860.749771  
5870.445279  
5861.848011  
5867.11103  
5862.215033  
5862.065686  
5863.693947  
5854.38301  
5844.281419  
5844.793848  
5840.866921  
5847.118956  
5850.24894  
5842.435106  
5832.937676  
5830.566268  
5836.679916  
5837.591068  
5845.074855  
5839.357662  
5844.809421  
5841.707271  
5851.073103  
5842.38828  
5847.877225  
5855.530089  
5859.171614  
5856.50537  
5858.527797  
5872.679537  
5887.542083  
5870.440519  
5875.943883  
5875.428089  
5871.058542  
5865.880607  
5891.411071  
5886.610631  
5875.827069  
5879.060128  
5878.453764  
5885.847002  
5878.433966  
5879.882106  
5908.253748  
5893.748318  
5887.980839  
5897.918363  
5881.445672  
5880.923024  
5896.149583  
5862.238336  
5864.790446  
5865.645128  
5869.83779  
5852.441765  
5881.047081  
5886.29915  
5868.682031  
5867.525268  
5874.969282  
5878.835329  
5886.850052  
5884.998874  
5877.134791  
5876.448972  
5901.281834  
5894.221536  
5904.018368  
5921.969107  
5898.724476  
5892.23237  
5893.435354  
5885.870922  
5884.015784  
5885.033818  
5889.691897  
5904.744256  
5884.716077  
5875.843346  
5875.624239  
5881.459119  
5879.888926  
5874.330192  
5877.565544  
5894.799209  
5870.754887  
5872.11904  
5869.37239  
5877.58849  
5881.208419  
5876.875314  
5867.735588  
5869.704215  
5857.56929  
5876.62867  
5882.861925  
5891.075637  
5876.132315  
5878.754341  
5881.618896  
5886.403579  
5873.945445  
5876.449434  
5870.905388  
5887.305339  
5791.516284  
5856.470537  
5882.171406  
5858.833194  
5884.302069  
5868.320028  
5895.718133  
5888.844918  
5897.555623  
5907.229795  
5899.475202  
5885.006065  
5898.901985  
5879.663872  
5879.579767  
5878.221742  
5882.55325  
5877.973459  
5873.440933  
5871.641245  
5873.282268  
5866.573128  
5870.8296  
5877.69856  
5883.076987  
5891.524635  
5891.309587  
5902.433943  
5935.81557  
5897.755664  
5901.354181  
5874.959045  
5887.550021  
5884.790177  
5874.621091  
5873.00644  
5898.775605  
5881.278727  
5858.317779  
5852.346312  
5833.813364  
5839.487039  
5843.543444  
5845.272587  
5838.747215  
5856.73325  
5852.370874  
5866.617742  
5859.331224  
5857.955998  
5853.630332  
5855.067057  
5863.233462  
5853.489039  
5865.426143  
5851.798174  
5851.882079  
5849.822529  
5856.429849  
5847.984796  
5865.816647  
5856.923537  
5844.213244  
5849.15498  
5848.253629  
5846.421194  
5847.288852  
5851.343098  
5840.509297  
5851.809011  
5854.234989  
5838.553251  
5852.082759  
5863.110673  
5864.539622  
5869.72643  
5860.693103  
5865.114964  
5862.843512  
5871.105252  
5849.6862  
5841.214337  
5848.838495  
5849.959194  
5842.104216  
5838.297083  
5845.702563  
5828.55864  
5843.697266  
5842.884103  
5835.540181  
5835.176625  
5830.769725  
5833.247049  
5846.451316  
5833.863852  
5832.083017  
5836.134866  
5834.444127  
5852.190477  
5846.856686  
5844.653049  
5858.215816  
5857.399163  
5857.386662  
5863.056217  
5844.39503  
5850.780966  
5842.650233  
5844.356247  
5847.149065  
5857.049755  
5855.103052  
5869.229085  
5886.953455  
5863.03242  
5871.438464  
5873.983461  
5873.318988  
5871.871906  
5896.263467  
5876.2321  
5889.19682  
5886.035103  
5883.317327  
5874.029959  
5885.591713  
5896.335699  
5885.248917  
5879.679627  
5877.574812  
5864.885547  
5875.347136  
5882.318181  
5877.296877  
5861.186397  
5891.691256  
5879.335792  
5871.109418  
5864.511307  
5871.499598  
5868.151633  
5871.545382  
5862.124852  
5885.516994  
5883.859487  
5878.498349  
5880.148462  
5866.367431  
5861.331517  
5875.950257  
5872.030597  
5881.344637  
5900.344173  
5891.491316  
5885.366469  
5881.105542  
5874.945981  
5893.861629  
5889.225608  
5891.637053  
5881.306176  
5894.683368  
5877.842157  
5874.708538  
5874.124309  
5878.056521  
5876.016671  
5882.67442  
5886.673758  
5886.188163  
5871.540384  
5887.03046  
5905.35572  
5915.314997  
5909.795932  
5873.9155  
5903.781537  
5885.511202  
