2832.896134  
2822.912486  
2819.644463  
2812.379608  
2816.231335  
2804.772218  
2807.817348  
2807.73184  
2812.38505  
2808.317149  
2823.036198  
2823.725453  
2824.002403  
2842.28841  
2838.999288  
2842.208526  
2836.025064  
2838.597058  
2849.666703  
2839.307095  
2836.502181  
2833.216366  
2841.034023  
2839.055698  
2845.360722  
2843.659272  
2842.15908  
2842.672336  
2843.176139  
2848.49557  
2844.106463  
2842.015636  
2842.847641  
2838.529819  
2845.389543  
2843.246323  
2838.724723  
2836.366529  
2837.939116  
2822.643286  
2835.31732  
2843.382099  
2845.050179  
2842.268349  
2841.259188  
2834.908314  
2836.744345  
2835.857737  
2834.181665  
2835.434016  
2826.181286  
2822.635086  
2826.91541  
2827.728838  
2822.522141  
2839.498366  
2833.860202  
2832.679739  
2830.221519  
2826.179132  
2826.122717  
2837.62487  
2834.045938  
2825.414074  
2823.518376  
2831.028188  
2829.49897  
2847.721089  
2849.017134  
2858.330961  
2854.411392  
2849.119668  
2847.485617  
2844.760352  
2845.070311  
2846.982165  
2842.714838  
2838.916315  
2841.074934  
2836.155646  
2828.363731  
2841.849982  
2835.946535  
2840.572233  
2835.540003  
2831.835125  
2838.186826  
2840.810768  
2851.751188  
2849.913127  
2856.181881  
2862.947522  
2846.785399  
2857.874519  
2861.997453  
2853.36953  
2841.139736  
2843.193891  
2842.686032  
2844.371455  
2847.373024  
2842.365537  
2844.969329  
2843.751638  
2843.833636  
2851.70563  
2854.383799  
2848.676825  
2852.401883  
2861.897111  
2863.874131  
2860.346663  
2858.205522  
2857.575612  
2854.003529  
2855.733175  
2852.081435  
2848.032208  
2845.571946  
2853.524388  
2850.105986  
2849.780198  
2855.03858  
2861.997763  
2866.032635  
2869.40331  
2869.883084  
2874.828436  
2879.593561  
2876.010603  
2870.346854  
2874.166841  
2874.236489  
2872.585665  
2860.289589  
2866.182243  
2860.998236  
2862.374213  
2860.258829  
2849.740276  
2848.188114  
2856.05416  
2864.016278  
2875.676794  
2866.335894  
2865.331221  
2865.802062  
2870.365127  
2871.984631  
2879.341635  
2882.777536  
2873.488367  
2877.778604  
2868.800063  
2872.799112  
2861.94783  
2852.208422  
2850.417972  
2840.714509  
2838.772105  
2840.372716  
2831.15536  
2836.089486  
2839.573611  
2839.718555  
2836.931096  
2836.353056  
2849.27137  
2857.986028  
2858.519215  
2858.834707  
2856.567635  
2856.310629  
2856.428177  
2848.85645  
2849.508115  
2846.491741  
2839.873678  
2845.309951  
2847.668398  
2851.795455  
2849.065958  
2840.95238  
2845.207769  
2837.090942  
2851.019902  
2854.469083  
2848.851508  
2855.045254  
2854.781088  
2861.945051  
2857.955163  
2862.954405  
2870.138251  
2856.124716  
2864.578871  
2862.920064  
2857.092514  
2854.868324  
2856.862544  
2848.674812  
2836.194534  
2836.532389  
2846.956704  
2844.214343  
2850.698801  
2852.889432  
2855.098288  
2866.607212  
2858.110459  
2861.990276  
2867.222665  
2863.281137  
2859.461523  
2865.169723  
2850.675571  
2861.158141  
2861.486509  
2868.007388  
2873.421852  
2868.745134  
2867.804762  
2869.259453  
2861.5272  
2868.131667  
2862.798768  
2860.803843  
2856.010755  
2853.165365  
2849.95864  
2845.447152  
2838.679704  
2845.440609  
2851.249558  
2853.918581  
2847.051774  
2841.398315  
2837.757946  
2840.251274  
2838.139111  
2843.782353  
2844.973753  
2842.020956  
2847.90606  
2840.908322  
2835.227611  
2833.027737  
2828.786827  
2842.603827  
2851.125676  
2845.064179  
2853.185504  
2858.654202  
2856.193222  
2851.986373  
2862.329616  
2858.54067  
2863.022741  
2862.446824  
2860.004979  
2861.212786  
2858.697116  
2859.524996  
2844.705033  
2855.965241  
2858.186872  
2854.753015  
2859.064293  
2858.769293  
2853.567339  
2854.152647  
2851.33319  
2860.040745  
2851.995448  
2855.786568  
2843.643897  
2842.356351  
2846.984587  
2833.501819  
2843.212034  
2847.032348  
2851.194231  
2851.07896  
2873.089901  
2875.197695  
2878.44598  
2877.964985  
2876.275462  
2881.259233  
2871.665775  
2887.189919  
2878.432598  
2876.895667  
2868.909115  
2879.689117  
2867.786651  
2876.911453  
2869.663691  
2868.500735  
2865.586409  
2860.457377  
2855.684356  
2862.432117  
2863.660456  
2864.822153  
2874.392879  
2875.933173  
2867.308162  
2862.410955  
2868.400187  
2867.38081  
2866.212878  
2862.236074  
2858.025081  
2857.689181  
2869.22439  
2856.582147  
2857.589479  
2842.15179  
2853.090051  
2857.504233  
2851.974155  
2861.891613  
2862.405638  
2859.181745  
2859.81877  
2858.997165  
2848.965119  
2863.05271  
2863.206192  
2868.118256  
2877.020837  
2872.958175  
2865.721789  
2871.075444  
2863.854781  
2870.773112  
2861.093135  
2854.21519  
2857.472608  
2866.803124  
2862.749617  
2867.326055  
2859.324229  
2855.994669  
2865.546253  
2851.233453  
2880.091774  
2881.734902  
2878.223961  
2887.156005  
2886.953779  
2889.158656  
2877.234292  
2867.97105  
2848.084585  
2836.408155  
2834.613394  
2816.386556  
2815.13487  
2811.173202  
2817.829914  
2828.349326  
2836.729387  
2846.599254  
2858.347893  
2863.35193  
2861.634695  
2863.651414  
2868.109329  
2859.028596  
2861.472063  
2863.748571  
2867.060804  
2860.035728  
2862.13166  
2859.281097  
2852.314564  
2854.697409  
2863.811926  
2862.004971  
2863.285503  
2867.675606  
2868.184548  
2872.505126  
2880.883085  
2883.849698  
2879.212768  
2881.598147  
2878.137276  
2882.867118  
2886.414837  
2895.687212  
2900.343876  
2889.21836  
2878.015623  
2888.001612  
2882.388505  
2885.340523  
2875.606668  
2874.810568  
2867.607158  
2868.56358  
2859.834028  
2858.246264  
2865.739533  
2861.543331  
2868.360914  
2865.333063  
2866.996518  
2873.375995  
2873.501996  
2874.785397  
2888.800798  
2882.481196  
2875.174076  
2877.735804  
2863.109126  
2861.538373  
2868.370089  
2864.451765  
2872.208503  
2867.730492  
2870.582176  
2870.993029  
2866.294266  
2868.793891  
2871.309346  
2877.643807  
2900.996593  
2903.148354  
2898.492321  
2887.979531  
2886.346295  
2874.746951  
2867.943988  
2857.242669  
2845.22928  
2829.395593  
2827.884831  
2828.719016  
2822.580635  
2824.486678  
2830.124451  
2822.109824  
2832.189813  
2833.995411  
2835.413133  
2855.978016  
2856.498279  
2854.878539  
2867.745182  
2871.018279  
2889.491417  
2889.833794  
2891.939635  
2892.131901  
2898.766608  
2907.128469  
2900.856217  
2904.861412  
2912.49175  
2906.745233  
2890.190061  
2882.302301  
2887.116378  
2883.233477  
2877.766358  
2880.175373  
2876.425818  
2882.277194  
2885.944417  
2886.745677  
2887.505581  
2891.420353  
2892.35185  
2896.018169  
2899.749952  
2886.216752  
2880.906731  
2886.833264  
2895.252669  
2886.60635  
2885.081131  
2879.089902  
2877.311692  
2880.127917  
2873.520471  
2877.065478  
2874.111222  
2869.478545  
2870.522687  
2868.966763  
2869.304859  
2870.955278  
2876.674115  
2888.988632  
2882.428281  
2892.000308  
2894.71901  
2894.929552  
2888.917568  
2884.24806  
2891.568716  
2892.734495  
2890.618765  
2875.235971  
2879.837853  
2878.164865  
2881.13579  
2871.383364  
2873.638807  
2874.907465  
2871.863857  
2870.067236  
2881.91696  
2875.867169  
2870.054199  
2882.738598  
2891.020421  
2895.144835  
2895.539184  
2884.614704  
2893.741983  
2892.435709  
2884.110879  
2886.134499  
2890.669047  
2886.966685  
2883.111157  
2876.842284  
2883.159552  
2886.074159  
2882.614367  
2882.748592  
2872.3191  
2875.274161  
2877.33722  
2876.071644  
2887.809505  
2884.249392  
2882.73034  
2880.553645  
2899.429272  
2903.912239  
2886.445324  
2880.733645  
2871.006048  
2889.851365  
2887.898981  
2888.448217  
2882.513227  
2881.328105  
2875.22236  
2876.558326  
2870.117094  
2870.358147  
2874.12138  
2875.780137  
2874.80189  
2880.729759  
2883.326852  
2889.447927  
2888.288074  
2900.209862  
2891.521953  
2889.702454  
2883.12172  
2891.908127  
2888.50472  
2882.792776  
2891.008727  
2888.211156  
2895.125126  
2902.808858  
2906.538279  
2903.628372  
2905.423432  
2915.633512  
2914.180606  
2908.298604  
2904.984043  
2900.136485  
2898.437226  
2896.973835  
2888.586926  
2887.467315  
2877.191439  
2866.479547  
2869.706109  
2867.842893  
2861.82683  
2874.013587  
2882.687164  
2872.074888  
2878.16159  
2873.09164  
2873.083882  
2879.82967  
2878.732675  
