4784.67734  
4777.168913  
4768.214967  
4753.947424  
4736.644336  
4742.84554  
4733.181993  
4731.966967  
4733.710447  
4726.091493  
4729.138705  
4744.501146  
4742.685917  
4765.840752  
4754.78536  
4739.070377  
4735.15434  
4728.926411  
4739.105352  
4723.055882  
4723.818622  
4748.965747  
4730.298272  
4725.889429  
4735.974166  
4728.735295  
4734.326266  
4717.997154  
4727.289882  
4716.644893  
4745.811815  
4739.489129  
4740.750333  
4739.94439  
4743.024057  
4741.744826  
4727.860266  
4739.97146  
4728.026724  
4723.650852  
4724.118228  
4730.383361  
4733.51312  
4728.12902  
4738.023693  
4730.41802  
4746.543905  
4742.299035  
4740.682591  
4745.441749  
4742.439129  
4735.436332  
4733.310787  
4721.191598  
4712.898803  
4732.155806  
4725.872525  
4713.480905  
4728.286897  
4730.798644  
4736.563385  
4728.042428  
4730.23459  
4744.52957  
4749.699498  
4739.790814  
4749.838333  
4740.232964  
4734.786982  
4726.238253  
4738.029497  
4740.631082  
4725.911379  
4721.449578  
4729.614374  
4735.555263  
4735.883313  
4732.957526  
4740.891353  
4749.724073  
4736.719065  
4718.243007  
4731.42111  
4711.620767  
4710.654847  
4712.864365  
4719.286063  
4710.878287  
4717.506524  
4719.270555  
4735.981885  
4717.693445  
4709.711703  
4699.240983  
4706.052454  
4711.683274  
4708.229542  
4719.426092  
4718.446636  
4714.461593  
4700.373217  
4701.592054  
4690.59434  
4674.523941  
4672.255491  
4656.91894  
4662.060771  
4665.873351  
4679.128855  
4690.023914  
4686.066011  
4686.288564  
4706.924811  
4742.296936  
4745.730002  
4731.853486  
4759.500867  
4736.870296  
4745.055546  
4741.81567  
4756.059112  
4746.693538  
4721.17231  
4729.041934  
4723.167964  
4730.750854  
4717.077173  
4722.766626  
4721.8215  
4716.178832  
4732.918717  
4729.264129  
4728.266045  
4728.032422  
4726.504665  
4727.756538  
4736.511099  
4735.620629  
4716.845708  
4712.880694  
4713.091058  
4715.08542  
4702.848932  
4699.598209  
4699.264704  
4695.684068  
4699.851272  
4697.222437  
4697.959293  
4698.407706  
4699.838758  
4699.545833  
4693.516677  
4710.217876  
4708.552744  
4704.792782  
4710.881307  
4702.36003  
4685.929087  
4694.133824  
4694.845155  
4704.027175  
4693.473382  
4689.446111  
4712.142844  
4708.284798  
4707.823388  
4722.504233  
4731.036937  
4726.509864  
4748.461775  
4728.455102  
4723.666417  
4725.006012  
4713.914286  
4704.434435  
4700.473176  
4708.093348  
4696.083944  
4699.950392  
4699.743219  
4701.727884  
4692.442593  
4702.560164  
4693.662403  
4693.218301  
4709.808437  
4722.705748  
4727.302227  
4738.315154  
4749.156548  
4747.787543  
4736.743168  
4749.948581  
4757.753217  
4761.959964  
4782.688948  
4773.750176  
4776.208823  
4770.802548  
4769.637136  
4756.574822  
4763.845612  
4745.714915  
4737.954803  
4738.569819  
4721.318097  
4720.701133  
4703.795321  
4702.24929  
4690.540964  
4693.807855  
4706.597665  
4715.873282  
4720.232506  
4721.577381  
4715.628455  
4721.760007  
4716.916106  
4716.584647  
4715.897345  
4723.814069  
4725.636255  
4732.295258  
4740.046764  
4730.825167  
4720.377945  
4727.986867  
4729.024922  
4725.996438  
4733.346646  
4724.987319  
4727.158662  
4733.302003  
4726.373238  
4722.761367  
4732.068598  
4723.910031  
4736.569725  
4752.183041  
4751.672416  
4766.178362  
4765.070023  
4772.246256  
4775.341648  
4757.835141  
4743.204977  
4741.563381  
4726.725017  
4723.020664  
4717.9703  
4722.229579  
4711.852092  
4718.999254  
4726.970307  
4723.474406  
4724.322356  
4723.101632  
4731.257834  
4718.487809  
4722.228494  
4735.099721  
4735.22485  
4720.835823  
4729.22779  
4723.046087  
4728.515675  
4718.880902  
4714.954753  
4725.501698  
4718.189292  
4728.210258  
4718.708645  
4733.352426  
4726.395639  
4718.186395  
4724.91656  
4732.951504  
4724.751741  
4728.117612  
4729.781699  
4728.909108  
4717.993273  
4724.291871  
4730.153809  
4724.13194  
4709.372692  
4712.95352  
4708.949788  
4715.788402  
4712.156387  
4720.935855  
4726.062557  
4737.426722  
4753.378619  
4743.747378  
4740.156441  
4735.484462  
4735.982561  
4733.208818  
4746.344356  
4743.542844  
4743.615324  
4739.691903  
4724.425085  
4730.251083  
4728.143213  
4742.496206  
4738.622764  
4719.373084  
4733.839013  
4734.237158  
4737.991632  
4741.726041  
4743.921089  
4739.060751  
4748.077953  
4736.329444  
4718.772253  
4717.092217  
4695.857657  
4672.329235  
4664.641708  
4668.418204  
4664.624748  
4688.000375  
4695.431826  
4694.032986  
4696.85592  
4710.451718  
4709.761213  
4718.124259  
4717.824975  
4722.598035  
4714.709582  
4726.264063  
4732.20843  
4724.139611  
4730.391596  
4740.14981  
4734.528915  
4743.025433  
4750.192936  
4738.581632  
4763.741403  
4769.483157  
4746.936886  
4752.690656  
4752.052719  
4748.844559  
4752.258085  
4767.168122  
4769.134755  
4769.041303  
4767.957111  
4767.983263  
4771.602135  
4772.767716  
4775.851716  
4780.751156  
4764.797612  
4756.62502  
4756.680671  
4741.488639  
4752.565748  
4767.624599  
4746.035547  
4745.273433  
4754.598164  
4753.01697  
4752.644426  
4758.725435  
4756.549434  
4744.784392  
4744.748029  
4749.383501  
4768.983471  
4765.84916  
4762.571576  
4780.676026  
4796.985688  
4815.034552  
4807.656289  
4820.346128  
4837.216424  
4828.095529  
4807.82416  
4814.227218  
4792.076072  
4788.249126  
4774.591359  
4776.684335  
4787.443613  
4761.914405  
4760.6798  
4762.233253  
4764.259581  
4777.662883  
4768.956114  
4766.605091  
4772.711522  
4769.018636  
4765.973053  
4771.537387  
4767.93384  
4758.35226  
4754.983913  
4744.754151  
4747.940378  
4744.753974  
4744.280217  
4754.747231  
4759.079668  
4771.770327  
4772.4474  
4785.7628  
4778.357022  
4796.019052  
4782.963837  
4802.211589  
4797.658057  
4785.113653  
4810.028877  
4827.831055  
4823.130359  
4820.777654  
4826.814912  
4839.964874  
4839.173933  
4818.582267  
4828.048542  
4829.904923  
4829.857866  
4825.544196  
4819.670153  
4805.657927  
4792.866149  
4790.675463  
4801.751802  
4774.557097  
4782.617152  
4773.21911  
4782.401802  
4787.324732  
4783.359302  
4777.281229  
4791.034652  
4797.1216  
4821.316589  
4846.966076  
4825.148686  
4822.931862  
4815.290931  
4828.231066  
4823.658526  
4814.169021  
4804.470615  
4813.096536  
4790.044453  
4780.167457  
4763.754629  
4745.357273  
4749.947584  
4749.509057  
4772.571219  
4771.557487  
4784.371069  
4780.644088  
4786.174526  
4768.361268  
4768.943776  
4770.80314  
4770.115062  
4757.726214  
4758.535628  
4759.31024  
4756.701818  
4759.482712  
4766.844988  
4780.42629  
4780.795998  
4782.663826  
4763.784755  
4758.018586  
4742.590303  
4733.838089  
4741.885754  
4727.880562  
4737.713103  
4737.156727  
4736.691979  
4746.297215  
4745.052379  
4762.666331  
4774.116337  
4784.503276  
4773.374257  
4769.518643  
4766.402552  
4753.180249  
4760.563165  
4755.21557  
4722.818999  
4746.02464  
4752.149321  
4780.81854  
4781.042446  
4773.636117  
4763.215226  
4760.205895  
4759.599234  
4744.644552  
4729.574684  
4709.001775  
4677.913284  
4677.80492  
4674.440621  
4669.734747  
4689.912003  
4695.571796  
4706.349738  
4713.696521  
4729.637674  
4730.196073  
4723.961018  
4718.451362  
4718.924032  
4713.183169  
4721.803521  
4708.699368  
4718.882508  
4729.236475  
4736.994642  
4742.13732  
4753.40704  
4776.716209  
4760.211485  
4774.152503  
4785.061847  
4782.926155  
4773.803111  
4800.092426  
4777.070723  
4783.169898  
4795.310736  
4806.199898  
4794.89049  
4796.4123  
4803.267652  
4787.208839  
4786.5345  
4784.04217  
4783.602557  
4771.676525  
4763.946728  
4766.028538  
4754.772218  
4778.572695  
4777.538511  
4772.854966  
4775.394285  
4786.069692  
4783.8927  
4766.26301  
4764.554119  
4776.596753  
4774.47332  
4762.639174  
4778.669148  
4777.616825  
4776.461671  
4777.970633  
4772.447778  
4778.706843  
4808.180959  
4793.243595  
4803.008211  
4801.543116  
4793.056037  
4789.109055  
4769.8161  
4762.036872  
4759.657436  
4773.641474  
4757.754549  
4760.511933  
4778.195658  
4776.229988  
4771.942668  
4785.885242  
4790.821117  
4777.870996  
4773.358223  
4799.303378  
4832.727105  
4834.202543  
4811.10169  
4794.651725  
4807.66451  
4802.189357  
