2715.746616  
2704.764439  
2711.61034  
2697.856311  
2695.852102  
2699.912396  
2688.940091  
2692.228531  
2690.034525  
2678.402364  
2691.282279  
2690.839193  
2685.943395  
2693.396498  
2691.45845  
2692.564704  
2695.576658  
2694.143395  
2702.563615  
2687.575425  
2702.295882  
2696.816256  
2691.154177  
2699.113404  
2702.06842  
2698.13859  
2691.238448  
2694.712506  
2694.531272  
2699.072649  
2699.324471  
2696.180888  
2699.35357  
2702.970825  
2695.405823  
2702.073128  
2692.535311  
2695.01239  
2690.996869  
2697.832321  
2692.415372  
2692.307542  
2689.208802  
2692.733692  
2688.272913  
2685.227696  
2689.78571  
2685.163569  
2695.245646  
2696.67153  
2692.341623  
2695.389157  
2693.543868  
2692.253303  
2696.201789  
2688.844165  
2686.279035  
2691.746756  
2698.720206  
2700.751124  
2695.66895  
2706.519193  
2704.865954  
2704.550715  
2698.242631  
2696.331536  
2689.633289  
2692.87902  
2701.212188  
2694.476252  
2700.557939  
2692.364577  
2694.423438  
2693.657974  
2705.580123  
2692.788821  
2700.565502  
2700.886371  
2706.104464  
2699.336939  
2700.077494  
2703.958082  
2701.022906  
2695.977874  
2695.673358  
2701.319036  
2691.717573  
2696.41749  
2700.900461  
2703.887454  
2698.337847  
2691.940769  
2688.77591  
2689.718308  
2696.8838  
2687.545399  
2697.123514  
2694.384116  
2702.123596  
2700.896019  
2694.330102  
2694.828244  
2699.207802  
2684.280689  
2691.032688  
2683.99  
2696.807276  
2689.795028  
2699.416173  
2691.546958  
2694.784558  
2690.49442  
2700.3821  
2695.394132  
2687.883166  
2692.720725  
2693.814034  
2695.524647  
2694.588942  
2701.430834  
2696.179519  
2696.740549  
2695.317421  
2697.909445  
2694.573402  
2696.741189  
2699.701159  
2698.241778  
2698.414403  
2693.484934  
2689.14628  
2699.604412  
2691.382387  
2695.061258  
2699.388259  
2698.167078  
2699.728037  
2694.822994  
2691.747304  
2688.516888  
2693.968412  
2690.276778  
2695.261289  
2692.58337  
2690.804706  
2692.648795  
2692.71168  
2687.344134  
2691.263897  
2694.498659  
2697.847436  
2695.123543  
2696.10786  
2697.574386  
2695.929969  
2695.121824  
2692.30864  
2692.269552  
2695.372207  
2684.529508  
2691.211657  
2686.155968  
2689.047872  
2692.726914  
2682.824368  
2689.214787  
2685.179406  
2694.291124  
2690.269058  
2680.296084  
2695.999125  
2701.286975  
2691.827686  
2697.574997  
2692.425795  
2689.364727  
2687.652761  
2690.475103  
2685.551549  
2688.421268  
2687.197727  
2690.92018  
2685.859523  
2687.07394  
2684.775436  
2688.193572  
2695.362927  
2694.067499  
2693.579459  
2683.543058  
2691.00189  
2680.365143  
2696.340643  
2692.688946  
2689.344559  
2690.70429  
2690.055187  
2691.142673  
2688.844997  
2688.631995  
2693.899174  
2687.831906  
2693.469611  
2685.114047  
2688.28215  
2696.75761  
2688.149232  
2689.181598  
2692.60624  
2683.315899  
2678.422549  
2682.995135  
2685.681086  
2687.553676  
2688.511539  
2690.696503  
2695.446413  
2693.478369  
2697.638145  
2688.669565  
2691.803585  
2692.192342  
2686.711445  
2681.071586  
2683.886923  
2686.863146  
2677.077878  
2691.300401  
2682.774384  
2694.051408  
2688.237829  
2693.013288  
2693.166793  
2690.855123  
2701.018126  
2695.528507  
2697.097161  
2694.406813  
2688.337208  
2691.202922  
2693.426444  
2689.650194  
2696.624873  
2693.361468  
2698.410642  
2698.722701  
2697.784503  
2694.075474  
2696.333642  
2694.188554  
2690.688783  
2693.887435  
2690.654192  
2693.496548  
2691.556506  
2698.099614  
2692.34939  
2698.641163  
2694.166506  
2693.108068  
2694.24122  
2694.000348  
2697.179704  
2693.195422  
2699.609253  
2689.431224  
2695.556027  
2692.109257  
2695.447826  
2697.320652  
2699.311736  
2692.647293  
2695.464156  
2695.100799  
2689.143815  
2692.785286  
2692.970689  
2692.109937  
2703.826753  
2700.543208  
2693.597384  
2695.886142  
2690.894851  
2705.168263  
2689.360232  
2685.657454  
2685.557614  
2678.388511  
2681.345729  
2678.816473  
2686.739857  
2686.491091  
2696.728149  
2693.748193  
2695.158511  
2698.841458  
2704.257798  
2697.540299  
2692.80051  
2689.22386  
2696.13438  
2689.330782  
2694.182758  
2691.438507  
2684.19004  
2695.010564  
2690.269481  
2686.505754  
2686.793288  
2687.400978  
2697.058142  
2690.13039  
2693.046535  
2686.833703  
2691.978365  
2695.380697  
2689.253443  
2690.002205  
2684.512965  
2692.148492  
2681.208608  
2677.281869  
2667.40365  
2671.7478  
2672.760733  
2669.38144  
2679.753473  
2678.926189  
2682.397177  
2689.414114  
2681.760884  
2680.083983  
2688.515386  
2680.42525  
2682.129679  
2683.369255  
2691.889554  
2689.860192  
2692.822396  
2687.445251  
2690.740872  
2688.359481  
2692.767892  
2696.951098  
2691.389943  
2697.202142  
2693.616744  
2693.071422  
2700.171756  
2694.954476  
2693.920715  
2694.04209  
2690.774313  
2700.047494  
2688.191711  
2697.40561  
2697.684599  
2700.308516  
2697.052369  
2700.504395  
2692.679647  
2698.265008  
2697.514651  
2689.801617  
2684.193028  
2684.9597  
2684.768411  
2684.714914  
2687.419569  
2688.74889  
2693.14231  
2685.208954  
2693.03684  
2697.288429  
2695.409651  
2701.30133  
2698.477839  
2681.771549  
2691.802092  
2682.117832  
2696.682205  
2696.199926  
2699.657852  
2692.921111  
2706.926936  
2701.267768  
2702.26654  
2702.320014  
2703.363578  
2709.854512  
2704.182072  
2700.049362  
2692.267467  
2696.16752  
2701.253162  
2698.827726  
2706.114146  
2698.642707  
2701.872595  
2706.981752  
2702.14905  
2706.875029  
2706.362411  
2705.016596  
2701.227721  
2695.473495  
2693.2744  
2687.315396  
2689.316822  
2688.181584  
2698.653217  
2693.387038  
2695.939713  
2703.564386  
2706.093559  
2704.308121  
2698.419393  
2704.202039  
2695.662926  
2698.736243  
2688.93685  
2677.403381  
2677.112368  
2673.156576  
2674.99668  
2669.815963  
2677.869985  
2682.255352  
2684.234291  
2680.982103  
2678.244963  
2682.1523  
2685.975227  
2683.141457  
2675.62492  
2677.166732  
2674.721962  
2678.863505  
2677.927743  
2677.147552  
2687.507453  
2681.972058  
2683.11266  
2691.390239  
2689.907956  
2683.079334  
2684.515782  
2685.479677  
2685.465535  
2694.937714  
2687.901328  
2688.105318  
2692.185068  
2689.135049  
2686.627333  
2693.858108  
2694.813777  
2681.196244  
2680.067028  
2680.106024  
2673.495319  
2675.096838  
2675.165314  
2678.175938  
2678.426896  
2681.808426  
2678.044108  
2682.691273  
2684.094102  
2687.559472  
2684.091315  
2693.183004  
2693.831032  
2685.708752  
2685.679979  
2681.358163  
2676.400803  
2678.974256  
2680.143544  
2679.881015  
2672.757424  
2682.510079  
2669.860171  
2668.247725  
2670.683766  
2674.055069  
2669.800938  
2676.93917  
2693.445717  
2674.204952  
2678.263621  
2680.265176  
2680.055374  
2686.944269  
2681.864033  
2680.927381  
2680.975091  
2686.309662  
2689.062758  
2683.202211  
2676.506368  
2680.692811  
2678.934066  
2689.666322  
2686.983652  
2691.010969  
2684.144363  
2680.694736  
2673.076949  
2672.94465  
2671.45775  
2674.462682  
2673.930531  
2666.775159  
2663.019876  
2662.159218  
2663.783323  
2660.189015  
2660.980953  
2671.166222  
2678.530472  
2673.472089  
2677.49598  
2679.247237  
2674.758122  
2682.243576  
2686.18495  
2683.597468  
2682.113723  
2676.05233  
2681.042686  
2684.302465  
2681.659077  
2683.717929  
2684.034902  
2691.755215  
2687.513677  
2694.28396  
2707.582562  
2698.968947  
2696.074914  
2694.490584  
2708.146618  
2706.61751  
2708.117983  
2700.44418  
2702.761506  
2685.747126  
2695.118091  
2699.214143  
2698.629635  
2693.953973  
2698.170092  
2699.731396  
2687.685921  
2687.845181  
2683.914454  
2682.969824  
2680.437989  
2690.869297  
2691.147716  
2701.258979  
2690.405841  
2696.181432  
2693.239915  
2686.734393  
2693.002958  
2686.126827  
2693.284959  
2693.484979  
2697.550935  
2687.89198  
2692.587933  
2691.265545  
2697.763712  
2690.974362  
2700.588164  
2703.712515  
2694.386743  
2695.97882  
2693.559207  
2699.067993  
2689.473399  
2684.927954  
2675.680343  
2684.632237  
2685.244319  
2694.573594  
2685.805177  
2690.721388  
2692.030454  
2705.467409  
2684.141767  
2694.330833  
2706.405775  
2697.880666  
2692.729083  
2682.541884  
2688.38171  
2689.354815  
