2987.530116  
2979.104463  
2976.832917  
2976.512622  
2973.449688  
2968.384679  
2968.260021  
2975.880663  
2971.322897  
2973.374298  
2990.484373  
2994.597298  
2995.772307  
3003.357461  
3006.2844  
3001.672259  
3005.827789  
3005.137499  
3005.416485  
2997.787207  
2997.179292  
2999.390867  
3004.609029  
2999.671501  
2995.149323  
2999.830175  
2996.617232  
2994.533678  
2996.062551  
2997.884666  
2999.17449  
3002.247675  
2995.12194  
2997.334689  
2990.516657  
2997.973086  
2993.352712  
2992.181883  
2993.839107  
2984.101153  
2992.126937  
2998.0829  
2995.739015  
2998.101834  
2998.454463  
2991.218202  
2988.638753  
2990.971681  
2991.025951  
2991.229823  
2989.043242  
2988.677442  
2978.726581  
2979.344949  
2979.416153  
2988.154001  
2990.055297  
2990.457216  
2999.847629  
2993.208673  
2986.371582  
2996.737025  
2992.511517  
2985.718458  
2979.26432  
2981.537991  
2984.783431  
3004.818811  
2999.789809  
3005.382815  
3009.491199  
3003.4401  
3000.048795  
3004.581339  
2997.243354  
2991.411464  
2991.895348  
2995.549807  
2997.385591  
2995.081347  
2994.328364  
2992.179668  
3002.031261  
3004.990638  
2999.633369  
2995.724157  
2992.83371  
3007.251416  
2998.456014  
3007.633682  
3006.963909  
3006.739294  
3010.370515  
3009.654641  
3011.253321  
3011.973605  
3000.543939  
2999.19873  
3001.922248  
2998.111608  
2996.398302  
2995.432301  
2992.547916  
2995.029063  
3003.155387  
3008.039207  
3008.997244  
3003.026876  
3006.731248  
3010.892532  
3016.324948  
3009.308093  
3007.202712  
3014.59024  
3016.514497  
3004.231695  
3005.265491  
3008.381774  
3006.238117  
3010.831344  
3010.27636  
3011.571512  
3008.080595  
3009.400813  
3020.694988  
3022.685407  
3023.864146  
3029.815761  
3033.613524  
3024.93527  
3033.815154  
3027.006132  
3023.08417  
3030.734283  
3020.843924  
3017.868254  
3007.444815  
3001.677182  
3012.855658  
3008.824472  
3006.553716  
3003.324974  
3025.090374  
3022.275915  
3018.743436  
3019.95197  
3009.34503  
3022.149219  
3032.993128  
3026.792801  
3023.459383  
3028.649389  
3028.296396  
3021.240572  
3020.102558  
3009.263304  
3014.790787  
3003.785662  
3011.1205  
3003.133123  
3004.812734  
2998.957294  
2996.553596  
2998.424579  
3010.335531  
3001.654549  
3004.924909  
3014.852938  
3015.745614  
3015.755461  
3013.538438  
2995.367257  
2995.966543  
3000.298362  
2992.949982  
2999.488975  
2997.624716  
3001.080556  
3004.296078  
3002.555158  
3003.751462  
2992.575093  
2993.865687  
2992.32051  
2992.088872  
3005.98333  
3010.95178  
3008.159555  
3011.123227  
3012.162042  
3013.677082  
3014.216724  
3018.422467  
3019.427613  
3020.309742  
3018.447731  
3015.1684  
3010.741419  
3002.90235  
3009.054635  
3004.255731  
2999.945502  
2990.299329  
2990.925579  
3001.659048  
3005.810016  
3004.875035  
3012.620524  
3009.605175  
3017.210756  
3017.40853  
3017.480303  
3012.367774  
3009.569207  
3014.70428  
3005.341292  
3009.320182  
3007.677732  
3022.367711  
3017.751507  
3024.779411  
3022.004905  
3019.943652  
3024.508819  
3019.486411  
3020.022695  
3015.875769  
3011.684137  
3013.402563  
3008.203356  
3008.258368  
3009.736649  
3003.1969  
3007.435476  
3003.681814  
3003.209511  
3001.297623  
3004.83966  
2998.187134  
2993.519204  
3000.329008  
3010.430554  
3000.622618  
3006.996536  
3008.046802  
3000.040502  
3000.046714  
2996.754919  
3005.870631  
3008.501896  
3010.143939  
3016.210716  
3014.526634  
3008.678558  
3011.128664  
3007.635874  
3016.562592  
3008.075404  
3016.82483  
3023.924588  
3018.054584  
3020.93839  
3023.817116  
3005.892198  
3019.771835  
3018.810755  
3014.457375  
3023.288963  
3010.751466  
3008.268402  
3013.031959  
3006.804619  
3005.570183  
3003.702754  
3005.523058  
2995.10327  
3002.173906  
2996.536442  
2994.142372  
2993.270326  
2995.145798  
3002.241658  
3003.879839  
3017.653553  
3031.470035  
3034.647616  
3032.286344  
3029.820397  
3030.29557  
3027.503132  
3034.784269  
3033.681793  
3026.756657  
3031.890828  
3030.756929  
3022.270503  
3026.25541  
3030.884045  
3018.583441  
3013.206215  
3010.918361  
3002.117406  
3008.335256  
3016.135178  
3019.225414  
3014.312276  
3020.124339  
3020.131763  
3015.241476  
3018.905313  
3013.187867  
3019.946894  
3016.124374  
3016.000244  
3017.441943  
3016.888504  
3013.548424  
3009.137234  
3011.73366  
2999.372668  
3014.352505  
3003.022959  
3010.856123  
3018.428125  
3009.153284  
3006.991256  
3009.271205  
3010.997083  
3014.779799  
3017.321698  
3025.989457  
3023.01017  
3016.863819  
3012.383273  
3015.989  
3011.058975  
3003.265204  
3015.138466  
3007.488294  
3004.019826  
3003.993808  
3019.354129  
3012.493764  
3015.241361  
3019.538131  
3021.104067  
3015.163592  
3031.641163  
3028.128038  
3022.139938  
3030.287434  
3026.41497  
3028.612456  
3024.050351  
3010.6364  
3000.913443  
2987.850015  
2976.921037  
2964.181508  
2966.772318  
2971.26701  
2977.220222  
2984.345047  
2994.517191  
3002.238259  
3010.590197  
3017.037146  
3008.294076  
3005.895179  
3013.231326  
3011.662913  
3005.108025  
3005.35447  
3007.937067  
3007.466694  
3003.052359  
2995.117386  
2989.2679  
2990.569635  
2997.069146  
2995.992422  
3009.256569  
3008.427552  
3008.728334  
3014.762936  
3015.200746  
3018.623204  
3016.103657  
3015.892011  
3010.150292  
3013.109638  
3016.896541  
3021.968379  
3019.226213  
3020.319692  
3022.167509  
3018.619713  
3014.373579  
3018.028904  
3010.266221  
3007.84229  
2999.597397  
3003.678691  
3003.11554  
3000.496392  
2998.380789  
3001.664792  
3009.634654  
3014.677623  
3009.069797  
3008.976494  
3016.326344  
3010.369641  
3013.933635  
3020.565177  
3012.4175  
3006.05743  
2998.646237  
3006.305811  
2998.325027  
3009.26416  
3010.288925  
3011.502691  
2999.682317  
3015.03564  
3012.153633  
3017.352357  
3013.373434  
3023.874512  
3038.370333  
3029.370891  
3027.657433  
3020.757936  
3016.684168  
3008.901614  
3007.190593  
2997.725008  
2980.124695  
2973.591695  
2969.938706  
2968.952418  
2964.281072  
2970.668735  
2974.218109  
2977.244968  
2973.540315  
2978.230917  
2987.93702  
2994.588181  
2993.620544  
3003.048499  
3005.330691  
3009.082403  
3022.675194  
3033.632186  
3030.642803  
3035.744223  
3027.232809  
3042.305288  
3033.448675  
3035.811131  
3040.964046  
3032.90133  
3025.125771  
3023.105668  
3017.621696  
3021.344364  
3010.448345  
3012.144401  
3011.136404  
3012.698482  
3027.73661  
3025.944668  
3026.584509  
3026.185834  
3031.364982  
3022.68666  
3024.44784  
3024.656298  
3023.853239  
3021.52312  
3033.098571  
3018.443334  
3026.48472  
3013.643727  
3012.346374  
3007.739194  
3010.63789  
3009.325151  
3005.658978  
3005.502373  
3001.393829  
3006.601988  
3011.39822  
3012.094453  
3016.670072  
3027.247268  
3028.579116  
3022.880765  
3031.02269  
3027.22237  
3027.515461  
3020.952645  
3032.504734  
3018.406341  
3024.481954  
3017.263429  
3015.00027  
3015.271437  
3016.350905  
3017.392561  
3015.528439  
3017.990679  
3018.443355  
3017.499564  
3012.23466  
3015.216268  
3014.850204  
3026.00573  
3025.280839  
3026.022883  
3032.710515  
3027.813903  
3030.321466  
3026.669103  
3025.617348  
3018.549421  
3010.00729  
3015.927655  
3019.273372  
3011.941319  
3018.666555  
3017.233944  
3015.002509  
3020.904695  
3009.032256  
3007.271045  
3012.928169  
3020.216256  
3015.934061  
3024.089944  
3014.860197  
3021.152402  
3023.700591  
3023.661258  
3020.127375  
3018.342582  
3017.40657  
3022.91129  
3020.384381  
3018.36875  
3010.955979  
3008.273924  
3013.101722  
3007.679731  
3007.14323  
3009.287717  
3002.078471  
3011.495847  
3013.055852  
3020.257169  
3013.470775  
3025.427042  
3020.599941  
3028.841212  
3020.594596  
3024.991865  
3023.219518  
3023.469174  
3020.158764  
3023.803335  
3026.072488  
3029.716853  
3027.080562  
3035.095953  
3038.558065  
3041.925569  
3042.46434  
3050.077218  
3045.495843  
3042.347341  
3041.364703  
3026.342243  
3021.982564  
3026.331158  
3022.176578  
3009.017228  
3005.930506  
2991.878818  
2996.324758  
3001.0595  
2998.973568  
3006.900478  
3011.527475  
3012.273391  
3007.482818  
3010.314782  
3010.820827  
3013.578873  
3020.821134  
