-0.0953550665  
-0.04888506232  
0.04783862351  
-0.7468137071  
-0.6283622697  
0.008393719028  
-0.425901975  
-0.4913173459  
-0.5085264045  
-0.4148553782  
-0.1714679675  
-0.04203646806  
0.3398727335  
0.3272042313  
0.4299747556  
0.3611168633  
0.2559748819  
0.5818456634  
-0.0934570721  
0.05089554183  
-0.3309974344  
0.1007583034  
-0.6206597861  
0.2071085759  
0.002583115253  
0.592272966  
-0.09052291999  
-0.1137074454  
0.08193495553  
0.1273851214  
0.3574222542  
0.4952445188  
0.2120222078  
0.01695243602  
0.2909803164  
-0.1665510025  
-0.431585736  
-0.4044940589  
-0.6102154453  
-0.6098760305  
-0.6278288082  
0.1401965526  
0.02387170225  
-0.04745604955  
-0.3395434055  
-0.03450177658  
-0.2208898341  
-0.2434804473  
0.01955078946  
0.2333070354  
-0.3048538549  
0.2380235922  
-0.5037084965  
0.2820826248  
-0.4138500744  
-0.5705948888  
-0.2181031252  
-1.040956528  
-1.339685101  
-1.094625506  
-1.357934994  
-0.9226995837  
-0.8816160039  
-0.6447376246  
-1.048980409  
-0.9392629533  
-1.16211118  
-0.6790644286  
-0.3943708115  
-1.084641556  
-0.526686851  
-0.1244181134  
-0.9525045685  
-0.8781444121  
-1.153058768  
-1.038273514  
-0.9843577814  
-1.126739468  
-1.418473745  
-1.358704181  
-1.298967087  
-0.8505728057  
-0.9804815121  
-0.3169065787  
-0.8706261425  
-0.6052031582  
-0.5599377846  
-0.7622463035  
-0.7709568277  
-0.1154520553  
-0.289802027  
-0.7086834913  
-0.7969848527  
-0.75744523  
-0.3435021884  
-0.5124367363  
-0.8642276151  
-0.5076976394  
-0.3889136759  
-0.7513124242  
-0.008008890736  
-0.2116708763  
-0.224707404  
0.08098022777  
-0.1938658461  
-0.04416102  
-0.2824140928  
0.1729678834  
0.3168542079  
-0.00146715593  
-0.05626757014  
0.1686724021  
-0.3180615936  
-0.4279526727  
-0.4239688673  
-0.7506932888  
-0.3478044101  
-0.5523816233  
-0.2572655494  
-0.3412484541  
-0.3465272243  
-0.5463805409  
-0.2297898675  
0.2906251094  
0.03406089137  
0.07535377725  
0.173380728  
0.1549837123  
0.4304160401  
0.267621564  
-0.04842291242  
0.1790741338  
0.3074063042  
-0.2815308139  
-0.1148443107  
-0.2535504279  
0.06862784328  
-0.1649646721  
-0.320259963  
0.0241002247  
0.1237028085  
0.262456437  
0.534951728  
0.4657620999  
0.1540162052  
0.5846235749  
-0.2401085821  
0.3849610853  
0.05052626988  
-0.174903342  
0.2786665503  
-0.04137825681  
0.2383224137  
-0.224742328  
-0.02646023721  
-0.2925301958  
-0.3255789224  
-0.5880703642  
-0.8331334069  
-0.8727082938  
-0.3858362591  
-1.335590413  
-1.109868203  
-1.053144281  
-1.266230689  
-0.7686206253  
-0.8981588596  
-0.6463186161  
0.009466326257  
-0.06644715401  
-0.2251175961  
-0.152438688  
0.1928449795  
-0.2759497756  
0.01490533334  
0.05505266261  
-0.09845744461  
-0.4092421795  
-0.4068262774  
-0.3844936667  
-0.1358236753  
0.1650791484  
0.1325300461  
-0.09989307851  
-0.04005175171  
0.1892345377  
0.5512300419  
0.2709970422  
0.9050690744  
0.9527000181  
0.795164406  
0.2824630669  
0.6427623729  
0.2971799884  
-0.09864099095  
0.02830227602  
0.1665791805  
0.1351736393  
-0.009467815713  
-0.2513198546  
0.05861724565  
-0.3931056332  
-0.1295948711  
-0.2098257236  
0.1820924807  
0.1911467462  
0.1636575379  
-0.5100064031  
-0.0685623431  
-0.03795533394  
0.3185602704  
0.1547852309  
0.1981054232  
0.01823428468  
0.2101456096  
0.04223637079  
0.071496225  
-0.03371616405  
0.7490806655  
0.2931849111  
-0.0998873197  
0.2538546775  
0.6007413665  
0.6033592127  
0.7204955173  
-0.08610155233  
0.03036490114  
0.1373775313  
0.2222568381  
0.1935968556  
0.02590039148  
-0.3074848569  
-0.302882522  
-0.1467397912  
0.2341270893  
0.3680771023  
0.3011429931  
0.3941066531  
0.6464710426  
0.4772555888  
0.3835988338  
0.4363349606  
-0.07694684671  
-0.1629282068  
-0.1526132799  
-0.2017067621  
0.1033254224  
0.3466606547  
0.12994468  
0.2773815289  
0.169183934  
0.271451378  
0.2302526848  
0.08337149997  
-0.08001172329  
-0.0570199616  
0.07091599551  
0.3288246621  
-0.2766164871  
-0.2842195501  
-0.3165728585  
-0.07520430314  
-0.3365762164  
-0.4622387175  
-0.2673282916  
0.1656204816  
0.09808608683  
-0.06091479491  
0.09181144471  
-0.1562367365  
0.325839157  
-0.01094137065  
0.2063741443  
0.1041631796  
0.4302316385  
-0.1328869915  
0.03203337605  
0.3480645259  
-0.04169800709  
0.04813472823  
0.02798639462  
-0.02908546938  
-0.4514780402  
0.06642188872  
0.5455077165  
0.1257608188  
0.1523166524  
0.1151648937  
0.2384302598  
0.005117820877  
0.2765508245  
0.1979991039  
0.05657004308  
0.1366206674  
0.2534299437  
-0.156497872  
-0.2726228702  
0.2732664823  
0.382257317  
0.2094479178  
-0.1066549021  
0.3190661123  
0.3488000094  
0.07750901144  
0.4924100261  
0.3236738892  
0.6115893448  
0.6858070987  
0.2710378593  
0.822295776  
0.2626811009  
0.1402812406  
0.0185634314  
-0.16105805  
-0.3163700763  
-0.1267579602  
0.2139342327  
-0.230164578  
-0.1568838014  
0.1110736707  
0.2387514968  
0.1470310444  
0.005893591551  
0.3207508989  
0.1518544921  
0.3735687066  
0.1731254681  
0.225238428  
0.3520480602  
0.7514317605  
0.6810903455  
0.4946647017  
0.4663294387  
0.6777294517  
0.4605272878  
0.2770115945  
0.311722778  
0.337855274  
-0.1439469932  
-0.3737570054  
-0.0380806389  
-0.2220271571  
-0.3539955409  
-0.1997048417  
-0.1694234535  
-0.3509661078  
-0.7389776817  
-0.1254908184  
0.5039026884  
-0.09085523031  
0.1397417513  
0.2636706361  
0.376075306  
0.1348394619  
-0.4574844537  
-0.9784616716  
-0.9839528756  
-0.7958638595  
-1.189789797  
-1.355731139  
-0.5664030808  
-0.6738604582  
-0.9008633236  
-0.4926887321  
-0.1303404778  
0.1809034424  
0.2547088589  
0.1315676648  
0.1975819055  
0.3390728368  
-0.03682674339  
0.2969199724  
0.07873996136  
0.3821911401  
0.5716449468  
0.3668300974  
0.4727634122  
-0.01421525296  
0.2681617194  
0.4473696676  
0.6098711397  
0.4671760113  
0.1421277857  
0.2543884053  
0.09822576516  
0.9339746047  
0.5142613922  
0.2623686419  
0.4975913334  
0.1590751978  
0.2657994645  
0.3365598828  
0.6608199737  
0.5753088343  
0.6512878214  
0.1179005679  
0.1223960615  
-0.004595648182  
0.2683269638  
-0.3141178128  
0.3780080441  
-0.4515140768  
-0.2664932276  
-1.134694116  
-0.9852398743  
-0.3687165522  
-0.1038943986  
-0.1978833478  
-0.1795147758  
-0.2176561612  
-0.1520065558  
-0.3527111829  
-0.09823463275  
0.1545432522  
-0.2669952521  
-0.1375760877  
-0.1743040019  
-0.7060816688  
-0.7774056763  
-0.6617442555  
-0.1481799291  
-0.7403307742  
-0.2986528067  
-0.3194764511  
-0.426029248  
-0.2817611541  
-0.6777224967  
-0.6075911451  
-0.5810202785  
-0.005104126425  
0.2861569434  
0.4059183076  
-0.1346533105  
0.1289321628  
0.2215133573  
-0.2238266754  
0.005152999416  
-0.3402018219  
-0.2806614474  
-0.8112372364  
-0.5949139792  
-0.9930123803  
-1.121753877  
-1.009272871  
-1.142084987  
-0.9747563319  
-1.314878403  
-0.5390783899  
-0.4953323359  
0.1842322166  
0.01349430751  
0.008650715337  
0.4675818102  
0.08500606203  
0.5051655044  
-0.07993500851  
0.1403593739  
0.1149122415  
0.4913787227  
0.578284916  
0.1181348451  
0.6718097148  
0.3049700793  
0.5835504238  
0.109341993  
0.3296426034  
-0.03563273338  
0.3549517233  
0.5109626314  
0.2975158547  
0.9945977046  
0.5259127343  
0.4463879135  
0.2965743031  
0.6652087194  
0.2397298793  
0.4403196708  
0.01068041646  
-0.1312755024  
0.03229986749  
0.3942308476  
0.4445758846  
0.06148828695  
0.384037272  
0.3601349827  
0.5556914649  
0.335211393  
0.4726167209  
0.659884858  
0.4947683299  
0.5866443251  
0.4475850427  
0.2670900195  
0.6932531129  
0.5883677562  
0.398571792  
0.5494131013  
0.3423483561  
0.7018305603  
0.8804450329  
0.72020217  
0.662087811  
0.2343541463  
0.6403432007  
0.9105313321  
0.8410452317  
0.5371433564  
0.7306136601  
0.6771124542  
0.2754363938  
0.476976661  
0.3149818477  
0.4506762116  
0.07044155761  
0.2103213872  
0.2773055755  
0.525673993  
0.1463288352  
0.5016241158  
0.3191103279  
0.6765718538  
0.3578471815  
0.5783638498  
1.065666575  
0.7390594909  
0.8473339185  
0.0467350981  
0.6827256877  
0.5565507365  
0.3541031504  
0.3076297249  
0.3538307564  
0.3733316295  
0.6254342277  
-0.2135519051  
0.120481956  
0.2414096788  
0.04933684721  
-0.1140896485  
0.640160501  
0.3264717665  
0.3787303514  
0.2912033591  
-0.05625596096  
0.5990194169  
0.1814536341  
0.2379801777  
-0.1250798513  
0.4210363195  
0.2742239048  
0.1574442972  
0.1083212331  
-0.1251741226  
-0.2557374551  
-0.2600598014  
-0.1096761596  
-0.2783068887  
-0.03318359545  
-0.5829353133  
-0.5936356492  
-0.360238204  
0.2539860204  
-0.01802921517  
0.2363672423  
0.3561789154  
0.1416642621  
0.1862346398  
0.4372030039  
0.4008113326  
0.2210020532  
0.1265668603  
0.1125932286  
-0.1876593695  
0.3468037743  
0.4284632976  
-0.1892998725  
0.340367304  
0.299610832  
0.4070830195  
0.4148737383  
0.9864932116  
0.5996986215  
0.5184681601  
0.6309657483  
0.8612486575  
0.5127539005  
0.2270709575  
0.3785629711  
0.3056047602  
0.06803744809  
-0.1191739184  
0.3879428605  
0.2871238534  
0.08973527801  
0.4629934253  
-0.170043433  
0.4524097572  
0.1566142551  
0.331291277  
0.4514192927  
1.400139928  
0.7288179713  
1.185081406  
0.3744998  
0.2742353639  
0.5047970316  
-0.1474604644  
0.1063662277  
-0.08046277611  
-0.7771330135  
0.01823096703  
-0.03423052339  
-0.3235819479  
0.1235167806  
-0.01450284591  
0.08466334932  
0.2795559172  
0.1812463635  
0.6461124835  
-0.2548662133  
0.6396907596  
0.3690938661  
0.0001286956956  
0.4876003709  
0.6103817268  
0.4225549405  
-0.000995679622  
0.1940141164  
0.2331393879  
0.4514246078  
0.4727691231  
0.2669892781  
0.4350746475  
0.7030739476  
0.3054288792  
0.6415746565  
0.05022454958  
0.2505651771  
-0.01277715698  
0.3756306722  
0.003473544439  
0.06264699191  
-0.07654293001  
0.0992163052  
-0.1663359868  
-0.3563368301  
-0.06014271696  
-0.3569345751  
0.2729836039  
0.3561361833  
0.06853286182  
0.2899169967  
0.09099869122  
0.1028353958  
0.317223199  
-0.2072973919  
-0.2979589294  
0.004383494025  
0.4069826676  
0.5390941796  
0.2623574137  
0.8944854976  
0.8328420577  
0.7364221561  
0.4366349008  
0.316637956  
-0.1783275717  
0.06101967114  
0.5331082692  
0.09588699236  
0.5130943218  
-0.02122076618  
0.1541161857  
0.1175054914  
0.7295755126  
0.0313914397  
0.4313453958  
0.5109408617  
0.8100530954  
0.4160659895  
0.5252708753  
0.6818603498  
0.5532589676  
0.2391538096  
0.1304883806  
0.5788954653  
-0.01706097042  
0.2062091414  
0.4435382499  
0.6432564619  
0.3371514885  
-0.01038207198  
-0.2098268759  
-0.1569794106  
0.2671571136  
-0.2355335741  
0.3396029817  
0.1249920463  
0.6022652133  
0.5157439184  
0.1904026782  
0.2320381266  
0.4496271528  
-0.3987475544  
-0.007916427845  
-0.4219325563  
0.3442339872  
-0.05311935562  
0.4179686905  
-0.04002406969  
0.1761458145  
-0.02378308932  
0.5276418667  
0.2001827133  
-0.1679692097  
0.01728816703  
0.1132845031  
0.2784204084  
0.1869687517  
0.5309322585  
0.2994336536  
0.3304027121  
0.2389261251  
0.4309389848  
0.2404092466  
0.3469330992  
0.4513151335  
0.4044481022  
0.4421664512  
0.1555280625  
-0.09799434849  
0.4910976453  
0.01756596834  
0.2148870122  
0.4157066875  
0.3875050797  
0.4751091314  
0.1692342537  
0.09186345873  
-0.1344416311  
0.1959482289  
-0.04858956259  
0.243309326  
0.0629923036  
-0.03430909538  
0.09985225531  
0.07373171415  
-0.2954102419  
-0.03415668615  
0.1456244824  
0.3776571256  
0.2750910551  
0.3352714047  
0.3766571742  
0.3118477489  
0.2430742195  
0.08047543098  
0.05365965477  
0.3476276749  
-0.4162129015  
0.01039067539  
-0.2834377737  
-0.161330287  
0.0482254587  
-0.5146023961  
-0.1654436245  
-0.3739591561  
0.1614845798  
-0.07867854717  
-0.7080285309  
0.3264947603  
0.5728268337  
-0.0003660106414  
0.3519378803  
0.07298293508  
-0.1281199758  
-0.2368086475  
-0.01801461889  
-0.3575664108  
-0.08644419851  
-0.2525854929  
-0.01381116168  
-0.3760421862  
-0.2404768224  
-0.4030366921  
-0.2105574037  
0.2294473843  
0.125419694  
0.1040860965  
-0.4894725261  
-0.03187530551  
-0.7181436579  
0.2404345669  
0.07140698719  
-0.1682887292  
-0.1208933661  
-0.1267733043  
-0.05250187243  
-0.1736908604  
-0.2261543104  
0.1303188018  
-0.1610535782  
0.06571201647  
-0.4144390956  
-0.2188925533  
0.3586566873  
-0.1868202806  
-0.1148873301  
0.05925191137  
-0.4859513255  
-0.734092446  
-0.4817858078  
-0.3023056007  
-0.2063303692  
-0.1935691368  
-0.07011183153  
0.265440562  
0.1727211816  
0.3684800649  
-0.1989233339  
0.07908094874  
5.561104044e-05  
-0.2248422372  
-0.5933305382  
-0.4414169541  
-0.1748938489  
-0.8257570433  
0.001427416074  
-0.4659257313  
0.1649736964  
-0.1341538541  
0.1459138499  
0.05995107602  
-0.04891859157  
0.5734177854  
0.2834043054  
0.3038899438  
0.1860094788  
-0.2259527178  
-0.05127570666  
0.01842549746  
-0.1119837669  
0.2541567116  
0.08695128827  
0.3900112543  
0.4159998183  
0.3407526816  
0.1831509801  
0.3124064327  
0.1795821989  
-0.03922319231  
0.1987259613  
-0.03272392423  
0.112775929  
-0.01000682463  
0.410412037  
0.07508628755  
0.4001811779  
0.1192106272  
0.08132276296  
0.152592241  
0.1516411176  
0.3053092435  
0.1064068251  
0.4415988078  
-0.07214193185  
0.264867611  
0.04028935565  
0.2233460484  
0.3133118044  
0.4493950327  
0.06245537676  
0.1621509475  
0.193659774  
-0.1924755879  
0.06469657355  
0.03850077986  
-0.03353707384  
0.7129606817  
0.4977919768  
0.1225236787  
0.2893698549  
0.01625469271  
0.7804074592  
-0.1438422303  
-0.3408758194  
-0.3362443555  
-0.7860733506  
-0.5906910918  
-0.7547932716  
-0.3035703449  
-0.3021013696  
0.2898019258  
0.09083520969  
0.2444682248  
0.3949713366  
0.740050692  
0.3492929989  
0.08871995004  
-0.1390791969  
0.3124246877  
-0.1174408304  
0.133233432  
-0.007158100187  
-0.3706482848  
0.2314083163  
-0.08113885233  
-0.2848893051  
-0.2786095813  
-0.3049598077  
0.3337805426  
-0.1053810452  
0.07711013562  
-0.2524302673  
0.0807048078  
0.255187668  
-0.0855420766  
-0.0241503531  
-0.3584605172  
0.08337801336  
-0.5779837657  
-0.7704522353  
-1.308128536  
-1.075251498  
-1.020627921  
-1.210570146  
-0.6277200786  
-0.6777047563  
-0.4834870182  
0.008386174714  
-0.5236695191  
-0.6392856663  
-0.1166456642  
-0.6414242291  
-0.484017635  
-0.4714789155  
0.05515247032  
-0.09671451591  
0.148467333  
-0.2020598878  
-0.03030635423  
-0.1707772358  
0.1068515062  
0.3692548394  
0.1039573218  
0.3631920982  
0.1317945014  
0.13791575  
0.5367928394  
0.2507433391  
0.1870694972  
0.2414464492  
-0.07393200171  
0.5260900745  
-0.1528442267  
0.3807464375  
0.2486794373  
0.5358905469  
0.3831261048  
0.544386267  
0.07486652449  
0.4202274606  
0.3800078694  
-0.07179395455  
-0.3922337795  
-0.3635897104  
-0.3422236279  
-0.3669525581  
-0.2220721595  
-0.1078992966  
0.1353768637  
-0.302533816  
0.1544646538  
0.3670360186  
0.2471521322  
0.6099105986  
0.4250870142  
-0.5683204579  
0.1231895319  
-0.4945511201  
0.3087318801  
0.3113022792  
0.5453506686  
0.1558837777  
0.9904417694  
0.6193757379  
0.6900140485  
0.6726938729  
0.7971441208  
1.155655282  
0.798993976  
0.5251631466  
0.09760509653  
0.3157880334  
0.6165334645  
0.4633895141  
0.9012247629  
0.4903775494  
0.7149084178  
0.9186917278  
0.6493466527  
0.9076564256  
0.8583005156  
0.8520273902  
0.623964382  
0.3499102932  
0.1371480744  
-0.1630387717  
-0.07550786763  
-0.1725069039  
0.495924033  
0.1324211578  
0.2453061205  
0.709590427  
0.872585055  
0.8058473746  
0.4069815685  
0.8004101586  
0.2642337601  
0.5246943682  
-0.1317987781  
-0.81816511  
-0.7662193532  
-0.9989670699  
-0.8327383412  
-1.231584246  
-0.6450270742  
-0.4635650658  
-0.4254399763  
-0.537465472  
-0.6573650432  
-0.3881153868  
-0.2313247568  
-0.3606006541  
-0.7691727368  
-0.6913189281  
-0.8966370809  
-0.6036539203  
-0.6848746723  
-0.717691026  
-0.05696688903  
-0.4292200442  
-0.3720552822  
0.129289394  
0.001475167967  
-0.3468527155  
-0.3035594977  
-0.2778661217  
-0.2921257453  
0.3439816059  
-0.1416980747  
-0.05858687029  
0.1153265784  
-0.06698102215  
-0.1617108865  
0.2194459153  
0.2939992651  
-0.5737579545  
-0.5528011641  
-0.5694034004  
-1.003108494  
-0.8455678939  
-0.8208262736  
-0.6965145355  
-0.6903754062  
-0.4198037089  
-0.7388026384  
-0.431770446  
-0.3004862726  
-0.1044197281  
-0.353477078  
0.2094171104  
0.2133776382  
-0.2390189012  
-0.2377090362  
-0.4460024376  
-0.7987931858  
-0.6393693113  
-0.5695245798  
-0.5890203594  
-1.003648525  
-0.3953437797  
-1.14877583  
-1.216411332  
-1.059760055  
-0.9363059463  
-1.160645055  
-0.7384416661  
0.2472131679  
-0.9131377582  
-0.6686961882  
-0.4878612884  
-0.574388242  
-0.1775439385  
-0.4204773537  
-0.5102505974  
-0.501981133  
-0.1563393426  
0.04957727088  
-0.3687343778  
-0.7109846855  
-0.5321557075  
-0.6071443935  
-0.01163528012  
-0.1369999723  
0.1033887716  
-0.2565286673  
-0.544814298  
-0.9427537935  
-0.9301302368  
-1.055251303  
-0.8801652448  
-0.8147276983  
-1.282310449  
-1.47728388  
-1.498350326  
-1.451017799  
-1.692343591  
-1.638318363  
-1.017192829  
-0.5570527676  
-0.9623479124  
-0.7343300988  
-0.5940494307  
-0.8212868683  
-0.4103626877  
-0.2117669636  
-0.3295061348  
-0.4087482352  
-0.7419738419  
-0.438495223  
-0.2550195842  
-0.4622387116  
-0.316599417  
-0.2875018908  
0.1852773754  
-0.1341757235  
0.2776623209  
0.9979131255  
0.565565283  
0.4082719424  
0.2490420778  
1.095013602  
0.9528713076  
1.076325598  
0.6625523204  
0.7739209974  
-0.2168259882  
0.3188362497  
0.545150068  
0.5441966037  
0.1924176066  
0.497725054  
0.5411740499  
-0.1466656346  
-0.0473959104  
-0.321634739  
-0.4284376246  
-0.5624565793  
0.09278987424  
0.005849613828  
0.6447464871  
0.009179794207  
0.3093592583  
0.2087162429  
-0.2703789389  
0.1411625021  
-0.1847880351  
0.1695884428  
0.2338555338  
0.4064167537  
-0.1335702226  
0.1179882725  
0.03778179521  
0.5456283149  
0.07255549945  
0.6522997191  
0.8171748487  
0.2543195621  
0.3546867657  
0.2158283468  
0.5171091203  
-0.05244106684  
-0.2283355822  
-0.8846006774  
-0.3446348532  
-0.2236093635  
0.2883531498  
-0.233659116  
0.03020633187  
0.1643819294  
0.9570779274  
-0.3500855284  
0.2037479007  
0.9455502775  
0.4493657312  
0.2003961188  
-0.4140921843  
-0.05098083781  
-0.02062263385  
