1.150586666  
0.511426023  
0.6165493983  
0.1752221332  
0.2996950408  
0.3762556416  
0.3480859955  
0.554333247  
0.5347559065  
0.5466578474  
0.3962116837  
0.3102051269  
0.7226124783  
0.6216427423  
0.7537226371  
0.6796564891  
0.5352558985  
0.5677145125  
0.02918412745  
0.1821257885  
-0.4195054277  
-0.1399622998  
0.06702948865  
0.1941015911  
-0.2635894634  
0.3096384364  
0.2500683614  
-0.2444884346  
-0.09701875443  
-0.1393696301  
-0.5438444115  
-0.5750210911  
-0.5005087791  
-0.2766515631  
-0.1347347506  
-0.3626068196  
-0.272761866  
-0.08483840221  
-0.181626193  
-0.4756037031  
-0.01346397592  
-0.1418215762  
0.3469660022  
0.2693078762  
0.8264367859  
0.4080266063  
0.6075769088  
-0.181467302  
0.04935578732  
-0.3371967633  
-0.1737076818  
-0.6975239773  
-0.5920935329  
-0.4786109678  
-0.1978122815  
-0.4117672236  
0.09072024426  
-0.09945474405  
0.2345611525  
-0.6981061384  
-0.4380901913  
-0.03970189678  
0.3559173573  
0.4285175927  
0.5185451198  
0.4912202275  
0.7730755372  
0.4761516188  
0.4637145545  
0.1130987301  
0.1774102018  
-0.6500420541  
-0.3545215716  
-0.3210232447  
-0.1924707425  
-0.2328291899  
-0.2311562226  
0.4254132873  
0.6378801081  
0.621062218  
0.438341119  
0.4250695951  
0.3723677234  
-0.499905988  
-0.2730798263  
-0.4378811297  
-0.5671957455  
-0.2808267643  
-0.2855276711  
-0.5739905229  
-0.2003140956  
0.09337879864  
0.206482909  
0.132256685  
0.3290934542  
0.1597265724  
0.4593012555  
0.2931227389  
0.8066063601  
0.4602390141  
0.1586650641  
-0.3820047724  
-0.5717682574  
-0.8891976479  
-0.2610777937  
-0.6217453533  
-1.108487553  
-0.6784886578  
-0.9156683568  
-0.7189399252  
-0.3913870638  
0.3537857853  
0.4716064107  
0.304229907  
0.6925275303  
0.4144628244  
0.3131781617  
0.4172895083  
-0.1749813473  
-0.5141003032  
-0.56026193  
-0.5077159389  
-0.2765260613  
-0.7480376211  
-0.3484898452  
-0.4777089788  
-0.4425476888  
-0.3890673888  
-0.163473207  
-0.6025727695  
-0.1115811007  
-0.6144198581  
-0.321661105  
0.0854121252  
-0.08199792764  
-0.2320453578  
0.3850124278  
0.5360501267  
0.8251212021  
0.8719786224  
0.6941056527  
0.4704707548  
0.6450997549  
0.3303291326  
-0.5164143348  
-0.4842434085  
-0.7155425158  
-0.3971557388  
-0.5634424246  
-0.31402205  
-0.4651497084  
-0.1592402758  
-0.7442040155  
-0.370182054  
-0.946687918  
-0.7121408707  
-0.9993136559  
-0.4828913665  
-1.280525403  
-0.7422022826  
-0.6942484488  
-0.7280188958  
-0.4241636626  
-0.09799590285  
-0.1960271689  
0.6748275564  
0.7510357252  
0.8305419639  
0.4165722185  
0.1727973772  
0.1573465737  
0.1609768958  
-0.4456738633  
-0.2071518287  
-0.8261646286  
-0.6412728347  
-0.4021360174  
-0.05430570775  
0.1265774505  
-0.01697156766  
0.3506100524  
0.7725093119  
0.4166672851  
0.3070748592  
-0.1525816765  
-0.2302524384  
-0.517029124  
-0.847560721  
-1.041304063  
-1.02982997  
-0.9799132741  
-0.8187867905  
-1.081783873  
-0.6632297165  
-0.2904974889  
-0.1447000269  
0.4046460238  
0.8324320177  
0.7800326598  
1.439815544  
1.206099407  
1.670427436  
1.632973132  
1.415830591  
1.322789033  
1.26606163  
1.306073727  
0.2963064489  
0.3967282719  
0.2379126972  
0.6683605315  
0.1421603795  
0.8820263193  
0.7881626471  
0.9540662919  
0.8734203624  
0.5575115221  
0.2418503314  
-0.2017256502  
-0.1309795202  
-0.7293671984  
-0.5879428891  
-0.3739202058  
-0.8087286892  
-0.8526296626  
-0.6318584659  
-0.8854506227  
-0.4565530878  
-0.3888238702  
0.003982766043  
0.08071036201  
-0.0252278356  
0.1494896036  
0.006940725278  
-0.3236711267  
-0.2507232092  
-0.01370247457  
0.07066239894  
0.2737544091  
1.013407531  
1.102333082  
1.781220178  
1.675868267  
1.972262368  
0.9971054384  
1.123106341  
0.1443840506  
-0.3122920388  
-0.2986026002  
-0.4491410755  
-0.7494612235  
-0.7340665832  
-1.156166408  
-0.9221175511  
-0.2767341729  
-0.100755565  
0.2621836334  
0.6597622252  
0.6373252997  
0.6615942525  
0.5487840446  
0.2634577225  
-0.09584083961  
0.2504682523  
-0.6795840177  
-0.787266147  
-1.127283225  
-1.09102955  
-0.6562414982  
-0.7540741005  
-0.9310014235  
-0.5627866968  
-0.4933824149  
-0.197561795  
-0.7331639473  
-0.9048841209  
-0.3999288785  
-0.7579980714  
-0.6131850521  
-0.8024205485  
-0.1038680899  
-0.2894832018  
0.0573237296  
-0.2432648693  
-0.01826796443  
-0.1869450257  
-0.1640810897  
-0.05711101066  
0.8878044299  
0.6810330907  
1.017487257  
1.168198294  
0.8956628171  
1.381638751  
1.004455118  
1.007942268  
0.360865342  
-0.08831470777  
-0.1391616516  
-0.3067874889  
-0.1658508896  
0.003717853501  
-0.1198895042  
-0.1788951917  
0.197553286  
0.2016318572  
0.093043223  
-0.3094093676  
-0.6577619881  
-0.6629168463  
-0.4655996779  
-0.4548146764  
-0.4289320801  
-0.2305692331  
0.256633452  
0.1758080709  
0.631471901  
0.6236976812  
0.8993817831  
1.017606787  
0.7695887062  
0.458172575  
0.7237732512  
1.005037342  
0.8535532805  
0.9183854743  
0.9486499517  
1.542537605  
1.716333616  
1.517376774  
1.384036285  
0.6616863982  
1.075822042  
0.397782311  
1.223898749  
0.7277484176  
0.8890601527  
0.4839296914  
0.8366821762  
0.002389130747  
0.05811925592  
-0.6323286548  
-0.5417923856  
-0.3557992521  
-0.3126867115  
0.2883973374  
-0.2505440335  
0.136095317  
-0.007416772991  
0.3902720862  
0.233518888  
0.6629289796  
0.2661801826  
-0.4576411669  
-0.7076286643  
-0.49373623  
-1.2961833  
-0.7843867907  
-1.271267636  
-0.7605810569  
-0.4185419689  
-0.2439184647  
-0.2983801763  
0.01962342125  
0.2018043282  
-0.1465830905  
0.1360666991  
-0.4048358108  
-0.5170232271  
-0.3056188667  
-0.4505349877  
0.2530811711  
0.3524452795  
0.9229080939  
1.071097903  
0.7350063439  
1.310654492  
0.903685085  
0.5607949149  
-0.1275554858  
-0.3693884984  
-0.005566801452  
-0.2159224128  
0.245271799  
-0.174800695  
0.0382450939  
-0.03879250614  
-0.1597397597  
0.2701823385  
0.338388689  
0.08386950441  
0.2965425736  
-0.145199937  
-0.2277956408  
-0.5334217124  
-0.3110005317  
-0.7256262133  
-0.7892439621  
-0.9227936359  
-1.089366126  
-1.194261929  
-1.090984156  
-1.277431993  
-1.235535877  
-0.7856039525  
-0.693130996  
-0.2452537076  
-0.1576093049  
-0.4122846341  
-0.3487159834  
-0.5980421526  
-0.3346554834  
0.02463683946  
0.5747540728  
0.08318019937  
0.1861966458  
0.262144196  
0.1181842739  
0.5285482914  
0.233218165  
0.3035823382  
-0.07735746286  
0.5351729661  
0.4327361327  
1.166390055  
0.9867447331  
0.7871910951  
0.6613272889  
0.3824767015  
-0.1373049754  
-0.5701809273  
-0.7008330562  
-0.6049965014  
-0.4706372691  
-0.4726978568  
-0.4698694179  
-0.6854861457  
-0.07352593255  
0.7747712257  
1.24448576  
2.167568374  
2.149492373  
1.593218134  
1.226550833  
1.128789982  
0.3402587873  
0.245785577  
-0.7751636729  
-1.378876912  
-1.872856161  
-1.980394004  
-2.258824096  
-2.557144392  
-2.166854024  
-1.668619634  
-1.693856293  
-1.609678091  
-1.643394641  
-1.491226103  
-1.499604057  
-1.945427668  
-1.296660429  
-1.352928605  
-1.441364111  
-0.9052412397  
-0.5204379678  
-0.3779862457  
0.7066668829  
0.6431506483  
0.9948746116  
0.600598238  
0.7377321913  
0.8264532545  
0.1794817222  
0.6834496779  
0.7690734358  
1.246553159  
1.83449161  
1.626562815  
1.526391972  
1.244520282  
1.152497539  
0.6489678394  
0.9654663081  
0.5960006776  
0.6207403148  
0.6303946636  
0.8776027773  
0.6186094774  
1.516824875  
0.9866913809  
1.123315892  
0.3708162898  
0.8838013631  
1.214355367  
1.252259226  
1.622916288  
1.676896939  
0.8625878534  
0.8275885633  
0.1150506343  
0.1456182182  
-0.4354936909  
-0.5699878149  
-0.9212856953  
-1.275241882  
-1.425356493  
-1.504418931  
-1.546734599  
-1.125946724  
-1.220929469  
-0.628856371  
-0.4711910859  
-0.3242922647  
-0.7824679321  
-0.1373840576  
-0.8160151885  
-0.8703173809  
-1.217578654  
-1.01371037  
-0.6400646501  
-0.6903789847  
-0.9885620724  
-0.4589202833  
-0.1470660309  
-0.4977386097  
0.1319109787  
0.3531209173  
0.6477659392  
0.9958469755  
0.798017875  
0.5849406402  
-0.1570850936  
-0.2514447181  
-0.6767077699  
-0.2253396016  
-0.08310628482  
-0.3893317673  
-0.4559342527  
-0.3595764371  
-0.1592152972  
-0.2754541649  
-0.3467725042  
-0.4654808187  
-0.3008176355  
-0.3937528554  
0.2019252624  
0.3137497323  
0.6841194378  
0.9310305058  
0.5325458939  
0.1676120623  
0.2209704929  
-0.1383809291  
-0.3168801345  
0.1522932741  
-0.3583671052  
0.004386591834  
-0.3512463697  
-0.5971281461  
-0.842396054  
-0.4929736416  
-0.1625101806  
-0.02391854521  
-0.305804342  
0.2108688867  
0.943488345  
0.1629520424  
0.1395070397  
0.4916017105  
0.1567460496  
0.2288976102  
0.1203276353  
-0.02175113099  
0.39139528  
0.7487934358  
1.59914905  
1.458409131  
1.614158361  
1.212307428  
0.6189587939  
0.3099331757  
-0.2370698801  
-0.4042239873  
-0.8801513919  
-0.8228727284  
-1.134210705  
-0.775425295  
-1.171232171  
-0.8766066058  
-0.8689581057  
-0.4451226521  
-0.5063227388  
0.05179303638  
-0.4914422706  
-0.6463022774  
-0.8325423236  
-0.6879442029  
-0.4786910548  
-0.3937535825  
0.7296126141  
0.4149163882  
0.5322972296  
0.1865219773  
0.09821195897  
-0.3457701172  
-0.3928629517  
-0.8168627253  
-0.9957123865  
-0.1409463648  
-0.2917443998  
0.4058696281  
0.3603597527  
0.4520590599  
0.4691131636  
0.7394238129  
0.232730584  
0.6087868977  
0.2162728195  
0.2970736707  
0.06675274062  
-0.1631780973  
-0.2676054126  
-0.5650047337  
0.1277269491  
-0.200646577  
0.1882712324  
0.1711556463  
0.7869492654  
0.5980639419  
0.2339805737  
0.1110625302  
-0.1720151298  
-0.2114311223  
-0.4897410975  
0.1835649606  
0.7239960902  
0.920382359  
1.045964474  
0.820685537  
1.492156065  
0.5372241099  
0.9187379327  
0.6682741114  
1.038827595  
0.509577838  
0.5538243424  
-0.05152249216  
0.422527075  
-0.1647733138  
-0.2727355846  
-0.562776866  
-0.202958883  
-0.8547213825  
-0.6409747125  
-0.4091873544  
-0.6051273016  
-0.8145154419  
-1.087989373  
-0.3391507411  
-0.8498356552  
-0.676002208  
-0.5560426209  
-0.4468029698  
-0.5749620339  
-0.6011116857  
-0.5713997854  
-0.5574508156  
-0.2478389469  
-0.01976046803  
-0.004850558023  
-0.3857431773  
-0.2913980654  
-0.7498105103  
-0.7800085649  
-0.8483647487  
-0.4727164154  
-0.14086749  
-0.03889029099  
0.5358721602  
0.3725495923  
-0.1145087594  
-0.3842809546  
-0.3474023361  
-0.8647072095  
-0.9677035346  
-0.8724956121  
-0.8175149871  
-0.7964068728  
-0.5300249983  
-0.4066188119  
-0.1582856054  
0.3073923905  
0.7456050509  
0.3967882755  
0.289008336  
-0.2220431486  
-0.3844241563  
-0.6921547983  
-0.6804264384  
-0.4501111654  
-1.018195934  
-1.03986613  
-0.9119863852  
-1.178729196  
-1.011113961  
-1.094952446  
-1.081053494  
-0.644127526  
-0.6655992596  
-0.4080166286  
-0.6358256954  
-1.183515543  
-0.9871774982  
-0.9149146523  
-0.4163871404  
-0.08355300574  
0.1874495549  
0.3640367444  
0.2897371727  
0.1780129176  
0.4681511467  
0.4043544973  
-0.0624868172  
-0.24344166  
-0.5816741079  
-0.995657722  
-0.8541506021  
-0.8213561305  
-1.16069467  
-0.7693762591  
-0.4106582705  
-0.5698729744  
-0.3671165555  
0.1100499477  
-0.3103585234  
-0.06225882556  
-0.1039954713  
-0.03671141785  
-0.03011824465  
-0.6128028135  
-0.4557755661  
-0.4539971456  
-0.282116485  
-0.2646620591  
-0.2885266745  
0.1689648774  
0.3550516022  
0.4133230854  
0.1730474929  
-0.1344827607  
-0.16396573  
-0.001073168794  
-0.3740732443  
-0.2015768891  
-0.0279539958  
0.4205125604  
0.14991905  
0.07156586763  
-0.2900503052  
-0.374890308  
-0.1056343668  
-0.7787650192  
-0.813117435  
-0.5237129985  
-0.1246244038  
0.1055861842  
0.1346130334  
0.2456884161  
0.1443925567  
0.1112277489  
0.2607574908  
0.2856701505  
0.326433241  
-0.1302361133  
-0.1877338597  
-0.356907979  
0.3915979176  
0.2024976446  
-0.2766965589  
0.3192496903  
-0.373917455  
0.3476234894  
0.7763965193  
1.518523362  
0.986418471  
1.377225327  
1.025596499  
0.8277807435  
0.1677361955  
-0.007993338204  
0.119948568  
-0.2249708899  
-0.4725891402  
-0.2970435067  
-0.6461338772  
-0.3689604055  
-0.07766504505  
-0.1967397374  
-0.3816652952  
-0.1886006164  
-0.6295298292  
-0.08354070641  
-0.4470553478  
-0.2657517607  
0.4169577842  
0.2543765174  
0.5997423361  
0.8146599579  
1.512573353  
1.212128451  
0.835436414  
0.4786698655  
0.4652281493  
0.08190955914  
-0.3286036459  
-0.543090656  
-0.2571154174  
-0.187557498  
-0.5434777086  
-0.6686031464  
-0.4773278291  
-0.8052960266  
-0.529815372  
-0.2452812872  
0.07122658442  
0.6109163796  
0.687066823  
0.9667738825  
0.6789029923  
0.4401342564  
-0.1694047562  
0.05205101944  
-0.3289757694  
-0.138966724  
-0.4728186366  
-0.4377462076  
-0.211720395  
-0.958238675  
-0.7091554526  
-0.3618951567  
-0.8470686437  
-0.6363892925  
-0.3455550489  
-0.3088403048  
0.4566819765  
0.4095423915  
0.4600621875  
1.233652635  
0.8096054928  
0.7974449104  
0.5372154801  
0.7518863146  
0.7855979936  
0.921617815  
1.222477634  
0.8785018249  
0.6235066949  
0.6462705711  
0.4663127513  
0.02909227137  
-0.3203226088  
-0.07207911697  
0.3534811418  
0.1472448186  
-0.02998371599  
-0.2614927358  
0.1808808665  
0.4888653985  
1.036209968  
0.740428235  
0.3367052056  
0.4592029366  
0.2470661544  
-0.04632237013  
-0.09679011046  
-0.0303703402  
-0.5114191131  
-0.07339025174  
-0.4056985135  
-0.4022443536  
-0.8154289323  
-0.7123407913  
-1.031193026  
-0.4154820504  
-0.3399027019  
-0.3879925337  
0.2564248633  
0.5742757021  
0.8567178928  
1.589200192  
1.152247482  
1.052107577  
0.7540165456  
0.4004279288  
0.6861045913  
0.031925727  
-0.2029583034  
-0.1757967843  
-0.1866988227  
0.1455421243  
-0.5864220457  
-0.2101351314  
0.2090404292  
0.3167176729  
0.3282844594  
0.2202315129  
-0.007865564071  
0.3524864801  
0.1281873753  
-0.1400483307  
-0.4345449394  
-0.854371664  
-0.833145695  
-0.5716956373  
-0.8007563161  
-0.9979058628  
-1.150989878  
-0.2914595538  
-0.0410449364  
-0.5687913118  
-0.3604710309  
-0.105807654  
-0.160314342  
0.5132889001  
0.4533920839  
1.006792742  
1.345241283  
1.289919315  
1.139999976  
0.6466475202  
0.2027306739  
-0.2063002189  
0.04511954968  
0.1742283922  
0.04477404819  
0.06400943686  
0.3586913037  
0.1104050136  
0.07290613187  
-0.1500482236  
-0.1643173767  
-0.5038244568  
-0.5716566775  
-0.2920998208  
-0.5523446852  
-0.856914854  
-0.6663838196  
-0.5126344125  
0.4681201103  
-0.01952446188  
-0.05143776747  
0.008770599761  
0.3028221586  
0.16092763  
0.2518561482  
0.4962047577  
0.6100416662  
1.07565443  
0.9327603642  
1.489127918  
1.053697983  
0.7770070796  
0.738613594  
0.9569803644  
0.2188831359  
0.2496318656  
0.08803738092  
-0.2709507824  
-0.6041086414  
-0.7383430206  
-0.3993400779  
-0.700419703  
-0.5534766826  
-0.8289137165  
-0.2812917276  
-0.3992759816  
0.009018914977  
0.6608636963  
0.7792745915  
1.03313354  
2.198938391  
1.872817219  
1.178386373  
1.226686539  
1.09461413  
0.8050585151  
0.1863686835  
0.2005237939  
-0.3592347954  
-0.2704585968  
-0.7170437103  
-1.483498031  
-1.019455262  
-0.8546164612  
-0.87798907  
-0.6609101351  
-1.216007993  
-0.9968558918  
-0.7857239256  
-0.5889918402  
-0.4141241651  
-0.1990422486  
-0.06401442241  
0.3067341585  
0.3861139687  
0.8412454892  
0.808724365  
0.5956698965  
0.2639756579  
0.39248364  
0.4992092118  
0.571325458  
0.5270847693  
0.5079883257  
0.3292167324  
0.02098022559  
-0.04156893475  
-0.2401413052  
0.05512272479  
-0.2962011216  
-0.08678261071  
0.0418091096  
0.2839102045  
0.06318555533  
-0.2274434758  
-0.3292477243  
-0.4437807628  
-0.7013066552  
-0.3102953678  
-0.3247462651  
-0.1266193698  
0.06546178652  
0.1085553785  
0.1295919953  
0.5048858218  
0.4535593079  
0.8729306829  
0.7945075744  
0.8679765771  
0.5798418141  
0.3995785831  
0.1801443131  
0.227994772  
0.4261999696  
0.5907112102  
-0.03342921057  
-0.04589496283  
-0.2090575327  
-0.2592065713  
-0.02978038658  
0.1250666181  
0.1290740914  
-0.06810876379  
-0.2590088072  
-0.2288008222  
-0.3618461547  
0.06834785221  
0.4645664015  
0.4590621455  
1.035796065  
0.7889018072  
1.245130945  
1.034209468  
0.9339850045  
0.6786401518  
0.1850999662  
0.1174053122  
-0.03754746521  
-0.2212658802  
-0.2614219516  
-0.01025260886  
-0.145546424  
-0.1212541576  
0.03206078594  
-0.1532311899  
-0.1697136979  
0.2021732087  
-0.2517849624  
-0.1600987782  
-0.317032104  
-0.872100972  
-0.7223226167  
-0.6902255728  
0.01247421177  
0.0209400857  
0.03939074316  
0.3081523396  
0.0922142476  
0.7240494303  
1.276045239  
1.146820003  
1.135443522  
1.988717433  
2.483097524  
1.992008963  
1.553757838  
0.9317874914  
0.402488267  
0.3059991561  
0.3618632409  
0.1129292173  
-0.01221042728  
-0.2747490682  
-0.3240416952  
-0.6552539952  
-0.1559955342  
0.2518487442  
-1.108553474  
-0.968850796  
-0.6459519886  
-0.7523568159  
-0.3337853342  
-0.2467294955  
-0.02313868213  
0.01283083195  
-0.01366146009  
-0.5217149329  
-0.7111356569  
-0.9432768998  
-1.124470706  
-0.8714646209  
-0.5665851132  
-0.4887923474  
-0.7204980584  
-0.2759029431  
-0.6094836818  
-0.4617244984  
-0.06082283506  
0.1882559313  
0.313664712  
0.4525927571  
0.3065653455  
0.6781959103  
0.9951520634  
1.245480784  
1.037284931  
1.242245573  
1.516964514  
1.334983888  
1.093104785  
1.229602031  
1.206716932  
1.111261329  
0.7853942274  
0.4717168026  
0.5860950603  
1.114611552  
1.549058762  
1.290054696  
1.224485315  
1.504142307  
1.301154662  
1.233027302  
1.545035103  
1.643817288  
0.8580720606  
0.5702611912  
-0.03035681813  
-0.5156955198  
-1.018414878  
-1.444426852  
-1.744408772  
-1.97979873  
-1.952070102  
-2.244013336  
-2.387520395  
-2.391448093  
-2.328357776  
-1.98514398  
-2.147691627  
-2.009035293  
-1.969024182  
-1.859680106  
-2.025228187  
-2.069875812  
-1.557993792  
-1.624744272  
-1.38898011  
-1.392943392  
-0.8381337265  
-0.6997340007  
-0.5651471602  
-0.3276665365  
-0.3410999893  
0.341680646  
0.831323592  
0.829788718  
0.885784949  
0.6688082132  
0.2810942116  
0.5264030221  
0.2994558163  
0.1785221261  
0.1018600744  
0.2568409882  
0.8113517214  
0.1716083876  
0.2873168128  
0.3140224922  
