0.1697623523  
-0.2225861968  
0.01694514236  
-0.400812215  
-0.01394524619  
0.3970363174  
-0.1704789747  
0.007766358247  
-0.01186666799  
0.0635991422  
-0.3364407554  
0.4849324222  
0.340889559  
-0.08751636884  
-0.4490124469  
-0.3363275486  
-0.1624512639  
0.264868845  
-0.1993689112  
-0.4656781532  
-0.2466346696  
-0.4812387695  
-0.7554553467  
-1.092060833  
-0.5190628662  
-0.7253852432  
-0.639350558  
-0.7601952654  
-0.8532767668  
-1.082617716  
-0.842142579  
-0.7310500824  
-0.835396459  
-0.9643864026  
-0.8111757118  
-0.8391067089  
-0.7784490551  
-0.7087140382  
-0.2512346502  
-0.9416739653  
-0.4930674797  
-0.1494025253  
0.1315564044  
0.01306505086  
0.1410896173  
0.02680507299  
0.4389947629  
-0.2468800324  
0.1444450262  
-0.001559628457  
-0.5323598251  
-0.9449235172  
-0.3982799118  
-0.3513009902  
-0.03490636472  
0.02735311798  
0.488421715  
0.4551906889  
0.8800007428  
0.0326477884  
0.1080167327  
-0.330729659  
-0.4884539029  
-0.725026507  
-0.9309999644  
-0.8935983145  
-0.001733722502  
-0.6930623881  
-0.2650729802  
-0.2744210811  
0.3469840625  
0.09631543852  
0.1627800708  
0.2852216555  
0.4478192684  
0.3099284872  
-0.1069364969  
-0.06479666659  
-0.1699608973  
0.06156057995  
-0.481561762  
-0.1553571948  
0.7473969544  
0.3850907466  
-0.1614351505  
-0.8316925196  
-0.6160875417  
-0.8803200489  
-1.361843489  
-0.9112577986  
-0.467596681  
-0.2676974557  
-0.3344230749  
0.2889976482  
-0.03012162816  
0.04934520132  
0.2099475722  
0.4966444135  
0.7147196571  
0.3344819348  
-0.05527551329  
0.3465958926  
0.6215181939  
0.07287815376  
0.2452577675  
-0.04840994488  
-0.4013176312  
0.08650345332  
-0.5712462104  
-0.4032590989  
-0.2566326904  
0.1594023012  
0.3576401482  
0.6790653595  
0.534866927  
-0.01670781788  
-0.2938334879  
-0.9573397604  
-0.9497934192  
-1.363162701  
-1.731351524  
-1.00623673  
-1.055887092  
-1.090848842  
-1.118874343  
-0.475735415  
-0.03984041094  
0.1360359105  
0.2823343789  
-0.253479488  
-0.5859933349  
-0.6077575987  
-0.5023547514  
-0.5932857674  
-0.1180206222  
-0.7932299979  
-0.4744980242  
0.05612975421  
0.2879267897  
0.4417269219  
0.61562943  
0.8600219591  
0.9654547191  
0.547234972  
0.1088706404  
0.1798407496  
-0.6383849776  
-0.1628998689  
-0.6778806271  
-0.6406207158  
-0.720659529  
-0.4011809338  
-1.333347343  
-1.167798903  
-0.8893646126  
-0.9869301495  
-1.18334519  
-1.175536587  
-1.540173365  
-1.34718704  
-1.228336287  
-1.431802255  
-1.322328172  
-0.7777386993  
-0.7928210125  
0.09803818562  
-0.402300966  
0.4344555555  
-0.1752683078  
0.423806637  
0.433710359  
0.5205438086  
-0.3307442052  
0.3299985453  
0.1092734761  
-0.6277042831  
0.04725419934  
-0.009264797667  
0.2974473464  
0.06026337465  
-0.0243291448  
0.2482995038  
0.2583005119  
-0.1392503769  
-0.4457169827  
-0.1735522394  
-0.7368020049  
-1.090957709  
-0.6986905751  
-1.030435002  
-0.8975944379  
-0.7775709855  
-1.01944149  
-0.7076303961  
-0.3739655411  
-0.7719006583  
-0.6917896541  
0.01802907379  
-0.3888980855  
-0.4411250327  
-0.7394752285  
-0.3655362822  
-0.06874934097  
-0.3388008742  
-0.01074705791  
-0.1612146183  
0.3854192597  
0.04334498424  
0.4759899768  
0.4036230503  
0.9162654911  
0.5666306476  
0.4925477174  
0.2107796118  
0.170368376  
-0.2145096555  
-0.5603072313  
-0.5285103828  
-0.7422036531  
-0.2002823992  
-0.5306614674  
-0.0966456973  
0.4898216646  
-0.262019013  
0.3814938799  
-0.006853428787  
0.05421670904  
-0.1401297821  
-0.5382122951  
-0.9110787719  
-0.419188223  
-1.049617921  
-0.8519438073  
-0.514334959  
-0.4708668828  
-0.6474960153  
-0.8180957179  
-0.5056435406  
-0.2054628884  
0.05998184771  
0.076583353  
0.3854993785  
0.3807556651  
0.8274576563  
0.1873515659  
0.5609412541  
-0.1664903706  
0.3560457294  
-0.2581488544  
-0.3642310043  
0.1093539735  
-0.3068636226  
0.3447723128  
0.5769751869  
0.3747919231  
0.7384138232  
0.05002022753  
0.7685784078  
-0.001946945531  
-0.1013089439  
-0.05944989496  
-0.2912754757  
-0.7777988222  
-1.054118738  
-0.982243393  
-1.081882034  
-0.7093395243  
-1.330088121  
-1.170834245  
-0.7788306336  
-1.094098564  
-0.9381331485  
-0.4306629625  
-0.2994504335  
-0.2986390465  
0.02462240906  
1.075002584  
0.918761397  
0.80211239  
0.542141706  
0.6974390013  
1.11645793  
1.148259637  
0.583535866  
0.6910116923  
-0.05302224287  
0.4730898204  
0.3996313643  
0.8007613227  
0.6106791198  
0.1582168626  
0.7076090881  
0.7378907596  
0.9784439807  
1.07446236  
1.401248596  
1.342196059  
0.969188413  
1.138008486  
0.3891472754  
0.3285094129  
0.3406804723  
0.3803514282  
0.8941834826  
0.3905362769  
0.5194548337  
-0.09590027345  
-0.4282457346  
-0.3183408288  
-0.8597872926  
-0.9854357363  
-1.348162994  
-0.6465663674  
-0.3165198255  
0.05931755958  
-0.4176985586  
-0.2204838681  
0.3089238437  
0.543847902  
0.009790052334  
-0.1043311072  
0.3500865282  
0.4783378466  
1.003270583  
0.7486257302  
0.9218452053  
0.849537983  
0.7977042823  
0.8113051443  
1.088742928  
0.4746755045  
0.3261309803  
0.5586050889  
-0.2121072516  
0.3194316281  
0.1523565172  
0.2302466002  
0.5496582065  
0.8821971454  
0.3236360458  
0.389872764  
-0.04996174774  
-0.08407718703  
0.2346792955  
0.1594814519  
-0.1987663785  
-0.1334494746  
-0.188575169  
-0.8591897555  
-0.3717176876  
-0.1571341393  
0.0112868447  
0.3633295681  
0.4994605997  
0.7352872246  
0.3967237092  
-0.05119464904  
0.0174712523  
-0.5271279139  
-0.08107299544  
-0.2516999587  
-0.09625224565  
-0.1805349323  
0.3811723212  
0.8233158814  
0.488579872  
0.4182332763  
0.3696488853  
-0.04024638188  
0.2913728484  
-0.04888345643  
0.4110127042  
0.7706311028  
0.5944832184  
0.3522216451  
0.3059700802  
0.7447390255  
0.1595772475  
0.3875386058  
-0.05106010937  
-0.5197003353  
0.08060205384  
-0.09049495488  
0.1206224159  
-0.2253192674  
0.6608609301  
0.6177864074  
0.1273340921  
-0.2042409974  
0.2010349723  
-0.1339979221  
-0.08187341063  
-0.3230601235  
-0.7331514695  
-0.9743317572  
-0.7009600273  
-1.279609007  
-1.277717221  
-1.101562007  
-0.9501156957  
-1.17712293  
-0.7938010632  
-1.33244899  
-1.227079107  
-0.7471278396  
-0.8000299282  
-0.2384380685  
-0.2532366301  
-0.1257814532  
0.08740455374  
0.2807415178  
0.9041680446  
0.4226383821  
1.01591648  
0.314427274  
0.4597192076  
1.146549237  
1.129056065  
1.173705782  
1.404701525  
0.9446721853  
0.5536237468  
1.15354805  
1.125319207  
1.388367381  
0.9255872276  
1.471362115  
1.905414537  
1.11936267  
1.152201025  
0.264724682  
0.2261633739  
0.09887593303  
-0.1125956289  
-0.06945715353  
-0.0963608477  
-0.3555080708  
-0.4830440869  
0.05981180091  
-0.1606704418  
0.3833112406  
0.6578481001  
0.982133587  
0.0980629904  
-0.07937348884  
-0.1729466383  
-0.6636971697  
-1.093759258  
-1.426378389  
-2.644231323  
-2.108635356  
-2.325143779  
-2.547788924  
-1.988791363  
-1.888879312  
-2.061260114  
-1.768044545  
-1.432457706  
-1.416725595  
-1.86091878  
-1.693439628  
-2.046898505  
-2.452076352  
-1.824566681  
-1.417319999  
-1.142807529  
-0.2292829152  
-0.01708175041  
0.6074395453  
1.437511406  
1.174194944  
1.288840722  
2.095741101  
1.452799548  
1.531817266  
1.740203737  
1.763122318  
2.123298382  
2.062132912  
2.600051934  
2.319003412  
1.82454281  
1.341484661  
1.409185617  
1.328294846  
1.355454331  
0.9387149549  
1.128273637  
1.224394771  
1.866452044  
0.950854344  
1.058323035  
0.05161028648  
0.9305487533  
0.5687963928  
0.5757363396  
0.3344955421  
0.5367995106  
0.3084836894  
0.1707788029  
-0.07184119736  
0.09387740774  
-0.4157948947  
-0.5426286818  
-0.810462018  
-0.9612963891  
-1.283827128  
-0.5855251422  
-1.350211381  
-0.8461048142  
-1.448142585  
-1.081498342  
-1.005426075  
-1.154588312  
-0.9670464596  
-0.3726113379  
-0.8738889585  
-0.06877005319  
-0.5539099452  
-0.5835401955  
-0.2073388268  
-0.426001453  
0.07596324014  
-0.2396135061  
-0.1717018239  
-0.008610361205  
0.187733567  
0.098788268  
-0.04817499438  
0.2280892524  
0.1711389724  
0.1821938898  
0.3306920652  
1.131192567  
0.8334689955  
1.04170753  
0.9659723189  
0.986170148  
1.059720515  
0.9690366698  
1.48986165  
1.277886924  
1.201397099  
1.150484293  
1.57279063  
1.215776736  
1.447667599  
1.79452471  
1.994056288  
1.51931981  
1.625720719  
0.7212550892  
0.5389386007  
0.8394419376  
0.3265176203  
1.096346313  
0.4325083427  
0.4031372365  
-0.1896263981  
-0.3328996624  
-0.1842756936  
0.3013411855  
0.06376288904  
0.5747524255  
0.1131064424  
0.7123390454  
2.03441562  
0.8853928555  
1.02467393  
0.703495954  
0.4448574473  
0.6101391203  
0.756690785  
0.4089634924  
0.9040846442  
0.5632298095  
0.6272520727  
0.8648683441  
0.5876567655  
0.8646571805  
0.2208789415  
-0.07742534781  
0.4199509352  
0.169586761  
-0.5491655921  
-0.4203831573  
-0.6781495325  
-0.6122523663  
-0.4423568249  
-0.3424865449  
0.007414168883  
0.1326295631  
0.2488092254  
0.4019354473  
0.05298083148  
0.6161009433  
0.8541677264  
0.3862245751  
0.397099276  
0.7354694592  
2.210407408  
1.738688268  
1.331819856  
-0.09419196009  
-0.2529205174  
-0.04509999074  
-0.2389075507  
-0.4629937921  
-1.158813104  
-0.4058249262  
0.2340580651  
0.8052584105  
0.1869942842  
0.5490414535  
0.7704611309  
1.08610787  
0.479325046  
0.7704623565  
0.7396002901  
0.4347310737  
0.5052782735  
0.7536344724  
0.9065362214  
0.3190377081  
0.9164515011  
-0.05384606938  
0.3359632116  
-0.1845138968  
0.3711516643  
-0.0001612847825  
-0.6591606371  
-0.4789556292  
-0.7075858454  
-0.4364028563  
-0.3342161121  
-0.2531892271  
-0.04578426296  
-0.7478809555  
-1.165653322  
-1.264924548  
-0.946930404  
-1.762778955  
-1.47926541  
-1.456157153  
-1.673666322  
-1.576097021  
-1.018216643  
-1.597785035  
-0.8880555363  
-0.8773701538  
-0.4097502331  
-0.112250043  
0.5052657142  
0.4214856249  
0.4780652796  
0.3390854669  
0.4375909877  
0.2664654151  
-0.1894476456  
0.01091257751  
-0.2852074675  
0.2732878747  
0.2400997889  
-0.09930219765  
-0.5821858105  
-0.6694190937  
-0.6930580209  
-1.265685282  
-0.5505577735  
0.2227921344  
0.2165971937  
-0.0422075068  
-0.2507941969  
-0.7034072552  
-1.000053826  
-0.699940829  
-0.5789623178  
-0.7858922156  
-1.030605918  
-0.4127342646  
-0.5963543498  
-0.5365939585  
0.2902768715  
0.2451927334  
-0.046971433  
-0.04142200952  
-0.4481078  
-0.4770853395  
-0.2470024109  
0.02529289203  
-0.1634653968  
-0.1680558004  
-0.04173111731  
0.2507901207  
0.2207940522  
-0.06134301986  
0.02199408302  
-0.3340901639  
-0.5622979438  
-0.6620469013  
-0.958434381  
-1.141345658  
-1.399505477  
-1.070575433  
-1.137708996  
-0.9872275519  
-1.028117927  
-0.9950607209  
-0.8060236086  
-0.7857005974  
-0.8164513018  
-0.9399277433  
-1.296667713  
-1.659077484  
-1.537738585  
-1.73312252  
-1.292492639  
-1.188586189  
-1.177372888  
-1.062865668  
0.04841463585  
0.1126804268  
0.6147541398  
-0.1562035808  
-0.03231044809  
0.6332097617  
0.765436916  
0.9411724799  
0.5595668745  
-0.098403714  
-0.5431396761  
-0.05215005463  
0.09729405776  
0.3576783615  
0.2383293242  
-0.3353897993  
-0.3708504968  
-0.4486273434  
-0.4366192374  
-0.2781004463  
-0.63095845  
-0.6485220948  
-0.4265899632  
-1.077395686  
-0.2719784895  
-0.6168402857  
0.3911683694  
0.3959359582  
0.6130187369  
1.225673393  
0.1000485874  
-0.3232325495  
-0.007717657091  
-0.4205868903  
-0.4002005712  
-0.743038034  
-0.3760218513  
-0.5708440162  
-1.314076976  
-1.342985259  
-0.9982306114  
-0.5497513113  
-0.6893096929  
-1.117335489  
-1.361418595  
-0.5561047733  
-0.5905319925  
-0.4536989619  
-0.817892845  
-0.8784204626  
-1.690193224  
-1.182618042  
-0.7325197303  
-0.8587440259  
-0.5787210216  
-0.8881938817  
-1.073887167  
-0.6227133913  
0.3338385048  
-0.2040043679  
-0.2853428878  
-0.7782189798  
0.1046353207  
0.5007677013  
0.8755034666  
0.5488620781  
0.08167714553  
-0.3884146192  
0.3074904569  
-0.1726141139  
0.4081130044  
1.16855478  
0.6407520891  
0.2883366612  
0.5676751982  
0.02607730319  
0.03180172556  
-0.3946047865  
0.06266994219  
0.3514539076  
0.9881967005  
1.327450255  
0.7006764114  
0.6261314416  
0.5186949097  
0.994800307  
0.3929481531  
0.2415189016  
0.8761132894  
1.485934418  
1.033161637  
0.6701911645  
0.801029104  
0.5331994214  
-0.4194053841  
-0.9218486381  
-0.6122586667  
-0.8008738426  
-0.1007419936  
-0.37874162  
-0.7887258599  
-0.5460667635  
-0.7291963951  
-0.5601773249  
-0.5822387122  
-0.5485866121  
-0.07467166696  
-0.3074401114  
-0.02282009179  
-0.5619208075  
-0.6227504812  
-0.5145911692  
-0.6107158161  
-0.3775140851  
-0.3179267587  
0.05806661598  
0.1017739698  
0.4500920351  
0.1816063553  
0.3549371766  
0.8049811792  
0.1604965582  
-0.04474287879  
0.09645973132  
-0.3855086168  
0.6113269254  
-0.1307757642  
0.7791524347  
0.8669699831  
0.6743840351  
0.7815910641  
0.5075505185  
0.4380172255  
0.7278005978  
0.532483213  
0.2574187358  
0.1813474187  
0.04017349368  
-0.1153302251  
-0.1658212405  
-0.3921301443  
-0.924901618  
-0.7192626667  
-1.047465339  
-0.9368402613  
-0.5708672798  
-1.367407621  
-1.12453395  
-0.8004720403  
-0.4883954264  
-0.6022145171  
-0.6646938539  
-0.440075897  
-0.7613479578  
-0.871968971  
-0.3101297568  
-0.3165756392  
-0.2750589767  
0.1030549811  
-0.1210206294  
-0.2920018645  
-0.2269849232  
-0.8112275955  
-0.2648759154  
-0.04068568921  
-0.09627454779  
-0.07089613982  
-0.3673123062  
0.3165440522  
1.174181639  
1.94173787  
1.881458249  
1.528960586  
1.480452244  
0.8392128302  
1.523208998  
0.8325802595  
0.6313853929  
1.01308104  
0.7538303618  
0.4244354252  
0.1131758478  
0.1331930081  
-0.1227344724  
-0.7340380463  
-0.02732270056  
-0.5128107189  
-0.5701332673  
-0.2822255237  
0.002086537772  
0.5801361754  
0.007730778194  
-0.3986025891  
-0.8139299764  
-0.3344514448  
-0.271119151  
-0.3977405968  
-0.5642628729  
-0.4346398654  
-0.1117583637  
-0.348050232  
-0.2769264471  
0.6718735668  
0.9523413452  
0.7269807427  
1.582642271  
1.875112775  
2.037225043  
1.473054789  
2.222350181  
1.166649855  
0.5638306568  
0.3721556787  
0.57765148  
-0.008090862612  
0.06267185485  
0.1445160144  
-0.03286275154  
0.2345268505  
0.1092545254  
-0.1624731035  
-0.07438141793  
-0.9972955389  
-0.9528549384  
-0.9861048785  
-1.062075446  
-1.571645523  
-1.395905191  
-1.214706213  
-0.6479329102  
-1.210058353  
-0.3401562807  
0.1950090327  
0.2961372705  
-0.1063619947  
-0.2306576858  
0.01521325748  
0.4952214773  
0.4702999347  
0.3295346501  
0.7069995616  
0.5467795913  
0.2432234986  
0.4709199629  
0.6487179049  
0.4281882583  
0.3279119936  
0.4342281023  
0.1398424995  
0.3436655765  
-0.1103816189  
-0.3107336669  
-0.4289193724  
-0.4209941681  
-0.2999896704  
-0.3716639367  
0.01388005235  
1.30867194  
0.9111491599  
1.20649108  
1.581344061  
2.051733644  
1.490351575  
1.265419723  
0.9888212223  
0.1842229278  
0.08680821568  
-0.813702133  
-0.3055091355  
-0.4176957872  
-0.2273262546  
-0.1689219829  
0.34593703  
-0.1344339567  
-0.6372845546  
-0.5404085535  
-0.3614927744  
-0.5534659116  
-0.7395396918  
-0.377565077  
-0.781941803  
-0.1625853268  
-0.4108490654  
-0.4177471095  
-0.5110211489  
0.9271966448  
0.9125199559  
1.856605426  
1.563386663  
1.668938964  
1.17307039  
1.11995851  
0.2731265726  
1.060871959  
0.6429744503  
0.7968760959  
0.3285793609  
0.9971162365  
0.6197848076  
0.7716712984  
0.4010277844  
0.7329241746  
0.8047600727  
0.8869247865  
0.5512388394  
0.1166435439  
0.3566266391  
0.07693622305  
0.06158499953  
0.3967210837  
0.1907011463  
0.02698830332  
0.30132763  
0.5523626515  
0.2021771521  
0.7281564093  
0.2448639584  
-0.02836876378  
-0.3844614439  
-0.1637241381  
-0.4110490564  
-0.1560950547  
-0.007815790998  
0.5749417698  
0.934582003  
1.117239426  
0.820291407  
0.4332790181  
0.7255259268  
1.028285782  
0.94680242  
1.360716435  
1.095871942  
0.8062273814  
1.188355967  
0.1741707152  
0.3551208764  
0.1602663523  
0.2923319849  
0.5087022652  
0.5083761765  
0.3202005639  
0.2902384794  
-0.4100137597  
-0.07485908612  
-0.5519298291  
-0.641589816  
-0.8511368181  
-0.7438667939  
-0.5831369181  
-1.185792007  
-0.5843894844  
-0.7317120897  
-0.5674589765  
0.08514253312  
-0.008671829727  
0.2839850345  
0.3534408545  
0.3296533139  
0.3335656336  
0.4497812526  
0.09201656062  
-0.3121809302  
0.1917895529  
-0.2344042689  
0.2638201419  
-0.4256582814  
-0.5882111561  
-0.09836683952  
0.05075104565  
0.4601091303  
0.07563966919  
0.1725608895  
0.1524949977  
0.2150012125  
-0.278603481  
-0.2486735714  
-0.1427039855  
-0.1374196549  
-0.3485075146  
-0.385069697  
0.1798925956  
0.3831149809  
-0.2456547844  
0.1835785716  
0.3998374219  
1.14572591  
1.178921676  
0.1156421266  
0.3136603273  
0.2760038896  
0.3211864846  
-0.5475055306  
-0.358626162  
-0.5179171819  
-0.2988900294  
0.5616822043  
0.5333792136  
0.1566784846  
-0.2277219115  
-0.685559078  
-0.7512100446  
-1.084550029  
-0.739029126  
-1.227130315  
-0.7345997385  
-0.8728927733  
-0.553469588  
-0.3651235152  
-0.6186754198  
-0.5880774695  
-0.2980024936  
-0.00986077363  
0.1113248327  
-0.2865872371  
0.3314717538  
0.06989126625  
0.2029106958  
-0.3526226134  
0.08120508817  
-0.3243068281  
-0.07006772403  
-0.3432754326  
1.423807189  
0.9497844908  
-0.2386556323  
0.3287076187  
1.367298716  
1.10702535  
-0.04397211187  
-0.09460176369  
0.3074213972  
0.3490032003  
-0.3769473222  
0.4813402679  
0.9580507345  
0.04744529054  
0.4997846958  
1.148338499  
0.9079861066  
0.7681325813  
0.5735580791  
0.7121433728  
-0.3391885804  
-0.228270393  
-0.5771719277  
-0.5649932071  
-1.122772992  
-1.07398938  
-0.8943816954  
-0.9672629589  
-0.5265770931  
-0.4791221313  
-0.1961515413  
-0.5060843915  
-0.5600948962  
0.102291166  
0.2384578616  
0.1089204777  
0.2462691362  
0.2695110063  
0.4011043805  
1.085834473  
0.551214831  
1.042120427  
0.9419702025  
1.285901683  
1.177930407  
1.17314875  
1.031216255  
1.133555354  
1.170887559  
1.186969358  
0.2915407405  
0.514431878  
0.007455497923  
0.4225457068  
0.7985627387  
0.8970417968  
1.107401998  
