3036.054746  
3036.97241  
3034.490616  
3026.263465  
3028.493935  
3024.462784  
3027.584736  
3023.494417  
3026.690024  
3020.035921  
3028.567146  
3024.851969  
3024.072662  
3022.312322  
3029.431529  
3022.117655  
3021.602554  
3024.222122  
3026.855481  
3027.53469  
3028.049392  
3031.60961  
3037.795288  
3031.614138  
3031.702171  
3033.797687  
3036.585898  
3026.532029  
3024.966575  
3022.483719  
3020.930779  
3025.275625  
3025.074651  
3024.447541  
3026.447923  
3031.8223  
3027.644092  
3025.135793  
3032.183602  
3023.718049  
3024.963315  
3034.720621  
3029.151137  
3022.897238  
3031.631195  
3028.555883  
3033.828389  
3021.88859  
3028.158084  
3027.29553  
3026.817784  
3028.865358  
3022.377302  
3018.65595  
3029.472157  
3027.04598  
3030.5705  
3027.028279  
3037.118304  
3033.507779  
3031.840731  
3034.797205  
3033.620108  
3041.273217  
3034.340438  
3040.815085  
3038.965416  
3036.512409  
3041.668198  
3039.100303  
3031.823506  
3035.881155  
3042.787024  
3042.411324  
3044.804441  
3040.8966  
3048.554267  
3044.17148  
3041.07692  
3039.621225  
3043.828536  
3035.661982  
3034.195396  
3030.503664  
3036.43788  
3025.488602  
3034.57417  
3031.526846  
3032.513398  
3029.008129  
3025.765144  
3030.119842  
3015.892789  
3020.200635  
3017.956711  
3018.695347  
3021.894051  
3022.508612  
3022.721463  
3018.637734  
3026.280294  
3032.279476  
3036.063283  
3033.473699  
3043.81546  
3041.585519  
3042.533873  
3049.254761  
3045.385535  
3043.997371  
3045.87011  
3041.4557  
3031.91669  
3030.900171  
3025.637086  
3026.871261  
3030.052821  
3034.63817  
3039.298458  
3029.274315  
3032.3207  
3042.189285  
3037.288217  
3045.85843  
3047.815606  
3046.952459  
3041.430755  
3044.555296  
3044.408111  
3040.824697  
3038.649851  
3028.724243  
3030.098298  
3030.127948  
3029.822276  
3033.252862  
3037.082566  
3030.203098  
3031.080016  
3022.228592  
3017.420263  
3027.699506  
3025.981037  
3034.030479  
3021.071307  
3023.003182  
3023.493969  
3025.733365  
3027.780025  
3024.504728  
3020.694102  
3019.333547  
3019.906977  
3018.791639  
3021.656057  
3015.987187  
3026.077521  
3020.610183  
3018.177329  
3016.928389  
3020.957757  
3017.598433  
3024.444221  
3023.09204  
3030.473164  
3033.93467  
3038.421562  
3030.422745  
3028.459988  
3024.169948  
3032.291459  
3031.019158  
3031.60664  
3036.829814  
3031.655549  
3037.032554  
3036.147006  
3042.57112  
3046.019165  
3052.889875  
3055.900504  
3055.678312  
3053.001674  
3037.695229  
3037.477961  
3039.964764  
3030.048553  
3027.262669  
3033.209941  
3024.622976  
3022.68666  
3029.847499  
3023.768098  
3034.406278  
3034.887093  
3038.09157  
3038.154429  
3039.420448  
3037.43216  
3036.713116  
3038.836875  
3037.573172  
3045.415018  
3029.826731  
3042.409887  
3040.527729  
3043.514263  
3043.1644  
3047.027959  
3041.863228  
3047.421422  
3049.314505  
3036.770466  
3042.346664  
3040.728685  
3037.677855  
3036.511977  
3041.449804  
3045.6815  
3038.583767  
3039.438517  
3047.166373  
3050.64391  
3052.945912  
3047.929721  
3050.212333  
3048.854254  
3040.749069  
3040.456289  
3043.246095  
3040.897997  
3037.319039  
3039.01491  
3045.801757  
3044.914315  
3049.138615  
3049.554905  
3057.099731  
3059.375965  
3059.719068  
3067.348028  
3049.925041  
3050.207585  
3044.978615  
3043.511685  
3037.2264  
3030.570098  
3032.152045  
3034.788953  
3033.160703  
3022.514059  
3026.583651  
3032.858411  
3033.431879  
3032.320129  
3034.024823  
3036.530583  
3031.684015  
3026.239814  
3025.654659  
3023.28852  
3024.025314  
3030.886176  
3014.900107  
3035.520013  
3022.685201  
3028.639856  
3035.140897  
3034.278646  
3032.621489  
3027.683332  
3030.469103  
3038.020785  
3028.443154  
3026.405216  
3033.388798  
3023.841275  
3031.928201  
3025.940961  
3026.159859  
3025.111124  
3022.173025  
3026.608252  
3032.245456  
3024.273025  
3031.413215  
3031.867583  
3025.434945  
3032.423069  
3033.807189  
3031.821473  
3033.110859  
3028.83261  
3038.11102  
3034.752582  
3031.265325  
3028.056618  
3035.396028  
3032.416487  
3024.622706  
3025.337552  
3038.621771  
3030.228393  
3037.422305  
3041.646605  
3041.559188  
3039.373241  
3038.655515  
3042.78635  
3038.193473  
3038.579948  
3037.784554  
3023.971817  
3028.6614  
3034.386961  
3024.061076  
3027.4804  
3035.51371  
3029.33251  
3033.166836  
3038.112356  
3041.867114  
3042.305154  
3040.039324  
3032.794597  
3031.122219  
3041.409555  
3030.369015  
3031.739233  
3029.696213  
3041.14684  
3039.387228  
3038.713617  
3038.500322  
3037.94246  
3043.185228  
3034.357331  
3036.53228  
3039.231847  
3033.778744  
3026.365084  
3030.560593  
3023.681803  
3028.096974  
3028.571127  
3034.603582  
3034.12733  
3039.625057  
3044.473588  
3046.80338  
3057.000032  
3053.118316  
3045.440322  
3038.116006  
3040.032366  
3038.318879  
3033.117054  
3024.628454  
3025.774228  
3031.553176  
3029.562335  
3033.060842  
3032.771252  
3029.13918  
3025.253267  
3032.419291  
3034.323637  
3030.307909  
3023.561935  
3028.198051  
3027.462616  
3022.174857  
3036.565723  
3032.705396  
3041.521431  
3041.920792  
3041.802347  
3043.331404  
3044.39183  
3041.609929  
3047.970138  
3048.133995  
3044.068287  
3050.157021  
3051.910352  
3049.448033  
3045.955845  
3044.779054  
3039.627146  
3038.876852  
3032.62546  
3034.99387  
3035.07635  
3037.05643  
3034.744956  
3029.988075  
3030.809596  
3035.469811  
3034.663632  
3040.094491  
3039.056563  
3041.990558  
3044.173065  
3044.865892  
3040.702915  
3045.285585  
3036.440144  
3032.83229  
3032.865384  
3029.458596  
3027.970185  
3027.803691  
3025.239876  
3037.866403  
3040.070978  
3034.04924  
3038.321461  
3042.168773  
3039.799296  
3037.445862  
3036.20326  
3025.717512  
3029.565441  
3030.498796  
3035.004443  
3031.195685  
3031.878014  
3034.570475  
3028.110242  
3038.676287  
3027.61978  
3033.368601  
3030.606834  
3026.806743  
3031.070857  
3027.399444  
3030.534076  
3035.776639  
3032.625987  
3038.70947  
3043.954693  
3030.453449  
3034.810034  
3035.065548  
3034.819211  
3033.146517  
3037.654811  
3033.47412  
3033.258077  
3029.538882  
3029.764349  
3031.577192  
3034.538052  
3032.371065  
3034.662428  
3039.815898  
3035.469484  
3038.889648  
3035.088785  
3034.170453  
3032.913973  
3042.262906  
3041.106413  
3036.052311  
3038.882906  
3033.397038  
3034.82346  
3035.3834  
3034.315637  
3038.32937  
3037.739726  
3033.650727  
3033.128204  
3032.927274  
3034.446329  
3031.608682  
3034.332704  
3032.208369  
3030.625961  
3030.981334  
3031.784929  
3038.947898  
3036.229554  
3035.997982  
3038.320514  
3043.527752  
3034.744936  
3033.621669  
3038.013813  
3032.481204  
3037.367283  
3037.385667  
3036.75208  
3032.110685  
3028.334571  
3036.336441  
3028.393441  
3028.366432  
3026.909526  
3033.256615  
3025.683793  
3030.031419  
3044.24876  
3043.397008  
3047.096307  
3055.826026  
3052.00618  
3066.789074  
3060.969167  
3050.50148  
3047.129332  
3054.403345  
3049.909068  
3047.476216  
3053.184977  
3050.548735  
3041.542449  
3045.872614  
3038.037633  
3028.399373  
3033.527148  
3028.279427  
3025.019134  
3029.139238  
3026.748498  
3028.00324  
3027.055573  
3028.801452  
3034.568506  
3038.379626  
3035.907597  
3031.295279  
3034.877145  
3031.03344  
3027.854305  
3026.935416  
3028.007951  
3017.576311  
3020.228841  
3019.153705  
3027.459585  
3021.61446  
3025.978285  
3028.46857  
3031.335135  
3029.732506  
3041.609188  
3037.860032  
3037.858956  
3044.912248  
3040.80214  
3036.17747  
3045.021753  
3041.495669  
3041.601419  
3044.920519  
3043.26974  
3045.081881  
3043.898715  
3040.62045  
3041.861075  
3044.073633  
3046.367885  
3033.900183  
3042.454261  
3030.638478  
3041.716498  
3033.16828  
3034.807307  
3030.916544  
3024.062573  
3031.91874  
3033.719312  
3044.511488  
3038.599478  
3041.012147  
3037.372486  
3037.991071  
3030.880425  
3026.178136  
3023.937735  
3026.171244  
3024.105332  
3029.692951  
3019.327718  
3029.400799  
3022.18388  
3038.239569  
3040.253601  
3040.729426  
3031.120656  
3025.685352  
3033.297887  
3037.068701  
3029.173425  
3024.224445  
3027.586122  
3023.308497  
3026.983981  
3024.865757  
