-0.1329139824  
-0.5933360185  
-0.2311103509  
-0.5490742759  
-0.8187720407  
-0.4287966271  
-0.9993110059  
-0.7082258438  
-0.4633782929  
-1.023384733  
-0.7644171057  
-0.531532894  
-0.5299002325  
-0.6672425483  
-0.4459490144  
-1.020884001  
-0.5009688904  
-0.6268503869  
-0.7214030531  
-0.1219869235  
-0.4902532188  
-0.4272510176  
-0.2269991619  
-0.06940143182  
0.03716151231  
-0.229665112  
-0.7978652915  
-0.3160482502  
-0.4744303845  
-0.4085717014  
-0.7014572987  
-0.4376478216  
-0.7622827567  
-0.3201765794  
-0.6798212358  
-0.7085872059  
-0.4811977814  
-0.4458344512  
-0.4490413311  
-0.8319273061  
-0.8872945066  
-0.2573365151  
-0.4112603074  
-0.306956999  
-0.3723976789  
-0.8858205095  
0.1225020933  
-0.459089397  
-0.2261012995  
-0.3639358425  
-0.8695849269  
-0.3461201975  
-0.7154530534  
-0.8076648806  
-0.374857645  
-0.479821824  
-0.2604883784  
-0.3753606629  
-0.2376192727  
-0.1573177279  
0.3227364846  
0.09510503658  
-0.1304653877  
-0.1252741841  
0.3736431024  
0.6719320371  
-0.09283237331  
0.3720422617  
0.08065964535  
0.3909229027  
0.4457133905  
0.1304773933  
-0.2187732735  
-0.1903992411  
0.4465261532  
0.1596515371  
0.5250167479  
0.4914049948  
0.2814165646  
0.3396617584  
0.2269331966  
-0.4866105945  
-0.2518529613  
-0.5767389819  
0.04927781452  
-0.03462192696  
-0.3031444109  
-0.1965616858  
-0.4807069754  
-0.7455086477  
-0.6329372296  
-0.4204119179  
-1.226222523  
-1.065304683  
-0.6915163261  
-0.9004740994  
-0.6953941679  
-0.6439321621  
-0.8656198711  
-0.4523133797  
-0.6874646893  
-0.01704443132  
-0.1786280285  
0.0667558666  
-0.09661567161  
0.1487314974  
0.3945955109  
0.5889933824  
0.6080250116  
1.095164321  
0.5920993612  
0.4290881413  
0.1975396921  
-0.09916853499  
-0.365642537  
-0.3675979847  
-0.8019167789  
-0.4496784846  
-0.6321760695  
-0.1416976057  
-0.6443603744  
-0.4725084504  
-0.0480683761  
0.3094478852  
0.2992840024  
0.8128451311  
0.3207034615  
0.6430763999  
-0.1178906489  
0.3157267626  
0.02483866749  
0.3802441647  
-0.4169078458  
-0.000202924735  
-0.578910534  
-0.6119377895  
-0.2473612757  
-0.5455945321  
-0.1894855783  
-0.7930363314  
-1.08297843  
-0.7952835912  
-0.5718798973  
-0.4553717364  
-1.342211173  
-0.7965638785  
-0.7519754445  
-0.4271534375  
-0.7852170449  
-1.192360225  
-1.137387788  
-1.184460996  
-1.146623736  
-1.284125881  
-1.342845833  
-1.490739753  
-1.111385329  
-1.293353966  
-1.130142146  
-1.556917482  
-1.420371591  
-1.19236818  
-0.9578858488  
-0.832825023  
-0.9617663332  
-0.5423109936  
-0.6704319591  
-0.6373164249  
-1.097708578  
-0.4426901878  
-0.9600855643  
-0.5720537398  
-0.7994453978  
-0.4178032805  
-0.3770797394  
-0.5579972686  
-0.7692156774  
0.08142495988  
-0.5000727013  
0.3716185242  
0.3469958619  
0.6634174171  
0.5626843512  
0.5184064721  
0.3695176586  
0.6758749896  
-0.01624614858  
-0.6395755903  
-0.6296799279  
-0.4556183969  
-0.6501049707  
-0.7894884118  
-0.4904180957  
-0.9948701247  
-0.5745806785  
0.03345396229  
-0.5171074628  
-0.1900293257  
-0.2407093091  
-0.1656198187  
0.3071217765  
0.1149399296  
-0.005457497286  
0.3864303625  
0.440617648  
0.5079815405  
0.8345852342  
1.078211181  
0.8409705528  
0.3435566573  
0.6670165531  
0.6051080634  
0.0749326184  
0.2442301632  
0.7287864371  
0.5294437216  
0.377704506  
-0.1956333635  
0.445713923  
0.5676987345  
0.4102101963  
0.4011793343  
1.158043529  
1.094003432  
0.3441402591  
0.9282672624  
0.9884415639  
0.08925208536  
0.5734676711  
0.3430408075  
0.1961689564  
0.2536284962  
0.6263923515  
0.551946722  
0.7980306204  
0.7096994576  
0.9635802765  
1.542494737  
1.43371324  
1.311253685  
1.840629767  
1.525738741  
1.20390846  
1.170594451  
0.7603299381  
0.7451405065  
0.4191222266  
0.8445233908  
-0.4937163379  
-0.2263085722  
0.07065823157  
0.1026350142  
0.2042364398  
-0.05157359887  
-0.008563845292  
-0.07157855011  
0.3473973963  
-0.06550292827  
-0.65935182  
-0.49374904  
-0.4249462884  
-0.8878117782  
-0.6387160142  
-0.8599379836  
-0.1470104565  
-0.6533944301  
-0.1786410351  
-0.6015189731  
-0.5775530393  
-0.659023824  
-0.5042055802  
-0.3910507212  
-0.6290399929  
-0.5484560149  
-0.309209467  
-0.3038718668  
-0.3784659002  
0.05360706999  
-0.7325929682  
-0.8213573286  
-0.7278283768  
-0.5082152004  
-0.8869496951  
-0.6626335002  
-0.369592743  
-0.5532148219  
-0.4735353887  
0.007760014811  
-0.06199574712  
0.3316809445  
-0.3395751161  
-0.3601919315  
-0.1297813171  
0.3848495174  
0.2138551414  
-0.4255711941  
-0.4546667003  
-0.01203114399  
-0.1018712038  
-0.4363735048  
0.07794488091  
0.3947870542  
0.08105268004  
0.8453313724  
0.2003140138  
0.3365793334  
0.02540735384  
0.4588714699  
0.2358258677  
-0.03517556845  
0.3056809389  
-0.1847551152  
0.0823188922  
0.1366795804  
-0.4154998064  
-0.633834853  
-0.1694828873  
0.3853746142  
-0.3750374521  
-0.1936041312  
0.4681581395  
0.2213669902  
0.1066334086  
-0.07967496718  
-0.2309975903  
-0.2380489809  
0.3798948079  
-0.3331246887  
-0.08225530575  
-0.1894120516  
0.6097941404  
0.3533383677  
0.3211190998  
0.5755610997  
0.2036672521  
0.129045183  
0.08137761309  
0.1556751548  
-0.3677298107  
0.03864011097  
-0.2204350645  
-0.6148625859  
-0.4637742015  
-0.6961488728  
-0.5594029341  
-0.5747989604  
0.07693205665  
0.3534829936  
0.7220716816  
0.8960371651  
1.746840079  
1.433503088  
1.223054822  
1.217063749  
0.665342079  
0.7123865478  
0.4098127016  
0.01860464229  
0.01148087243  
-0.05405610151  
-0.3295491006  
0.166093043  
-0.06663609449  
-0.001955412254  
0.02895184733  
0.2629441237  
-0.1906598734  
-0.2754879708  
-0.04797889893  
-0.5016660023  
0.005805411592  
0.02183074404  
0.501610853  
0.08091333228  
-0.1721485016  
0.2424138375  
0.3198516688  
0.008544712007  
0.5318534251  
0.09939944012  
0.4764346393  
0.6013418714  
0.7698382359  
0.9160422555  
1.49010925  
1.670739492  
1.482616488  
0.6459887924  
0.681343083  
0.4172749847  
0.4238517636  
0.01599085581  
0.3035145644  
-0.07380440625  
-0.3153963601  
0.05489296333  
-0.6707063857  
-0.2304906156  
0.1786411791  
0.1765412809  
0.1386232088  
0.07184431075  
0.01534205757  
0.3678293551  
0.4592499955  
0.572550095  
0.2731531929  
-0.4572327582  
-0.6368763454  
0.2172456903  
-0.251701967  
-0.6605039037  
-0.1436374577  
0.122009617  
-0.002960205622  
0.03760114893  
0.111698114  
0.5662157135  
0.2052641896  
0.08921113695  
-0.03629257075  
-0.004000131237  
-0.2591280795  
-0.04234232913  
0.06292173914  
-0.2744572348  
-0.1406961495  
0.05924317048  
-0.2403744594  
-0.2679769431  
-0.1386674775  
-0.2525797678  
-0.3540003011  
0.3360275153  
-0.4947899842  
-0.6111481718  
-0.641164639  
-0.1222423552  
0.2371800044  
0.5020431529  
0.2777502559  
0.5273824423  
0.4128354217  
0.4959558306  
0.4760621602  
0.4221069917  
0.6291114782  
0.6778479889  
0.0699996918  
0.5081358592  
0.003105743703  
0.4996016967  
0.2245949028  
0.4264390672  
-0.004523348224  
-0.002666386704  
-0.1248683611  
0.1238485721  
0.724832811  
-0.05168346282  
0.1453439677  
0.02377248598  
0.05585716393  
0.0547680582  
0.4099300601  
0.1265088882  
0.6863244266  
0.4223616051  
-0.1912643342  
0.4464813738  
0.2816450467  
0.5722203493  
0.741008817  
0.4877934653  
0.6216554235  
0.53717088  
0.5803426967  
-0.2607355031  
-0.1390068889  
0.1172808852  
0.4383541252  
0.5550215278  
0.4214670911  
0.194175189  
-0.1150328749  
0.9431303557  
0.625936785  
0.3172320196  
0.4432039191  
0.5717381882  
0.2271979204  
-0.008275260465  
0.1306412624  
-0.179863778  
0.6515028215  
0.2225782862  
0.3857703594  
0.1418464704  
-0.0425569403  
0.4442436203  
0.2455481726  
0.6455979944  
0.6487923562  
0.7994595799  
1.300097406  
2.182980896  
1.770098303  
1.782973968  
2.344403308  
1.601223204  
1.358329763  
1.471492475  
1.523198999  
1.078668374  
1.406720759  
1.601303324  
1.15580187  
0.8613595669  
1.052862033  
0.1699700997  
0.4043826497  
-0.2008951027  
-0.005415623813  
-0.4026724642  
-0.4141393519  
-0.6042073338  
-0.6155535665  
-0.403482074  
0.01786916065  
-0.09007047938  
-0.2617056227  
-0.6705280006  
-0.2568945862  
-0.2078223337  
-0.3138389954  
-0.3161855247  
-0.2307895559  
-0.8614974094  
-0.5713539461  
-0.9061351811  
-0.3750169913  
-0.4251731602  
-0.6936928218  
-0.8973134284  
-0.3409995214  
-0.3010213338  
0.05768928003  
0.09159333231  
0.3601553561  
0.82684023  
0.3886038333  
0.08858438263  
0.1721142813  
0.2842106241  
0.7057308378  
0.7342854373  
0.4351950247  
0.2242849215  
0.5984224364  
0.8676925398  
0.1541538545  
0.7649282553  
0.8110616695  
0.4485630817  
0.6709387435  
0.1796174036  
0.2112783779  
0.4668101187  
0.6078882472  
-0.05796816003  
-0.526915801  
-0.2963046031  
-0.257247795  
0.5381807824  
-0.5331609934  
0.07200383278  
0.6019166076  
0.3799561991  
-0.3397055345  
0.09559334462  
-0.4153854381  
-0.235351571  
-0.9003683634  
-0.4933980755  
-0.6796928738  
-0.2170692412  
-0.1543945941  
0.4919142468  
0.4695380575  
0.1557243993  
0.1910212021  
-0.07568215121  
0.1582926909  
0.3994568272  
-0.1900523326  
0.172133788  
0.374409913  
-0.3250515308  
-0.3300244261  
-0.4031982324  
0.8764222056  
0.5184117897  
0.275794148  
0.2441921493  
-0.04155120838  
-0.06201986964  
-0.4716743503  
0.2532318006  
-0.2343417622  
-0.3364291098  
-0.04045959718  
-0.1576213552  
0.07722614039  
-0.06897146982  
-0.000374688327  
-0.3041316771  
-0.2916683092  
-0.1371552562  
-0.9975718704  
-0.472890652  
-0.7743155213  
-0.4751968163  
0.297574229  
-0.3629223828  
0.5157431778  
0.4497174272  
0.4904625687  
0.7549360651  
0.3187489595  
0.2712452596  
0.8294117249  
0.4563099947  
0.5458837915  
-0.09691589075  
0.3053240611  
0.2793806905  
0.5081691596  
0.5045888279  
0.2746964078  
0.223788113  
0.4676194512  
0.3659026736  
0.4189859598  
0.03233602088  
0.1329836909  
0.653320216  
0.4299115222  
-0.1892633687  
-0.3343554632  
-0.154416395  
-0.03517409484  
-0.2891679188  
-0.4272285823  
-0.260180756  
-0.7089699031  
-0.996180284  
-0.8054700775  
-1.378408007  
-0.9630383039  
-0.9422771033  
-0.5565456153  
-0.3798354124  
-0.7126864698  
-0.6177350385  
-0.7715083256  
-0.741002533  
-1.315670875  
-0.4204977111  
-0.7531939406  
-0.643883588  
-0.837981366  
-1.076018579  
-0.9810209948  
-1.317048653  
-0.7509636589  
-0.8415905014  
-1.041954118  
-0.4455651813  
-0.5953491537  
-0.5377199325  
-0.06471439424  
-0.2785206933  
-0.4279653036  
0.03136114626  
-0.30526505  
-0.5056978738  
-0.2496386588  
-0.2416287248  
0.11287032  
-0.2306903349  
-0.1241207673  
0.02521301855  
-0.02752372596  
-0.6154620006  
-0.2092516789  
0.5033810895  
0.6565421325  
-0.2177478976  
0.1030104287  
-0.3134462963  
0.02680928002  
-0.1486888171  
-0.7283310139  
-0.5653378155  
-0.9794901553  
0.05485195246  
0.3671770555  
0.7941870763  
0.8184329232  
1.054366318  
1.525871726  
1.317061704  
2.017226661  
1.450209556  
0.8530706166  
-0.04913344416  
-0.02069631376  
-0.521264885  
-0.4103511827  
-0.5143120719  
-0.8398311837  
-1.363142106  
-1.178438933  
-1.040409371  
-0.8104638156  
-0.9067995068  
-0.6046871809  
-0.4349044716  
-0.4061530239  
-0.1209886735  
-0.5343810379  
-0.4749775015  
-0.6883017266  
-0.2107858889  
-0.05268677134  
-0.009729685026  
-0.2733508302  
-0.4424724619  
-0.1767164943  
-0.02137322369  
-0.4036562761  
-0.4302125361  
-0.4008729721  
-0.992874554  
-0.4137504908  
-0.4966880001  
-0.641990685  
-0.7701518184  
0.04696211322  
0.2839798097  
-0.02121672056  
0.3020864882  
0.2101492485  
0.1422384294  
0.1997800382  
-0.1148650871  
-0.2065519462  
-0.07951563816  
0.1920307868  
0.2272397045  
-0.1760412035  
0.1805595165  
0.6192507152  
0.3936186875  
-0.1124424631  
0.2364560555  
0.3522936257  
0.2231427031  
-0.2424544514  
-0.1718478384  
0.02119862018  
0.1640869941  
-0.09268301343  
-0.06844293129  
0.1810460896  
-0.3569211718  
-0.07237348468  
-0.06906334699  
0.03056054695  
-0.1688139064  
0.459666835  
0.5301881214  
0.6445183801  
1.034777111  
0.1400763039  
0.4211403744  
0.2289419643  
0.04964082186  
-0.3857082524  
-0.08017597911  
-0.4888932187  
-0.3956883115  
0.1984677729  
-0.2283716418  
-0.3375373816  
0.03430665446  
0.06412943136  
0.3411577644  
-0.1327883404  
0.178372529  
0.4482501331  
0.4131385155  
0.3685232379  
0.315852898  
0.3190790358  
0.2882321511  
0.2742527096  
0.1923532674  
0.4083513923  
0.4890419618  
0.925085773  
0.1757709198  
0.4591445129  
0.6429881433  
0.897737994  
1.037480275  
0.9278964097  
0.8194458297  
0.3554358779  
0.3053140829  
0.1477140093  
-0.2240400971  
-0.5348848496  
-0.4233391223  
-0.1874264712  
-0.9279877513  
-0.5911098727  
-0.6931919151  
-0.8433811534  
-0.30902444  
-0.1964890364  
0.1006498803  
0.4124632919  
0.2796650601  
0.1350919713  
0.147450315  
0.9225791569  
0.3652752709  
-0.5299437913  
-0.1091453209  
-0.08169312887  
-0.1718941093  
-0.501130221  
-1.360158316  
-0.3656057292  
-0.7471361601  
-0.2625762675  
-0.1078230009  
-0.2562779367  
-0.211745937  
-0.2379458449  
-0.4172416565  
0.01761392016  
-0.3831525481  
-0.5856775832  
0.1722411084  
-0.5098196816  
-0.6242927765  
-0.1059671371  
-0.07318778733  
-0.2929558093  
-0.7963535185  
-0.4810970526  
-0.3976547888  
-0.4868894228  
-0.3401816997  
0.3177166666  
0.04499655788  
0.329234606  
0.4135356968  
0.5303819766  
0.3374355996  
0.7351774801  
0.454161052  
-0.2882520895  
-0.1883754263  
0.1821784964  
0.1796284121  
0.3941099672  
0.1057581929  
-0.4905802156  
0.4066161306  
-0.2834130086  
0.03211911409  
-0.06892907941  
-0.3144647934  
-0.5228867454  
-0.4958560401  
-1.154845818  
-0.7119841005  
-0.8877074096  
-1.047039234  
-0.3270052292  
-1.145276871  
-0.4818908562  
-0.2053592213  
-0.1413498218  
0.2911487364  
-0.07575927398  
-0.5130564339  
-0.2034560149  
-0.4291188159  
-0.5802603506  
-0.5954922561  
-0.5009807405  
-0.2541024941  
-0.2501181955  
0.1910362629  
-0.5617663295  
-0.1008084485  
-0.3445566194  
0.3559193565  
-0.0602409066  
0.2159889003  
0.2712601216  
0.2561900668  
0.3489402609  
0.6561416246  
-0.03535158825  
0.5362794369  
0.5342585512  
0.5406820028  
0.7714647702  
0.8085709786  
0.3591174115  
0.1828593871  
-0.3810483858  
-0.3110118325  
-0.5052447669  
-0.8241614668  
-0.6664605551  
-1.030850695  
-0.888633287  
-1.100246949  
-1.321747797  
-0.9364303324  
-1.45502208  
-0.7831914707  
-1.398071274  
-0.6839197267  
-0.8613829344  
-0.513396023  
-0.7748234944  
-0.5598060921  
-0.5778316973  
-0.7700095079  
-0.4936305119  
-0.7036683046  
-0.2866089535  
-0.3681476675  
-0.4706589684  
-0.569980766  
-0.3429799367  
-0.5070999509  
0.1537812152  
0.2751756402  
0.9098171128  
0.9634542562  
-0.04912193653  
-0.1611055575  
-0.4402795867  
0.2518637318  
0.3637602615  
-0.002303090472  
-0.6980213533  
-0.702945933  
-0.9453557658  
-0.4919414296  
-0.7160478326  
-0.8251565021  
-0.8618464962  
-0.2243105093  
-0.5200527719  
-0.5294057957  
-0.8095392159  
-0.6346672916  
-0.5981507028  
-0.5956997971  
-0.1718613361  
-0.6551211273  
-0.7090381136  
-0.4025306522  
-0.5504825495  
-0.1828857744  
0.1691503937  
0.3085593419  
0.6813094033  
0.6012523408  
0.9981605113  
1.451062202  
0.8689075711  
1.487546342  
0.9385939687  
0.8220239925  
0.5449051399  
0.3429853875  
0.3895859711  
0.3154134231  
0.3347014374  
0.8120693001  
0.3360496706  
-0.1066863778  
0.5328239512  
0.9179263261  
0.8267839712  
1.168512231  
1.217577849  
1.197129859  
1.222524193  
0.9994351746  
1.101627518  
1.549301148  
0.9458609732  
1.161244998  
0.7583224025  
0.6437888128  
0.7213290448  
1.065548036  
0.9419778501  
0.7052348595  
0.5042370005  
1.01229188  
0.5922245801  
0.6726155293  
0.8687328365  
0.3175741654  
0.917302892  
0.4936163698  
0.7491924073  
0.5266865169  
0.38561357  
0.7468851029  
0.2845309627  
0.6167969442  
0.701625465  
1.058459633  
1.100537505  
1.15720017  
0.7556495773  
0.2199416425  
-0.1061373996  
0.1568126552  
0.1299737243  
0.1100646403  
-0.3394933835  
0.2347911389  
-0.3624390272  
0.2528441569  
0.1037830866  
-0.4322778665  
-0.1330583754  
-0.2452828819  
-0.2436402292  
0.4136828076  
-0.2000563821  
-0.3725200474  
-0.02948001827  
-0.05230586727  
0.4407086123  
-0.01574111082  
0.9199140768  
-0.06101469918  
0.6269311616  
0.3180424189  
0.01778762884  
-0.01087459202  
0.04024956781  
0.4115638892  
-0.3064489418  
-0.3775949002  
-0.2055476375  
-0.06222176057  
0.05220468564  
-0.01313599797  
0.406585205  
0.4450560626  
0.5100607881  
0.1695921926  
0.1796835234  
0.2520561734  
0.2577350656  
-0.5959537932  
0.3680666481  
0.1845078367  
-0.5160819957  
-0.6417996954  
-0.1750003351  
-0.05172495701  
0.1074502201  
0.2657544475  
-0.1631636992  
0.508380276  
0.2003635937  
0.3959690892  
0.1515238364  
0.1930480054  
-0.06213536691  
-0.2323613284  
-0.3645374793  
-0.4281500762  
-1.071323555  
-1.21555545  
-0.9535992701  
-0.5234771926  
-0.3179159571  
-0.5120249749  
-0.4760833551  
-0.2739990012  
-0.2097600418  
-0.02310615438  
-0.1715491604  
-0.8837119097  
-0.5029541304  
-0.3818555213  
-0.02692346534  
-0.6106101044  
-0.2875150903  
-0.5966146202  
-0.2048952236  
0.06451461039  
0.1270476202  
0.5915097727  
0.5689694083  
0.595798873  
0.4282360635  
0.7120386195  
0.5092804611  
0.6975436198  
0.5730674403  
1.020784859  
1.043556235  
0.3977325571  
0.8276115049  
0.7397683574  
0.1819125177  
-0.05306688609  
-0.0008565367321  
-0.3135127292  
0.3526950796  
-0.1052440497  
-0.1750868448  
0.3764550273  
0.3447786441  
0.440491617  
0.5685218518  
0.7033481699  
0.8639139009  
1.181566567  
1.285797365  
0.7841013284  
0.5994300685  
0.03749847553  
0.2044079919  
0.3287488823  
-0.1798706625  
-0.3956303989  
-0.08836556451  
0.1050252823  
0.3388582932  
-0.1608504797  
0.5596743184  
-0.0880328786  
0.1461523794  
0.4009587705  
0.0903143761  
-0.4965526738  
-0.07379901251  
-0.1364980771  
0.02781326464  
-0.5688869668  
-0.05493014238  
-0.5162190862  
-0.1844301663  
-0.394594195  
-0.1869281344  
-0.1044045462  
0.01209457969  
-0.1238759822  
-0.116074768  
-0.01336431619  
0.2758889322  
0.2088116492  
0.7041335554  
0.7905172037  
1.523015804  
1.646814969  
1.044749557  
0.814169364  
1.540572581  
1.243105059  
0.5560551745  
0.278294427  
-0.3638238306  
0.08687999192  
-0.07860344096  
-0.5396585973  
-0.4078485444  
-0.4162725515  
-0.46837502  
-0.2228579007  
