3113.214926  
3105.704775  
3111.300396  
3106.606529  
3101.914812  
3108.201799  
3099.141131  
3103.805385  
3108.309224  
3098.8584  
3102.392018  
3106.638147  
3106.730799  
3104.319907  
3107.811133  
3098.794272  
3106.414664  
3104.696043  
3103.049725  
3113.198418  
3107.871748  
3108.487046  
3112.098203  
3113.347643  
3115.888106  
3111.564923  
3102.48509  
3109.871753  
3107.855722  
3108.557277  
3103.981449  
3108.716721  
3103.499239  
3110.294978  
3104.868855  
3103.845832  
3107.210115  
3108.255308  
3108.050368  
3101.807727  
3101.284181  
3110.869199  
3108.351565  
3110.414932  
3109.428894  
3101.505341  
3116.982378  
3107.607675  
3111.554737  
3110.257518  
3101.162713  
3109.489676  
3104.56506  
3102.224236  
3108.947524  
3107.984848  
3111.18947  
3109.706331  
3110.775461  
3113.186526  
3119.638471  
3116.463509  
3112.677817  
3113.481982  
3121.12788  
3125.616835  
3113.412206  
3121.438535  
3116.14119  
3121.185024  
3122.222387  
3116.68686  
3112.04872  
3111.991051  
3121.845237  
3117.919319  
3123.744466  
3123.263213  
3119.149762  
3120.187682  
3118.593477  
3107.59453  
3111.020906  
3105.450777  
3115.670884  
3114.751981  
3110.737743  
3111.849946  
3107.95384  
3103.46833  
3105.07023  
3108.934625  
3096.219862  
3098.28561  
3104.137921  
3100.25894  
3104.346556  
3104.934144  
3101.813324  
3108.372064  
3104.293949  
3114.509452  
3112.643538  
3116.221408  
3113.910655  
3117.482979  
3121.354024  
3124.839483  
3125.1615  
3132.294704  
3124.406443  
3122.555943  
3118.594776  
3113.312623  
3109.06816  
3109.398925  
3101.967093  
3108.353032  
3104.584896  
3112.999965  
3105.29941  
3107.315128  
3114.771726  
3119.915818  
3119.143706  
3127.866061  
3120.349133  
3125.1181  
3113.11851  
3119.953673  
3115.437925  
3121.286345  
3108.381416  
3114.736756  
3105.978577  
3105.842344  
3110.658597  
3106.341661  
3112.043252  
3102.773769  
3097.694493  
3102.596925  
3105.916056  
3107.40212  
3093.477416  
3102.640603  
3102.559227  
3108.510556  
3103.019907  
3096.501029  
3097.462234  
3096.339926  
3097.239923  
3095.257019  
3094.325338  
3092.35941  
3097.444347  
3094.686468  
3096.667761  
3091.246248  
3092.697896  
3096.781225  
3100.024803  
3102.226439  
3099.738673  
3106.811937  
3104.369456  
3105.264356  
3097.951286  
3107.873342  
3100.837325  
3106.340339  
3102.430896  
3108.652754  
3109.25389  
3106.404579  
3103.698945  
3116.473806  
3107.41251  
3120.994066  
3120.353034  
3125.688368  
3123.664377  
3123.58262  
3120.909058  
3126.063698  
3115.79462  
3105.273938  
3105.632534  
3107.88177  
3105.01215  
3102.371658  
3107.935393  
3099.311736  
3105.878242  
3115.6694  
3107.551902  
3112.010133  
3111.05537  
3112.622092  
3120.05171  
3116.505551  
3115.103714  
3121.718099  
3121.796548  
3123.106562  
3127.820111  
3132.361133  
3128.680931  
3120.44093  
3125.213047  
3123.753062  
3117.127272  
3119.359343  
3126.47352  
3123.457777  
3120.193698  
3112.301662  
3121.530869  
3123.573743  
3122.174792  
3121.798463  
3133.196398  
3132.117728  
3121.060439  
3130.161559  
3130.231234  
3117.288344  
3124.605222  
3120.506339  
3118.431377  
3119.164135  
3125.122661  
3124.288687  
3127.974805  
3126.556222  
3131.110514  
3139.461044  
3138.430358  
3136.634026  
3144.210798  
3139.392536  
3133.62988  
3134.284282  
3127.582285  
3127.158783  
3122.522436  
3128.357575  
3108.152407  
3112.277047  
3116.25437  
3117.605219  
3118.402946  
3114.859233  
3115.738834  
3114.587621  
3120.402889  
3114.214306  
3105.681897  
3107.795964  
3108.551794  
3101.570119  
3105.241068  
3102.41399  
3113.092846  
3105.453762  
3112.59634  
3106.217513  
3105.167184  
3104.341245  
3107.844178  
3109.708485  
3105.894781  
3106.669826  
3110.287184  
3110.997989  
3109.622098  
3116.909838  
3103.389037  
3102.64908  
3104.19665  
3107.146492  
3101.456839  
3104.874312  
3109.665996  
3106.741529  
3108.379142  
3115.36353  
3114.885759  
3120.444019  
3110.104371  
3109.747836  
3113.514878  
3121.406313  
3119.085533  
3108.30632  
3108.260822  
3114.765878  
3114.104375  
3108.075884  
3116.172775  
3120.942072  
3115.900723  
3129.048613  
3119.277488  
3120.904373  
3116.009911  
3122.276341  
3119.228798  
3114.467158  
3120.109016  
3112.69449  
3117.191997  
3117.25495  
3108.794021  
3105.782906  
3112.947142  
3121.554821  
3109.330028  
3111.668428  
3122.603455  
3118.943596  
3117.391254  
3114.226916  
3111.808542  
3111.815094  
3121.331739  
3110.464247  
3115.275581  
3113.149671  
3124.784619  
3121.437664  
3120.215938  
3124.632192  
3119.015235  
3117.980958  
3116.639796  
3117.59801  
3109.542504  
3115.499523  
3110.940337  
3105.531442  
3107.624266  
3103.851972  
3106.627792  
3106.91291  
3116.859942  
3121.465054  
3127.196277  
3130.095101  
3144.004102  
3138.49601  
3135.013022  
3134.720046  
3126.844983  
3127.308064  
3121.685276  
3116.205689  
3115.650445  
3114.800797  
3111.293246  
3117.78066  
3114.569859  
3114.966271  
3116.171357  
3119.672474  
3112.735112  
3111.224469  
3114.967327  
3107.221941  
3115.279442  
3115.967691  
3122.657383  
3116.963273  
3112.707076  
3119.708752  
3119.711336  
3116.077472  
3123.637868  
3116.875762  
3122.589915  
3124.977115  
3127.275403  
3129.732083  
3138.724205  
3141.809073  
3139.055132  
3126.168155  
3126.159662  
3122.748466  
3121.941064  
3115.766107  
3120.371521  
3115.055069  
3110.431645  
3115.938214  
3104.753138  
3112.136189  
3118.648878  
3118.549743  
3117.781614  
3116.319195  
3116.314146  
3120.710013  
3123.027394  
3124.070943  
3118.845232  
3107.866662  
3105.632118  
3118.606815  
3111.761101  
3104.737325  
3113.266076  
3117.038312  
3114.53536  
3116.510772  
3117.264165  
3124.301844  
3119.112344  
3116.223041  
3114.550039  
3115.182078  
3111.660396  
3114.667564  
3116.113279  
3110.751391  
3113.284404  
3116.389467  
3111.532296  
3111.486126  
3113.41723  
3111.632887  
3110.173253  
3120.399834  
3107.468668  
3105.976109  
3105.309645  
3113.516991  
3120.349267  
3123.795253  
3120.286277  
3123.742301  
3121.95133  
3123.553448  
3123.431728  
3122.260198  
3125.3339  
3126.572951  
3117.074669  
3123.906077  
3115.57459  
3123.693699  
3119.125731  
3122.671725  
3115.903946  
3116.239585  
3113.181135  
3117.099228  
3126.115205  
3113.855195  
3117.528053  
3115.751802  
3116.455446  
3116.385591  
3120.992435  
3116.93507  
3126.533662  
3122.150967  
3113.229645  
3122.755319  
3120.471397  
3124.306824  
3126.898625  
3122.838321  
3125.984362  
3124.40696  
3124.637549  
3111.118527  
3112.642913  
3116.998153  
3122.413081  
3124.238703  
3122.135973  
3118.391775  
3114.181551  
3130.387305  
3125.210105  
3119.789536  
3122.108363  
3124.80783  
3118.980255  
3114.937175  
3117.20866  
3113.171569  
3125.883792  
3119.221426  
3120.890127  
3117.533432  
3115.274368  
3122.581677  
3119.32518  
3125.649973  
3125.447007  
3128.75947  
3136.360819  
3149.92933  
3143.381372  
3143.830903  
3152.341946  
3140.037314  
3137.643929  
3138.79715  
3139.616396  
3132.933191  
3138.300522  
3140.708648  
3134.13849  
3129.427159  
3131.995164  
3118.630159  
3121.943122  
3112.879323  
3115.212661  
3109.621337  
3109.465013  
3106.205262  
3105.621506  
3108.885433  
3115.580488  
3114.04989  
3110.798241  
3105.007447  
3111.131087  
3112.463201  
3110.463562  
3110.364767  
3112.043228  
3102.127309  
3106.321584  
3101.481871  
3109.66982  
3109.318162  
3104.466505  
3101.299804  
3111.166283  
3110.791914  
3116.167776  
3117.409581  
3121.280243  
3128.526372  
3121.278799  
3117.04607  
3118.146858  
3119.852696  
3126.561085  
3127.10937  
3122.994743  
3119.193545  
3125.540334  
3129.300331  
3118.056773  
3128.023746  
3128.54485  
3122.708543  
3126.093174  
3118.611112  
3119.252892  
3123.031663  
3124.963493  
3114.21326  
3106.789588  
3110.723861  
3112.318031  
3123.58242  
3106.535089  
3116.811005  
3124.48181  
3121.604562  
3109.43842  
3116.137171  
3108.749417  
3110.926907  
3101.939752  
3107.890984  
3105.092356  
3111.476578  
3113.241731  
3122.76692  
3123.336293  
3118.755858  
3118.280401  
3113.83773  
3117.569557  
3121.794253  
3112.198176  
3118.011605  
3120.765881  
3109.870328  
3110.358539  
3109.500788  
