4084.275559  
4068.193193  
4078.471557  
4083.073801  
4078.123819  
4079.020361  
4075.526765  
4083.514146  
4083.373205  
4082.551038  
4096.968589  
4072.250169  
4081.846364  
4092.698388  
4083.322924  
4075.173129  
4074.550253  
4079.17838  
4067.520702  
4070.479887  
4065.641605  
4052.236418  
4061.825937  
4072.976269  
4061.314496  
4059.91145  
4062.80782  
4062.124009  
4067.928116  
4060.058878  
4057.639098  
4055.596005  
4057.70359  
4075.672248  
4063.162045  
4058.220492  
4066.458379  
4065.199255  
4066.102899  
4073.880521  
4059.026303  
4060.712284  
4058.960996  
4065.143742  
4065.630431  
4070.622806  
4072.962748  
4072.35784  
4067.462604  
4072.789023  
4075.683193  
4071.993888  
4071.455727  
4066.564716  
4070.684663  
4071.558654  
4068.79138  
4065.527075  
4065.966845  
4077.311512  
4079.12809  
4082.599413  
4084.377578  
4082.337561  
4082.712273  
4098.300374  
4073.701192  
4077.794563  
4086.039576  
4088.008221  
4083.535231  
4073.819964  
4076.047643  
4076.771708  
4087.996582  
4076.114847  
4094.758366  
4081.87354  
4089.711243  
4087.027876  
4076.884137  
4084.409184  
4076.267999  
4078.828934  
4076.308807  
4083.105251  
4079.226011  
4077.961927  
4066.988076  
4058.741575  
4060.256788  
4062.296732  
4067.12217  
4072.55421  
4066.166857  
4061.684451  
4071.986899  
4064.930931  
4071.858375  
4066.668758  
4075.335658  
4069.34718  
4078.635266  
4084.756275  
4096.589922  
4097.541588  
4109.194199  
4096.627694  
4104.049745  
4112.918015  
4104.816424  
4089.404914  
4074.166389  
4081.391475  
4078.79502  
4075.324995  
4082.417158  
4079.444219  
4079.030427  
4078.095224  
4063.350222  
4067.093559  
4074.285238  
4087.556616  
4101.107064  
4096.115945  
4092.446696  
4097.094819  
4094.869562  
4098.563824  
4103.913124  
4100.573555  
4097.574697  
4092.430104  
4088.12077  
4098.731203  
4091.775727  
4093.79605  
4081.520982  
4076.470189  
4083.661567  
4063.566563  
4069.00715  
4064.790361  
4066.260304  
4062.78646  
4055.486153  
4057.84496  
4065.116333  
4074.94428  
4077.028919  
4089.652125  
4074.623434  
4083.084942  
4079.990435  
4080.534682  
4093.113764  
4091.480209  
4093.094362  
4100.216326  
4093.951516  
4103.546267  
4101.753094  
4102.944515  
4102.549863  
4101.479744  
4095.008781  
4103.612407  
4088.029092  
4075.673216  
4066.826008  
4064.95674  
4057.989515  
4074.535279  
4068.854033  
4064.724583  
4077.602806  
4095.876881  
4102.062148  
4098.868459  
4093.636246  
4103.375587  
4093.118778  
4079.192522  
4077.462193  
4068.363065  
4075.893947  
4065.594214  
4069.077618  
4058.96436  
4060.542462  
4057.482511  
4060.264549  
4049.879662  
4056.768726  
4073.876541  
4084.999288  
4088.046515  
4085.184699  
4087.766654  
4098.781068  
4090.580359  
4094.935673  
4092.469655  
4092.252267  
4093.030388  
4094.407728  
4095.265548  
4102.234671  
4101.212202  
4099.44406  
4103.529189  
4096.562293  
4101.400643  
4111.804047  
4104.654431  
4097.680428  
4107.858305  
4102.067219  
4102.928025  
4094.096701  
4100.171767  
4100.127456  
4101.434071  
4116.102167  
4094.083337  
4109.54155  
4092.429334  
4092.253669  
4096.682101  
4092.95207  
4097.605793  
4088.444231  
4082.226132  
4081.722673  
4071.207143  
4079.903215  
4078.070558  
4057.291268  
4067.408842  
4061.576468  
4066.111941  
4050.021443  
4061.658511  
4070.151813  
4058.068464  
4069.226895  
4087.501466  
4073.788025  
4072.558908  
4077.779205  
4066.36022  
4066.028928  
4067.071843  
4058.525119  
4050.711039  
4069.074368  
4065.032784  
4073.173523  
4069.831481  
4070.627582  
4063.090989  
4059.306168  
4041.776625  
4030.695127  
4029.849849  
4028.053097  
4029.719266  
4035.721398  
4044.069083  
4048.076525  
4041.870714  
4057.139445  
4068.788179  
4075.014769  
4078.272348  
4081.251033  
4091.011456  
4083.316912  
4068.60293  
4065.830626  
4074.71584  
4070.912696  
4084.879085  
4090.316044  
4073.633936  
4083.407058  
4087.564351  
4088.363738  
4073.84079  
4072.708884  
4078.001762  
4077.372304  
4079.088134  
4084.412221  
4078.065347  
4083.896217  
4085.142922  
4092.529232  
4086.523429  
4089.882527  
4085.783907  
4080.697672  
4077.483732  
4075.105948  
4072.475684  
4065.344662  
4050.799671  
4059.71349  
4051.697297  
4051.820903  
4058.074407  
4050.886001  
4049.9879  
4062.104721  
4067.309298  
4063.715201  
4072.531972  
4069.197083  
4070.653438  
4071.117051  
4087.891234  
4084.407562  
4079.614525  
4075.432973  
4077.064329  
4071.493271  
4068.844035  
4069.090418  
4074.124687  
4072.206388  
4086.05632  
4077.013122  
4077.323413  
4069.830194  
4062.264394  
4068.986978  
4062.275014  
4051.185366  
4062.162714  
4073.110458  
4055.828743  
4056.594114  
4064.886066  
4057.030633  
4069.537717  
4057.105639  
4081.233247  
4067.687356  
4047.61484  
4078.784499  
4071.433773  
4076.682863  
4064.186366  
4061.879396  
4058.518651  
4070.677768  
4067.446027  
4058.951468  
4068.050456  
4070.848318  
4071.349339  
4075.422473  
4069.028759  
4063.878819  
4068.852987  
4058.742874  
4076.422806  
4078.564632  
4068.156273  
4074.850452  
4085.087139  
4075.984505  
4070.364312  
4072.669904  
4066.516687  
4057.496377  
4049.734215  
4061.446066  
4049.637472  
4056.412305  
4083.762544  
4074.116015  
4068.469817  
4071.027917  
4069.793346  
4063.909506  
4062.651747  
4070.857547  
4067.10981  
4054.686925  
4062.757445  
4067.729646  
4060.63402  
4060.722202  
4056.210402  
4071.21798  
4072.635066  
4080.453869  
4081.832006  
4076.525118  
4074.627104  
4065.901447  
4046.562204  
4027.999201  
4027.233132  
4028.565314  
4034.836531  
4035.822546  
4052.419472  
4056.403212  
4055.333623  
4048.604628  
4062.323563  
4055.417705  
4052.822026  
4053.997656  
4053.432719  
4061.250937  
4063.810964  
4058.478056  
4061.12387  
4057.611635  
4057.496771  
4059.950211  
4048.42687  
4053.296438  
4050.272043  
4051.671357  
4047.177509  
4036.879322  
4041.130038  
4049.966764  
4053.616016  
4044.412777  
4051.878437  
4040.366054  
4050.572484  
4059.139895  
4056.629961  
4052.678853  
4055.292105  
4065.220036  
4059.323769  
4048.796036  
4064.466673  
4065.204521  
4063.486003  
4062.815938  
4058.959095  
4065.209202  
4066.816142  
4063.109354  
4062.54644  
4066.895907  
4070.752537  
4083.149666  
4077.36339  
4081.848052  
4081.397125  
4068.465682  
4083.603495  
4075.407802  
4072.737712  
4072.314883  
4065.603434  
4076.661437  
4063.440546  
4065.98841  
4061.962456  
4064.395542  
4069.589605  
4054.916652  
4058.857297  
4047.608105  
4059.432932  
4056.78413  
4049.426182  
4056.109848  
4046.493784  
4044.848122  
4050.599399  
4043.000269  
4054.010657  
4052.732709  
4063.444445  
4057.945379  
4058.963645  
4058.803996  
4059.590045  
4059.781484  
4051.453733  
4050.99201  
4051.993745  
4045.989139  
4059.074761  
4058.758217  
4054.620919  
4049.568431  
4058.931696  
4062.141447  
4067.366542  
4067.930319  
4075.522779  
4078.650249  
4072.779398  
4067.517624  
4071.587355  
4068.697264  
4078.397909  
4053.293292  
4081.177606  
4085.853644  
4069.113537  
4077.775864  
4072.899592  
4061.784118  
4053.223312  
4057.521892  
4057.911074  
4057.441743  
4059.781309  
4049.432268  
4060.864286  
4064.424568  
4073.093133  
4058.289793  
4061.773711  
4066.249402  
4065.877095  
4064.577497  
4053.678664  
4060.334461  
4071.216586  
4073.74218  
4083.171592  
4076.153522  
4071.437102  
4079.286044  
4077.521237  
4081.724301  
4074.844779  
4087.826642  
4082.48794  
4082.414139  
4092.51258  
4092.36777  
4089.854453  
4091.86553  
4084.699656  
4080.995247  
4070.560136  
4068.154413  
4060.26117  
4054.343404  
4049.906299  
4057.603373  
4054.154149  
4072.960027  
4070.277164  
4066.423667  
4065.34577  
4057.493172  
4056.22539  
4057.758383  
4055.754602  
4058.243802  
4063.207183  
4061.073375  
4063.200207  
4050.958202  
4061.588631  
4068.075665  
4073.143785  
4068.987072  
4061.714838  
4067.925514  
4070.669034  
4084.897756  
4077.851866  
4073.818693  
4069.201991  
4067.487573  
4062.15748  
4054.685322  
4045.923432  
4043.682135  
4047.343807  
4049.586717  
4059.555828  
4049.448885  
4069.219281  
4066.203087  
4065.146076  
4061.603199  
4059.89172  
4062.165289  
4069.644787  
4072.810277  
4062.018884  
