3069.675836  
3066.54193  
3059.988678  
3059.205596  
3058.840091  
3049.330204  
3045.748985  
3041.267625  
3046.246213  
3037.819127  
3053.202093  
3047.441098  
3046.517871  
3051.172118  
3048.501909  
3057.954225  
3046.37327  
3038.513073  
3033.860211  
3038.300989  
3034.640537  
3036.497218  
3047.49743  
3044.8311  
3061.125555  
3056.300851  
3057.816323  
3062.902016  
3064.567465  
3059.995845  
3072.753386  
3067.41923  
3066.470845  
3055.697666  
3070.612984  
3064.280857  
3064.32216  
3060.042941  
3053.886661  
3058.600243  
3051.945694  
3045.440406  
3059.939514  
3050.694752  
3046.505868  
3056.131836  
3052.943537  
3049.640996  
3045.102261  
3046.189262  
3045.302025  
3049.000122  
3037.77106  
3048.943781  
3043.489964  
3036.165299  
3039.012282  
3030.439674  
3036.929431  
3038.639486  
3035.675171  
3043.085663  
3036.930142  
3035.525706  
3033.712058  
3041.496644  
3036.254303  
3035.995672  
3038.543738  
3033.979259  
3043.181764  
3033.828239  
3043.353868  
3035.415667  
3041.458001  
3032.74844  
3037.394714  
3043.572578  
3042.432472  
3041.580496  
3038.150323  
3049.905605  
3048.276658  
3052.969038  
3046.497069  
3051.271898  
3051.518941  
3050.294748  
3046.128929  
3054.666715  
3051.129848  
3045.56533  
3052.770622  
3045.749092  
3052.10105  
3059.027779  
3055.951255  
3051.300215  
3047.413024  
3051.009804  
3046.865642  
3040.927891  
3045.136385  
3045.211561  
3042.199392  
3044.514078  
3057.188085  
3056.640311  
3057.003508  
3057.393531  
3067.760056  
3067.96906  
3068.62474  
3066.749656  
3062.286209  
3052.903368  
3041.794681  
3045.704426  
3042.905592  
3035.357744  
3037.956582  
3036.406727  
3025.120319  
3036.285838  
3044.039933  
3041.236806  
3035.305098  
3038.978008  
3047.608273  
3047.961764  
3048.135202  
3039.247218  
3033.735314  
3043.26243  
3044.251693  
3055.264251  
3035.280419  
3037.762606  
3042.720274  
3043.220263  
3049.272497  
3050.073483  
3045.562716  
3044.558636  
3046.189612  
3039.220629  
3045.359154  
3044.71624  
3055.202  
3050.83728  
3045.790899  
3042.844516  
3042.638994  
3037.234749  
3047.485564  
3047.930355  
3036.704186  
3042.457351  
3045.011429  
3038.331404  
3045.32668  
3049.392588  
3046.314295  
3048.782128  
3046.637853  
3050.910344  
3044.49814  
3043.51468  
3043.787338  
3045.622163  
3043.389981  
3049.20788  
3042.387251  
3047.45445  
3051.292203  
3047.273642  
3048.8546  
3049.516818  
3046.264959  
3051.782583  
3052.436071  
3051.726978  
3052.913704  
3066.043975  
3054.375646  
3050.909456  
3048.20939  
3045.54224  
3038.4277  
3045.723887  
3039.123559  
3044.803294  
3044.133762  
3040.50438  
3040.921967  
3038.06845  
3043.489733  
3048.928829  
3041.562731  
3037.616765  
3049.308816  
3050.02522  
3042.514622  
3049.793534  
3043.161182  
3044.89152  
3050.483345  
3040.23026  
3047.153296  
3041.526067  
3056.382853  
3057.040307  
3057.168937  
3055.556801  
3067.108167  
3064.475333  
3066.957638  
3066.412929  
3051.298235  
3041.097068  
3050.111776  
3050.732005  
3048.756494  
3051.15482  
3043.217423  
3043.046359  
3042.365576  
3038.818529  
3037.246863  
3043.13526  
3048.113789  
3048.32262  
3048.796724  
3051.688497  
3051.853801  
3046.624665  
3051.610551  
3048.661679  
3044.537686  
3041.514117  
3035.818537  
3039.716528  
3041.085244  
3038.52116  
3040.88068  
3040.084029  
3040.397111  
3044.583946  
3051.043777  
3041.964417  
3035.979417  
3041.521643  
3048.730332  
3044.583254  
3043.439864  
3047.475716  
3040.663258  
3036.233212  
3043.804504  
3041.033899  
3040.288486  
3042.338859  
3042.329975  
3036.683868  
3044.279773  
3046.306087  
3044.76472  
3051.254683  
3055.294014  
3053.888774  
3053.086028  
3058.193988  
3057.3031  
3051.249725  
3044.227449  
3048.201449  
3048.855267  
3045.13521  
3052.640663  
3045.209383  
3039.941939  
3042.792387  
3045.596999  
3041.805499  
3038.108736  
3038.602301  
3043.857489  
3043.313161  
3035.322856  
3040.245734  
3034.605525  
3032.072021  
3043.821356  
3028.945303  
3042.932641  
3041.431681  
3042.82365  
3051.970255  
3043.093756  
3042.786874  
3039.984888  
3040.440358  
3045.643328  
3048.45327  
3042.923612  
3039.464052  
3045.457979  
3043.107205  
3043.335104  
3037.734079  
3039.410999  
3043.976729  
3042.319973  
3047.767981  
3044.78375  
3049.643952  
3056.902884  
3061.380595  
3049.321024  
3060.17427  
3054.086828  
3059.151285  
3059.481115  
3061.770534  
3052.053095  
3051.791116  
3052.440959  
3040.999125  
3036.118709  
3036.40772  
3040.242133  
3032.676943  
3029.123833  
3028.606948  
3023.781886  
3040.368686  
3036.138827  
3037.336515  
3032.686074  
3033.998805  
3040.497563  
3031.228681  
3039.328264  
3041.1913  
3034.124509  
3033.062606  
3043.686406  
3033.151685  
3049.306549  
3037.220498  
3040.286504  
3042.403097  
3049.463541  
3046.300282  
3045.613004  
3054.322905  
3052.344706  
3053.315497  
3046.845846  
3049.704429  
3051.113884  
3044.617242  
3053.681473  
3041.49181  
3036.27694  
3040.247575  
3030.710994  
3031.468579  
3034.815925  
3034.381594  
3038.163749  
3038.400151  
3038.471892  
3027.251323  
3040.431148  
3042.986176  
3039.011325  
3043.231191  
3047.596362  
3037.991513  
3038.752888  
3041.544268  
3037.770647  
3043.36365  
3051.857307  
3049.798876  
3059.656164  
3053.383573  
3061.332291  
3064.868166  
3064.226357  
3074.138794  
3075.115961  
3061.441138  
3060.233276  
3065.371558  
3055.358361  
3061.373061  
3058.271016  
3057.882773  
3059.486535  
3055.16537  
3055.582341  
3063.84309  
3062.89352  
3060.394015  
3066.763854  
3061.300778  
3065.33674  
3054.768559  
3064.391807  
3074.019086  
3059.798643  
3066.556707  
3057.20321  
3053.775689  
3062.586012  
3059.110098  
3054.540663  
3049.385876  
3050.32554  
3055.24453  
3049.621998  
3053.511763  
3053.424372  
3057.300863  
3053.455992  
3046.24854  
3054.601785  
3063.128481  
3043.268027  
3055.566892  
3045.852436  
3061.785999  
3063.988902  
3069.056679  
3056.549465  
3060.22013  
3056.348884  
3059.995061  
3044.933116  
3046.377477  
3056.014704  
3052.088033  
3043.113134  
3053.233493  
3042.830978  
3049.10934  
3056.785441  
3039.767341  
3038.585011  
3048.928124  
3050.162228  
3052.658489  
3057.479655  
3051.416665  
3051.307502  
3042.152611  
3051.998057  
3047.489457  
3048.759767  
3051.994736  
3046.866609  
3048.59789  
3045.951188  
3045.476081  
3050.064248  
3045.787343  
3049.284488  
3043.984496  
3046.794469  
3047.745052  
3041.272676  
3050.115773  
3056.411141  
3047.994788  
3049.951024  
3051.782858  
3055.198709  
3051.229242  
3050.082061  
3039.464936  
3052.785208  
3041.039847  
3038.178052  
3043.464705  
3049.414592  
3051.727106  
3045.091716  
3046.641094  
3052.031733  
3054.13449  
3047.646225  
3056.929298  
3052.524575  
3052.288786  
3046.8453  
3043.932988  
3043.24812  
3037.027768  
3045.411658  
3035.772007  
3044.929937  
3037.479499  
3044.156745  
3042.967348  
3043.846588  
3041.654496  
3047.892714  
3040.821092  
3049.460975  
3041.702652  
3039.968969  
3046.658701  
3051.490115  
3049.097316  
3048.482229  
3048.555531  
3041.560888  
3052.549805  
3057.527463  
3053.290874  
3053.648485  
3059.17732  
3056.536481  
3051.925389  
3052.643637  
3058.809725  
3056.417962  
3061.123488  
3059.363194  
3060.73375  
3053.345763  
3059.9884  
3046.228463  
3051.059564  
3047.183762  
3053.631802  
3050.099693  
3050.584261  
3056.550957  
3056.089915  
3052.777256  
3067.483107  
3066.946671  
3060.985366  
3064.680375  
3071.460559  
3062.19143  
3062.040035  
3058.755826  
3048.25086  
3048.28089  
3052.622719  
3043.802015  
3045.249811  
3043.566099  
3042.798274  
3051.612558  
3047.620223  
3051.245006  
3044.551782  
3039.61523  
3045.785544  
3044.988028  
3037.262901  
3049.067483  
3048.625259  
3049.680955  
3041.728094  
3045.881312  
3040.317651  
3040.420679  
3042.339933  
3041.858566  
3039.196227  
3044.609178  
3047.26436  
3043.734229  
3049.692516  
3052.581929  
3057.167215  
3065.876692  
3072.04847  
3073.146546  
3071.141495  
3079.020182  
3080.140465  
3075.746054  
3070.995997  
3069.059437  
3060.796871  
3055.647289  
3047.637573  
3043.023304  
3042.125224  
3035.575079  
3032.971527  
3036.060913  
3032.982688  
