3141.352774  
3135.337538  
3131.808317  
3131.456643  
3127.35862  
3126.990974  
3120.203323  
3131.653836  
3124.187731  
3122.544782  
3127.491838  
3125.11596  
3129.149612  
3126.728358  
3127.979786  
3122.984005  
3123.180043  
3125.677185  
3112.294144  
3120.610656  
3115.691326  
3120.560963  
3132.44751  
3121.932982  
3136.05893  
3134.85357  
3135.401837  
3139.890687  
3132.697642  
3132.047869  
3140.482535  
3135.122639  
3136.27714  
3125.940757  
3132.69577  
3131.652109  
3135.591562  
3135.777164  
3131.848744  
3130.950006  
3134.840256  
3133.375301  
3134.158205  
3128.2091  
3129.705617  
3137.827184  
3134.206009  
3124.653961  
3122.454478  
3125.402774  
3127.27147  
3123.016973  
3121.081077  
3123.762713  
3116.566787  
3112.239219  
3115.311925  
3106.275403  
3112.870276  
3113.014124  
3118.900151  
3121.554011  
3116.317339  
3118.04728  
3115.845003  
3116.32666  
3107.032348  
3120.9562  
3116.250183  
3117.827501  
3114.601744  
3110.889214  
3112.43964  
3107.205438  
3116.183058  
3114.743317  
3111.652442  
3120.973895  
3118.405525  
3119.644194  
3126.803307  
3123.785686  
3120.795458  
3128.290413  
3122.87051  
3119.886289  
3123.916395  
3123.714812  
3129.27682  
3124.063484  
3125.895775  
3127.949438  
3127.622262  
3118.302322  
3124.355727  
3135.790056  
3138.420651  
3124.439287  
3129.368107  
3122.826701  
3128.757103  
3125.692062  
3116.480131  
3118.857314  
3112.711761  
3128.678548  
3133.665799  
3140.312938  
3140.816137  
3144.216797  
3151.440919  
3148.101665  
3159.077311  
3150.266098  
3140.910675  
3127.072314  
3127.663055  
3119.389709  
3121.138898  
3119.366909  
3114.704437  
3106.748397  
3109.499326  
3111.435379  
3114.982029  
3113.759114  
3118.32173  
3121.087847  
3121.58759  
3126.096582  
3119.579449  
3120.027431  
3117.095058  
3124.44886  
3127.305126  
3127.323033  
3123.433432  
3120.84311  
3125.082734  
3127.630339  
3121.323144  
3121.012922  
3121.397498  
3112.145346  
3121.462932  
3119.964343  
3117.529763  
3115.679295  
3128.644632  
3132.032702  
3127.564389  
3132.465372  
3131.199563  
3130.096747  
3130.653053  
3125.79709  
3124.586712  
3126.835038  
3130.995151  
3131.454146  
3125.172863  
3131.074139  
3137.208967  
3134.05949  
3125.784788  
3131.364167  
3133.284272  
3131.264856  
3123.860667  
3125.341726  
3128.162469  
3130.02392  
3126.462013  
3126.74125  
3130.786271  
3122.228291  
3126.099896  
3126.685415  
3128.529471  
3125.416839  
3134.96204  
3136.450685  
3138.198218  
3144.34762  
3130.025235  
3134.323238  
3131.347217  
3128.625348  
3121.842001  
3126.622861  
3120.595847  
3121.758473  
3130.870291  
3124.265076  
3122.292897  
3128.500604  
3129.3653  
3133.733442  
3125.946506  
3130.546225  
3135.187489  
3134.243569  
3133.793826  
3132.543131  
3133.529329  
3132.557662  
3132.327293  
3130.957907  
3134.378231  
3135.273476  
3142.237672  
3130.659194  
3134.662918  
3138.366313  
3142.013123  
3143.514833  
3141.771444  
3140.057888  
3133.180443  
3132.50402  
3130.018464  
3124.495975  
3119.477546  
3121.249657  
3124.916372  
3113.235518  
3118.594539  
3116.555406  
3114.858923  
3123.280013  
3124.215037  
3129.462912  
3134.281474  
3132.280127  
3130.053146  
3130.184103  
3141.940968  
3133.283669  
3119.578153  
3126.145518  
3126.561288  
3125.377725  
3119.562184  
3106.492557  
3122.145424  
3116.179962  
3123.693994  
3126.395824  
3123.64519  
3124.364616  
3124.244689  
3121.19537  
3128.014843  
3121.821243  
3118.512625  
3130.445378  
3119.776528  
3118.201007  
3125.897477  
3126.658957  
3122.964547  
3115.084302  
3120.171295  
3121.882201  
3119.990776  
3122.292508  
3132.924796  
3128.090449  
3133.262636  
3134.387873  
3136.015889  
3133.080127  
3139.056698  
3134.552121  
3123.178348  
3124.665548  
3131.06809  
3130.676391  
3133.66931  
3129.078891  
3120.272237  
3133.870501  
3123.362652  
3128.226997  
3126.531207  
3122.742652  
3119.427883  
3120.2958  
3110.036096  
3117.000793  
3113.483252  
3111.332019  
3122.675369  
3110.005549  
3120.476199  
3124.559855  
3125.827622  
3132.334205  
3126.553016  
3119.672552  
3124.402686  
3121.215409  
3118.761435  
3118.586527  
3120.19293  
3123.89695  
3124.163623  
3130.69653  
3119.425997  
3126.20212  
3122.486412  
3133.520199  
3127.240679  
3131.160988  
3132.023412  
3131.801224  
3132.837982  
3138.350331  
3127.019258  
3136.335612  
3136.005832  
3136.452651  
3139.510466  
3140.304989  
3133.535917  
3130.709615  
3122.040279  
3122.638941  
3119.66557  
3115.286514  
3117.470329  
3111.809192  
3113.643135  
3110.679435  
3106.934087  
3113.315527  
3105.082899  
3115.402917  
3106.161534  
3117.051686  
3114.162028  
3119.669206  
3115.673045  
3119.254744  
3118.965762  
3116.142389  
3120.002414  
3116.394994  
3123.560651  
3122.290237  
3121.002531  
3119.130139  
3122.666341  
3120.104955  
3130.511965  
3131.787309  
3142.098033  
3143.037581  
3127.044046  
3125.14415  
3120.966316  
3131.755896  
3133.706217  
3128.160558  
3117.127924  
3117.03044  
3112.788146  
3120.541809  
3116.584376  
3114.854094  
3114.681711  
3124.57052  
3119.708849  
3119.446379  
3115.126089  
3117.573529  
3118.573003  
3118.439122  
3125.155117  
3117.375548  
3117.001533  
3121.582675  
3119.280808  
3124.767803  
3130.543051  
3132.552628  
3138.439884  
3137.292837  
3143.740487  
3149.91401  
3141.477938  
3150.635706  
3142.181111  
3140.887097  
3136.378793  
3133.108351  
3133.848926  
3132.715001  
3132.891698  
3140.195219  
3132.909409  
3126.098291  
3136.339669  
3142.69288  
3140.92559  
3146.189052  
3147.002816  
3146.432331  
3146.892899  
3143.198812  
3144.875445  
3152.055428  
3142.494831  
3145.985249  
3139.424997  
3137.667282  
3138.878765  
3144.493666  
3142.554666  
3138.615828  
3135.390733  
3143.67347  
3136.857062  
3138.492304  
3141.341051  
3132.94365  
3142.397831  
3135.699837  
3139.601895  
3136.01974  
3134.169113  
3139.80953  
3132.57373  
3137.566705  
3138.836622  
3144.733251  
3145.380692  
3145.874141  
3139.764363  
3131.672738  
3126.26209  
3130.185529  
3129.941265  
3129.253692  
3122.805828  
3131.661725  
3121.940951  
3132.030518  
3129.653439  
3121.103993  
3125.552064  
3123.94178  
3124.148965  
3134.290199  
3124.26981  
3122.365304  
3127.620385  
3127.295928  
3134.726638  
3127.674059  
3141.879431  
3126.75879  
3137.773703  
3132.974252  
3128.374188  
3127.681431  
3128.344795  
3134.280317  
3123.259578  
3121.932567  
3124.925842  
3127.255263  
3128.721988  
3127.729949  
3134.091606  
3135.18366  
3135.732052  
3130.402066  
3130.603845  
3131.956073  
3131.634662  
3118.730179  
3133.49689  
3130.963637  
3119.805512  
3118.066597  
3125.324886  
3127.104247  
3129.601544  
3132.443457  
3124.891208  
3136.024006  
3131.176953  
3133.700662  
3130.155997  
3131.323449  
3127.102196  
3124.481599  
3122.360084  
3121.089688  
3111.647389  
3108.942343  
3113.402074  
3119.999015  
3122.958125  
3120.018644  
3120.228504  
3123.746883  
3124.830796  
3127.244762  
3124.865973  
3114.060599  
3120.467117  
3122.15169  
3127.475638  
3118.697522  
3123.203378  
3118.667889  
3124.807359  
3128.615995  
3129.748144  
3137.111576  
3136.493083  
3136.955343  
3134.373347  
3138.382017  
3135.931939  
3138.554986  
3136.572932  
3143.364497  
3143.801667  
3134.263056  
3140.744962  
3139.474827  
3130.387527  
3126.721238  
3127.545775  
3123.136918  
3133.372758  
3126.186611  
3124.741213  
3133.775902  
3132.944612  
3135.02248  
3136.308158  
3138.721094  
3140.986399  
3146.033289  
3147.448111  
3139.522224  
3137.094657  
3128.085646  
3131.139755  
3132.973058  
3125.385357  
3121.891231  
3126.393205  
3129.224333  
3133.454283  
3125.26808  
3136.633473  
3126.814225  
3129.796603  
3134.450155  
3129.278484  
3120.068148  
3126.580776  
3126.171623  
3128.071298  
3118.821646  
3127.284556  
3119.732892  
3125.074746  
3121.906905  
3124.559911  
3126.456681  
3128.032518  
3125.900466  
3125.990784  
3127.580596  
3132.140117  
3130.822467  
3138.847604  
3140.098593  
3151.19335  
3153.250242  
3143.735705  
3140.072812  
3151.750109  
3146.876851  
3136.296138  
3131.845569  
3121.708817  
3128.986434  
3126.223444  
3119.386192  
3121.749088  
3121.044605  
3120.458234  
3124.230789  
