0.1535425643  
-0.7170174152  
-0.8587248073  
-0.2398945729  
-0.7183146131  
-0.2301363503  
-0.1947313089  
-0.3982986839  
-0.5882014849  
-0.2676749263  
0.02469781036  
-0.1621493003  
-0.1612021098  
-0.4335501165  
-0.38346273  
-0.6525882955  
-0.5124480467  
-0.738635553  
-0.7499976644  
-0.3770922093  
-0.7142479928  
-0.6483822832  
-0.5129674664  
0.01823086469  
0.009046880555  
-0.04669895491  
-0.7245125075  
-0.298727883  
-0.1393669606  
-0.3687261742  
-0.510149042  
-0.4660573282  
0.426922009  
-0.02615518243  
-0.4040668867  
0.02470519235  
0.3600631636  
0.05346939459  
0.4230910896  
0.218666328  
0.01773416946  
-0.4068526536  
-0.5740012449  
-0.3440392062  
-0.5753077848  
-0.4806937378  
-0.5701174526  
-0.3198231542  
-0.6749347327  
-0.8651495119  
-0.6801977983  
-0.6743505456  
-0.691502161  
-0.8163367207  
-0.2101304137  
-0.7129056117  
-0.2569026849  
0.1192121368  
0.02023223408  
-0.08832788909  
0.1514656628  
0.4930654302  
-0.0652927613  
0.5900473169  
0.3693321994  
0.5998329676  
-0.1861805606  
-0.347625538  
-0.5883054249  
-0.2721776714  
-0.4622788787  
-0.7661745129  
-1.042320823  
-0.9284158912  
-0.4769455318  
-0.7698453066  
-0.8953213631  
-0.7568445416  
-0.6490346828  
-0.3731964913  
-0.5705704818  
-0.2615162454  
-1.293859914  
-0.8216282988  
-1.223641339  
-1.394768696  
-1.092704352  
-0.7192804451  
-0.5271182549  
-1.03456283  
-0.6760340776  
-0.7864013092  
-0.2077231556  
-0.6656293235  
-0.4888192706  
-0.6116208307  
-0.5223233459  
-0.5171815599  
-0.6437450004  
-0.776146003  
-0.72996579  
-0.8421928913  
-0.3698410899  
-0.4888604821  
0.01815672619  
0.3049041939  
-0.06755806468  
0.1701607437  
0.0838030877  
-0.005938222568  
-0.4487449026  
-0.06895041302  
-0.4962724347  
-0.5131890862  
-0.1924491613  
-0.4774158556  
-0.3188802233  
-0.305129623  
-0.1915703378  
-0.1274323499  
-0.01223016265  
-0.5777679498  
0.1749031996  
0.422848493  
0.7175799931  
0.7747928754  
-0.02789143047  
0.01281508695  
-0.3231408004  
-0.1866443581  
-0.575811709  
-0.2905570955  
-0.2169257803  
-0.5693148304  
-0.7124878155  
0.08625058226  
0.2115884339  
0.4532333664  
0.2323851056  
-0.03944803511  
0.230461159  
-0.06772285693  
0.3533831521  
-0.2192244856  
-0.01095355453  
0.2743835466  
0.3509511896  
0.5610630685  
-0.1287718784  
0.1295658165  
0.2123463601  
0.3176258428  
-0.04835747858  
-0.09661915264  
-0.4525760769  
-0.2735831289  
-0.4429719659  
-0.5880258769  
-0.2359634893  
-0.002733973183  
-0.623849595  
-0.6224913011  
-0.226265969  
-0.6707696444  
-0.3348915804  
-0.3639849385  
-0.7512739258  
-0.3666977989  
-0.7579313423  
-0.2448017364  
-0.06783673887  
-0.4570155404  
-0.7294048836  
-0.706625346  
-1.023712751  
-0.932174069  
-1.15259204  
-0.9763901477  
-0.9865280604  
-0.8777340686  
-0.7788122177  
-0.9075496293  
-0.6234224505  
-0.9501641408  
-1.207236263  
-1.229250831  
-1.145565435  
-1.448226697  
-0.8488035884  
-1.108260538  
-0.9126727307  
-0.9865722622  
-1.140798933  
-1.389401756  
-1.559706811  
-1.194968939  
-0.8996845937  
-0.9351445634  
-0.6243943956  
-0.6124860723  
0.0362630003  
-0.2908450164  
0.3072803614  
-0.157718192  
-0.03428521371  
0.02881881225  
-0.4314246527  
0.154323087  
-0.1942988699  
-0.3160262554  
-0.06932006482  
-0.4716415927  
-0.4258563677  
0.3322002755  
0.2502645121  
0.04973766343  
0.2371317101  
0.2850873686  
0.1502032822  
-0.1428744341  
0.2288350042  
0.03546800453  
-0.05747661574  
-0.531269913  
-0.5530968284  
-0.6701908272  
-0.2300146776  
-0.6079423792  
-0.1534035898  
-0.5212012415  
-0.3673295672  
-0.1160428646  
-0.4361108973  
-0.631729426  
-0.3937730074  
-0.4962424677  
-0.4221769153  
-0.6872734267  
-0.8147333287  
-0.4819168003  
-0.4699400952  
-0.5211883774  
-0.2751804273  
-0.8310823376  
-1.101726382  
-0.693718793  
-0.7269303394  
-0.6451247432  
-0.1299802554  
-0.05437749235  
0.04902870343  
0.3473280735  
0.1875082176  
0.6123143348  
0.2288667556  
-0.03778604344  
0.2465970409  
0.128840646  
-0.05173737744  
0.4901918571  
-0.01106127131  
0.7014599943  
0.2308020714  
0.3597803094  
0.1452692194  
0.2498521402  
0.4972313029  
0.2949111413  
0.124717856  
0.5975963129  
0.2921369473  
0.1075544762  
0.2527921829  
0.2045555357  
-0.1328816795  
0.07522736878  
-0.1731432073  
0.1844830707  
-0.08245859119  
-0.3010812213  
-0.196193275  
-0.5090160417  
-0.409784569  
-0.1803638119  
-0.01635409986  
0.05787956749  
-0.2999544262  
0.1946772269  
0.3252442428  
0.3878183739  
0.3077443704  
0.2271545491  
-0.0131143495  
-0.3469047632  
-0.08236537742  
-0.1218815575  
-0.7942842485  
-0.2482643234  
-0.4353473268  
-0.6384594994  
-0.6633825766  
-0.3764683807  
-0.355418215  
-0.7309397633  
-0.4407456442  
-0.8271689494  
-0.6220936471  
-0.7450373736  
-0.9339588718  
-0.9112283121  
-0.912730506  
-1.322032128  
-0.8411780762  
-0.5897933483  
-0.5769608766  
-0.4582942737  
-0.07671141371  
0.3580612872  
0.4324031984  
0.4351332773  
0.7321965978  
0.6677997443  
0.6242226054  
0.3149319264  
-0.2169099685  
-0.3550359971  
0.006273146109  
0.006976937875  
-0.1148748126  
-0.1581514086  
-0.1897688313  
0.06382344976  
0.330252262  
0.2239950774  
0.386192922  
0.67850319  
0.5215893234  
0.9536853496  
1.12262767  
0.9543363762  
1.199852451  
0.9566821946  
1.039458716  
0.9986195898  
0.6438662366  
0.9218645772  
0.7768700487  
0.5282948118  
0.4517072095  
-0.2274726339  
-0.07526064143  
0.04714594481  
-0.1078733581  
-0.832373642  
-0.8715656363  
-0.2140079428  
-0.2469351605  
0.3873737004  
0.1273579955  
-0.2463626674  
-0.3168010525  
-0.04145359135  
0.0479453365  
-0.03584716369  
-0.2003120842  
0.0682951927  
0.03800853847  
0.01825152288  
-0.02233097521  
-0.5223284684  
-0.05131457733  
-0.1617193223  
0.1402083978  
-0.1294244783  
-0.06708009099  
-0.3037488975  
0.191908872  
-0.4536703432  
-0.5061818388  
-1.016260543  
-0.7249611538  
-0.7974606459  
-0.7698852644  
-1.027843922  
-0.6757013311  
-0.4171462882  
-0.7982104532  
-0.2531130366  
-0.6317417761  
-0.3921419316  
-0.3717454684  
-0.5090762518  
-0.3121009053  
0.2094056949  
-0.2699788335  
-0.3854160642  
-0.007331644866  
0.1498785587  
0.5648980501  
0.3608025494  
0.5182723244  
0.544328879  
1.158155103  
0.9041401276  
1.261467821  
1.112882751  
1.408275378  
0.7176139988  
0.9120870208  
0.7191391449  
0.8186164546  
0.7049396507  
1.131389046  
1.165174278  
0.8301176259  
0.9963375817  
1.087862479  
1.08504952  
1.060461086  
1.099113303  
0.8666892264  
0.8388335673  
0.7735927326  
0.7082148802  
0.5007076159  
0.155001828  
0.4217500673  
0.5598441773  
0.483226092  
0.7981430381  
0.08241795123  
0.1289337131  
0.4473883998  
0.2413245959  
0.5437697877  
0.05458484036  
-0.2014717521  
0.6548369004  
1.097863991  
0.4264299025  
1.305089511  
0.8329166555  
1.073131919  
1.026789271  
1.078340493  
0.6819088781  
0.7544870056  
0.2530425383  
0.09480450536  
0.6231887287  
0.4406802144  
0.9635243681  
0.7693029261  
0.6925653273  
0.5293949195  
0.4588473919  
0.8385096377  
0.6192563297  
0.721236608  
0.5582099726  
0.1698155944  
0.3708986069  
0.6736100821  
0.5820351035  
0.5256528766  
0.7631048531  
1.076505273  
0.5755618851  
0.5776763624  
0.6263337713  
0.9584645959  
0.9761273144  
0.5383564447  
0.7135358924  
0.3040287939  
0.8651694892  
0.6183863958  
0.9238239295  
0.5891437486  
1.20941512  
1.264959495  
0.9804706178  
1.107304252  
0.980059307  
1.194926317  
1.293170629  
1.326463133  
1.084073881  
1.293754727  
1.262468058  
0.7693243739  
1.163984464  
0.8750115054  
0.6315723448  
0.961877296  
0.6943754614  
1.236300614  
1.197626783  
0.9620076981  
1.532929061  
1.078771377  
0.8491352939  
1.231808362  
1.220089627  
1.04695117  
1.236400136  
0.8150020217  
0.7364369059  
0.6871726272  
0.9931759165  
1.113991547  
0.4966365243  
0.7191248152  
0.2662065159  
0.583676067  
1.021689026  
0.3335792867  
0.009677318544  
-0.6098972023  
-0.428457177  
-0.05770722235  
-0.5598211665  
-0.4395789648  
-0.002667394489  
-0.5706981622  
-0.1997964169  
-0.2996006167  
-0.4080595828  
-0.2846955171  
-0.2374649666  
-0.1287780239  
-0.8177534962  
-0.2806669067  
-0.7043264075  
-0.5503629571  
-0.3634125522  
-0.4182873572  
-0.3124803358  
-0.2910535978  
-0.3050015066  
-0.1959199357  
-0.3725918026  
-0.5454736579  
-0.1583348195  
-0.3142696113  
-0.3195584078  
-0.08540281413  
-0.4136279572  
-0.2979414839  
-0.09140280658  
0.009969803212  
-0.1373400289  
-0.4753246011  
-0.3825776376  
-0.6315043686  
-0.468591526  
-0.2788398285  
-1.070900166  
-0.3949820146  
-0.221164494  
-0.5010697137  
-0.1598998036  
-0.03595850144  
0.4966435569  
0.08032844038  
0.5205767825  
0.6430664437  
0.8547857619  
0.5850580921  
0.745895547  
0.5600443219  
0.6071510373  
0.1768585507  
0.8902807611  
0.85992051  
0.9257796684  
1.25292922  
0.8582367458  
1.14200141  
0.7230326591  
0.5284087254  
0.5034133215  
0.5958203529  
0.6859123378  
0.1259944616  
0.2473785434  
0.2350458423  
0.3827865322  
1.110541916  
0.01122097882  
0.6032028708  
0.5417923642  
0.5768667345  
0.8815028267  
0.8120786294  
0.5303539906  
0.7835167424  
0.9318133295  
0.8029470606  
0.2962519907  
0.05681975071  
-0.3926897324  
-0.4197540289  
-0.4013325914  
-0.1217873497  
-0.5359501436  
-0.5148934053  
-0.2456308982  
0.07521684577  
-0.1430226174  
0.1173913498  
0.1717372035  
-0.4890484112  
-0.6566346586  
-0.087799326  
-0.3548166435  
-0.07250854479  
0.3089584415  
0.07976380746  
-0.3214621602  
0.1352474827  
0.3142877408  
0.5905684229  
0.2558335924  
0.08310688207  
0.781411863  
0.3483884259  
0.03085912804  
-0.1219057888  
-0.02598749731  
-0.5933004109  
-0.4957002332  
-1.102457955  
-0.8070681134  
-0.7884432805  
0.03873671629  
-0.3126244316  
0.06005101519  
-0.03346368315  
0.1217630879  
0.1381985981  
0.3530764366  
0.4501614098  
0.3541787695  
0.4530186177  
0.4012206236  
0.1021300564  
0.4204244455  
0.4466064045  
0.8340822117  
0.9170290486  
0.709857693  
0.6181993917  
0.6899847638  
0.5495235608  
0.1855945754  
0.4410659173  
0.7257597526  
-0.04654853684  
-0.2035018846  
-0.1730445203  
-0.3265733638  
-0.4718655459  
-0.3809654196  
0.2048549205  
-0.1773658289  
-0.1898937512  
-0.1556897641  
0.141479405  
0.3814227478  
0.2637895726  
-0.05775471972  
-0.04806599508  
0.05047171715  
-0.04347316051  
0.5877839394  
0.6619813205  
0.5146711834  
0.4548906828  
0.5593070118  
0.5577095185  
0.3754690174  
0.1506918659  
0.0621864487  
0.4422540894  
0.3584953356  
0.3660688882  
0.4394076673  
0.004678509002  
0.3635555353  
0.3195660678  
0.8468364053  
0.5835773406  
0.5587538738  
0.6003666434  
0.7353053437  
0.6105639194  
0.3035467959  
0.213624858  
-0.08643117609  
-0.2401544397  
0.6954297704  
1.068155915  
0.6930884074  
0.7204773863  
1.365813208  
1.2184976  
1.647528712  
1.196068598  
1.0837572  
0.9825469996  
1.020431499  
0.6042091867  
0.1144512263  
0.1823529066  
-0.1739865661  
-0.4791640279  
0.2538300733  
-0.3485459875  
-0.2814607389  
-0.2573182552  
-0.4372060951  
0.08308445069  
0.06228681679  
0.1966161347  
0.2523326565  
0.5058648949  
-0.08635295866  
-0.1314531192  
-0.1889382228  
-0.2792608599  
-0.7737053138  
-0.09969755924  
-0.7242379045  
-0.4198599396  
-0.4695502122  
-0.01761772812  
-0.1295564832  
-0.02478141056  
-0.1085457093  
0.1929157896  
-0.6105956683  
-0.1929401017  
-0.7865070805  
-0.9489743137  
-0.6710990254  
-0.6477696394  
-0.6051935754  
-0.0995912669  
0.07506720523  
-0.2894168103  
0.1266102363  
-0.3911807444  
-0.1252606408  
-0.1842255034  
0.07705309053  
0.1414836083  
0.2028117303  
0.1781832913  
0.4137756367  
0.1734200129  
0.4112679589  
0.7354154861  
0.7785097709  
0.9126720573  
1.081317904  
1.019218807  
0.9623195324  
0.8972906358  
0.8200984751  
1.152435331  
1.010833452  
1.02014954  
0.7027021428  
0.9723356979  
0.2080426949  
1.181473959  
0.6193215422  
0.3118601608  
0.9521599343  
0.5058345364  
0.629844924  
0.4596125682  
0.6919808113  
0.02501689645  
0.1887436579  
0.06066423809  
-0.2765124736  
0.006439230855  
0.2370391583  
0.5160930921  
0.6358510517  
0.5116131228  
0.8639006773  
1.149671075  
0.9705070107  
1.343765257  
1.053308681  
0.8215873115  
1.015707036  
0.6842700099  
0.6689996307  
0.2437579576  
0.4715083397  
0.5215397339  
0.3763327895  
-0.0219755649  
0.2293453595  
-0.06716843979  
0.1542324775  
0.2091609456  
0.2629752848  
0.5221855792  
-0.1248930913  
0.141825445  
0.500682348  
0.8194867095  
0.5254301075  
-0.04441691754  
0.3996521855  
0.09773029481  
0.7062457226  
0.4374049322  
0.02662444661  
0.2689041972  
0.2511755661  
0.2673002209  
0.1487634097  
0.5090535718  
0.4528354565  
0.8145178331  
0.7836327296  
1.414476349  
0.6984027189  
0.561989617  
0.6681723848  
0.6969931142  
0.5319352584  
0.03111447422  
-0.1938180896  
-0.06996048237  
-0.2737127919  
-0.4042881743  
-0.8761073614  
-0.5691810599  
-0.6232404083  
-0.3442514305  
-0.2575810095  
-0.1658469694  
0.1897012045  
-0.06917352024  
-0.2673408875  
-0.1110718317  
-0.07824366934  
0.08126802455  
0.579052892  
0.03297797442  
0.2191390497  
0.3321825255  
0.4342947246  
0.3374844585  
-0.4084464829  
-0.06674183581  
0.4606326871  
0.0407130044  
-0.2774661522  
0.01958268678  
0.7697376935  
0.3819421962  
0.1941021821  
0.2206677181  
0.2414882135  
0.09646741591  
0.4283681849  
0.4237940521  
-0.1046059538  
0.2170336398  
-0.09291733075  
-0.3042024872  
-0.2924612797  
-0.05511840761  
0.09778534635  
-0.02136165705  
0.08082648861  
0.09087260583  
0.2084288273  
-0.4193803517  
0.070542476  
-0.4334908749  
-0.01709115473  
-0.4201431787  
-0.3062414092  
0.3973736111  
-0.0959322884  
-0.3272002195  
0.08662666833  
-0.005459440656  
0.02376459039  
0.5904345938  
0.2703341861  
0.1961434991  
0.0133991413  
0.2971292365  
0.2297304592  
-0.01080989487  
-0.1775160436  
-0.1155293566  
0.384603267  
0.03623735408  
-0.04930328987  
-0.003589691197  
0.4381397685  
-0.0103868294  
0.4361340362  
0.529129328  
0.360420071  
0.26517007  
-0.2921815077  
-0.5450344087  
-0.6410414154  
-0.7204312053  
-0.724498584  
-0.4959083622  
-0.7058333634  
-0.8440452332  
-0.4876635145  
-0.6838084559  
-0.04877035696  
-0.6301395292  
-0.06698247365  
-0.3552266523  
-0.03093537414  
-0.00030199418  
0.03144746469  
-0.264212605  
-0.6755259498  
-0.5779604207  
-0.9823831706  
-1.177159349  
-1.215352061  
-0.9105646801  
-0.2323364738  
-0.5027044632  
-1.120352632  
-1.094948874  
-0.3097156257  
-0.2689960713  
-0.4441847284  
-0.426839552  
-0.2898797496  
-0.4535938323  
-0.4458947416  
-0.04043153361  
-0.3613706241  
0.1012341436  
-0.4435765388  
-0.09288481001  
-1.098631171  
-0.6159640264  
-1.166237847  
-0.8176963953  
-0.890584767  
-0.9040099917  
-0.9887501097  
-0.9037733782  
-0.4320272498  
-0.4594336264  
-0.3704382572  
-0.5333300978  
0.1853351414  
-0.3324970991  
-0.4839249588  
-0.401369422  
-0.496722177  
0.1324370697  
0.2749393447  
-0.6878324483  
0.05971957392  
-0.4727045921  
-0.2550036002  
-0.4346463037  
-0.2460949107  
-0.0304016886  
-0.02900860726  
-0.2177478092  
-0.3699366197  
-0.1657089188  
-0.2040911537  
0.004546798906  
-0.1593336659  
-0.5687899298  
-0.7075515752  
-0.8324799202  
-0.8871742109  
-1.028534826  
-1.209934967  
-0.8647467792  
-1.208680345  
-1.027135632  
-0.6540656623  
-0.9153605512  
-0.9058876922  
-0.9449114975  
-1.012129963  
-0.6336299949  
-0.7496951252  
-0.3700819917  
-0.5165903313  
-0.3946906913  
-0.3109766139  
-0.1776507571  
-0.4190783749  
-0.2725075631  
-0.572244861  
-0.5496319541  
-0.8924155814  
-0.4970921141  
-0.8382610455  
-0.7474272503  
-0.5065392882  
-0.6367084898  
-0.3271074024  
-0.2704179323  
0.2665864217  
0.2095508617  
0.482917189  
0.5826750211  
0.4583344961  
0.3803486933  
0.5717954163  
0.1384788542  
0.2264297755  
0.2714267297  
0.1832863663  
0.2120294403  
0.02392154407  
0.2942291034  
0.5639502534  
0.7981027683  
0.5801482674  
0.2284074861  
1.036884645  
0.4016587603  
0.5632513144  
0.376250081  
0.9017738316  
0.4111501516  
0.3098492935  
-0.04234495119  
-0.1012752244  
0.1211896106  
0.06750128576  
0.187181583  
-0.2013927087  
0.5090565262  
0.27321817  
0.5398274132  
0.8944093963  
0.3321133317  
0.7854118485  
0.9822840067  
0.9032303609  
0.9820342157  
0.7877169933  
0.6655615339  
0.0561583877  
0.5274360275  
-0.1840769752  
-0.2148051295  
-0.3557349508  
-0.1823209366  
-0.4495529448  
0.3053064379  
0.5498318235  
0.8150704222  
0.5391014885  
0.6764430517  
0.1256515643  
0.2662115149  
0.4217277632  
-0.3695292923  
-0.1898643417  
-0.4732389912  
-0.8174172377  
-0.8552081813  
-0.6458360169  
-0.5814717952  
-0.7175189872  
-0.4502301246  
-0.4233082647  
-0.09568172004  
-0.877278515  
-0.3276300304  
-0.2341853155  
-0.2502013868  
-0.2525084267  
-0.1801066303  
-0.6456092492  
-0.7247665273  
-0.4747100524  
-0.5044030966  
-0.408334292  
-0.5457698856  
-0.6676550271  
-0.04908201959  
-0.1681718745  
-0.2597155245  
-0.540696431  
-0.2263450845  
-0.1261075307  
0.08179205794  
-0.1148120048  
-0.5711916326  
-0.4997211129  
-0.6391302258  
-0.2869314782  
-0.180681263  
-0.3824379316  
-0.3884429736  
-0.1518952937  
-0.2852241901  
-0.07255811714  
-0.003947977611  
0.04813791834  
-0.09775897717  
-0.1538406733  
0.1703896974  
0.5376008437  
0.4236146904  
0.4783076062  
0.366039046  
-0.004103718769  
0.008926625325  
-0.006241965382  
-0.5952506038  
-0.5436523166  
-0.7095245597  
-0.8279631971  
-0.6012186174  
-0.77430934  
-0.6450007116  
-0.8126239625  
-0.9652796975  
-0.7254543875  
-1.126961334  
-0.4797241187  
-0.3363302474  
0.004739988005  
-0.3161732515  
-0.6740327653  
-0.727876056  
-0.9034401511  
-0.4279552626  
-0.4824831219  
-0.2862143033  
-0.5262714226  
-0.479164272  
-0.005096545145  
-0.04280615338  
0.5239443408  
0.8589213084  
-0.0007499688031  
0.2121006288  
0.5220179531  
0.02694604366  
0.4439975914  
0.5953471842  
0.3972891964  
0.6822831301  
0.5519835424  
0.4563012884  
0.5647305615  
0.1075392037  
0.4763624607  
0.2395957125  
0.2470632395  
0.2983788162  
0.4053031412  
0.5637899096  
-0.00373023201  
0.3884345544  
-0.327636682  
0.5434357445  
0.4945162732  
0.4364652674  
0.4804441981  
-0.249011976  
-0.3132355441  
-1.085578154  
-0.9809061754  
-1.030348185  
-1.58283966  
-1.266710421  
-0.5408651805  
-0.5634431424  
-0.7524409912  
-0.5066485325  
-0.1862763944  
0.1602953839  
-0.556944046  
