4298.495998  
4301.587699  
4288.76508  
4278.791169  
4269.520436  
4267.557698  
4257.61055  
4244.457045  
4242.627309  
4232.17163  
4234.186234  
4242.195827  
4246.022157  
4253.391096  
4250.003893  
4242.306777  
4240.892098  
4234.635507  
4226.696953  
4216.602247  
4210.462048  
4215.852839  
4235.624328  
4232.155053  
4237.067722  
4243.751047  
4266.531176  
4263.433398  
4267.309349  
4259.773736  
4270.361509  
4263.783623  
4264.866425  
4259.112416  
4253.319948  
4263.560494  
4261.493753  
4255.09877  
4252.870056  
4257.257321  
4261.564046  
4253.079959  
4253.763673  
4247.803268  
4236.058325  
4241.031336  
4238.315699  
4231.214008  
4225.201243  
4226.808828  
4229.731774  
4218.028025  
4216.021611  
4221.417416  
4216.665449  
4218.908001  
4219.213707  
4218.266359  
4218.212392  
4222.545391  
4219.08531  
4209.680524  
4206.927113  
4201.556297  
4203.809935  
4199.742405  
4204.067986  
4198.445012  
4194.242205  
4189.18771  
4190.03168  
4185.546802  
4191.422248  
4183.884716  
4190.261741  
4193.734043  
4199.310626  
4195.258457  
4191.700585  
4197.97842  
4209.367273  
4217.248832  
4218.506473  
4228.747606  
4221.222438  
4220.04891  
4223.16522  
4214.36383  
4214.273147  
4220.664631  
4214.318155  
4226.54272  
4223.083849  
4216.872376  
4226.24662  
4228.950898  
4227.941767  
4228.407674  
4222.973803  
4219.40014  
4207.007738  
4214.366473  
4204.418663  
4210.087447  
4215.136522  
4226.568769  
4237.147384  
4252.477994  
4258.207171  
4263.957977  
4273.409694  
4282.143195  
4282.517131  
4282.832522  
4286.027869  
4278.298343  
4270.902025  
4255.972854  
4252.500787  
4232.851815  
4225.027105  
4213.29737  
4196.914151  
4197.178628  
4196.510284  
4199.43247  
4201.679965  
4205.168857  
4204.807711  
4203.781707  
4207.532848  
4209.49253  
4209.146917  
4213.085982  
4220.571375  
4221.434149  
4218.196185  
4217.107778  
4216.891714  
4217.787504  
4208.695878  
4212.629369  
4214.767177  
4213.076203  
4216.166245  
4219.712181  
4223.089399  
4222.601493  
4234.252223  
4233.903692  
4230.934969  
4232.487745  
4232.25527  
4224.817443  
4219.983626  
4225.51106  
4218.067838  
4224.792202  
4223.687107  
4217.505348  
4221.899712  
4216.97168  
4221.969337  
4215.487649  
4219.057781  
4216.761573  
4226.82182  
4220.739515  
4218.493891  
4214.72682  
4219.936127  
4212.499039  
4214.535213  
4210.449321  
4219.935993  
4214.018088  
4221.798058  
4223.661612  
4231.55917  
4234.422599  
4239.329329  
4231.815396  
4234.3798  
4235.999087  
4233.396063  
4232.330967  
4225.231525  
4225.280009  
4226.766044  
4225.255367  
4220.983041  
4215.086668  
4222.678924  
4219.82689  
4221.803873  
4224.623053  
4227.394563  
4222.508719  
4238.998418  
4233.98571  
4233.845233  
4231.772293  
4242.403251  
4243.612341  
4236.403685  
4238.141916  
4236.125476  
4238.947772  
4234.779844  
4243.197096  
4246.932125  
4244.607022  
4260.502828  
4264.565942  
4265.205555  
4278.573478  
4274.985668  
4281.040869  
4264.490127  
4259.719062  
4251.32402  
4241.020896  
4225.486546  
4221.93961  
4212.819547  
4207.334407  
4201.574681  
4207.018564  
4200.365547  
4201.038944  
4207.168273  
4217.296235  
4225.589416  
4232.119471  
4222.469561  
4226.106224  
4232.348917  
4232.197721  
4228.260723  
4224.082783  
4219.676704  
4214.532532  
4215.078813  
4212.416255  
4209.959466  
4201.471486  
4205.165964  
4209.948581  
4213.449768  
4210.743843  
4219.051363  
4218.540372  
4205.664033  
4207.382421  
4216.202737  
4218.64951  
4208.511454  
4209.479373  
4219.184397  
4218.159738  
4219.549273  
4214.319447  
4211.798586  
4214.765888  
4220.095664  
4222.646017  
4228.878983  
4238.12011  
4245.155732  
4248.35097  
4262.551971  
4269.700118  
4257.079912  
4251.928095  
4256.03782  
4242.88023  
4246.368859  
4245.875358  
4239.943067  
4239.45346  
4248.727623  
4237.873192  
4227.967605  
4230.205729  
4222.605577  
4210.828877  
4216.82439  
4212.017335  
4201.910457  
4202.282482  
4195.448848  
4191.22505  
4195.820765  
4200.8345  
4193.562022  
4199.302979  
4199.682462  
4203.478386  
4212.067908  
4208.788544  
4216.5824  
4216.8069  
4219.65935  
4220.479893  
4212.687485  
4222.889956  
4221.082015  
4228.976898  
4210.927425  
4220.353097  
4220.902897  
4218.779003  
4218.892667  
4226.005962  
4223.925179  
4231.550976  
4240.005699  
4249.838268  
4241.278401  
4265.071406  
4262.52348  
4273.69858  
4277.396197  
4276.413621  
4273.315891  
4262.554858  
4259.693968  
4237.686323  
4223.988785  
4210.8715  
4207.564398  
4198.080706  
4194.968365  
4189.962355  
4191.939687  
4193.293957  
4190.551724  
4197.084025  
4195.409576  
4193.605148  
4200.479387  
4203.878143  
4197.546573  
4201.448467  
4196.482319  
4204.60824  
4201.67043  
4200.043757  
4207.066667  
4202.687021  
4208.836417  
4213.890274  
4211.745334  
4216.489413  
4224.634276  
4234.76432  
4244.762918  
4249.766324  
4246.617125  
4241.498323  
4241.419616  
4235.776559  
4234.312084  
4228.728701  
4225.329639  
4214.91221  
4204.403046  
4203.677896  
4189.000834  
4187.014155  
4191.822808  
4197.932438  
4202.723634  
4202.69784  
4211.462814  
4205.910907  
4199.241583  
4193.458612  
4199.92798  
4192.61884  
4194.88448  
4198.35601  
4202.13175  
4203.662208  
4218.890519  
4224.625029  
4234.037175  
4258.351335  
4265.768334  
4274.80872  
4282.719623  
4285.713257  
4283.030595  
4276.916704  
4264.774313  
4266.207944  
4261.033354  
4255.397804  
4248.374981  
4251.419751  
4247.195529  
4249.535914  
4248.845382  
4254.250473  
4249.927546  
4242.492443  
4263.024176  
4258.442809  
4252.752374  
4263.889171  
4267.826878  
4269.978358  
4264.998256  
4268.956761  
4270.938176  
4269.356661  
4271.695023  
4272.05359  
4265.553024  
4263.195051  
4260.214066  
4267.535072  
4266.977138  
4261.219739  
4269.375636  
4263.131893  
4261.720262  
4258.588988  
4262.411657  
4259.685177  
4252.571793  
4258.861211  
4250.867623  
4261.732213  
4264.635212  
4262.275971  
4258.416427  
4259.123719  
4262.326166  
4255.921334  
4244.815772  
4243.099232  
4242.493712  
4227.873144  
4225.959427  
4221.608905  
4221.511661  
4216.701941  
4218.741976  
4223.798869  
4219.004255  
4226.187779  
4222.791362  
4220.958103  
4216.661085  
4218.016719  
4224.490942  
4220.363709  
4218.733594  
4227.665985  
4227.915079  
4233.053885  
4234.330528  
4224.97441  
4222.525923  
4214.331013  
4218.227124  
4218.431114  
4210.722198  
4218.663519  
4224.809257  
4222.508093  
4223.906441  
4215.574606  
4229.000309  
4229.700646  
4228.210258  
4226.296611  
4224.792508  
4225.545126  
4218.471579  
4216.322784  
4216.66097  
4211.638914  
4209.253339  
4213.378132  
4210.807515  
4214.357725  
4218.778113  
4232.464798  
4236.058764  
4246.507205  
4245.363345  
4241.755186  
4239.059006  
4240.335383  
4230.528173  
4218.531775  
4208.122993  
4205.093451  
4197.919586  
4199.020414  
4206.237821  
4205.846817  
4210.758561  
4213.6483  
4217.651864  
4211.592721  
4206.92266  
4209.76166  
4213.857009  
4211.204441  
4209.558735  
4209.80084  
4206.822738  
4202.604635  
4197.249819  
4203.079759  
4206.665153  
4213.236039  
4222.797767  
4235.189674  
4240.936019  
4253.498529  
4255.953819  
4248.874238  
4246.764214  
4254.94019  
4253.244608  
4249.10189  
4248.269559  
4250.53834  
4250.721997  
4246.698053  
4240.233078  
4234.040945  
4225.498413  
4224.663931  
4211.693109  
4210.661004  
4220.01656  
4224.268798  
4227.758213  
4233.365672  
4242.7159  
4243.099263  
4252.062833  
4254.995186  
4266.303342  
4264.473092  
4263.035364  
4259.635549  
4255.95957  
4241.216262  
4236.95913  
4231.863596  
4224.549265  
4219.383996  
4214.853293  
4218.364597  
4225.506876  
4231.786352  
4230.369128  
4236.364909  
4224.240437  
4218.073931  
4216.482832  
4211.536551  
4201.034831  
4201.068136  
4199.75668  
4189.110737  
4195.468153  
4199.149208  
4194.45317  
4189.951651  
4196.091272  
4202.082806  
4203.411307  
4203.491557  
4207.150562  
4218.103992  
4226.811747  
4240.202992  
4260.230475  
4275.402476  
4280.027909  
4284.410367  
4290.032083  
4292.569884  
4292.57541  
4287.736984  
4276.505242  
4269.407006  
4261.950444  
4247.262927  
4233.664557  
4228.173115  
4222.180457  
4211.648415  
