1.721226753  
0.7535216618  
-0.01326184145  
-0.5023681401  
-0.7125289812  
-1.101405378  
-1.145996281  
-1.048351112  
-0.8411963654  
-0.9052008949  
-0.9490167348  
-1.037694555  
-0.9814065371  
-0.8586165878  
-0.7744922303  
-0.7985622981  
-0.9188281204  
-0.7815854376  
-0.6800114378  
-0.4386785248  
-0.4990515174  
-0.1761400996  
-0.1664624524  
-0.2129340509  
-0.2657602028  
-0.2524166291  
-0.4403983832  
-0.4779441934  
-0.6118373768  
-0.6707666794  
-0.8893839443  
-1.04758271  
-1.103638221  
-1.197121452  
-1.445817829  
-1.183564863  
-1.185160833  
-1.277579272  
-1.133642256  
-1.264001919  
-1.196274166  
-1.04196986  
-1.097154618  
-0.8609680107  
-1.061315323  
-0.8081681404  
-0.8221098297  
-0.843759083  
-0.921514593  
-0.7838439053  
-0.8929489946  
-0.8750008911  
-1.016462907  
-0.9597027281  
-0.84272398  
-0.6452593539  
-0.6002767464  
-0.5371976718  
-0.4339592157  
-0.1999761322  
-0.06671107935  
-0.1943000062  
-0.2894447261  
0.04196335497  
-0.001007680229  
0.1489550568  
0.08887423417  
0.1381637647  
0.1331563664  
0.2166599286  
0.1537958818  
-0.130470831  
-0.202722948  
-0.3281318408  
-0.06295566114  
0.02207671896  
0.2445415529  
-0.08282805984  
-0.001815230544  
-0.07019689394  
0.001378998398  
-0.3958314489  
-0.3408938723  
-0.3808511206  
-0.143726072  
-0.2065039121  
-0.4069463918  
-0.1380509565  
-0.4678445522  
-0.681983896  
-0.3942510455  
-0.4170064143  
-0.2659800739  
-0.4529055069  
-0.2405104647  
-0.5115479288  
-0.3711729465  
-0.4830993777  
-0.4409671629  
-0.7244325704  
-0.755061149  
-0.6848741413  
-0.5384246899  
-0.3847699866  
-0.2755590848  
0.09154883759  
0.1295395482  
0.1201936983  
0.3893605338  
0.5027657326  
0.5399586339  
0.304882775  
0.1094861628  
0.1336741186  
-0.2820828742  
-0.4998425099  
-0.4337461815  
-0.1751356922  
-0.3031694392  
-0.5610103103  
-0.5853209359  
-0.7780913446  
-0.3500906679  
-0.109536777  
0.1040722585  
0.03825158713  
0.1960644393  
0.1320675652  
0.1342504524  
0.3603844351  
0.3388400068  
0.1955005051  
0.08793467284  
-0.2344679539  
-0.5389208421  
-0.563251592  
-0.6652360296  
-0.9768095769  
-1.071435712  
-1.027337004  
-1.093303013  
-0.9043415022  
-0.8531033059  
-0.8490610067  
-1.248919789  
-1.179762756  
-1.191827919  
-1.057137558  
-1.114747252  
-1.28986282  
-1.357001418  
-1.3334071  
-1.345135177  
-1.424140831  
-1.663440827  
-1.589148352  
-1.686956501  
-1.358933984  
-1.336992542  
-1.317963403  
-1.270197761  
-1.045602146  
-1.166409461  
-1.024232335  
-0.9907269252  
-1.236474088  
-1.255557288  
-0.9429175  
-1.245105896  
-1.125050691  
-1.120220716  
-0.9468218387  
-0.7445887032  
-0.380666515  
-0.4342508544  
-0.3371097693  
-0.4130511988  
-0.4287501128  
-0.05469892135  
0.03300417333  
0.164810643  
0.4830551871  
0.5348653559  
0.4056555622  
0.3944537189  
0.25749933  
0.2996153305  
0.09310080328  
-0.06461594968  
-0.4849883111  
-0.4836414636  
-0.7685699988  
-0.9012733718  
-1.077817726  
-0.7962238336  
-0.6908608513  
-0.3505879876  
-0.3927048322  
-0.192839362  
-0.09075947064  
0.06417554463  
-0.07062133711  
0.1076906839  
0.1654188055  
0.1708591516  
0.08754041211  
0.1741057653  
0.4107088257  
0.5041139067  
0.5326750636  
0.66351314  
0.6385627057  
0.2666454615  
0.3943941216  
0.2735963809  
0.0500393569  
0.05636590667  
-0.139538866  
-0.1581282768  
0.05304968708  
0.0734033112  
0.3952360601  
0.5565388001  
0.4783596075  
1.025178991  
0.9612834751  
0.852939876  
0.5977220522  
0.703829399  
0.47531614  
0.5033690568  
0.3688912841  
0.3522826267  
0.8993315307  
0.880148738  
0.8867103335  
0.9745024762  
0.9532248356  
0.9894237449  
1.227820307  
1.232917326  
1.287568032  
1.080108147  
1.092017453  
0.9204424136  
1.023832899  
0.6753771766  
0.3563581146  
0.1658145569  
0.1116771245  
0.008310170333  
0.04224237014  
0.2498884188  
0.2837852006  
-0.02112981211  
-0.06313670086  
-0.1354425341  
-0.5522640084  
-0.4703358044  
-0.7173012767  
-0.8474078113  
-0.9800272807  
-1.06914893  
-1.221909669  
-1.104582928  
-1.337875152  
-1.233942916  
-1.437209655  
-1.110555761  
-1.029392906  
-1.065896735  
-1.063881356  
-1.017906564  
-0.9524786404  
-0.9257703605  
-0.8552792376  
-0.9186556404  
-0.9168707877  
-0.8697977073  
-0.7382920447  
-0.7084372161  
-0.7515636247  
-0.7046837907  
-0.532114395  
-0.4072794661  
-0.4603237988  
-0.3225832039  
0.1120825306  
0.2433325461  
0.2783627191  
0.3473097274  
0.1293222836  
0.2093400062  
0.494583894  
0.5293469976  
0.5309167109  
0.7386952337  
0.8092691125  
0.9950244445  
0.6886423633  
0.9378771202  
0.787034868  
0.575118239  
0.6591642446  
0.581516285  
0.4701977807  
0.3489445162  
0.621722945  
0.6239324449  
0.5292350393  
0.4782323461  
0.3919964029  
0.3235609508  
0.17516862  
0.1034761437  
-0.04686714261  
-0.01811435501  
0.03674088085  
0.2250009748  
0.2149874286  
0.3818849903  
0.3006816907  
0.2911292751  
0.3281237862  
0.3708332298  
0.4501548318  
0.629549934  
0.5965362469  
0.5557118045  
0.6865270233  
0.8259475304  
0.7873745558  
0.5276279084  
0.5370523652  
0.3952932422  
0.07054519873  
-0.2763498676  
-0.6062141738  
-0.8274035268  
-0.8706131247  
-0.9419036531  
-0.9404863319  
-1.00022144  
-0.9639872659  
-0.5465683361  
-0.1375900222  
0.1949938871  
0.597658667  
0.7598347717  
0.9257213925  
1.656376065  
1.549685299  
1.601317854  
1.275183453  
1.060710736  
1.080374236  
0.8398713567  
0.5674319804  
0.3116502627  
0.2878120531  
0.3528425997  
0.2725802157  
0.3214672544  
0.1268054005  
0.253385465  
0.1657839737  
0.1203512318  
0.2423918344  
-0.02342599568  
-0.1699712064  
-0.03356731006  
-0.1297891114  
-0.2775076424  
-0.1719983893  
-0.07033363409  
0.02877111632  
0.1045219449  
0.3431027867  
0.4679556738  
0.3638359501  
0.5214619991  
0.5732510251  
0.6703789205  
0.8251835719  
1.007473311  
1.199823919  
1.166839912  
1.126721712  
0.7646487269  
0.7312030566  
0.2872766571  
0.1630672139  
0.04901738798  
-0.2699446386  
-0.07320296434  
-0.3784762748  
-0.3641064401  
-0.08008398327  
0.1234243169  
0.1551940133  
0.1359913682  
0.1150136297  
0.1946970355  
0.2405425507  
0.08099258863  
0.04237519018  
-0.1388419511  
-0.4201187199  
-0.3896250608  
-0.05080108035  
-0.2953541599  
-0.2588474337  
-0.1107105363  
-0.1556816422  
-0.03711572393  
-0.05767746851  
-0.02649322493  
-0.1795873215  
0.07152218826  
-0.09377320125  
0.03169942914  
-0.1202278375  
0.0457686502  
0.1347085631  
0.009620388766  
-0.0250437024  
-0.08437746105  
-0.03682497869  
-0.1656129845  
-0.03187260045  
-0.3383883983  
-0.3321751267  
-0.2315315906  
-0.2561394401  
-0.2561913223  
-0.354618663  
-0.2674924432  
0.2514393492  
0.5118841862  
0.3512161237  
0.5211716717  
0.8049568624  
0.6341500934  
0.4315706531  
0.4619421823  
0.6517643452  
0.7774578001  
0.6475451078  
0.6206987355  
0.4710587969  
0.4361246313  
0.4308726733  
0.4945686892  
0.2661855341  
0.2592876834  
0.1410636305  
0.298566266  
0.1832036338  
0.1993380993  
0.2181383906  
0.2771432718  
0.1128194913  
0.2945925851  
0.2167522227  
0.06109120416  
0.1567371105  
0.4882413344  
0.3303200379  
0.1516863273  
0.4801367898  
0.4285304995  
0.5090075867  
0.2317528109  
0.4306218239  
0.207296454  
0.2725494644  
0.5011640994  
0.5198390316  
0.410404755  
0.2930832731  
0.6687621284  
0.7135193957  
0.6953751676  
0.6971956459  
0.5655256566  
0.5981062754  
0.4011754911  
0.3103858671  
0.3879643512  
0.4343047564  
0.3320101722  
0.301419488  
0.1775569035  
0.1697276738  
0.3348579291  
0.1455873057  
0.2587791535  
0.1103972196  
0.2428365861  
0.3247148441  
0.4829842314  
0.549805601  
1.082407537  
1.414173483  
1.57314398  
1.303543122  
1.486837312  
1.651419305  
1.406711145  
1.491683592  
1.004696341  
1.540129351  
1.67140306  
1.598684062  
1.859093227  
1.794457561  
1.558697352  
1.189238386  
1.250180862  
0.9569497372  
0.9427119314  
0.5734395348  
0.2519775004  
0.169977464  
0.3951106693  
0.1737095329  
0.06911912603  
-0.03165106439  
0.491084925  
0.6496101891  
0.4678416477  
0.3566340517  
0.2724333164  
0.2982654607  
0.228589436  
0.1269831673  
0.08575757702  
-0.393913255  
-0.2556376064  
-0.3970261786  
-0.4729693181  
-0.4734796041  
-0.3827713141  
-0.4093269222  
-0.1004048738  
0.2957061979  
0.3944634579  
0.4436128053  
0.5472483082  
0.4669070952  
0.4595325851  
0.4602463159  
0.4149732672  
0.4170045229  
0.4231205152  
0.3527864609  
0.53015558  
0.5857062436  
1.064953846  
0.9811591324  
1.166893948  
1.153081856  
1.141957773  
1.29907341  
0.7868304066  
0.5822421101  
0.458661858  
0.2576434434  
-0.02921685496  
-0.204351281  
-0.5683102295  
-0.5852930221  
-0.4105361304  
-0.465558937  
-0.3107188149  
-0.1914475688  
-0.1815782161  
0.03443191236  
0.01316201585  
0.02615896365  
-0.1924129246  
-0.2273085361  
-0.203917879  
-0.06869009472  
-0.1305691892  
-0.04157927863  
0.2846014403  
0.7183691644  
0.8364998621  
0.7095188479  
0.6558721739  
0.4426797831  
0.3752467513  
0.2294905483  
0.09990810764  
0.1256154454  
0.1025087112  
0.2308785216  
0.1927979334  
0.05375419365  
1.798220222  
1.372187236  
1.17404314  
0.9743137448  
0.6208659639  
0.5312334379  
0.2404570045  
0.2743166859  
-0.01247013756  
0.023570186  
0.2100654779  
0.215222775  
0.3680694347  
0.7809273728  
0.6712713328  
0.7799067322  
0.4161321308  
0.4616549183  
0.251527842  
0.02662894988  
-0.3527209538  
-0.1688477292  
0.1253084291  
-0.1026771408  
-0.01522863687  
0.3005153806  
0.4672118896  
0.4824884167  
0.3298941213  
0.183152633  
0.4468007857  
0.1781626808  
0.2968713181  
0.1947378824  
0.1858536554  
0.2903644564  
0.3691680145  
0.08435812986  
0.2068056039  
0.5584101876  
0.6078112839  
0.6225303539  
0.5850232512  
0.4398941302  
0.1502355579  
0.2271254382  
0.2797594014  
0.1490811733  
-0.1673408185  
-0.09467069785  
-0.03134414113  
-0.4340953472  
-0.8340337281  
-0.7819066677  
-1.071702499  
-1.024052737  
-0.9649343901  
-1.079297447  
-0.8699226788  
-0.6311350517  
-0.4989102687  
-0.6368643031  
-0.5587725498  
-0.8597909118  
-0.7955526145  
-0.9937210671  
-0.9527785658  
-1.152385166  
-1.032713465  
-1.236809842  
-1.100093296  
-1.213120408  
-1.130666182  
-1.159149023  
-0.9954338588  
-1.228756098  
-0.8710900361  
-0.8569182397  
-0.9456929434  
-0.7654780518  
-0.5523805951  
-0.3978043747  
-0.257391588  
0.04602394989  
-0.1170381551  
-0.09767188905  
-0.002374992943  
-0.1218918693  
-0.1935253148  
-0.2361676678  
-0.1615584709  
-0.1091315788  
-0.3637794654  
-0.3238467868  
-0.2818694015  
0.0316931418  
0.04157227514  
0.03679461369  
-0.189219644  
-0.491455866  
-0.3712842345  
-0.4682106321  
-0.5123242125  
-0.5493696453  
-0.750397905  
-0.1220829945  
0.2057658873  
0.4189063445  
0.5802765417  
0.8647847467  
0.7755795402  
1.058993624  
1.17309795  
1.299182958  
1.37152919  
0.9499211909  
0.6309054049  
0.4828826249  
0.467625261  
-0.07691582104  
-0.4172859309  
-0.802276925  
-1.233453152  
-1.570349768  
-1.643083423  
-1.2340394  
-1.15244222  
-0.8886689086  
-0.5818620795  
-0.4162728821  
-0.2380561579  
-0.2445595572  
0.05338427896  
0.1577436747  
0.2908017979  
0.4211763047  
0.09725002092  
-0.2099751918  
-0.3529388956  
-0.6130259432  
-0.6136648956  
-0.7816674139  
-0.8424376198  
-0.6963572853  
-0.5164698861  
-0.5163931066  
-0.4769746623  
-0.1096831691  
0.2432068756  
0.338798822  
0.2626467424  
0.4126806127  
0.4641958268  
0.4479896266  
0.5802505242  
0.3892723973  
0.3177664127  
0.4537872208  
0.5560269537  
0.4305611266  
0.2812740335  
0.1943847144  
0.1231961989  
0.08580863791  
0.2420446103  
0.2413167255  
0.314508917  
0.1892777963  
-0.1149139842  
-0.1677207588  
-0.07675508595  
-0.2901491137  
-0.2107242579  
-0.1807905323  
-0.1621237239  
-0.257156726  
-0.2671362865  
-0.1676636697  
0.02995211912  
-0.04009209688  
0.2687054843  
0.4540169153  
0.7376444973  
0.8131046628  
0.7855054899  
0.7028174744  
0.7359211561  
0.8849353889  
0.6226178608  
0.5545796327  
0.4047419091  
0.1126379903  
0.09161858527  
-0.01197814954  
0.04848738387  
0.1253225537  
0.2901643017  
0.4269750673  
0.6274860369  
0.7051548021  
0.7241335668  
0.747484109  
0.9608715445  
0.9843822327  
0.8986574207  
0.7834679078  
0.5362148829  
0.5437993164  
0.509740923  
0.5364001919  
0.7054057753  
0.5154889716  
1.112449385  
1.026034552  
0.84232314  
1.070775679  
1.034380011  
0.6868318945  
0.482064662  
0.2787247764  
0.01773444241  
-0.2505098542  
-0.5308200174  
-0.6133466096  
-0.6975493233  
-0.8171748027  
-1.103904187  
-0.9506273527  
-1.037832699  
-0.8327939302  
-0.8447742518  
-0.4441845266  
-0.1634461374  
0.0004978271689  
-0.1203124891  
-0.1904541113  
0.001716208635  
-0.2089584531  
-0.5453934772  
-0.531613645  
-0.46883765  
-0.6281705109  
-0.6095318723  
-0.6616792507  
-0.7806061064  
-0.7607199912  
-0.7603447558  
-0.5420496352  
-0.6842088625  
-0.5836927839  
-0.3867667814  
-0.4107584169  
-0.4898803539  
-0.3930829221  
-0.4387829461  
-0.165633075  
-0.3052495413  
-0.1126016742  
-0.04096316695  
-0.1698410437  
-0.1723019803  
-0.2440845707  
-0.2989661709  
-0.1760142535  
-0.08885980868  
-0.08981821837  
0.03633267009  
0.04462324965  
0.1480261548  
0.1401670648  
0.2548347696  
0.282449363  
0.06136627236  
-0.04355497032  
-0.06304789853  
0.02012366055  
0.07582738383  
0.04408646956  
0.2628121955  
0.1347780015  
0.261741633  
0.2495243415  
0.3088828387  
0.18066939  
0.1048122195  
0.0854833366  
0.01282488896  
0.02260880273  
-0.2845084335  
-0.4516997928  
-0.5384551785  
-0.6246049165  
-0.675159254  
-0.8520048139  
-0.7374677477  
-0.6650392827  
-0.5764436386  
-0.5542199981  
-0.3540944671  
-0.4905204186  
-0.4409803616  
-0.3837607851  
-0.4683764906  
-0.4332399949  
-0.5134650717  
-0.4739687273  
-0.2679926862  
-0.4867774001  
-0.8508212969  
-0.6455046918  
-0.5162741484  
-0.6212541942  
-0.4379199099  
-0.495784517  
-0.341145461  
-0.1742731439  
0.106237262  
0.376354695  
0.2412712106  
0.506329689  
0.683443821  
0.7371481035  
0.8415484678  
0.8484500879  
0.7795070147  
0.5354382885  
0.3340474481  
0.05673435559  
-0.3523597158  
-0.5748945648  
-1.005723173  
-1.165955856  
-1.207678037  
-1.162218436  
-1.042377751  
-1.079602671  
-0.9712390252  
-0.8084774207  
-0.8940306475  
-0.7255873924  
-0.6322645296  
-0.6917746047  
-0.8568840108  
-0.7682112631  
-0.5237803958  
-0.7600548526  
-0.7094160722  
-0.8339256022  
-0.7470454239  
-0.7573191635  
-0.733935868  
-0.8371345929  
-0.7426241891  
-0.6233169415  
-0.415157139  
-0.2300802916  
0.3145923226  
0.2559999683  
0.2567305574  
-0.1639621508  
-0.005573777396  
-0.1342598324  
0.06705628176  
-0.183241595  
-0.1978784461  
-0.3148150882  
-0.2790721936  
-0.571469051  
-0.7447212379  
-0.7536778363  
-0.6978064864  
-0.7728013999  
-0.7786174016  
-0.660850225  
-0.5414085007  
-0.7766366457  
-0.7260809899  
-0.9654934266  
-1.005596408  
-0.9499452517  
-0.7690030277  
-1.065654018  
-0.8520330646  
-0.7135277022  
-0.2827627469  
-0.02724388265  
0.6035313927  
0.9856072443  
1.050220371  
1.706863655  
1.684043233  
1.666851703  
1.488143283  
1.409322901  
0.8264098921  
0.8290389929  
0.7456285763  
0.8332425178  
0.5353927307  
0.7899721493  
0.725423896  
0.4881919946  
0.6066707844  
0.9059977944  
0.8871636589  
1.284871424  
1.267594543  
1.3103243  
0.9639210037  
1.020242316  
1.329455341  
1.219443714  
1.118710492  
1.226528206  
1.236589229  
1.14972819  
1.098789051  
0.9020431121  
0.8338830292  
0.7922370222  
0.7514892131  
0.8295780889  
0.739567016  
0.9436930302  
1.058284584  
0.7972850508  
0.5357805605  
0.5250865479  
0.4513044203  
0.3461931072  
0.2942107802  
0.1676393542  
0.1398733771  
0.2392744402  
0.6286891817  
0.6932245203  
0.8411596257  
0.5495266111  
0.6410702473  
0.5837617322  
0.4657002406  
0.3331789039  
0.1842767224  
0.113357033  
-0.03961709823  
0.2200583429  
0.1382774082  
0.1428595761  
0.1342073307  
0.2635261233  
0.008676208193  
0.1557561562  
-0.06011948691  
-0.1295776978  
-0.4070378339  
-0.4134720653  
-0.4049430207  
-0.3724850031  
-0.3802386654  
-0.2372597564  
-0.1169756566  
0.1541114933  
0.08356449339  
0.3145581206  
0.2114928576  
0.06431035834  
-0.171306015  
-0.1368475905  
-0.3319059141  
-0.1832336624  
0.007211553317  
-0.06549189743  
0.1054714727  
0.126681068  
0.2068841303  
0.2555617099  
0.1811140301  
0.1896885586  
0.2684353067  
0.0978454181  
-0.1466848663  
-0.2402225532  
-0.2677753056  
-0.2802874918  
-0.3100362132  
-0.3253260153  
-0.2698655057  
-0.07530985021  
0.281421706  
0.3724940833  
0.3582779877  
0.4518557411  
0.2011028386  
0.2730246506  
0.18168913  
0.09306648721  
-0.1495268971  
-0.3069263305  
-0.1633527445  
-0.3325819518  
-0.6443677416  
-0.5424456241  
-0.5643126063  
-0.4982930896  
-0.4878161933  
-0.4373783847  
-0.5199265541  
-0.5338967204  
-0.5016457139  
-0.4712024662  
-0.3986187653  
-0.5469840209  
-0.5545157858  
-0.2882229242  
-0.3638696246  
-0.3848538963  
-0.3416230776  
-0.4279647633  
-0.1770545044  
-0.1097319002  
0.05587321679  
0.4322081368  
0.6147160206  
0.6676553566  
0.5124982999  
0.3539015723  
0.2824878333  
0.1417574206  
0.2006236769  
0.2721854459  
0.5429121415  
0.4750866218  
0.3702196507  
0.3045167111  
0.2421522451  
-0.03167533661  
-0.3066804173  
-0.1638501401  
-0.3486273377  
-0.5331092383  
-0.4714755459  
-0.3864291895  
-0.2773422479  
-0.2364478429  
0.02152088119  
0.09534598004  
0.4745826242  
0.7997098761  
0.8937229097  
1.082738412  
0.8798703182  
0.8669108407  
0.905532495  
0.5996949639  
0.3953132042  
0.1399616703  
0.1295634941  
-0.02338629655  
0.04402184067  
-0.2024958335  
0.0766218484  
0.08275998626  
0.3851446171  
0.2986032832  
0.0838608802  
-0.1433207974  
-0.2724919897  
-0.5020263187  
-0.5233655289  
-0.5502808424  
-0.7922216258  
-0.7319493138  
-0.6967616216  
-0.5369896987  
-0.801106705  
-0.7569310069  
-0.6481561411  
-0.5043376836  
-0.5917220067  
-0.6649423996  
-0.7140882521  
-0.7037463435  
-0.2295353054  
0.3041923208  
0.876405801  
1.019268673  
1.260214455  
1.490939003  
1.836584031  
1.644487837  
1.613926975  
1.246361725  
1.045704093  
0.7901031595  
0.6393400512  
0.3619312912  
0.1804613348  
0.1067556444  
-0.2687947102  
-0.3393444649  
