2.089703153  
0.8232648307  
0.4983949383  
-0.2790207778  
-0.6241405086  
-0.9791450901  
-1.327731787  
-1.28812458  
-1.087991012  
-1.114216259  
-0.9290237059  
-1.174692561  
-1.121693413  
-0.9355097488  
-0.8910272266  
-0.94963601  
-1.028356928  
-0.4508677091  
-0.3394116027  
0.04282399324  
0.0857812657  
0.2381787453  
0.4055995444  
0.3362473906  
0.2152808694  
-0.05010016904  
0.01847784368  
0.0806535577  
-0.02157474235  
0.05585318719  
-0.245957538  
-0.3727725404  
-0.6017817723  
-0.6729822523  
-0.6791332554  
-0.6590795074  
-0.6308650928  
-0.900257535  
-0.8749026589  
-1.293576268  
-1.171058637  
-1.068935973  
-1.242826471  
-1.009767893  
-1.249708888  
-1.138774234  
-0.7885976895  
-0.7267478805  
-0.6059406299  
-0.4926349649  
-0.5573052759  
-0.6619773845  
-0.6687465876  
-0.8826723604  
-0.7868404617  
-0.7603670815  
-0.5415363917  
-0.4246391963  
-0.3414753142  
-0.1613336692  
-0.06006611054  
-0.05942748839  
-0.05931234913  
0.5193585437  
0.5522104565  
0.5124305756  
0.6272732808  
0.8707331252  
0.5287535283  
1.179332652  
0.7115855315  
0.5480619434  
0.8119982144  
0.5071425196  
0.8622574666  
0.7445983268  
1.031812955  
0.6500801819  
0.5666919967  
0.6458233389  
0.2799174857  
0.04782388264  
-0.2196095509  
-0.2730418753  
-0.2632955168  
0.03510438377  
-0.2687281001  
-0.3964741135  
-0.588259  
-0.4751106673  
-0.4543329724  
-0.5743258202  
-0.5830426304  
-0.6859548193  
-0.7218172947  
-0.6928036283  
-0.7987328327  
-0.7966376191  
-0.9388339286  
-0.8515282324  
-0.5528761542  
-0.3643517664  
-0.135105068  
0.4175754173  
0.4865640197  
0.5092897413  
0.565663271  
0.8586698369  
1.044263163  
1.029574589  
1.224983817  
0.7876791244  
0.7205359605  
0.6027499887  
0.06005848056  
-0.1523152264  
-0.4160919581  
-0.1718255773  
-0.1418275766  
-0.5049033377  
-0.224214364  
0.001203228183  
0.06335988369  
0.6064740639  
0.6270958349  
0.7247249117  
0.5614127831  
0.6587045016  
0.7283942071  
0.6657980761  
0.9870009662  
0.7186494106  
0.1530993201  
0.03420962683  
-0.1189424766  
-0.07811189297  
-0.1372302997  
-0.5312923862  
-0.519573799  
-0.5896543279  
-0.5265909866  
-0.9336675184  
-0.8315833856  
-0.8458846512  
-1.127843584  
-0.9459258661  
-0.7939986419  
-0.5010457419  
-0.6921799532  
-0.9106943419  
-1.022098073  
-1.168514078  
-1.075228696  
-1.189064673  
-1.524291157  
-1.455869824  
-1.696329424  
-1.80273699  
-1.537174461  
-1.879525152  
-1.658545576  
-1.386869101  
-1.252296929  
-1.077562163  
-1.053642783  
-0.8521888735  
-1.193021364  
-0.9342619825  
-0.9478757181  
-0.873408234  
-0.8772742946  
-0.4561518462  
-0.1540890784  
0.1881032772  
0.2099912757  
0.09892614655  
0.05973199936  
0.5407674792  
0.4362421742  
0.8164683981  
1.268863244  
1.497965573  
1.744507946  
1.240060678  
1.315589137  
1.084614213  
0.9124445892  
0.6795308869  
0.2205420449  
0.2101440095  
0.07848586327  
-0.4996461204  
-0.4897417045  
-0.3923858444  
0.0215990676  
0.04315554661  
0.2956149375  
0.1694521918  
0.2734628679  
0.3211549963  
0.1919291575  
0.1533290967  
0.3715445346  
0.2403030015  
0.215251305  
0.1199761503  
0.4489488747  
0.5328399045  
0.7261752012  
0.5162754067  
0.793871783  
0.8890668847  
0.6358404032  
0.5866813457  
0.3361627801  
-0.07578450342  
0.2176818698  
0.1882879618  
0.4005497445  
0.3990720612  
0.7131794999  
0.9249260099  
1.106384037  
1.141535606  
1.282307433  
1.274627033  
1.171905705  
0.813449184  
1.035117098  
0.7910998284  
0.8187663103  
0.428149151  
0.7116256169  
0.7530403995  
0.7970263737  
1.178632612  
1.136695031  
1.363616637  
1.360233313  
1.691882918  
1.952366053  
1.975846094  
1.560916443  
1.821261859  
1.990153656  
1.863575461  
1.568312596  
1.177741662  
0.5592945895  
0.6032434067  
0.299796725  
0.2295144957  
0.1824467771  
0.365477378  
-0.01501795779  
0.02913293707  
-0.1177105879  
-0.4319053009  
-0.1171296694  
-0.4247258121  
-0.6243601092  
-0.7451168649  
-0.7670584752  
-1.140922284  
-0.81248761  
-1.287132624  
-1.55379986  
-1.604199176  
-1.658726749  
-1.357102324  
-1.235562551  
-0.8464725087  
-0.9421611895  
-1.217547099  
-1.108575099  
-1.115190193  
-1.064258352  
-0.9649624289  
-1.060760739  
-1.2641006  
-0.8558779668  
-1.141587852  
-1.044287142  
-0.9859914559  
-0.7521128819  
-0.5516128799  
-0.2995043562  
-0.04337269279  
0.1458156843  
0.3341866867  
0.3791976003  
0.5348237693  
0.3025948186  
0.3892559766  
0.4492787122  
0.117508587  
0.4211393369  
0.4863029591  
0.1177982921  
0.196665613  
0.0460436728  
0.12315975  
0.002369262797  
0.3975926689  
0.4147800067  
0.6998963227  
0.7614939344  
0.8885131223  
0.837111669  
0.9232514333  
0.9839109572  
0.4987195867  
0.4994905709  
-0.009088408476  
-0.2201057702  
-0.2203454282  
-0.3816647128  
-0.2386508689  
0.01447899024  
-0.509585271  
0.2192675883  
0.1115939869  
-0.09842775744  
0.1298263342  
-0.2528510202  
-0.1653754919  
-0.1030703659  
-0.3056372485  
-0.2581082105  
-0.3332299775  
-0.4186759761  
-0.1385681303  
-0.2743200179  
-0.2864440947  
-0.2013593045  
-0.4576219997  
-0.4742155521  
-0.7534640328  
-0.6605204884  
-0.9719186021  
-0.8984336591  
-0.98898855  
-0.9493344586  
-0.8733359488  
-0.6601847889  
-0.07675675715  
0.1518469627  
0.6793935922  
0.6566426021  
0.9461625482  
1.767481255  
2.086611838  
1.968703568  
1.793567488  
1.623212041  
1.324843163  
0.9951973935  
0.4897844784  
0.3849603637  
-0.01958646828  
0.1836341049  
0.3012906624  
0.4373920552  
0.1036841129  
0.08877702811  
0.07043900074  
0.1730138893  
0.03186959168  
-0.1682075714  
-0.4996536142  
-0.6173872523  
-0.5863707088  
-0.6131515598  
-0.7205582964  
-0.537928636  
-0.1265258583  
-0.01690776979  
0.280668405  
0.2247058265  
0.07108563453  
0.5011281392  
0.8209956731  
0.9380308734  
1.344617694  
1.703209957  
1.854198674  
1.797385728  
1.724433836  
1.768298687  
1.35727874  
0.5824627178  
0.4242075819  
0.08741514424  
-0.02341254956  
-0.09794819945  
-0.1650413138  
-0.3154061431  
-0.2664065164  
0.05272651615  
-0.2235329812  
-0.3511326656  
-0.1704205259  
-0.2361361157  
-0.3745604951  
-0.4485809206  
-0.4571218767  
-0.6424143263  
-0.8853048942  
-0.884572865  
-0.9139586215  
-0.9271619922  
-0.7520300339  
-0.732125938  
-0.5958011436  
-0.7789361906  
-0.5513311859  
-0.468111459  
-0.6093095353  
-0.6213426673  
-0.6593642308  
-0.5452286436  
-0.7559050732  
-0.5843787513  
-0.5244230836  
-0.13619578  
-0.4678027537  
-0.6357222887  
-0.2277009142  
-0.2516140548  
-0.5115009851  
-0.4279938982  
-0.2747316852  
-0.3700789803  
-0.2027558778  
-0.2440563287  
-0.5625435181  
-0.7042683859  
-0.2049617825  
-0.1848783471  
-0.1033208657  
-0.232340488  
-0.04318808746  
-0.09437771205  
-0.06399303468  
0.2306865585  
0.503028327  
0.6591796418  
0.568346443  
0.535116917  
0.2099188659  
0.1551173775  
0.06867220979  
-0.04535696658  
-0.4842394676  
-0.4501745756  
-0.4507455227  
-0.5305446164  
-0.5130922752  
-0.6492695139  
-0.5704306586  
-0.6724951673  
-0.7015717485  
-0.4274834934  
-0.4463340709  
-0.7096617582  
-0.6616736086  
-0.1238373051  
-0.457079662  
0.002734838474  
0.3734011748  
0.3971910573  
0.7292174111  
0.6706163895  
0.5713161039  
0.5412309972  
0.3565588297  
0.4183757702  
0.3717495429  
0.1514084685  
0.2205150528  
-0.1178954552  
0.008977482292  
0.01721290045  
0.1805376002  
-0.3296290221  
-0.1960385506  
-0.3933795492  
-0.4256821266  
-0.3751174986  
-0.5151057099  
-0.2425228752  
-0.4968786278  
-0.4686964161  
-0.1319699725  
-0.3496343031  
-0.326636472  
-0.3316746276  
-0.238852199  
-0.1971063289  
0.06120080466  
0.1638822406  
0.09692866291  
0.6486930054  
1.234128503  
1.266736295  
1.390266929  
1.672884731  
2.136093437  
1.65345742  
1.764461607  
1.521475967  
1.579967576  
1.845454137  
1.625976279  
2.055060546  
1.881582402  
1.743668916  
1.898188401  
1.473178273  
1.300548128  
1.07730469  
0.6322411032  
0.3780660511  
-0.2041272082  
-0.29006488  
-0.3235304309  
-0.3267034077  
-0.1408164852  
0.1113373291  
0.1544769723  
0.1679993767  
0.3347451757  
0.3687998789  
0.2649350427  
0.1002700256  
-0.1152003849  
-0.167453442  
-0.7565852316  
-0.7661803987  
-0.8808014111  
-1.090032917  
-1.056411517  
-0.9682883334  
-1.131212282  
-0.4152344775  
-0.3174946181  
0.1017942678  
0.1020292895  
0.2613970217  
0.2950424078  
0.6940870581  
0.6037870929  
0.601256822  
0.4167426804  
0.7529062835  
0.6827467648  
0.7633925956  
0.9270238844  
1.138954048  
1.494773221  
1.547599225  
1.532787524  
1.445484041  
1.188887987  
0.8671955592  
0.4131759613  
0.2146334839  
-0.2741163713  
-0.5621753287  
-0.8108174799  
-0.9446221564  
-0.7657203241  
-0.9640733648  
-0.5902589412  
-0.8150786995  
-1.075393814  
-1.022209931  
-0.9420783272  
-0.7424174871  
-1.094445534  
-0.9758611024  
-0.8828804233  
-0.7360292409  
-0.6239623624  
-0.7155643608  
-0.2417336263  
0.2318668842  
0.4629469456  
0.7625123329  
0.5933478466  
0.6639110549  
0.1259175583  
-0.04002111003  
-0.118647302  
-0.2231837917  
-0.1632602337  
-0.1546963012  
-0.09482441683  
-0.3151261556  
-0.5205133745  
2.217444314  
2.35939295  
1.882605003  
1.552974923  
1.277327322  
1.245440006  
0.9385282858  
0.481161866  
0.4503294801  
0.04040602255  
0.1302059772  
0.4259950783  
0.5504188727  
0.8244484112  
0.7135286224  
0.4302950034  
0.4104771849  
0.2619160816  
-0.05779497555  
-0.4522467089  
-0.6489123074  
-0.3908216401  
0.2824332735  
0.1116590866  
0.2861216672  
0.4538839536  
1.255200529  
1.140563653  
1.31085383  
1.00611732  
1.451566935  
1.112872627  
1.222386389  
1.001639995  
0.7782278332  
1.23402477  
1.100484334  
0.8165307317  
0.7725316791  
0.9456544717  
1.127831816  
0.7870573045  
0.8472599358  
0.6357595495  
0.152195361  
0.3909576977  
0.2953138899  
0.05131012329  
-0.1627071029  
-0.04832659372  
0.01429971813  
-0.401245796  
-0.4596343443  
-0.2512992838  
-0.4065381886  
-0.332074068  
-0.3473490656  
-0.3756371314  
-0.3895043388  
-0.1769723674  
-0.3354290074  
-0.6849913413  
-0.8283007623  
-0.9418175243  
-0.8335212127  
-1.02081171  
-0.8246994721  
-1.069195738  
-1.192162314  
-1.401265852  
-1.330320373  
-1.497512502  
-1.314794416  
-1.554338643  
-1.329809919  
-1.179806215  
-0.9608521181  
-1.155568668  
-1.296706748  
-1.024966302  
-0.6411543594  
-0.3513435173  
-0.3323197296  
0.01196658055  
-0.2937969083  
-0.2743808533  
-0.158656265  
-0.4866529308  
-0.5065364973  
-0.3079978385  
-0.5344134526  
-0.1135495784  
-0.2450251479  
-0.4529680525  
-0.1491903944  
0.02105813204  
-0.03334901437  
-0.0003402863504  
-0.2451162683  
-0.3728594677  
-0.763364928  
-0.5012792482  
-0.8534203552  
-0.6809987842  
-0.4306742942  
-0.1379146995  
0.3031144997  
0.7912097312  
0.9045137671  
1.12478253  
1.44015369  
1.803414312  
1.752126363  
1.742171339  
1.845264016  
1.576047648  
1.321069159  
0.7609425298  
0.7453140942  
0.08475850825  
-0.1870410185  
-0.5528386306  
-1.125551159  
-1.054120081  
-1.056533046  
-0.9639573364  
-0.8913937636  
-0.7657980444  
-0.7582974284  
-0.7917105518  
-0.6081077942  
-0.5540888136  
-0.5964587655  
-0.4920287603  
-0.1892959531  
-0.2068969423  
-0.3212374533  
-0.3744522247  
-0.4023707687  
-0.3435905803  
-0.71544661  
-0.5204485398  
-0.4180255097  
-0.5222555148  
-0.3865102148  
-0.3638990826  
-0.1591588992  
-0.2354130491  
0.2296142901  
0.1587546965  
0.06227316823  
0.1592633786  
0.1650751873  
-0.04862670442  
-0.2885036718  
-0.04622599273  
-0.3234020601  
-0.09576027555  
-0.1690581377  
-0.3808049098  
-0.2077807147  
-0.4227029462  
-0.237869845  
-0.5557256776  
-0.3429594656  
-0.473262452  
-0.07185112879  
-0.2875853191  
-0.4380897762  
-0.5774189164  
-0.3479051417  
-0.6288088072  
-0.5339339068  
-0.7062415485  
-0.3809806584  
-0.6065322689  
-0.2999609778  
-0.2673214617  
-2.509052437e-05  
0.1064681762  
0.2865084911  
0.003284966682  
0.06625738141  
0.1487845091  
-0.01254058284  
-0.02620481963  
-0.2763683784  
-0.2516755561  
-0.1866213438  
-0.2308868513  
-0.342321581  
-0.5801786913  
-0.2975121967  
-0.3626108814  
-0.340756202  
-0.2694938538  
-0.1605600586  
-0.3310640461  
0.2728989818  
0.08193248844  
0.07604658408  
-0.06243244777  
0.3611007726  
0.440520976  
0.1332494584  
0.2446114162  
0.1742311308  
0.2611689292  
0.09746734594  
0.47134423  
0.5960007643  
0.4579514123  
1.040772067  
1.150396039  
1.212507005  
1.630935515  
1.486786839  
1.676347323  
1.133885983  
0.9796045667  
0.6954127368  
0.3482110154  
-0.1821708937  
-0.2671151262  
-0.5270123806  
-0.7656902268  
-0.9920437659  
-0.7286147684  
-0.9628658269  
-0.9137095358  
-0.7268576502  
-0.3724201546  
-0.09721309481  
0.09831374109  
-0.237409889  
-0.1264053534  
0.1103239943  
0.1278597299  
-0.02929831645  
-0.162084258  
-0.2638239604  
-0.4519959762  
-0.4357335073  
-0.4896338896  
-0.6146150544  
-0.9546093064  
-0.7715186376  
-0.6569901858  
-0.4896801089  
-0.5933121332  
-0.298185022  
-0.3171503492  
-0.771665826  
-0.7488508699  
-0.4038121933  
-0.3087696026  
-0.7037094129  
-0.6422867427  
-0.2643343395  
-0.3464660414  
-0.2899508184  
-0.4798599335  
-0.5720116405  
-0.4748193446  
-0.2584922853  
-0.2494009755  
0.003234430599  
0.3134575642  
0.5080331457  
0.6433792983  
1.093058571  
1.349537057  
0.9269160162  
0.6845763795  
0.8227692789  
0.4525758789  
0.5400616009  
0.563545632  
0.3379850957  
0.3096902857  
0.653146744  
0.2592846052  
-0.0970904676  
0.00525038576  
-0.2725536421  
-0.7083645709  
-0.3521678945  
-0.6432016488  
-0.9700654172  
-0.9765154145  
-1.205196824  
-1.32281664  
-1.17140111  
-0.9900467515  
-1.251622751  
-1.007091554  
-1.006231123  
-0.8113684529  
-0.5041470594  
-0.709672895  
-0.3927282372  
-0.4124393026  
-0.3195609067  
-0.3067800647  
-0.5639053348  
-0.1863747742  
-0.3019074462  
-0.01770236203  
-0.6562548346  
-0.3019153021  
-0.2551281742  
-0.3380786223  
-0.3093064947  
-0.06551879469  
-0.2214260065  
0.04708726112  
0.3997468566  
0.7250500887  
0.4231585432  
1.19044513  
1.063056272  
1.452860474  
1.588232315  
1.540610602  
1.46230606  
1.130961083  
0.9892303156  
0.2493004661  
-0.1972679188  
-0.6300448572  
-0.6887358111  
-1.064858036  
-1.161606796  
-1.368032644  
-1.261339455  
-1.215578655  
-1.336297088  
-1.130528949  
-1.175679836  
-1.226941565  
-0.9921357008  
-0.8807565825  
-1.121000619  
-0.9886790691  
-1.158866529  
-0.8981535454  
-0.9956000581  
-1.042119267  
-0.74082819  
-0.9207912535  
-0.7127296064  
-0.4925297546  
-0.5976053887  
-0.4052731445  
-0.1739819971  
0.1759714977  
0.5150818022  
0.6823257921  
0.5279596803  
0.4301938829  
0.3444657996  
0.2094788499  
0.1600123488  
-0.02786581763  
-0.1619941699  
-0.4712702296  
-0.8542822669  
-0.8883356672  
-1.382532797  
-1.477540682  
-1.314058299  
-1.03012667  
-0.9109211168  
-0.8923802464  
-0.5516037461  
-0.7908107476  
-0.9942259919  
-1.232015007  
-0.928308813  
-1.237321138  
-1.117403134  
-1.030889553  
-0.8969017775  
-0.8340883422  
-0.2991147461  
-0.1663516227  
0.2380090305  
1.026250897  
1.291527741  
1.574725559  
1.793447988  
1.897171398  
1.737551188  
1.615672126  
1.128713324  
1.2319795  
1.017046471  
0.8199506944  
0.6171167888  
0.7702641107  
0.5784437847  
0.692967527  
0.6272419751  
0.8227427729  
0.673547703  
0.3706338466  
1.1547301  
0.9297992068  
0.7241552933  
1.161133106  
1.2644753  
1.327143733  
1.152287263  
1.276952742  
1.307369038  
1.313039202  
1.345182255  
1.410858347  
1.154688944  
1.035493413  
0.9995365837  
1.284443698  
1.212114518  
1.009604311  
1.249125796  
1.045867352  
1.024087498  
0.9317933399  
1.112623824  
0.9803738766  
0.7220840865  
0.9448270221  
0.6135444374  
1.02849398  
1.133368867  
1.070132163  
0.945792878  
1.010478567  
1.15543501  
0.9002327815  
0.5175494951  
0.503200663  
0.4993743751  
-0.08291519684  
-0.09737368056  
-0.2493950776  
-0.2495468047  
-0.462209046  
-0.3238213097  
-0.118973594  
-0.3455155136  
-0.08050893121  
-0.1924883333  
-0.2629197683  
-0.422238709  
-0.3462175913  
-0.1504172304  
-0.2965383268  
-0.3878566444  
-0.10884358  
-0.05713921444  
0.1035346264  
0.1576169566  
-0.1804411216  
-0.2230936287  
-0.5218232682  
-0.3899347207  
-0.394395919  
-0.6470718094  
-0.354392029  
-0.1298632497  
-0.17073809  
-0.1438921514  
-0.5035835355  
-0.001274486368  
0.02647721555  
-0.03015937219  
-0.1050833352  
-0.1604624568  
-0.1605416575  
-0.4203172633  
-0.4093047213  
-0.4644278714  
-0.5767687638  
-0.6798110324  
-0.503300937  
-0.6332943029  
-0.4871067241  
-0.338384674  
0.1779931784  
0.265818244  
0.6872959565  
0.5659322644  
0.4630428244  
0.3867385462  
0.4272391862  
0.01228722642  
-0.36396355  
-0.6982319903  
-0.795292264  
-1.088196022  
-1.061450034  
-0.7723026221  
-0.8179462258  
-0.6240349473  
-0.4566832356  
-0.423500562  
-0.5926440014  
-0.7166478468  
-0.6654291658  
-0.4995131669  
-0.5642917484  
-0.6545731503  
-0.6533502917  
-0.7629330802  
-0.9055723638  
-1.135948702  
-0.856457041  
-0.7339463787  
-0.5257674638  
-0.200886271  
0.2181833495  
0.380911349  
0.8432858959  
0.951873886  
0.6654512724  
0.5478569748  
0.847434818  
0.8382991785  
0.6907033969  
0.5897249023  
0.7284054728  
0.7099606626  
0.6038173151  
0.3731133701  
0.1283166432  
-0.1915841001  
-0.1352698714  
-0.6010867697  
-0.6315592099  
-0.2913259557  
-0.2129156649  
-0.08029285455  
0.1499162297  
0.4138958805  
0.3939296968  
0.7386791413  
0.8476149688  
1.246775497  
1.138970865  
1.104124813  
1.01153043  
0.951284299  
0.3365199513  
0.2884647714  
0.09243572036  
-0.1277741638  
-0.2752888162  
-0.4786945219  
-0.2836342039  
-0.09951051149  
0.1142773703  
0.09600309112  
0.3046722036  
-0.1658550301  
-0.3271554207  
-0.390675368  
-0.5661923911  
-0.9395849599  
-0.9309892079  
-0.9620996887  
-1.311628692  
-1.091950893  
-0.9819507088  
-1.126507369  
-1.271383715  
-1.089525679  
-0.8347883415  
-0.8020803111  
-0.878237633  
-0.7242564851  
-0.3434504856  
-0.002621566489  
0.3999238782  
1.035236505  
1.603875308  
1.701705386  
1.828361733  
2.019764115  
2.174877761  
2.14304993  
1.998230361  
1.555938643  
1.351958295  
1.126472779  
0.594708347  
0.0837055665  
-0.02360599696  
-0.2572672728  
-0.643298534  
