4277.384731  
4240.170453  
4227.281102  
4203.812969  
4191.929153  
4183.009094  
4172.37766  
4173.230304  
4177.690632  
4177.823154  
4183.565655  
4177.200014  
4176.360308  
4183.536925  
4184.208176  
4183.34779  
4181.595257  
4196.762617  
4201.520863  
4211.642366  
4213.823422  
4217.701475  
4222.759056  
4221.046162  
4217.388703  
4211.170331  
4212.129383  
4215.143224  
4212.944651  
4213.845392  
4204.289719  
4199.215881  
4192.987149  
4190.803585  
4189.097123  
4189.599326  
4191.099975  
4185.130719  
4183.477547  
4173.596736  
4174.341944  
4178.102136  
4173.954452  
4180.690763  
4173.833089  
4177.239746  
4186.976149  
4188.891153  
4192.138633  
4195.884465  
4194.382967  
4191.052895  
4190.62994  
4183.843477  
4187.218744  
4189.342873  
4194.692263  
4198.775943  
4201.014246  
4205.792441  
4208.264607  
4208.5131  
4209.083004  
4226.29198  
4227.846749  
4226.308183  
4228.740751  
4238.115239  
4228.831951  
4245.208184  
4234.584883  
4228.221719  
4235.701679  
4227.892194  
4238.406765  
4237.472264  
4243.543051  
4233.144309  
4229.480031  
4231.018583  
4220.165829  
4212.381703  
4204.591212  
4202.38507  
4203.575652  
4212.044585  
4203.853748  
4198.847069  
4195.032876  
4196.462262  
4197.316195  
4193.204868  
4192.606597  
4190.876279  
4189.445216  
4188.85488  
4187.793155  
4186.78285  
4183.451074  
4186.969137  
4195.202386  
4200.611989  
4208.816763  
4222.728759  
4226.669756  
4226.96421  
4228.315312  
4238.13774  
4242.275317  
4243.173508  
4250.120161  
4236.237632  
4234.458778  
4230.226505  
4214.051477  
4207.296631  
4200.426359  
4206.411985  
4206.505345  
4194.893003  
4203.633127  
4209.401278  
4212.79931  
4228.999433  
4230.188027  
4233.826589  
4228.669109  
4230.977424  
4233.142797  
4230.921973  
4239.373504  
4232.802086  
4216.077546  
4211.993338  
4207.497781  
4208.350081  
4206.022671  
4197.069776  
4196.146562  
4194.253634  
4195.256758  
4184.165637  
4186.453619  
4185.801994  
4176.900113  
4183.145153  
4187.892106  
4195.786833  
4190.346548  
4185.320278  
4180.38956  
4176.634349  
4178.319477  
4176.404473  
4165.450766  
4167.393195  
4160.229288  
4157.280341  
4164.594068  
4155.496683  
4161.370136  
4168.920287  
4174.256902  
4177.725444  
4181.241866  
4185.408615  
4175.91897  
4182.822622  
4182.112556  
4183.443579  
4185.11369  
4198.613169  
4206.217079  
4216.783523  
4216.820424  
4214.760825  
4213.464649  
4227.183076  
4225.906599  
4236.91651  
4249.952539  
4256.626661  
4264.843736  
4250.474714  
4253.14615  
4245.961267  
4239.812782  
4233.42693  
4220.089842  
4217.984384  
4212.040251  
4197.967481  
4197.936955  
4200.068293  
4211.521007  
4214.106266  
4220.127367  
4218.86785  
4222.005766  
4221.262114  
4218.169185  
4215.890307  
4221.837011  
4220.287359  
4219.403654  
4216.34449  
4226.071396  
4225.912655  
4232.867365  
4228.162719  
4236.95275  
4237.735015  
4230.559411  
4229.098813  
4222.310806  
4211.223699  
4218.058779  
4217.980842  
4223.796259  
4223.758248  
4233.532899  
4239.48177  
4245.616433  
4247.077932  
4250.509049  
4249.35494  
4248.722034  
4238.125184  
4243.755936  
4237.064494  
4237.217611  
4226.32718  
4233.702267  
4236.094439  
4235.961498  
4245.906227  
4246.248735  
4253.177491  
4253.36573  
4263.804446  
4271.650528  
4271.431581  
4259.950243  
4266.935715  
4270.916206  
4267.520821  
4257.624647  
4247.907713  
4229.101463  
4230.14991  
4221.033372  
4218.126878  
4216.927731  
4221.905266  
4211.257404  
4211.552852  
4207.024125  
4198.400781  
4206.50569  
4198.251836  
4192.713136  
4189.424064  
4187.12768  
4177.940712  
4184.764896  
4170.974306  
4164.512481  
4163.026941  
4161.365909  
4168.86704  
4175.251335  
4185.06095  
4181.231888  
4175.03162  
4177.384004  
4177.211459  
4177.802463  
4180.357095  
4178.290841  
4173.545107  
4184.372946  
4176.317982  
4179.279026  
4181.19382  
4188.840432  
4196.020948  
4201.574142  
4210.646078  
4215.768389  
4220.740501  
4222.425368  
4227.419831  
4220.969422  
4223.475345  
4224.136505  
4216.293123  
4222.765201  
4225.068733  
4215.128881  
4216.636263  
4211.865356  
4213.920655  
4213.603452  
4221.870717  
4223.7265  
4233.115717  
4235.028546  
4238.991509  
4239.106853  
4242.028586  
4242.201555  
4228.332902  
4227.781778  
4213.134746  
4206.3455  
4205.15998  
4200.437474  
4203.096449  
4211.171892  
4197.772764  
4216.522503  
4213.347124  
4207.82674  
4212.792495  
4202.893265  
4205.930824  
4207.036267  
4202.054195  
4201.739046  
4200.330032  
4197.697099  
4205.641425  
4202.143666  
4202.426564  
4203.703851  
4198.689429  
4196.640137  
4188.717756  
4190.528525  
4182.08468  
4184.056185  
4181.316703  
4182.47411  
4184.453541  
4191.173117  
4209.444156  
4216.3895  
4231.243277  
4232.285488  
4241.023071  
4264.043225  
4276.243439  
4271.510251  
4267.85156  
4262.128994  
4253.614119  
4244.121906  
4230.64586  
4224.906353  
4213.723939  
4218.361149  
4221.215446  
4224.696297  
4214.300898  
4215.305295  
4213.512411  
4216.950601  
4212.467743  
4205.67753  
4197.195775  
4193.055838  
4194.427863  
4194.042891  
4189.526622  
4195.726898  
4206.581248  
4211.446177  
4218.962147  
4218.068788  
4214.448296  
4227.077746  
4236.16464  
4240.637011  
4251.32379  
4263.952707  
4268.221462  
4266.457955  
4264.314645  
4265.235762  
4253.44522  
4231.963045  
4226.595855  
4216.434591  
4212.740582  
4210.426586  
4208.061424  
4204.036238  
4203.515664  
4212.347806  
4205.023384  
4201.297613  
4206.97359  
4204.523936  
4199.618466  
4198.226207  
4196.731849  
4192.273341  
4185.636525  
4184.351464  
4184.437832  
4183.129625  
4189.096867  
4187.405985  
4192.701994  
4188.946708  
4195.528384  
4197.605348  
4192.573608  
4194.329626  
4193.094162  
4196.043169  
4190.420505  
4194.443546  
4198.533338  
4207.159848  
4198.358755  
4192.866521  
4204.025442  
4203.877359  
4197.734951  
4198.678596  
4202.499257  
4202.337875  
4204.798816  
4203.745228  
4196.069751  
4192.486073  
4205.186537  
4205.316587  
4208.670157  
4205.384039  
4211.949933  
4209.394252  
4211.367261  
4219.056686  
4226.593333  
4231.167236  
4228.774311  
4227.352922  
4218.738585  
4215.832823  
4214.676714  
4209.645482  
4197.933537  
4198.593517  
4199.113229  
4197.780391  
4196.569677  
4192.283194  
4195.333875  
4192.765863  
4192.641108  
4198.81277  
4198.379299  
4192.146468  
4194.804722  
4207.929671  
4199.002581  
4211.527609  
4222.829212  
4225.343575  
4234.553941  
4233.417179  
4231.677882  
4229.608902  
4224.159167  
4224.795713  
4221.352729  
4215.655509  
4218.515957  
4208.550183  
4212.469779  
4211.440524  
4217.657937  
4202.472651  
4205.939519  
4200.976419  
4199.350249  
4200.591316  
4198.683843  
4205.063466  
4197.491408  
4199.122708  
4206.901254  
4202.539512  
4202.718796  
4201.934116  
4204.305086  
4205.217772  
4212.354423  
4215.920991  
4215.280653  
4230.613523  
4249.335445  
4250.421383  
4255.869993  
4262.431614  
4275.252551  
4262.886969  
4265.86225  
4259.232246  
4260.631986  
4268.321316  
4261.154786  
4273.756721  
4268.985683  
4265.14626  
4268.467287  
4257.107884  
4253.038712  
4245.205914  
4232.085806  
4223.206631  
4206.969054  
4203.15179  
4200.429109  
4201.118796  
4205.7387  
4215.023565  
4216.200235  
4217.005717  
4221.726423  
4221.802789  
4220.167703  
4214.86427  
4208.539511  
4206.933743  
4191.006508  
4189.303997  
4184.606144  
4178.989022  
4179.658426  
4181.919904  
4177.418142  
4197.650568  
4201.791564  
4213.629544  
4214.259133  
4220.332777  
4221.998311  
4231.59885  
4230.118475  
4230.886666  
4226.492489  
4235.147969  
4233.258444  
4235.325747  
4240.687424  
4247.080907  
4257.757251  
4259.8267  
4259.222725  
4257.145882  
4248.382871  
4238.374662  
4224.158087  
4216.85552  
4202.362079  
4194.261094  
4185.160892  
4182.578995  
4187.729129  
4185.118184  
4192.912581  
4187.681186  
4180.205587  
4180.695157  
4183.556246  
4188.583593  
4180.166503  
4183.069785  
4185.395952  
4189.885299  
4193.12087  
4190.224674  
4204.049565  
4217.463229  
4225.109144  
4233.568245  
4230.269688  
4232.613093  
4217.097556  
4213.017703  
4210.24041  
4206.010687  
4207.445896  
4207.293546  
4209.04698  
4204.081597  
4197.523569  
