4143.178458  
4135.496722  
4129.587792  
4131.720808  
4121.31263  
4122.936024  
4126.277659  
4125.522366  
4124.526266  
4124.183449  
4117.087008  
4123.411142  
4122.826295  
4121.587411  
4121.875899  
4119.485438  
4118.482531  
4116.123674  
4121.168382  
4119.526473  
4120.573282  
4125.240963  
4141.441693  
4127.911995  
4141.261261  
4131.701781  
4136.349403  
4140.508026  
4133.040711  
4127.851761  
4125.121622  
4121.881787  
4126.648071  
4122.497504  
4118.654267  
4132.202802  
4130.157807  
4128.119403  
4132.945733  
4137.560784  
4135.333546  
4129.194251  
4139.901074  
4139.137322  
4139.446357  
4139.985316  
4138.554784  
4133.261653  
4137.128118  
4145.421987  
4141.835598  
4139.260914  
4131.443971  
4127.957046  
4129.464518  
4126.113157  
4122.836192  
4119.638737  
4117.09756  
4117.302067  
4121.87685  
4118.516353  
4112.016114  
4110.350844  
4120.237153  
4112.596991  
4107.670724  
4114.463851  
4110.204269  
4110.725479  
4119.413592  
4112.259902  
4110.508958  
4105.100324  
4119.545474  
4121.719851  
4127.602589  
4130.438964  
4127.387978  
4126.620714  
4130.819756  
4126.806275  
4126.948345  
4133.4451  
4132.525238  
4136.997964  
4130.261664  
4135.731042  
4131.793238  
4134.438008  
4134.39452  
4138.62553  
4132.509601  
4132.54062  
4136.533122  
4130.958808  
4130.164806  
4135.035432  
4130.479336  
4132.641689  
4129.974527  
4128.246812  
4123.343545  
4130.398853  
4128.23847  
4131.240595  
4136.351143  
4141.698448  
4145.068579  
4154.897313  
4141.603775  
4145.47196  
4148.304831  
4150.571032  
4150.298595  
4144.019223  
4138.236371  
4127.468058  
4132.55781  
4131.056401  
4127.836039  
4121.2322  
4119.068122  
4113.039089  
4117.402894  
4117.393123  
4111.448928  
4110.222773  
4113.791936  
4124.750011  
4116.200943  
4117.494922  
4120.71235  
4128.610296  
4127.034345  
4128.27652  
4126.624312  
4133.085101  
4134.398478  
4129.391207  
4124.517544  
4126.613222  
4125.341595  
4116.673955  
4119.15573  
4122.51842  
4118.34259  
4125.754152  
4133.569726  
4128.341615  
4128.380292  
4127.890871  
4123.225201  
4122.784401  
4124.708455  
4126.735431  
4127.218365  
4127.497982  
4128.396175  
4128.266914  
4132.760282  
4134.09573  
4140.414245  
4137.128395  
4133.380479  
4138.051644  
4143.35805  
4142.033082  
4133.898976  
4136.694483  
4143.521918  
4139.445793  
4141.36202  
4134.987977  
4140.037737  
4133.858232  
4137.589165  
4135.7095  
4133.222848  
4132.863144  
4137.773443  
4149.666564  
4147.196675  
4138.644214  
4137.644972  
4141.694645  
4135.591891  
4140.368408  
4142.248959  
4136.651794  
4140.037537  
4140.64288  
4143.877122  
4141.357391  
4139.799215  
4142.614489  
4139.202503  
4140.169267  
4141.125341  
4131.181633  
4145.767815  
4144.152481  
4151.899197  
4148.185211  
4153.354627  
4140.641406  
4141.322455  
4140.369671  
4123.757607  
4134.408554  
4131.229631  
4137.691738  
4141.875217  
4146.862692  
4141.949587  
4146.795631  
4143.604641  
4139.082718  
4134.826788  
4138.525685  
4130.906676  
4131.770547  
4132.4747  
4123.139828  
4116.189612  
4117.106184  
4116.182718  
4116.2905  
4113.761081  
4120.51621  
4122.310536  
4129.117321  
4134.278619  
4139.463007  
4127.830553  
4130.165429  
4140.00741  
4129.929957  
4124.217042  
4127.259851  
4126.72017  
4120.798879  
4119.224589  
4123.763514  
4118.000709  
4114.625163  
4123.834446  
4120.413462  
4120.96714  
4122.959004  
4124.531811  
4122.144579  
4123.376905  
4127.083075  
4120.42017  
4129.057132  
4127.021596  
4123.39796  
4124.365852  
4127.700843  
4127.53188  
4125.553739  
4128.653431  
4133.645681  
4139.592662  
4135.937283  
4135.765846  
4134.569697  
4130.820421  
4133.089877  
4130.09558  
4129.536078  
4127.811162  
4132.056955  
4134.655711  
4125.341189  
4133.897944  
4132.286564  
4132.690295  
4129.343687  
4131.626605  
4131.092879  
4137.021761  
4132.067246  
4133.69932  
4125.833415  
4130.363201  
4136.068556  
4126.927949  
4128.610053  
4125.316485  
4127.747072  
4133.959942  
4131.918695  
4131.375118  
4134.293426  
4130.394028  
4132.706272  
4133.725702  
4125.946882  
4132.098403  
4125.261434  
4125.284857  
4122.584061  
4119.299997  
4131.47897  
4128.589688  
4128.125446  
4119.711469  
4123.296244  
4129.156133  
4128.993047  
4128.199472  
4133.167911  
4125.96594  
4128.592289  
4128.273405  
4132.696401  
4128.475604  
4135.671496  
4127.255429  
4140.277054  
4139.105925  
4137.372851  
4129.765116  
4128.069038  
4124.51028  
4119.258332  
4117.978525  
4117.165165  
4119.372311  
4109.050416  
4112.622595  
4114.387487  
4112.472306  
4117.956179  
4118.632239  
4124.020443  
4117.007699  
4115.343997  
4118.713317  
4124.293234  
4129.532497  
4127.355584  
4128.748404  
4131.753092  
4136.662397  
4131.738245  
4128.675373  
4125.059147  
4126.643571  
4121.446193  
4128.509994  
4128.828269  
4122.479692  
4123.737273  
4135.58737  
4126.363106  
4120.142892  
4132.946058  
4131.396123  
4124.288814  
4127.305949  
4127.157519  
4117.027113  
4118.861607  
4117.340153  
4125.25452  
4116.573245  
4117.452193  
4112.452728  
4117.732345  
4125.595069  
4122.369202  
4124.635487  
4125.497711  
4122.999049  
4120.05042  
4122.249776  
4125.6735  
4128.166878  
4120.353359  
4116.442116  
4123.043387  
4124.62667  
4134.796382  
4134.532845  
4139.601504  
4135.228  
4142.799686  
4147.048168  
4147.202208  
4139.21115  
4137.483507  
4135.687788  
4132.30041  
4124.228286  
4133.694731  
4127.282576  
4137.756064  
4133.912365  
4131.531057  
4128.691214  
4133.130837  
4137.120879  
4139.098535  
4144.928913  
4141.636081  
4140.653487  
4132.129056  
4135.34235  
4140.185622  
4130.032529  
4134.706511  
4137.30252  
4132.916868  
4143.230829  
4138.901432  
4138.396835  
4142.343186  
4142.446911  
4148.435567  
4149.163958  
4155.026846  
4148.312098  
4151.904636  
4147.949737  
4145.141757  
4143.482709  
4143.443005  
4141.206418  
4147.00592  
4137.672204  
4143.265935  
4143.380622  
4135.90946  
4137.599438  
4129.976428  
4123.288551  
4120.250433  
4116.365858  
4122.198329  
4127.883663  
4121.13851  
4122.259179  
4122.174628  
4126.021798  
4129.146855  
4125.919075  
4124.716154  
4126.373954  
4125.96573  
4125.128454  
4129.20269  
4128.055826  
4128.494353  
4126.841964  
4127.364361  
4125.053567  
4128.370022  
4137.703241  
4136.649033  
4141.730391  
4132.425875  
4126.912821  
4123.795547  
4126.160423  
4120.387819  
4111.954546  
4113.896871  
4112.965795  
4120.419711  
4126.693388  
4133.100088  
4134.104837  
4135.209583  
4134.292312  
4133.045804  
4126.443901  
4128.188294  
4117.654542  
4119.792724  
4108.703861  
4108.868146  
4108.548096  
4108.088522  
4114.620363  
4118.533939  
4121.374446  
4123.232452  
4120.612073  
4121.289793  
4115.075363  
4118.522872  
4116.043411  
4119.765443  
4122.03775  
4118.610583  
4119.246672  
4117.267593  
4118.940359  
4118.486032  
4113.850617  
4106.516972  
4111.003523  
4116.321034  
4114.797239  
4121.027862  
4115.412038  
4122.046529  
4118.967437  
4119.691672  
4114.83393  
4117.881235  
4116.888691  
4113.956977  
4111.045356  
4114.75403  
4120.292326  
4127.773077  
4128.898646  
4133.699422  
4137.767655  
4140.618384  
4146.637133  
4138.542371  
4144.163045  
4148.462761  
4153.520149  
4143.181058  
4147.625069  
4141.651586  
4136.654131  
4139.166793  
4136.045203  
4133.836448  
4129.201043  
4134.922475  
4129.6908  
4128.633898  
4127.196194  
4124.614263  
4123.515303  
4123.663676  
4124.290898  
4129.7945  
4137.952248  
4132.314945  
4139.683341  
4135.239285  
4137.092723  
4134.765991  
4135.074297  
4138.327815  
4142.964823  
4133.74034  
4138.268014  
4138.589058  
4128.104399  
4137.232062  
4138.202843  
4128.197338  
4134.668635  
4127.824514  
4125.112094  
4125.610245  
4126.054801  
4128.17259  
4126.913246  
4124.845549  
4124.331125  
4124.580857  
4121.319772  
4134.441609  
4123.146413  
4115.53526  
4123.719667  
4132.106184  
4134.830279  
4116.843386  
4124.150083  
4120.40597  
4118.326974  
4133.115584  
4139.856901  
4141.069588  
4137.208584  
4133.194267  
4143.38979  
4136.249908  
4136.309054  
4135.312373  
4130.499196  
4136.257806  
4137.248459  
4139.415151  
4134.166305  
4130.812797  
4136.141009  
4132.815426  
