0.00664055472  
-0.3689859101  
-0.4318563096  
-0.7996115906  
-0.9341702782  
-1.158030469  
-1.277366365  
-1.355999022  
-1.276268822  
-1.224248466  
-1.065699102  
-0.8172319929  
-0.9654587962  
-1.004327553  
-1.122415687  
-1.333304981  
-1.254206904  
-1.656570384  
-1.319461226  
-1.332324062  
-1.176363186  
-1.293729379  
-1.197329792  
-1.323940026  
-1.155090515  
-1.099269132  
-0.9275255802  
-0.8468971258  
-0.8458902582  
-1.270090186  
-1.525859913  
-1.461865418  
-1.58217693  
-1.507012245  
-1.213539  
-0.9819412446  
-0.9963531223  
-0.9142653843  
-0.9813723751  
-1.144790932  
-1.481659863  
-1.50291151  
-1.293519475  
-1.263238495  
-1.071622369  
-1.061159568  
-0.9838699549  
-0.8699272844  
-0.4469722873  
-0.4661347351  
-0.3597671043  
0.823582897  
0.5983948346  
0.5339679326  
0.0950645395  
0.08804960181  
0.0183992208  
0.01102953207  
0.1607796175  
-0.08706788988  
-0.2476125358  
0.09781349056  
0.8303788204  
0.7125699872  
0.7122800538  
1.122254896  
0.7214408383  
0.2129320613  
-0.3058688031  
-0.4887872604  
-0.4442105186  
-0.245828313  
-0.5999718705  
-0.6414242462  
-0.5571447435  
-0.6217874892  
0.02259969828  
0.1873938303  
0.05444267285  
0.4374805412  
0.5627446135  
0.9618064547  
0.8291687554  
-0.2628471973  
-0.2284376203  
-0.4880972216  
-0.4342146657  
-0.2047906371  
-0.5115752306  
-0.4629233295  
-0.431802567  
-0.2626900942  
-0.2818714302  
-0.55647585  
-0.6377886332  
-0.7417751798  
-0.5528400107  
-0.5604660227  
-0.6552619312  
-0.7086845211  
-0.6645973132  
-0.5718207245  
-0.4253698444  
-0.7622610441  
-0.7131403221  
-0.7034122401  
-0.2789194461  
0.01182693448  
-0.3442327929  
-0.2687274804  
-0.1416450588  
-0.05421626934  
-0.09881287133  
-0.2078297876  
-0.3770493561  
-0.3997172217  
-0.5741135793  
-0.6119728176  
-0.6406381917  
-0.85699123  
-0.3895512564  
-0.2545993038  
-0.4207535676  
-0.349392471  
-0.2164570769  
-0.04769946537  
-0.5232849845  
-0.7549342552  
-0.8299301007  
-1.022012567  
-0.9105477061  
-0.7620773945  
-0.8399605877  
-0.9160885717  
-0.8632337059  
-0.6909398334  
-0.427555199  
-0.345767052  
-0.4992021563  
-0.2777900133  
-0.4351661021  
-0.2765094038  
-0.1688947737  
-0.3079568659  
-0.5017341105  
-0.4324165817  
-0.4557932283  
-0.3319771197  
-0.3790373372  
-0.4498482137  
-0.3670356541  
-0.07223339258  
0.2210544817  
0.01652183695  
-0.08917706144  
0.08449348208  
0.03822641291  
0.01216045489  
-0.2457183209  
-0.5519104307  
-0.5939328027  
-0.5639997939  
-0.2357228578  
-0.1824804686  
0.1712927317  
-0.06697147073  
-0.108251301  
0.08614892555  
-0.03591537105  
0.008649020528  
-0.4081037352  
-0.7920976183  
-0.8910313061  
-0.9186485794  
-0.5701785249  
-0.3241482079  
-0.5273646246  
-0.4841714484  
-0.6099818812  
-0.6566848459  
-0.7221613515  
-0.7640546658  
-0.4381713008  
-0.4948590914  
-0.5305092994  
-0.2769500711  
-0.2995998415  
-0.06030139142  
-0.04436162746  
-0.1748697185  
-0.08312851084  
-0.1618036009  
0.01407189541  
0.1718504659  
-0.2398476287  
-0.228558571  
-0.405486722  
-0.1550750751  
0.2770191073  
-0.008871999251  
0.5264219656  
0.8125002749  
1.091928809  
0.6183631883  
0.6536549414  
0.5294900872  
0.3278271703  
0.2395584112  
0.162297737  
0.2119199061  
0.2680368605  
0.2157470115  
0.1204228502  
0.01673575919  
0.05950510976  
0.02665049626  
-0.2536394603  
-0.3433722813  
-0.1720890017  
-0.1839443685  
-0.1175979082  
-0.1158262829  
-0.146217699  
-0.1286881741  
-0.1161051382  
-0.3255444941  
-0.6923407222  
-0.6306989152  
-0.6636736196  
-0.6173494945  
-0.552340147  
-0.4643181099  
-0.33843427  
-0.2272311974  
-0.3474100886  
-0.6456294618  
-0.6087230325  
-0.7347928428  
-0.6334244217  
-0.412840544  
-0.4942818758  
-0.347727158  
-0.3160730617  
-0.1020487625  
0.0888362228  
-0.2324448171  
-0.2811031273  
-0.3453720333  
-0.1659628437  
-0.1966339555  
-0.2991425984  
-0.2274241932  
-0.236239171  
0.1287503603  
0.04814241196  
-0.3540842713  
-0.1747342745  
-0.0373740858  
0.04436624007  
-0.1129839115  
-0.2231632484  
-0.2861985262  
-0.3765705569  
-0.3195957961  
-0.3092239389  
-0.3173046382  
0.001123424346  
0.3031756981  
0.5193819535  
0.3831918909  
0.2055677682  
0.5410546721  
0.2960580327  
0.4184612575  
-0.04305588389  
-0.1167619557  
-0.3768114603  
-0.0225810974  
0.1981854223  
0.06448810774  
0.02874598943  
0.02633826092  
0.3100745369  
0.3451137547  
0.1455537169  
0.274727912  
0.1490323004  
0.3598655613  
0.4450117723  
0.07467817561  
-0.42203155  
-0.2870308226  
-0.2623232741  
-0.2243606558  
-0.3298368549  
-0.7058256104  
-0.8250370333  
-0.7777821043  
-0.8537478423  
-0.6009260197  
-0.6210462892  
-0.5878452748  
-0.8973135295  
-0.619615171  
-0.6101177288  
-0.6759127798  
-0.6067224495  
-0.3056370385  
-0.3556358187  
-0.3802743485  
-0.3235456297  
-0.2113971491  
-0.3158285548  
-0.3049921093  
-0.2104087342  
-0.3620649605  
-0.2575744279  
-0.2355584108  
-0.3039003601  
-0.295980618  
-0.6298205402  
-0.6721358899  
-0.4123018148  
-0.1017861906  
0.1614766645  
0.003678595034  
-0.1867550781  
-0.05996008246  
-0.1034757653  
-0.09605895915  
-0.2672469957  
-0.0422229399  
0.04283031663  
0.4694315795  
0.4788525713  
0.5405869694  
0.425788215  
0.7096341812  
0.6242087858  
0.4965682386  
0.6387464256  
0.06266715815  
-0.1399271077  
-0.5330309385  
-0.1651583092  
-0.1919136524  
0.1988933992  
0.3253906816  
0.3607309661  
0.4150220776  
0.243381862  
0.1049742184  
-0.01524513143  
-0.3546527658  
-0.418197094  
-0.2916164754  
-0.6476518314  
-0.3997583347  
-0.2396352494  
0.2343896525  
0.4435747567  
0.4654241554  
0.5226953269  
0.48829634  
0.2100198895  
0.5676995752  
0.3734593789  
0.0469426345  
0.1826449805  
-0.04462661244  
0.2065439632  
0.1918547405  
0.08936476075  
-0.3007289504  
-0.17364381  
-0.3596337375  
-0.2673035334  
-0.1444943989  
-0.1897970613  
-0.004945170336  
0.4070177283  
0.6267052004  
0.8211183339  
0.7248556196  
0.3968261884  
0.3673259785  
0.1076038984  
-0.2222276161  
-0.328017444  
-0.5609388376  
-0.5354113948  
-0.6380250114  
-0.2953765105  
-0.2407129046  
-0.2510949459  
-0.1623071327  
-0.02252448758  
0.09626056339  
-0.03378602367  
-0.04167389369  
0.0635306125  
-0.07229247591  
-0.08882904358  
-0.08117242409  
-0.1262305175  
0.07771098375  
0.07698951913  
0.05727393153  
-0.08144130525  
0.01572063828  
0.1514549228  
0.5345301725  
0.3343311886  
0.2588651836  
0.3540044711  
0.8470640473  
0.613435983  
0.7206273244  
0.5467402437  
0.5802855632  
0.3418012793  
-0.06420178965  
-0.2880173208  
-0.3998559819  
-0.3724813411  
-0.152814257  
0.2129015103  
0.2129697257  
0.6005969138  
0.5583109688  
0.515971505  
0.4253000721  
1.08871143  
1.458435737  
1.061700657  
1.012331343  
1.089737689  
1.262022329  
1.075750701  
1.3780155  
1.096025955  
0.7056965299  
0.7122945011  
0.6673112197  
0.715020839  
0.7057285894  
0.4368838962  
0.5779023661  
0.4756983058  
0.5689074863  
0.3985808294  
0.2554297709  
0.2209490892  
0.2718105917  
0.5415101783  
0.2584517547  
0.282884024  
0.4532536253  
0.6762821614  
0.7885460547  
0.7670392081  
0.5784357682  
0.3401457239  
0.3417570571  
0.3879503756  
0.7244370442  
0.4018009258  
0.4550461418  
0.5573523937  
0.7823267357  
0.6058359813  
0.4104391219  
0.666117298  
0.6370088027  
0.3377876488  
0.07223003223  
0.1155312737  
0.1070086408  
0.3943791072  
0.5349574853  
0.2850584247  
0.6151266568  
0.8409827813  
0.7693479185  
0.7131390805  
0.5699446057  
0.1330124698  
0.06141013458  
0.1617360542  
0.4408358065  
0.2271489643  
0.4258752313  
0.6264502053  
0.6876570717  
0.5767330232  
0.5218382768  
0.3813310433  
0.2256853978  
0.1809825676  
0.1711270413  
-0.008603148324  
0.1483364012  
0.4623857786  
0.6124780457  
0.8036252659  
0.9262571466  
0.7538394636  
0.9576470513  
0.8318781302  
0.6385324256  
0.5564305175  
0.3216730673  
0.3079729548  
0.4216295659  
0.6982128857  
0.8499101495  
0.8623785674  
0.9266436165  
1.06869311  
1.002488785  
1.056606778  
0.7425179265  
0.5852228138  
0.5779935733  
0.324441431  
0.6120851835  
0.4251846509  
0.7643322531  
0.9307033827  
1.274330634  
1.253120787  
1.312936688  
1.34841705  
1.152809382  
0.8241822456  
0.5424305984  
0.3927737323  
0.2598737398  
0.3847290823  
0.3966631315  
0.5546108388  
0.545779863  
0.3276545804  
0.4565043228  
0.5934082789  
0.7234664612  
0.4206055595  
0.3757527991  
0.3853155895  
0.2900476324  
0.5984599177  
0.5157595545  
0.4124122931  
0.5243961942  
0.6206216297  
0.8323156386  
0.5200367847  
0.517458674  
0.5892060899  
0.6392650111  
0.8486969014  
1.049616001  
0.7065769775  
0.6437720136  
0.6867529969  
0.7894531676  
0.6406396767  
0.6992415358  
0.9274479528  
1.151258495  
1.336729943  
1.058328465  
0.7760423819  
0.6940728413  
0.7564119324  
0.7185139748  
0.4400413954  
0.1575010742  
0.1541243003  
0.3510036911  
0.5182738254  
0.5819767192  
0.4532489715  
0.4685856082  
0.4291343529  
0.6250910561  
0.657802759  
0.307198522  
0.3068765408  
0.4938428624  
0.7012586203  
0.7826676727  
0.6879015775  
0.7616996496  
0.9707526452  
0.822622288  
0.9116187503  
0.6278258094  
0.3634245238  
0.3541821712  
-0.04477534306  
-0.4290514274  
-0.7353298739  
-0.7898670397  
-0.9090748166  
-1.064317988  
-1.04001704  
-1.08152586  
-1.114081182  
-1.099061799  
-1.156347336  
-1.104818457  
-1.065737282  
-0.9938281888  
-1.079711358  
-1.366204738  
-1.234427667  
-1.274443882  
-1.35418191  
-1.298406903  
-1.556856724  
-1.401939128  
-1.017860451  
-0.6168750004  
-0.9342633354  
-0.9672593709  
-1.00592049  
-0.8521468024  
-0.5063914954  
-0.4759239155  
-0.4640405792  
-0.5687714573  
-0.6520260677  
-0.7369812845  
-0.7553073567  
-0.7746727561  
-1.094338188  
-0.5404510746  
-0.4771485081  
-0.5197299274  
-0.3127904401  
-0.127508189  
-0.0930945217  
-0.0701212075  
-0.4747382924  
-0.7014652192  
-0.6560798259  
-0.9110649449  
-0.7452878555  
-0.8491529141  
-1.224284192  
-1.053826955  
-1.058999628  
-1.120224305  
-0.811447594  
-0.9209237455  
-1.402260166  
-1.140466339  
-0.8732678645  
-0.6276308744  
-0.6088354126  
-0.9664713476  
-1.190415059  
-1.49414647  
-1.303212695  
-1.068483871  
-0.8822646219  
-0.3933957968  
-0.5511639701  
-0.7596909165  
-0.8386111745  
-0.5633434581  
-0.2855203072  
-0.3949192393  
-0.2188117479  
-0.2563560915  
-0.531228669  
-0.7332293608  
-0.95469974  
-0.9142393224  
-0.9824759176  
-0.8265044508  
-1.112968042  
-1.141049153  
-1.055540668  
-0.9034775157  
-0.9396771503  
-0.6026307634  
-0.4936904306  
-0.8114358894  
-0.4307548786  
-0.156097691  
0.2595601937  
0.1745676305  
0.2783327738  
-0.1489009559  
-0.156087814  
-0.2488262032  
-0.1494737627  
-0.1163743661  
0.1275277614  
-0.1892282094  
-0.08197856424  
0.08351176232  
0.4190157159  
0.6831229683  
0.3405481177  
0.1818253696  
0.2428033268  
-0.1157122636  
-0.207427546  
-0.596751117  
-0.411296651  
-0.3010892239  
0.1609894111  
0.1637933641  
0.1352877843  
0.2732829193  
-0.07649763777  
0.05547786512  
-0.08720989018  
-0.1286666741  
0.09154457035  
0.2409254159  
0.280776235  
0.3021931075  
0.4264114523  
0.4381937092  
0.6113188681  
0.3738959096  
0.6483217739  
0.5669483075  
0.6872907416  
0.2508676958  
-0.04906244589  
-0.248685361  
-0.10926428  
-0.2617692886  
-0.346364725  
-0.289307742  
-0.09013418295  
-0.01522843724  
-0.02111444855  
0.1593329556  
0.162790312  
-0.01953369436  
-0.06495066446  
-0.4419432296  
-0.2387769662  
-0.007367308968  
-0.2891858214  
-0.1950005421  
-0.08826695416  
-0.06187363497  
-0.402450638  
-0.4311967632  
-0.4311800044  
-0.3269714903  
-0.1378416723  
-0.3013095684  
-0.5718400678  
-0.5726594267  
-0.544379196  
-0.5020279569  
-0.4613469349  
-0.625399051  
-0.7431717561  
-0.6016755921  
-0.5040442828  
-0.2959072053  
0.0991217365  
0.03819679569  
-0.4313989257  
-0.381267842  
-0.784031703  
-0.6848494819  
-0.5591700673  
-0.6896261022  
-0.8873451349  
-0.9440338956  
-0.8055222879  
-0.5667988696  
-0.5886876375  
-0.348248377  
-0.2174463267  
-0.265968039  
-0.3967901107  
-0.5228888638  
-0.8845828707  
-1.16794373  
-1.285869079  
-1.443919911  
-1.43692854  
-1.197392757  
-1.288698206  
-1.022373505  
-0.9952790166  
-0.8881324668  
-0.7578623494  
-0.7395943102  
-0.7302027074  
-0.717469533  
-0.7141941799  
-0.6312039258  
-0.8883711364  
-0.6730247331  
-0.4595877651  
-0.06729183468  
0.4122113328  
0.190469958  
0.113944123  
0.147274966  
0.07727512201  
-0.2127800975  
-0.6405116131  
-0.80382675  
-0.6685374541  
-0.6488462891  
-0.24543384  
-0.3986681608  
-0.7833532598  
-0.9006968209  
-0.7499882648  
-0.6897933031  
-0.7312389739  
-0.6942546674  
-1.016988189  
-0.7394330083  
-0.6801552191  
-0.7554281495  
-0.5313035529  
-0.5685614272  
-0.6883349367  
-0.4004820031  
-0.4779628703  
-0.4050886542  
-0.604287588  
-0.7157415403  
-0.6776704938  
-0.7028940684  
-0.6132291338  
-0.5222025989  
-0.709903758  
-0.9640539173  
-0.7085747169  
-0.4302600371  
-0.2273941815  
0.06289728564  
0.05448804261  
0.1632510051  
0.328536409  
-0.04042461289  
-0.003559918129  
-0.3245889712  
-0.9170000216  
-0.7356375156  
-0.6590402723  
-0.3688576569  
-0.2278509938  
-0.2550469494  
-0.005009325254  
-0.06745040451  
0.2051151724  
0.1585678291  
-0.034195061  
0.1096492712  
0.5635221096  
0.5653900189  
0.3651323605  
0.2312562033  
0.1802957698  
0.1343512795  
-0.3362100131  
-0.2266679486  
-0.5753678183  
-0.8035876851  
-0.4364235692  
-0.2850422379  
-0.1746125909  
0.03676015488  
-0.3239344927  
-0.5091790793  
-0.5700355714  
-0.7370551512  
-0.5899533127  
-0.8149491662  
-0.6146812436  
-0.5745021448  
-0.4793613513  
-0.4259083717  
-0.7568451604  
-0.5791403985  
-0.5465982293  
-0.4135580711  
-0.3768043124  
-0.3595554535  
-0.03989355069  
-0.01477180158  
0.2950219183  
-0.1219296751  
-0.2221015807  
-0.2327560804  
-0.2203314401  
-0.2177064865  
-0.2991804217  
-0.574034964  
-0.2974481543  
-0.3130447097  
-0.2434333985  
-0.2854448957  
-0.4253493004  
-0.1703242244  
-0.2138421359  
-0.1909829994  
-0.180522323  
-0.3207501585  
-0.2074750607  
-0.3637609924  
-0.1660140925  
-0.5427328968  
-0.3992132571  
-0.355495335  
-0.4287644893  
-0.0334055832  
-0.1676068628  
-0.2832983156  
-0.2346750925  
-0.2738684598  
-0.06329743692  
-0.2326421323  
0.2423048983  
0.5965141897  
0.3483645085  
0.1640897918  
0.1202003928  
0.06367011203  
-0.1232479464  
-0.09013947832  
-0.1739791976  
-0.02437124021  
0.01236454728  
-0.4041040224  
-0.4414036053  
0.275026687  
0.9596848899  
0.9463791628  
1.047080704  
0.629832915  
0.7177794131  
0.5073769288  
0.3110791353  
0.07204006681  
-0.1425981769  
-0.2788776861  
-0.104805793  
-0.2248639917  
0.2560583923  
-0.03151910576  
-0.1207161042  
0.370409175  
0.3494511698  
0.5748773202  
0.54305231  
0.7886400125  
0.3586472201  
0.3093864088  
0.6107217529  
0.8253389842  
0.9027028864  
1.145370489  
1.111754213  
0.9044724604  
1.020698982  
0.8798850677  
0.9423868016  
0.9320133074  
0.722610691  
0.3384753293  
0.3117154855  
0.3653144327  
0.5905316371  
0.5977084599  
0.7983398045  
0.748870645  
0.8516802196  
0.9599495828  
1.12556753  
1.300083484  
1.327473831  
1.493397937  
0.9756253135  
1.073044129  
0.863030323  
1.004311693  
0.550940444  
0.2791320486  
0.5203154697  
0.6634604926  
0.7493637564  
0.6240079891  
0.2777563489  
0.4921056481  
0.6508321464  
0.6425033764  
0.02344709483  
0.2248522458  
0.4182804238  
0.5312340356  
0.5024981592  
0.196228108  
0.2044475229  
0.1261239591  
0.012409838  
-0.2085084059  
-0.4320474707  
-0.3080922159  
0.06199987531  
0.3085845823  
0.7276924728  
0.6872415489  
0.4526213513  
0.5786228007  
0.7358706294  
0.6531930592  
0.3185226467  
0.279062868  
0.1292732483  
0.1361243359  
-0.01192657541  
-0.1296192549  
0.06949674713  
0.1841335328  
0.328157092  
0.04659560719  
0.1644404915  
0.4127257875  
0.4097497852  
0.4755286465  
0.3359959796  
0.2665386874  
0.4269725368  
0.4729639856  
0.6968060648  
0.6627790191  
0.6215058145  
0.5520198016  
0.6963107417  
0.8270945608  
0.8023204671  
0.4904912344  
0.6251064093  
0.6183374873  
0.6915279204  
0.4575079895  
0.4750323175  
0.5194260264  
0.784093801  
0.6522251243  
0.5131775861  
0.6209292797  
0.424858635  
0.5394332975  
0.3577608426  
0.5003333272  
0.588949157  
0.8256132924  
0.9159820786  
0.7152910677  
0.7562770745  
0.7784757159  
0.7735215318  
0.5220608571  
0.4478493452  
0.4074689457  
0.4998872266  
0.4722194411  
0.6706878652  
0.6513886239  
0.8772285129  
0.7225166116  
0.5274191766  
0.498184739  
0.5660621285  
0.8058077018  
0.5267531971  
0.3013137949  
0.5132222044  
0.2837159419  
0.4103798245  
0.4300321324  
0.1102904511  
0.02216855936  
0.142332399  
0.1740200426  
0.1326791349  
0.02673149933  
0.1030373157  
0.1670009177  
0.4473153385  
0.4893639634  
0.3429299644  
0.5640901482  
0.6293899489  
0.5982226335  
0.5261204031  
0.3314802435  
0.3978224164  
0.1545998067  
0.2229117005  
0.1600364133  
0.06585829803  
-0.5479104931  
-0.8556107325  
-0.854251991  
-0.5619105839  
-0.8149689228  
-0.6113652178  
1.117036555  
0.1025033696  
0.2928040541  
0.5788985256  
0.8661519631  
0.8822161697  
0.9138196443  
0.8852994727  
0.8996053368  
0.8453019072  
0.5662320482  
0.3830854615  
0.04901690589  
-0.3195631417  
-0.4266403823  
-0.1848797068  
-0.2267360685  
-0.02526573691  
0.03003970218  
-0.02847539876  
-0.04130793265  
-0.2275167462  
-0.3398927469  
-0.3096811087  
-0.2147604827  
-0.08368709661  
0.1107479437  
0.5185494361  
0.8556501877  
0.7650651487  
1.004853664  
1.06046846  
1.498178038  
1.399295558  
1.30436627  
1.413917261  
1.442905458  
1.558926448  
1.211189662  
1.710490346  
2.164292807  
2.601965298  
2.749598486  
2.777871116  
2.596324086  
1.87400768  
1.778762827  
1.19495997  
0.9791517749  
0.5480688555  
0.3804812516  
0.3677490339  
0.3776801144  
0.5035197353  
0.4202370333  
0.3383407389  
0.684956434  
0.7389930338  
1.085048831  
1.310613971  
1.075124816  
1.114421292  
1.356048673  
1.354255926  
1.450276262  
1.135090098  
1.09619179  
0.9851379075  
1.165852847  
1.001734928  
0.907318016  
0.9865277592  
0.8457196094  
0.8687619513  
0.6157753407  
0.5463055344  
0.6277551907  
0.5389631645  
0.7062239509  
0.6899428765  
0.7188096525  
0.8871399796  
0.9516280813  
