1.849302036  
1.183639805  
0.8044671508  
0.6853645514  
0.3834936534  
0.2820951813  
0.3653151517  
-0.4050256084  
-0.2189731361  
0.08736524869  
0.05890723371  
0.529173585  
0.2719682224  
0.3301020943  
0.7183123534  
0.3018504374  
0.3679288301  
0.7073298651  
0.5270546746  
0.2866940025  
0.2567561079  
0.1514534424  
0.4541726194  
0.5092188191  
0.8176688478  
0.08903452016  
0.04652208859  
0.3717283424  
0.5689971671  
-0.1455417635  
0.7314169835  
0.3874164276  
0.1291147364  
0.1054384557  
0.5902757826  
0.2490356491  
0.2579666278  
0.2802803815  
-0.09528678795  
-0.1099718726  
-0.1811422653  
0.4747746144  
0.1533542823  
-0.0330190702  
-0.06113529386  
0.2112904284  
0.5122113275  
0.2302441948  
0.2193938651  
0.9217823107  
0.4681072303  
0.7739677174  
0.9753949655  
0.6178877227  
0.3200059668  
-0.1039034249  
0.3450309629  
0.2030773631  
0.3027321475  
0.4962550808  
-0.06482382109  
0.1374725533  
0.222636554  
0.6197258807  
0.4194521526  
0.3793219692  
0.5022383738  
0.7599276006  
0.2629238191  
0.1323353841  
0.7976344221  
0.3551001338  
0.2658304022  
0.378839822  
0.4250458218  
0.4864962508  
0.6596815097  
0.4847706315  
0.5320497123  
1.221821832  
0.7117377731  
0.5891998598  
0.3494618408  
-0.5674028107  
-0.2857179632  
0.041841524  
0.6880442965  
0.4806817137  
-0.09159713228  
0.5446036935  
0.4883594263  
0.2070358236  
0.454539413  
0.1984859747  
0.4944178655  
0.2037569987  
0.1826472761  
0.4978027815  
0.6707960592  
1.06354204  
1.50258461  
1.495275573  
0.7210138971  
0.9492420662  
0.8441330385  
0.741381819  
0.896503968  
0.4643565576  
0.2736828901  
0.6812806602  
-0.4420630252  
0.1345574515  
0.1866801216  
0.02340209261  
-0.08901194539  
-0.05715572408  
-0.354542824  
-0.5880264487  
-0.4508845955  
-0.1749594889  
-0.09871646236  
0.192577944  
-0.1562151848  
0.5302716573  
-0.2839161153  
0.289604979  
0.5203076015  
0.8475625372  
0.2191029907  
0.525500524  
0.2882112848  
-0.1634913144  
0.02613148286  
-0.4259950302  
0.1216709661  
0.009278613574  
0.2483882304  
0.3360964776  
-0.3023005128  
-0.07576947518  
0.2966022741  
0.2092882891  
-0.1191921149  
0.2722037461  
0.05586168986  
-0.4026943026  
-0.3561165444  
0.1819844515  
-0.4942565884  
-0.1562730627  
-0.4648582492  
0.003666128456  
-0.3761818682  
-0.3401477694  
-0.6905774946  
-0.207815904  
0.3599854343  
0.3586274458  
0.2412792599  
0.06802420416  
0.6069682158  
0.2043164035  
0.3253265382  
0.6820565621  
0.4621786859  
0.02652628421  
0.1066764972  
0.7403947038  
0.3907135998  
0.283082537  
0.4527100937  
0.2076315444  
-0.1497618234  
0.3650626127  
-0.1932196974  
0.3570877662  
0.175181184  
-0.2478720329  
0.2719392431  
0.445965327  
0.08601610803  
-0.002753978274  
-0.2680061196  
-0.5229351034  
-0.6856163476  
-0.2092248695  
0.2477892633  
0.2486585907  
-0.285770056  
-0.8015576207  
-0.0847199559  
-0.118774449  
-0.6036151234  
-0.4412384133  
-0.6988125112  
-0.6638280969  
-0.2569374838  
-0.1288650585  
0.4843742116  
0.464469373  
0.3285491618  
0.7086371507  
-0.007210966094  
-0.2513945695  
0.2795607206  
-0.4531525026  
-0.405146447  
-0.101366888  
0.03384480642  
0.01629470512  
0.008979775937  
0.07973285271  
0.1585996687  
0.3511096656  
0.05532010277  
0.02784621201  
0.5398590694  
0.9397048588  
0.6456521267  
0.8386635321  
1.339874848  
0.8693375662  
1.440727799  
1.410010956  
1.234598024  
0.7695555324  
0.8755708137  
0.7181132164  
0.3945166394  
0.4550233761  
0.1681709986  
0.9065771135  
0.8285384996  
0.4203116469  
0.5014753515  
0.1542971814  
0.1413997789  
0.1710450163  
-0.08174272343  
0.4356431369  
0.08209181259  
-0.08341886676  
-0.2185189556  
0.2014719823  
-0.1981437658  
0.3723194676  
0.2698421842  
0.9228872994  
0.3993666387  
-0.1866128845  
0.1586255429  
-0.2413248071  
0.4669486107  
0.08491422773  
0.5834699003  
0.2925438771  
0.1886050272  
0.03592284025  
0.4546283668  
0.275069973  
0.09710040259  
0.2073848073  
0.4549640729  
0.09538253892  
0.00329923512  
0.391329322  
0.3234980273  
0.5282148824  
-0.0553602657  
0.4119519972  
-0.5320188477  
-0.08888833946  
0.3717614238  
0.195082755  
0.3851551806  
0.1083291613  
0.07457330047  
0.4310578976  
-0.2992296139  
-0.5160216383  
-0.388262279  
0.1564009785  
-0.3108168708  
-0.1475936086  
0.009626412138  
0.2466425488  
0.3465370183  
0.1953271471  
-0.01363828389  
-0.4701439004  
-0.5103579677  
-0.4658997396  
-0.2949251735  
-0.4503271428  
-0.5456768787  
-0.0289854645  
-0.07791478347  
0.1540079941  
0.05857176729  
-0.01435654735  
-0.1310607315  
-0.01929569058  
0.03086325326  
0.06745976019  
-0.06921484735  
0.2197756401  
-0.1925229135  
-0.03551591477  
0.217788536  
-0.4082082256  
-0.5216716289  
-0.1934027313  
-0.371187171  
-0.02199573992  
-0.2727878196  
-0.2040448684  
-0.1920505511  
0.5060530634  
0.5435373476  
-0.1088949259  
-0.07225479053  
-0.2434213816  
0.2167607883  
0.1320183168  
-0.003880320084  
0.006254522788  
-0.4059553484  
-0.01648910386  
-0.04463122072  
-0.7703601131  
-0.05345970051  
-0.03826908917  
-0.5034518317  
-0.3085821342  
-0.4985316737  
-0.7436734349  
-0.3565168486  
0.3802996486  
1.081804664  
-0.4055078125  
0.016526056  
0.5242418536  
-0.07152932998  
0.1133422493  
-0.1367945047  
0.1934231853  
0.3222654061  
-0.2534320041  
-0.5254649458  
-0.4804431001  
-0.8801572737  
-1.154520406  
-1.342464576  
-1.317668181  
-0.9047341486  
-1.364089687  
-1.276610715  
-0.902258274  
-0.5286703974  
-0.6827781254  
-0.5496256045  
-0.5305794819  
-0.6875306231  
-0.287142704  
-0.1299592759  
0.3588388493  
-0.9691840206  
-0.1934049795  
-0.5309874336  
-0.5596415063  
-0.4306267127  
-0.5067535406  
-0.2172618791  
-0.1009150202  
-0.2090048079  
0.4450147169  
0.4732261021  
0.8156214264  
0.8792798753  
0.3870947863  
0.9577295469  
0.5907875606  
0.2128905507  
0.01059313609  
-0.3380981455  
-0.0963044859  
-0.5514455576  
-0.2004731214  
-0.1186134959  
0.0507232723  
-0.0753353512  
0.3707672446  
0.07844247962  
0.494381961  
-0.1481937079  
0.1078518208  
0.1671181693  
0.02102322087  
0.2780916005  
0.03409264245  
0.8424196693  
0.3428979552  
0.2318336564  
-0.0183645671  
0.3689185811  
-0.02484276961  
0.1637716745  
-0.3190070037  
-0.08730218572  
-0.5437166121  
0.3740859915  
0.9764596147  
-0.000922131476  
0.2488594984  
0.44994379  
0.1169809353  
-0.3794306843  
-0.2382381175  
0.479244115  
-0.1666529157  
0.03794040101  
0.2922557647  
-0.2327945074  
-0.1407037328  
-0.1112627644  
-0.5647114702  
-0.01189555833  
-0.3085423273  
-0.01695206716  
-0.3396012637  
-0.3654614377  
-0.1639971672  
0.4811703938  
0.2125799362  
-0.5062821318  
-0.4655212359  
-0.380561603  
-0.6089031406  
-0.3701957877  
-0.5171839336  
-1.00520581  
-1.16067187  
-0.8537737545  
-0.5343513489  
-0.9828532822  
-0.7714033673  
-0.8892283055  
-0.2838716746  
-0.2481149018  
-0.05829656504  
-0.356575104  
-0.2658982161  
0.1909551617  
-0.3432147795  
-0.3068184478  
-0.5735191163  
-0.1051019158  
-0.3561614237  
-0.1350865972  
-0.1781243681  
-0.6720980208  
-0.7167853544  
0.1455446658  
-0.06369948986  
0.1470842852  
-0.06033859145  
-0.3752987796  
-0.1592891962  
-0.5396589077  
-0.8114642863  
-1.017194669  
-1.058722095  
-0.2767631599  
0.2347458424  
-0.06811059848  
0.3361838052  
0.6803173588  
0.3463918216  
0.68908106  
0.8316772676  
0.1571179492  
0.1033161666  
0.4399252548  
0.3172606552  
-0.04037874271  
-0.5363498798  
-0.3369280855  
-0.5147146234  
0.1267546112  
-0.2884779435  
0.05613555935  
-0.02709812246  
-0.009660929851  
0.1608351066  
0.06879403373  
0.2423444402  
0.1291573341  
-0.04440405394  
0.1813493818  
-0.3333749591  
-0.4659498591  
-0.3131419597  
-0.2462677425  
-0.1081691145  
-0.04761025144  
-0.706412587  
-0.4609461641  
-0.2602535048  
-0.02878046962  
-0.06136462936  
-0.2082157254  
-0.2414649792  
-0.5420089642  
-0.4190058994  
-0.6193099347  
-0.4092719019  
-0.6582179917  
-0.154004796  
-0.7756824662  
-0.6560995106  
-0.5515038819  
-0.1820921911  
-0.07740317521  
-0.07516431602  
0.3246656469  
-0.1182062518  
-0.1269468743  
-0.03357065859  
0.1506946459  
0.06297964136  
0.0513164347  
-0.256805769  
-0.4256579005  
-0.2239519054  
-0.8307629059  
-0.8745523173  
-0.9467895691  
-1.249816228  
-0.2556035422  
-0.5636366655  
-0.4618634144  
-0.1286806444  
-0.5081254825  
0.1791126651  
-0.2662510204  
-0.6275812686  
-0.447366379  
-0.6550726563  
-0.4816309319  
-0.3828386183  
-0.1567183257  
-0.2390703125  
-0.06015720568  
-0.3448273035  
-0.2022518991  
-0.6494815024  
-0.6312016276  
-0.4140487655  
-0.3540799767  
-0.241877654  
-0.3549784591  
-0.9435665895  
-0.7188409882  
-0.3171467947  
-0.7785640638  
-0.4408395189  
-0.7916981409  
-0.5604076015  
-0.7568524895  
-0.6593291905  
-0.1853183009  
-0.1198453759  
0.1876778406  
0.0198512118  
0.36823168  
-0.1312725525  
0.0695966841  
-0.1407711284  
-0.1370709472  
-0.09625953035  
0.6213644807  
0.05622355507  
-0.2125125963  
0.03077025754  
-0.3982581648  
-0.5445422208  
-0.3505341561  
-0.6941572786  
-0.4055529855  
-0.8798836044  
-0.3040807191  
-0.3308583002  
-0.4690933361  
-0.5257537138  
-1.025879366  
-1.083400526  
-1.151556725  
-1.819791962  
-1.300176628  
-1.343998261  
1.358945788  
0.6928434237  
0.6641693896  
0.0008807658672  
0.5341069871  
0.2751442406  
0.04272850992  
-0.1805740098  
0.2308795552  
0.206836486  
0.7920581348  
0.8450407301  
0.6490121388  
0.7876050407  
1.256961753  
1.054631871  
0.766463941  
0.8064075956  
1.113839128  
1.562842336  
0.7350403774  
1.079963508  
0.8681937651  
0.6333077776  
0.1476800216  
0.1309614334  
-0.5024181857  
-0.5722258007  
-0.162033249  
0.2985254739  
0.05337983545  
0.2501051669  
0.4149026967  
0.393520548  
0.4269220428  
0.4551568141  
-0.05243388689  
0.3119345749  
-0.1817580091  
-0.04456011566  
-0.2516733341  
0.0005817140222  
0.3748838112  
0.3841829112  
-0.02342497962  
-0.04313275507  
-0.1212326517  
-0.5991555249  
-0.3041483024  
-0.1337212609  
0.002114447739  
-0.2916528693  
0.5123564235  
0.3614523018  
0.2045999752  
0.6472816779  
0.5492767082  
0.2300502705  
0.9304512611  
0.410478166  
0.5176276456  
0.6563800528  
0.1675422143  
0.2966913939  
0.5695827312  
0.4953134376  
-0.4141999886  
0.3227628878  
-0.4744353841  
-0.4529461547  
-0.700289459  
0.07290316454  
-0.2571057082  
0.374442586  
-0.04096618018  
0.4551048652  
-0.02230079027  
0.9055483111  
0.5943166637  
0.2489601558  
0.2725856568  
0.5963387924  
0.08287426051  
0.1660212968  
-0.1627820742  
0.2909085115  
-0.1068461567  
0.3806548147  
0.1604153567  
0.1713581336  
0.5800675329  
0.4640019403  
-0.10416397  
0.1677785039  
0.004764406277  
-0.4110134336  
-0.1979799823  
-0.183585296  
-0.3710357156  
0.351167584  
0.2557934202  
0.5292299336  
-0.07992562888  
-0.1837998959  
-0.08510819544  
0.3076489673  
0.1833379058  
0.1428393981  
0.04974389907  
0.5411004187  
0.405759621  
0.1474754615  
0.004291064253  
0.2759221161  
0.4600744318  
0.1884540259  
-0.002203036279  
0.502105266  
-0.4224502253  
-0.2654290551  
0.01628106309  
-0.1799784841  
0.1227143987  
-0.4781224648  
-0.539686178  
-0.04499213021  
-0.1152116402  
-0.6810825925  
-0.245059588  
0.1122880041  
-0.4746840644  
-0.6198881104  
-0.6897346472  
-0.2894233031  
0.3550267013  
0.1524249335  
-0.09217254351  
-0.1095123511  
0.1675821325  
-0.2855879441  
0.1537854505  
-0.2090110773  
-0.03349268442  
-0.5060804442  
0.06355651995  
-0.3442282644  
-0.2539036209  
-0.7021924247  
0.01528083701  
-0.1242455294  
0.2738211096  
0.288037739  
0.07350257108  
-0.2244062835  
0.09707120176  
-0.1654954475  
-0.381451516  
-0.08121459583  
-0.5743228337  
-0.3140130425  
-0.4796659884  
-0.2488344761  
-0.4679419043  
-0.3499152635  
-0.5306639746  
-0.6503233723  
-0.3295036831  
-0.03832555056  
-0.3448817986  
-0.05430117426  
0.08401631252  
0.3879893382  
0.3762303415  
0.7184912663  
0.5883535623  
0.2359098252  
0.3409717345  
0.215526175  
0.2397419138  
0.231399799  
0.7649257439  
-0.4942570238  
0.6149974586  
-0.2672026422  
-0.3731391593  
-0.02328230727  
-0.2991602958  
-0.5274368781  
-0.2185815208  
-0.3626904003  
-0.3925614422  
-0.6663476949  
-0.3514090741  
-0.4750244959  
-0.4236755192  
-0.3759664804  
0.3797831933  
0.2020924159  
-0.2633263626  
-0.2973022707  
0.01563612119  
0.2450503029  
-0.09766456902  
0.1039616265  
0.05584563817  
-0.04274113861  
0.1465982298  
0.7933507608  
0.992908062  
0.7426768018  
0.6203632813  
0.5064090151  
0.4155492408  
0.4471970377  
0.369759566  
0.1616956068  
0.2001054805  
-0.0398371013  
0.4149184897  
0.1137365793  
0.4244821289  
0.1208157664  
0.3765093961  
0.6733869745  
0.5750007244  
0.4676064828  
0.2222865406  
0.5221755388  
0.3051450603  
-0.09448100258  
-0.1873621279  
-0.1818354554  
-0.09303684537  
-0.354672278  
-0.1345349741  
-0.3283986898  
-0.4456325841  
-0.1530290333  
-0.2119859786  
-0.3466234649  
-0.1589989332  
0.7064767955  
0.1880509932  
0.3755756967  
0.1104101478  
0.5290645795  
0.7384478342  
0.4554244686  
0.2342145345  
0.4324262206  
0.7421747847  
0.5318501542  
0.6851879188  
0.9356993115  
0.3974799989  
0.3575729085  
0.55950181  
0.3324380597  
-0.06846517429  
0.4894880157  
0.4073857123  
0.3532893016  
0.462883618  
0.7881273398  
0.4775388585  
0.7438645243  
0.15141855  
0.4016203166  
0.1027330878  
-0.3651989925  
0.0709796595  
0.208888416  
0.7642254965  
0.1472723782  
0.2741920327  
0.3336547008  
0.1759636377  
0.1677329366  
-0.05618249296  
0.3082927792  
-0.127866481  
-0.1395966196  
0.3816708535  
0.285601051  
0.1285208592  
-0.3167822811  
0.7370845005  
0.5301985849  
0.5159650563  
0.5858036017  
0.696780698  
0.5524129887  
0.6410754874  
0.6250301164  
0.3531493008  
0.4161816073  
0.6340098908  
0.5619616555  
0.7573781225  
0.4073501693  
0.3769244878  
0.3312047943  
0.3495239476  
0.6298918565  
0.4978621627  
0.5355222463  
0.3711864683  
0.8826604685  
0.7895090581  
0.4791607795  
0.795902629  
0.8357576673  
0.3952167779  
0.1503015069  
0.3597194869  
0.7820432726  
0.3916443461  
0.07639726394  
0.4768463138  
0.3797274017  
0.1817910539  
0.3399065631  
-0.3713418126  
0.04936097159  
-0.4634783962  
-0.3821978409  
-0.3982229938  
-0.290571035  
0.08034835429  
-0.1705579362  
0.01840671671  
-0.2663173183  
-0.0154208874  
-0.242627169  
-0.1247790429  
-0.5818228746  
-0.284996177  
0.2223413738  
0.1220229317  
-0.1194759152  
-0.6273463993  
-0.5804937282  
-0.8176090059  
-0.8482411981  
0.2177117399  
-0.4660118379  
-0.4774375343  
-0.4502832498  
-0.1048644152  
-0.2671220674  
-0.2004325409  
-0.4273041923  
0.2190249158  
-0.003584633281  
-0.003128479755  
0.580949858  
0.4193753127  
0.1323764808  
-0.206231115  
0.1717752831  
0.2002580375  
0.4090089985  
0.2624715645  
-0.03892868442  
-0.01571612547  
-0.07529041487  
-0.00100667754  
0.4298868436  
0.08596378308  
-0.3646435258  
0.2583249264  
-0.1782947129  
-0.5182264168  
-0.132692269  
0.2926950406  
-0.1145434746  
0.1454431717  
0.5822278165  
0.2260205946  
0.1458268947  
0.2062794407  
0.2679766772  
0.2427579741  
0.03886388778  
-0.007368359045  
0.0768955536  
-0.2955421592  
-0.1155811942  
-0.219530663  
0.1234033616  
-0.3699565797  
-0.3870498258  
0.06656863603  
-0.1446952481  
-0.4560542909  
-0.3533983109  
0.2965975972  
0.2235729665  
0.7195667189  
-0.7188501773  
-0.6030322884  
0.1717393613  
-0.09193089644  
-0.121608707  
-0.6804436494  
-0.1623420463  
0.1037618971  
0.3845226748  
0.1606131138  
0.1796229312  
0.245686144  
0.1203628641  
0.1684296979  
0.2947844383  
-0.3222475402  
-0.2461536965  
0.3585331211  
0.09606239713  
0.8118965649  
0.4645168891  
0.7569142318  
0.7242288274  
0.5727117148  
1.299269332  
0.4878399396  
0.2482007377  
0.2491143915  
-0.1864590686  
-0.03832514915  
-0.1186851994  
-0.2603255009  
-0.008212292365  
0.886917685  
0.4428098573  
0.174461439  
-0.1341915898  
0.6619149858  
0.1746253576  
0.1577933567  
0.1055817714  
0.2541742402  
0.05351662441  
0.2133297725  
-0.0708422792  
0.187783261  
0.1620749761  
0.1916960624  
-0.2283938844  
0.4531192598  
-0.02745915802  
0.3291369148  
-0.1278852996  
0.1609787841  
-0.1222223929  
-0.454308514  
0.03989700477  
0.3741420296  
0.2321626946  
-0.09827997892  
0.3281762702  
-0.037389094  
0.199910844  
0.2547502541  
0.463262309  
0.2038009446  
-0.3749725594  
0.007331474835  
-0.3590819427  
-0.2132360547  
0.01999864173  
0.2943839796  
-0.1065608989  
-0.5481545305  
-0.6049107748  
-0.3245931848  
0.01052834247  
-0.1537384869  
0.05809700303  
-0.01367257714  
0.007238404252  
-0.118877515  
0.1340882464  
0.2846756105  
0.5258745121  
0.5490602996  
0.1187728981  
1.055447262  
0.3952471498  
0.2702488198  
0.5154407254  
0.3138713522  
0.4360585556  
0.06657056711  
0.3520451295  
0.03864710333  
0.1051388612  
0.05092534005  
-0.3042491594  
-0.3562500008  
-0.1576499463  
-0.4240139688  
0.4775628465  
-0.1284563943  
0.2303862641  
0.08612530443  
-0.1168534665  
0.4648629353  
0.5188979547  
0.1222783913  
0.1780346964  
-0.2015994006  
0.05386442614  
-0.407813423  
-0.9311906689  
-0.3338574178  
-1.137761962  
-0.3944396433  
-0.4705210625  
-1.502377446  
-1.605536772  
-1.870664242  
-1.116844323  
-1.62824886  
-1.182037442  
-1.130423065  
-1.295566421  
-1.029344745  
-1.093671118  
-1.279088718  
-1.15184588  
-1.550843575  
-2.160596983  
-1.704395118  
-1.845787835  
-1.148788992  
-1.490178698  
-1.264678435  
-1.187770173  
-1.296732547  
-1.374685411  
-0.9599389859  
-1.243971364  
-1.009694777  
-1.170978268  
-0.2311920391  
-1.000884485  
-1.332205375  
-1.004017565  
-0.8115534192  
-0.4938451972  
-0.4442324054  
-0.7264139292  
-0.4438256465  
-0.811692769  
-0.1343335928  
-0.868899636  
-0.6042730525  
-0.3698633687  
-0.05743570425  
-0.1889964835  
0.05263686211  
0.4397134784  
-0.5477325955  
-0.563159258  
-0.3756124002  
-0.5338512527  
-0.4174362252  
-0.4655243213  
-0.1792124274  
-0.6606047805  
-0.3970564948  
-0.8047202053  
-0.895633231  
-1.140113295  
-0.3115771827  
-0.2756000633  
-1.152370948  
-0.5250269119  
-0.5824607352  
-0.4788676291  
-0.6433291937  
-0.1788950858  
-0.870209542  
-0.2896069365  
-0.4040262815  
-0.287363481  
-0.6903226108  
-0.6212529246  
-0.1817197047  
-0.04414363454  
0.03148523571  
-0.08366822869  
-0.4023261054  
-0.371257261  
-0.5485112356  
-0.1118952719  
-0.5313826541  
-1.190585462  
-0.2620752997  
-0.6062504436  
