0.5178658614  
-0.05278953308  
-0.4611932375  
-0.8720124799  
-0.9008217879  
-0.9701058006  
-1.056788552  
-1.220409501  
-0.933575251  
-1.076321017  
-1.152422958  
-1.036018188  
-0.591002484  
-0.5734918492  
-0.3540529934  
-0.6444220474  
-0.495142663  
-0.3412803995  
-0.3303894453  
-0.2514991232  
-0.5943333837  
-0.674222438  
-0.9169311608  
-1.371445616  
-1.479565106  
-1.752385641  
-1.702000466  
-1.149035507  
-0.9812472684  
-0.7968654607  
-0.7916586729  
-0.7950300739  
-0.8571045037  
-0.8061198845  
-1.178133941  
-1.179658786  
-1.318667196  
-1.132363482  
-0.7368887325  
-0.9482948954  
-0.8603754965  
-0.405728338  
-0.09162315866  
-0.1665157276  
-0.274099314  
-0.1702795146  
-0.06809997404  
0.01300488188  
-0.5715278017  
-0.5546680971  
-0.7625455493  
0.03435944786  
-0.1505506472  
0.03331658513  
-0.3224748156  
-0.387522487  
-0.3712963217  
-0.1785216778  
-0.1694081898  
-0.3467116169  
-0.7315468566  
-0.5294244264  
-0.8630823252  
-0.8466507357  
-1.155750172  
-1.035119396  
-1.00659816  
-1.001172252  
-0.6481869679  
-0.6920112048  
-0.7122254384  
-0.5396994532  
-0.7738749111  
-0.6504906434  
-0.6689121465  
-0.8465276921  
-0.9237525088  
-1.00013162  
-0.5958955752  
-0.4163885707  
-0.003720602019  
-0.1364385166  
-0.1057825004  
-0.6551261415  
-0.8086347873  
-1.117725655  
-1.373448446  
-1.553048319  
-1.478176627  
-1.228622461  
-1.208021539  
-0.8758690723  
-0.9907517832  
-0.7306233958  
-0.5490907001  
-0.7154412404  
-0.8328122834  
-0.7216456123  
-1.035760901  
-0.9935877629  
-0.8063254589  
-0.8274491853  
-1.095491665  
-1.009236619  
-0.4910743745  
-0.4224004346  
-0.24959493  
-0.216605201  
-0.5667051663  
-0.7504958953  
-0.7814821325  
-0.7722176042  
-0.8886554771  
-0.8241279504  
-1.126782859  
-1.282898609  
-0.8756570688  
-0.3671412131  
-0.03284328498  
0.02903571831  
0.2046636426  
0.5045353636  
0.5918827168  
0.3693381344  
0.2798703833  
0.1342840704  
-0.08303852907  
-0.3539225386  
-0.5199385986  
-0.8985495583  
-0.8941073195  
-0.9049211776  
-1.29806978  
-1.597797258  
-1.618600072  
-1.727964787  
-1.726374646  
-1.329212389  
-0.9951006013  
-0.7803447718  
-0.9313244312  
-0.8350224534  
-0.8496080798  
-0.9447900334  
-1.124742306  
-1.27138258  
-1.051292262  
-1.179650093  
-0.6963036001  
-0.3750901804  
-0.2026581898  
0.2058372368  
0.1137091748  
0.3446812526  
0.2215291892  
0.4944242681  
0.4559155269  
0.3206454808  
-0.07294040451  
-0.08260039872  
0.004768800028  
-0.5480178994  
-0.8147444682  
-0.9697598978  
-1.003321001  
-1.017269637  
-1.116703773  
-0.9500358405  
-0.7130257528  
-0.4994715938  
-0.3980112128  
-0.05177326069  
-0.1546719303  
-0.291650329  
-0.02422570048  
-0.07608655276  
-0.5344715977  
-0.6088362531  
-0.6066419203  
-0.8609543189  
-0.5503771694  
-0.7080521819  
-0.6566418426  
-0.652931295  
-0.2152235399  
0.2899150434  
0.4682907813  
0.439155923  
0.485350227  
0.5298915736  
0.4307625669  
0.4132368944  
0.197417719  
0.1459328933  
-0.1744243168  
-0.09778494221  
-0.2197229353  
-0.2428658334  
-0.1411256316  
0.03227307655  
0.2543874392  
0.4120687516  
0.3786990351  
0.6713916037  
0.4549755537  
0.6494501045  
0.001172779377  
-0.05800976379  
-0.5979498495  
-0.5674755837  
-0.6683498375  
-1.17198088  
-0.8630066347  
-0.5940167283  
-0.3169661804  
-0.4032083627  
-0.4477750693  
-0.4501218071  
-0.7495486407  
-1.098359112  
-1.265136966  
-1.110215171  
-0.83479794  
-0.2811923148  
-0.6043097562  
-0.5054909492  
-0.4984564351  
-0.3121221434  
-0.6754388718  
-0.7464113867  
-0.7079888396  
-0.5495524198  
-0.4052120899  
-0.0776804285  
-0.1359324956  
-0.02790436699  
-0.01668941478  
0.2143051926  
0.01722189477  
-0.4407397311  
-0.3908886064  
-0.4348885071  
-0.4799775239  
-0.5429915444  
-0.5937178019  
-0.7683471633  
-0.6432771371  
-0.6897580987  
-0.9081918269  
-0.9334804037  
-0.5684282962  
-0.600041825  
-0.5665487728  
-0.3484774182  
0.01477601813  
0.04637078431  
0.1908571185  
0.6532837429  
0.4742921414  
0.04418987647  
0.1523500796  
0.07697814168  
-0.2474818565  
-0.3407972654  
-0.02251188421  
-0.1620635902  
-0.08612856793  
0.0213303176  
-0.3752704087  
-0.6147289196  
-0.661394598  
-0.6853133908  
-1.065287755  
-1.366248046  
-1.402699834  
-0.7553787537  
-0.4728585391  
0.1460863341  
0.3103479502  
0.6822399197  
0.6719555303  
0.831949202  
0.8085909181  
0.6389757305  
0.5646351245  
0.8143658936  
1.051909491  
0.7649419409  
1.054952629  
0.6621995896  
0.03846914962  
0.122493175  
0.3913670993  
-0.1497401548  
-0.4168575366  
-0.6519894  
-1.066747837  
-0.9418584675  
-1.012479099  
-1.143479691  
-1.125814266  
-1.25249464  
-1.237401747  
-1.254864837  
-1.307395188  
-1.048476016  
-1.205959128  
-1.027569557  
-1.009886714  
-1.253511864  
-1.214093792  
-0.8450706359  
-0.4352177159  
-0.154799092  
-0.497692462  
-0.5176510771  
-0.6083833418  
-0.7655345462  
-1.021720884  
-0.9693583091  
-1.077139852  
-1.077901266  
-1.029696924  
-0.8245531089  
-0.8405386599  
-0.8304961138  
-0.9768840463  
-0.5726391638  
-0.5627510353  
-0.4811812669  
-0.1121212574  
-0.005981802967  
0.1956504249  
0.4940546871  
0.5453777835  
0.8076934874  
0.7898852793  
0.8326079788  
1.049618579  
0.1807732973  
0.540399974  
0.390861262  
-0.02143091381  
-0.3084041367  
0.01994364577  
0.01072705853  
0.2683907924  
0.1722575751  
0.222172235  
0.4413844359  
0.3485391864  
0.4874021338  
0.4346801063  
-0.009571366691  
-0.2847093543  
-0.7341703347  
-0.5162871958  
-0.7337711063  
-0.131493681  
-0.1657609321  
0.1127575265  
0.1178372567  
-0.4915607672  
-0.4760835808  
-0.7185354651  
-0.752322499  
-0.6052660914  
-0.4472298241  
-0.1128147472  
-0.2142801478  
-0.4328636661  
-0.2651761991  
-0.4967157572  
-0.3326829596  
0.02427350008  
-0.06513348681  
0.3114462502  
0.4504395033  
0.5768031864  
0.3603515327  
0.4686127445  
0.2041730427  
-0.3128352538  
-0.5854336153  
-1.14752649  
-1.167512675  
-0.7981093405  
-0.6403836869  
-0.2923888731  
-0.3309775047  
-0.3077494211  
-0.03394410094  
-0.4137544321  
-0.3608514176  
-0.210552467  
-0.07846417119  
-0.3663658872  
-0.4620955659  
-0.6773481112  
-0.3060736217  
-0.4320871124  
-0.3530342224  
-0.2104159028  
0.07598699213  
0.06754009647  
0.4141520458  
0.4609600663  
0.6919893957  
0.8173539381  
0.7095409795  
0.5613405761  
0.6095464569  
0.608847866  
0.1503445433  
0.09581441241  
-0.1265472626  
-0.3465547851  
-0.2843631896  
-0.3845284149  
-0.4625229351  
-0.3272911938  
-0.2931881728  
0.3140037848  
0.3970093496  
0.2779290816  
0.6280995899  
0.831545209  
1.035248822  
1.087921651  
1.008598732  
1.303444469  
1.206057473  
1.173665452  
1.119559691  
0.4196634358  
0.3410094011  
-0.1480514327  
-0.05650069634  
-0.02396208636  
0.1201891332  
-0.03819187903  
-0.05830479286  
-0.1332419563  
-0.2344785264  
-0.09440125782  
0.1972350167  
0.0939701867  
0.1153501415  
0.5560681212  
0.380531053  
0.4027672996  
0.2149928164  
0.3236420461  
0.5690724223  
0.7119105143  
1.031134929  
1.271471578  
1.132139291  
1.13987443  
0.9923497966  
0.8767928842  
0.3344953696  
0.3539658716  
-0.02873240726  
-0.3295074641  
-0.3397541903  
-0.355256385  
0.1927149798  
0.3094324649  
0.3883023185  
0.4252757063  
0.3972523314  
0.9419856464  
0.9552357689  
1.193154485  
1.197016378  
1.457908706  
1.550098711  
1.061790104  
1.032752949  
0.800232683  
0.3505902108  
0.2943236289  
0.1731497779  
-0.01691951867  
-0.2193590583  
-0.07936323188  
0.3587675526  
0.5733816193  
0.7914817015  
0.9908881597  
1.154066877  
1.648535628  
1.692828755  
1.663383848  
1.527523509  
1.62068725  
1.820798546  
1.656324279  
1.805957881  
1.893846923  
1.635919454  
1.912978649  
1.728839599  
1.785929369  
1.567290187  
1.597763049  
1.714509452  
1.50297384  
1.676365865  
1.448984413  
1.209314123  
1.288497423  
1.456615423  
1.452268391  
1.455147393  
1.5519118  
1.388566064  
1.425979804  
1.329656126  
1.271351853  
1.143532252  
1.321777996  
1.613275889  
1.29362423  
1.509091788  
1.659055468  
1.455799515  
1.761464374  
1.589047648  
1.449322757  
1.333400689  
1.10106284  
1.07989721  
0.8547848439  
0.6452602245  
0.2628178108  
0.4195665295  
0.3068165081  
0.1076758821  
0.318703085  
0.6223926633  
0.5348123617  
0.7343638525  
0.9780888385  
1.165805606  
1.043410893  
1.079946297  
0.9900622838  
1.052982048  
1.186864939  
1.325447698  
1.425567261  
1.722107394  
1.855463241  
1.956220977  
1.892950605  
2.021962365  
2.083449676  
1.671032501  
1.611747965  
1.599804809  
1.685744117  
1.582271919  
1.816945796  
1.575939338  
1.390069562  
1.457774028  
1.606532355  
1.762867417  
1.755264327  
1.367545938  
1.425464287  
1.046755897  
0.7864645502  
0.4817633951  
0.702332993  
0.7642048832  
0.8948226966  
0.8271929022  
0.8229044198  
0.5972965846  
0.7595230628  
0.727031325  
0.7974974953  
0.9507651634  
1.022343953  
0.9841486111  
0.8812609618  
0.8389263304  
0.8753575534  
0.7741895223  
1.08892108  
1.277525963  
1.269911529  
1.335147202  
1.179852335  
1.114571114  
0.7259622462  
0.6052604102  
0.3493257625  
0.2701403833  
0.08702847042  
-0.3683734909  
-0.8217422518  
-0.8664604076  
-0.5794142757  
-0.4307967768  
-0.4454849227  
-0.7369724112  
-0.7175518894  
-0.7677390571  
-0.9775275251  
-1.494131128  
-1.682613673  
-1.50176544  
-1.126245723  
-1.057705336  
-1.404920955  
-0.8846808738  
-0.859751583  
-0.8148444133  
-0.5996642696  
-0.4204719562  
-0.1093133756  
-0.4578511419  
-0.1166027137  
0.3737321886  
0.5587705595  
0.7808613014  
0.3820304124  
0.2627211058  
-0.04349164133  
0.4112639218  
-0.1165743638  
-0.05955233308  
-0.35173606  
0.2875769259  
-0.004501768504  
-0.0290676537  
0.05841881431  
-0.06343667994  
0.4046525933  
-0.203366918  
-0.4886513238  
-0.1458494511  
-0.2505622389  
-0.8843374111  
-0.9409039904  
-1.284059341  
-1.20844611  
-1.291073328  
-0.7359701056  
-0.8130017148  
-0.7808182216  
-0.77257302  
-0.8991781543  
-0.603864843  
-0.3166958471  
-0.399892996  
-0.6665787893  
-0.6750784216  
-0.5866116954  
-0.5701349743  
-0.2744337729  
-1.01365723  
-0.5859742405  
0.1422396951  
-0.9206135547  
-0.6007613365  
-0.3951764224  
-0.354875673  
-0.333917008  
-0.1454264189  
-0.4568678241  
-0.8099868856  
-0.8287992438  
-1.219785382  
-1.859708811  
-1.848167161  
-1.580466929  
-1.649924722  
-1.499063487  
-1.130039425  
-1.292761523  
-1.357709995  
-1.252293467  
-0.9174299797  
-0.8547322378  
-0.6893847307  
-0.7987766895  
-0.3080956291  
0.0995231259  
-0.2367354962  
-0.3255412354  
0.1428922391  
0.07057923887  
0.1748486436  
0.09427327688  
-0.1100945109  
-0.03736613737  
-0.342974565  
0.109984753  
0.0535685675  
0.1554634425  
-0.1667468608  
-0.4604270712  
-0.4450728495  
-0.2651704903  
-0.2654632268  
-0.5722735748  
-0.2454594615  
0.1379263142  
0.2232399997  
0.2947578005  
0.6837150369  
0.3761142723  
0.5342314159  
0.3038917106  
0.06525293791  
0.07548933005  
0.05937824609  
0.2616058199  
0.5277724938  
0.750193428  
0.6814397479  
0.5540714664  
0.5679767202  
0.6148268621  
0.2357124322  
0.9090030787  
0.690405834  
0.837177732  
0.2011283381  
0.1209225926  
-0.3271291307  
-0.6926241572  
-0.9860959996  
-0.8168402053  
-0.609592778  
-0.3352035799  
-0.9235090152  
-0.5739042031  
-0.4370067275  
-0.1942870852  
-0.08223483192  
-0.5071682688  
-0.06319398727  
0.2420563157  
0.6328315458  
0.432732072  
0.016015565  
-0.1203842665  
-0.3507000811  
-0.1066972777  
-0.3755072798  
-0.4249698976  
-0.8091940589  
-1.311910725  
-0.9844343726  
-0.6909770537  
-0.2527321496  
-0.2424103863  
-0.3454684226  
-0.5301076609  
-0.6537289  
-0.3070436049  
0.05797411651  
-0.5174485894  
-0.03148975237  
0.07687023125  
0.1815564904  
-0.4029580185  
-0.2486357998  
-0.748262381  
-0.3936639669  
-0.1574250661  
-0.7739567791  
-0.8753522198  
-1.07769637  
-0.5892202718  
-0.2060153299  
0.1470090003  
0.1839520602  
0.4110448367  
0.04104931104  
-0.0511232872  
-0.5424361157  
-0.9816365735  
-1.122724055  
-1.226298314  
-1.559170038  
-0.959453834  
-0.8664574884  
-1.082999266  
-0.7203509744  
-0.6299657495  
-0.9298080955  
-0.9251502048  
-0.5139272931  
-0.6620577547  
-0.8266131153  
-0.6099505602  
-0.6011071043  
-0.9221807759  
-0.4628570271  
-0.2870311947  
-0.1313550282  
0.04482415902  
-0.4932754675  
-0.50883493  
-0.536389003  
-0.4555492837  
-1.244701259  
-1.213194304  
-0.8939344992  
-0.4698199038  
0.02931387396  
-0.05697965557  
-0.2524130815  
-0.1046081942  
-0.4368128392  
-0.3850212658  
-0.247545294  
-0.3898248888  
-0.9161952636  
-0.6751166015  
-0.2408491962  
-0.2463218837  
-0.4437078729  
-0.3650128551  
-0.3957074263  
-0.06708940697  
0.5215513288  
0.23571897  
-0.1779640462  
-0.2493069795  
-0.3696042603  
-0.2211965145  
-0.1122719997  
0.1337446115  
-0.2758294357  
-0.1215331491  
-0.4904249713  
0.06123510511  
0.15708687  
0.1960964791  
-0.3526061353  
-0.07228719877  
0.4303897557  
0.5095164067  
0.2760836491  
-0.1228109205  
-0.5563574085  
-0.7463602749  
-0.6946389798  
-0.4455901524  
-0.1980118832  
-0.5009265293  
-0.2426803591  
-0.1099255944  
0.3198000771  
0.2367593244  
-0.06149566611  
0.3490201465  
0.351471386  
0.9568611092  
0.7612519676  
0.1867750259  
0.2929324422  
0.3415061204  
0.1767151769  
-0.4548948247  
-0.4644586438  
-0.2722398003  
0.2748170887  
0.4655594728  
0.708001027  
0.7775187881  
0.1076810622  
0.00888269258  
-0.4637383613  
-0.553805257  
-0.4001966045  
-0.6505846795  
-0.6097508699  
-0.4465121773  
-0.3958368501  
-0.3603283267  
-0.5980523934  
-0.636767756  
-0.2201344969  
-0.2263491635  
-0.5540251473  
-0.3738771123  
-0.254135  
-0.3548316144  
-0.1916560735  
-0.1104179158  
-0.5956314853  
-0.6193253525  
-0.3049247613  
-0.1314173705  
-0.3328216382  
-0.5864603963  
-0.2526180807  
0.2672005035  
0.2340050322  
0.04256988943  
0.5749771191  
0.7886963803  
0.7355942547  
0.3583540828  
0.07578589385  
0.02087085619  
-0.1394486086  
0.3419468328  
0.1481367005  
0.04686807007  
0.1787314956  
0.3518551155  
0.5248240548  
-0.004631018174  
0.1034636856  
0.06251105248  
0.1792457351  
0.2588958992  
-0.0992554753  
0.4537396332  
-0.182509545  
0.6954073139  
1.144989729  
0.5716272595  
0.2672307895  
0.5759203149  
0.1111168062  
0.1275242432  
0.05112732271  
0.004006384807  
0.4000410367  
-0.3480138798  
-0.09023173623  
-0.1706876183  
0.4828388819  
0.4842205488  
-0.05585439229  
-0.04016202853  
0.288886271  
0.3498428631  
0.2046501697  
0.5326759958  
0.3315923643  
0.03459509468  
-0.1569442946  
0.01611161322  
-0.3228122121  
-0.007149566061  
0.3457828288  
0.3121674314  
0.6013884994  
0.6325476171  
1.252594033  
1.114042375  
0.9265904683  
0.7975748064  
1.239999971  
1.176433277  
1.477338731  
1.470046896  
1.256069919  
0.6430019912  
1.074598727  
1.0933133  
1.262328223  
1.289678847  
1.077235984  
0.6974511608  
0.6817005647  
0.3068856424  
0.8367607837  
1.221453463  
1.202692151  
1.012889054  
0.9846217654  
1.364131977  
1.649659569  
1.803031921  
1.950230755  
1.74412762  
1.87420464  
1.106412703  
0.9705438619  
0.5975395352  
0.1673522134  
0.3047725872  
0.2519639538  
0.3221937816  
-0.1065377979  
-0.08688389099  
-0.2885105121  
-0.3505157026  
-0.04553125905  
-0.3854438419  
0.1528956757  
-0.1186216234  
-0.09465752478  
-0.02740751696  
0.6916749082  
0.843761801  
0.8602401008  
0.5219611253  
0.2175902417  
0.2763448469  
-0.1589154155  
0.1046281106  
-0.1515655611  
0.0502029346  
0.2790397736  
-0.05884220354  
0.1789862234  
0.0408692015  
0.2079958875  
0.2888560929  
-0.05786388599  
-0.1095554396  
-0.203861499  
-0.4993363754  
-0.3401620429  
-0.671001566  
-0.5134488406  
-0.828604681  
-0.1392177541  
-0.2483947956  
-0.234624078  
0.1313596716  
-0.01823196284  
-0.2930949963  
-0.2604500445  
-0.03112509417  
0.1608603943  
0.5129167232  
0.6060775446  
0.6131161887  
0.9529833982  
1.398945027  
0.8639992137  
0.5895377814  
0.6360386953  
1.008054843  
0.8884249331  
1.145904917  
1.077171131  
0.6650601646  
0.6067339524  
1.204688082  
0.918046633  
0.9296230466  
1.1575743  
1.130827092  
1.151480198  
1.008543934  
0.4691768553  
0.4727606388  
0.8099391948  
0.9079357811  
1.14972347  
1.469661688  
1.438086622  
0.985799268  
1.137250798  
0.9600801586  
0.9483494025  
0.6023738149  
0.8433492662  
0.8928218132  
0.6732807969  
0.9020891061  
0.6410426819  
0.148556043  
0.0571291157  
-0.1973287824  
-0.199510301  
-0.6246600408  
-1.031539893  
-1.382205959  
-0.4014792802  
0.1820150031  
0.1367417489  
0.4123670624  
0.3875178617  
0.1557691699  
-0.05222887606  
0.1543126079  
-0.08106444042  
-0.1100768623  
0.1768707804  
0.3798173574  
0.4014723724  
0.03369396891  
0.365329005  
0.2524768506  
0.2239204515  
0.3917876884  
0.05196583651  
0.03695203365  
0.4296744275  
0.3297993345  
-0.04153265003  
0.2223856649  
-0.2933077533  
-0.4441088072  
-0.2837339989  
-0.6621679214  
-0.4824487508  
-0.9569134078  
-0.1998038653  
0.0004756752216  
0.457115139  
0.03072896147  
0.1692075453  
0.1321712262  
0.1353494532  
0.5947241981  
0.1812526897  
0.9576073475  
0.5405669408  
0.932580066  
0.327288073  
0.3540624613  
-0.193308483  
-0.07877609658  
-0.6754180943  
-0.6571224758  
-0.7201382355  
-0.5846811913  
-0.6642544666  
-0.7789300046  
-0.6486079337  
-0.8326765738  
-0.7105889078  
-0.8460934633  
-0.7846740636  
-0.3428463094  
-0.455164777  
-0.2930702732  
0.197275694  
0.7202803456  
0.8204323725  
1.150700052  
1.246092541  
1.365093517  
1.511774018  
1.560127909  
1.357106617  
1.424746526  
0.9060495987  
1.728162117  
1.912867403  
1.557325743  
1.900133454  
1.317737271  
0.7943727534  
0.4404962656  
0.08954207412  
-0.3873746805  
-0.5023538538  
-0.8054718526  
-0.4079860203  
-0.009137540893  
-0.05108078687  
0.4150915493  
-0.01148299028  
0.5077809483  
0.452850592  
0.3392666376  
0.5608949224  
-0.006758628903  
0.1232220637  
0.02239665688  
0.5984830092  
0.8958032007  
0.8090168107  
0.9036168014  
0.8284675209  
0.6753343794  
0.3647920372  
0.2006179122  
0.1427422347  
-0.4160940972  
-0.3552886189  
-0.4235789748  
-0.4100106167  
-0.2537399782  
0.09802633925  
-0.2539087803  
-0.5710745291  
-0.5044364006  
-0.1918952573  
0.1560849599  
0.3197568218  
