3.07039961  
2.198310193  
1.956970394  
0.2728968721  
0.388282175  
-0.577755602  
-0.3035012258  
-0.501968732  
-0.4314488115  
-0.2987252678  
-0.1049123516  
0.7309989596  
0.4715840425  
0.7334118479  
0.5196751763  
0.7112289138  
0.1457351156  
0.2231769931  
0.2436955145  
0.353427015  
0.476730049  
-0.028043501  
0.340328899  
-0.2237505846  
-0.2638035323  
0.4624314395  
-0.02621298761  
-0.08255810478  
-0.08126412587  
-0.08015748448  
0.150965304  
-0.01505162356  
-0.01779264622  
0.5310319181  
0.5391822033  
0.09160007096  
-0.008285491186  
-0.007899620937  
0.3678388376  
0.7999381296  
0.755810651  
0.7676037994  
0.7536699662  
0.7682756541  
0.6058638618  
0.5541843617  
0.206206813  
0.5009131903  
1.028013918  
0.1607870147  
-0.1694365998  
0.5797204028  
1.199692424  
0.5768828288  
0.3476348206  
-0.1105757719  
-0.2088703699  
0.4055658756  
0.6584538214  
0.4233714375  
0.5216490042  
1.074362756  
2.179402065  
1.727526008  
0.7404543206  
1.275191147  
0.5198188525  
0.3869392442  
0.1994981495  
0.3572485564  
0.08398090088  
1.22462097  
0.7973705215  
0.4363564166  
0.4694231367  
-0.144484449  
0.38824258  
0.7009565097  
0.3447255585  
1.17781476  
1.747137064  
2.202155556  
2.27624071  
1.112906423  
1.119878089  
0.9261455113  
0.4665503778  
-0.5588430824  
-0.870398669  
-0.7768293594  
-0.3747245712  
0.09186527799  
0.4151455798  
0.6244278518  
0.6597227359  
0.7080146653  
0.7013163025  
0.4473046333  
0.5716322198  
0.5673219661  
0.3969873693  
0.8396917393  
1.051135418  
0.3419865345  
1.225604287  
1.004013723  
1.291741449  
1.975555077  
0.1781489303  
0.5485427588  
0.009931296985  
0.08129586463  
0.09946860557  
0.3604218896  
0.731863961  
0.8625623715  
1.177984619  
1.013510442  
0.8492300429  
0.8948530109  
1.191163682  
1.03527425  
0.2702426088  
0.3928833135  
0.4788694604  
0.6781509145  
0.3128287605  
0.9655678857  
0.6746942055  
0.9459361757  
1.149080183  
1.211785476  
0.5876316497  
0.2114029158  
0.08411628647  
0.6766609245  
0.7630918789  
0.9904585725  
0.9518650001  
1.390851964  
1.121563096  
1.008074857  
0.4055632681  
-0.1150585729  
-0.5799752969  
-0.5233568483  
-0.2972005239  
0.5301179061  
-0.005196631577  
0.04237374706  
0.06738800414  
0.008849640163  
0.06263041489  
0.2483566369  
0.03816512638  
0.4141621599  
0.6165119803  
0.6133146788  
0.7211201776  
0.17489283  
0.4226591497  
0.2636280147  
0.07229156887  
-0.1995365147  
-0.5608042626  
-0.7478153672  
-0.6087131367  
-0.5680953637  
-0.1919493665  
-0.2390913688  
-0.1958639724  
-0.5734525565  
0.3584884368  
0.08153418992  
0.80104958  
0.6745524788  
0.5406425996  
0.3103522324  
0.05376627747  
-0.001058288274  
0.1651506569  
-0.2729614786  
0.09193500429  
-0.7457547969  
-0.9726062413  
-0.3671435926  
-0.02631515333  
0.2356702754  
0.8313992129  
0.1852686408  
0.06736355184  
0.03032420605  
-0.2382647997  
-0.4669751083  
-0.4578473664  
-0.4359640793  
-0.4612841128  
-0.5059281891  
0.2388810882  
-0.2458372345  
-0.1033705798  
-0.4294405048  
0.07311307881  
-0.7622680003  
-0.3000208267  
-0.4386153891  
0.1234065869  
0.01007001898  
0.01474729178  
0.3749665759  
0.5442570345  
0.2833566953  
0.2434184909  
0.3572099127  
0.4928392242  
0.5304444762  
0.3576721394  
0.06377114135  
0.3752664616  
0.1346541159  
0.0457635983  
-0.3512552236  
-0.0888559233  
0.09215722866  
0.6913751404  
0.6250927154  
0.5113174345  
0.9767150749  
1.195544572  
1.000979034  
0.8394000237  
0.7872083593  
1.096046736  
1.279011754  
1.541456986  
0.7372096591  
1.349911279  
1.783002337  
1.52916854  
1.580886425  
0.7511748624  
1.291099444  
1.266292299  
1.295357873  
1.540821338  
1.127514629  
0.6383336048  
0.4215279503  
0.2963070258  
0.3449545394  
-0.324975065  
0.1552366347  
0.1167987518  
0.8897971802  
0.443162667  
0.7763513756  
0.4439474186  
0.5566627303  
0.9133489063  
0.7175622438  
0.1549625901  
0.7593413283  
0.3956851047  
0.2837958019  
-0.3404793797  
-1.006066089  
-0.1665609699  
-0.1226639952  
0.1909019657  
-0.04719044253  
0.1452549132  
0.3696195033  
0.3149548332  
0.6418970487  
0.424701773  
0.5516331073  
0.4225272287  
0.8762187088  
1.327160865  
1.016464959  
1.193649413  
0.9839634681  
0.9459281758  
1.650508032  
0.7444107854  
0.5432042185  
0.1979165313  
0.4216327977  
0.9723464297  
0.5949527621  
-0.6925825926  
-0.1526847027  
0.3284895441  
0.4001161407  
0.08842718002  
-0.4170588665  
-0.2951590325  
0.1985306054  
0.2469783327  
-0.02464811032  
-0.1434807205  
-0.1722888365  
-0.7674262766  
-0.7727103691  
-1.09634215  
-1.570723143  
-1.110446041  
-0.8756093906  
-0.5663409507  
-0.7089767026  
-0.4707009553  
-0.04665193795  
-0.119951949  
0.0564212247  
0.1978850697  
0.03044328744  
0.1687645374  
0.4245775013  
0.5371213911  
0.3761320303  
0.1341835483  
-0.2778984104  
0.4146846398  
0.179128188  
-0.125151217  
-0.7155417551  
-0.7587292368  
-0.2190998078  
-0.5117627129  
0.2214492717  
-0.4273433969  
-0.3159319142  
-0.05183879206  
-0.05619342969  
-0.740255683  
-0.4608879719  
-0.2805235573  
0.101695696  
1.581036056  
-0.2221882581  
0.02007607755  
-0.8621022145  
-1.118679977  
-0.7362207046  
-0.5148746765  
-0.826935415  
-0.5255020306  
-1.21231493  
-0.7804700968  
-0.5299327285  
-0.7471150546  
-0.8730858141  
-0.5195634808  
-1.010482261  
-0.5700965051  
-0.9400919963  
-1.320881295  
-1.197363328  
-0.9616612861  
-1.00280949  
-0.2152206638  
0.1578025709  
0.7581387177  
-0.03901369485  
-0.6678365755  
0.3146548815  
-0.2507873923  
-0.8148740677  
-0.8390841735  
-0.7982071038  
-0.7841831175  
-0.3164057829  
-0.2133849657  
-0.6713850897  
-0.06440639225  
-0.2790652572  
0.1913250604  
-0.2384948579  
0.2384300506  
0.0445742794  
0.09917118363  
-0.3300626941  
0.05777292124  
-0.007743069379  
-0.8107964757  
-0.5578203318  
-0.2965462161  
-0.3460662322  
-0.1775998301  
-0.4566633592  
-0.226998512  
-0.1219709498  
0.08720716213  
-0.3259743551  
0.06401615824  
-0.3049835851  
-0.08041322868  
-0.8981940473  
-0.754543983  
-0.6817638168  
-0.5816257274  
-0.7484467452  
-0.4383140632  
-0.3949472075  
-0.04705060922  
0.09340290812  
-0.2242940122  
0.2655322243  
0.09281542055  
0.2413417561  
0.3905464394  
1.277006013  
1.087146705  
0.2310252521  
-0.2016116776  
0.0361217587  
-1.042359282  
-1.037360821  
-1.174722348  
-0.8354396902  
-0.8340541747  
-1.238184234  
-0.6562272582  
-0.5312550026  
-0.6228563221  
-0.7763161836  
-0.4151176744  
-0.5699156666  
-0.3712268795  
-1.001674665  
-1.123749386  
-1.234630685  
0.3179309858  
0.544556056  
-0.1997972559  
-0.2104400575  
-0.262280549  
-0.2690969339  
-0.148201319  
0.1186100309  
-0.7073678083  
-0.5914194328  
-0.3109721857  
-0.3400739148  
-0.1692145757  
-0.1298036207  
-0.1652622204  
0.2227865347  
-0.09459162957  
0.5923971818  
0.489261766  
0.200826705  
0.3731381714  
0.2478345084  
0.5958020434  
0.4732586475  
0.8204776761  
0.6650790896  
0.532051012  
0.31819248  
-0.3984067983  
-0.3676254314  
-0.440043853  
-0.7985691463  
-0.5060920661  
-0.5802256958  
-0.5890009141  
-0.1825504268  
-0.07111636669  
0.8406232872  
0.6116866274  
0.6380633232  
0.6304204978  
0.4459015589  
0.8072416994  
0.1675906657  
-0.06364067509  
-0.06876318161  
-0.1677817797  
-0.06341978251  
-0.4647565174  
0.04493034077  
0.09752107219  
0.4477063668  
0.4558786281  
0.01668602929  
-0.03508241922  
-0.06939574754  
-0.1397994094  
-0.6696588026  
-0.8558196302  
-0.2457516778  
-0.4341371178  
0.2143459848  
0.255934305  
-0.1320798897  
0.1517547609  
-0.2808287164  
-0.213053594  
-0.5159454224  
-0.9783493691  
-0.8263927323  
-0.9717198687  
-0.8358748508  
-0.4823093481  
-0.8279901971  
-0.3670028276  
0.09815309965  
0.4119386079  
0.1423167341  
0.2169796763  
-0.2302355115  
-0.09649074985  
-0.6079822441  
-0.9286705032  
-0.5265066598  
-1.108698459  
-1.339345452  
-1.27058909  
-1.23738916  
-1.004183125  
-1.433845416  
-1.196015705  
-0.8834759002  
-1.068371582  
-0.7390588771  
-0.8040546998  
-0.2980498253  
-0.1680427424  
-0.5663445566  
-0.1167759368  
0.0921677161  
0.6534806085  
0.3260679813  
0.655905387  
-0.173067008  
0.08411045776  
-0.1928729434  
0.2738123838  
0.04936673127  
-0.2131597933  
-0.4200998938  
-0.6126784028  
-0.263807341  
-0.1437554087  
-0.3917945899  
-0.9524083814  
-0.8004626408  
-1.168079393  
-0.9307482842  
-0.9508291996  
-1.492540767  
-1.784858083  
-1.203589143  
-1.394713669  
-1.115908129  
-1.2588524  
-0.3607649209  
-0.3359165536  
-0.1174369382  
-0.1478976686  
-0.1657286791  
-1.029515566  
-1.28741087  
-1.713222939  
-1.317634376  
-1.673835127  
-1.937681527  
-1.404944375  
-1.521931734  
-1.392789149  
-1.368419071  
-1.006343214  
-1.18202141  
-0.9448480848  
-1.004697226  
-0.9641923657  
-1.490486778  
-1.183517861  
-0.9753053712  
-0.8394588574  
-0.4926213894  
-0.7503533123  
-0.7077313664  
-0.720982298  
-0.1968799567  
-0.5312122535  
-1.24400504  
-1.177913765  
-1.636713096  
-1.355978303  
-1.395042854  
-1.723832862  
-1.453324015  
-0.9062991236  
-1.045831809  
-0.9826742379  
-1.075570506  
-1.376286607  
-1.327302301  
0.8539226631  
0.8563074519  
0.3459953137  
0.3480699578  
-0.03913358293  
-0.5202892171  
-0.3402550113  
-0.1517758845  
-0.2208695365  
-0.268602154  
-0.1803049485  
0.05372463188  
-0.09265265678  
0.4920485363  
0.1879391378  
-0.2507503575  
0.183254861  
0.01283636958  
0.07364328402  
-0.1269178482  
0.1080032686  
-0.675284775  
-0.5064701007  
-0.4853751531  
-0.8031938513  
-0.6308909684  
-0.6297180847  
-0.1927684178  
0.3041059622  
0.1346717646  
0.1829922219  
0.04356863291  
0.04195963003  
-0.02419600042  
-0.02622119961  
-0.4322099047  
-0.5147624808  
0.1608266413  
1.123081218  
0.5824812525  
0.4934396911  
0.6583252578  
0.6690843659  
0.9050149404  
0.5083602296  
-0.1422516812  
-0.3732909164  
-0.9261149858  
-0.3777514996  
-0.1432680145  
-0.1615573514  
-0.06652630888  
0.3176942057  
0.265676151  
0.2524421456  
-0.2000542949  
-0.0758380111  
0.3201949357  
0.5688817216  
0.8175906259  
1.037211094  
0.4095579432  
0.3786162209  
0.7338107571  
0.9943781617  
1.084708852  
0.197303368  
0.2435567969  
0.5889367745  
0.7956706141  
0.2493909316  
0.4307631882  
0.1303930584  
0.07757511659  
-0.1817025334  
-0.1014302377  
-0.3571695722  
-0.3138740648  
-0.5552131423  
-0.05006454651  
0.05856948709  
0.4165838121  
-0.1781435429  
-0.3827173386  
-0.0884385033  
0.09479776262  
0.1536080672  
0.612779286  
0.4579490627  
0.3547647712  
0.6207292101  
0.6818281751  
1.078040812  
0.4248015532  
0.7423036058  
0.1131563755  
0.3748496912  
0.3185790547  
0.2576810634  
-0.08487743089  
0.125140746  
0.04784644121  
-0.3114746234  
-0.1145426772  
0.3954216442  
0.3770131545  
0.2942690248  
0.3528257008  
0.684960155  
0.754066338  
0.6010681903  
0.3667552638  
0.3619768104  
0.2218083582  
-0.08432887565  
0.05392012441  
0.3147319551  
0.6530270075  
0.3701257934  
0.3398732244  
0.447315262  
0.3113797532  
0.5262987541  
0.2353669162  
0.3369263438  
0.01334798707  
0.1831791766  
0.1251975492  
-0.000572286586  
-0.2627861905  
0.3520189677  
0.008844358413  
0.3712416479  
0.4829094589  
0.6237059933  
0.3874936278  
0.7637076523  
0.829320846  
0.947130588  
0.6708292893  
0.9645428019  
0.7061667476  
0.670587208  
0.570326001  
0.06320988141  
0.1190512248  
-0.2543033075  
-0.5319763801  
0.2084454726  
1.752423911  
1.716660129  
0.9786121929  
0.7613048998  
0.6333797062  
0.1054968781  
0.6367568866  
0.3765360418  
0.5834713217  
0.8022750966  
0.4609506282  
-0.01269586609  
0.313364324  
0.2454104282  
0.002283752933  
-0.05925192678  
-0.4697074228  
-0.3383811767  
0.2028126133  
0.1238811869  
0.2298550646  
0.03688708452  
0.2328745005  
0.043593788  
0.06635634362  
-0.6001781937  
-0.5963972031  
0.02124236349  
-0.1899839585  
0.1537364172  
0.05281190351  
0.2584914462  
0.1141980273  
-0.05202578789  
-0.02785226014  
0.1997999194  
0.2462270481  
0.1945288714  
-0.2823029304  
-0.356001822  
-0.275065228  
-0.3679457104  
-0.6387417185  
-0.4342851864  
-0.3099937022  
-0.2891222298  
-0.1356916819  
-0.5565341046  
-0.5933650105  
-0.7701908921  
-0.8780255584  
-0.4752318277  
-0.7389371331  
-0.5255243951  
-0.3670681222  
-0.9736059175  
-0.01742777108  
-0.1057698008  
-0.1837856205  
-0.05420125676  
-0.3395504726  
-0.01013748077  
0.152585878  
0.3786698119  
0.1068088178  
-0.4250044298  
-0.3133238799  
-0.2411444491  
-0.06635260107  
-0.575158263  
-0.007077646848  
-0.4788910572  
-0.9259075935  
-0.437637121  
-0.1744171424  
-0.3595103411  
-0.3797086754  
-0.7308107958  
-0.9439023174  
-0.5070175013  
-0.7377436168  
-0.8122299702  
-0.6045982894  
-1.035686478  
-0.4939639635  
-0.4149684642  
-0.5941945349  
-0.7897540357  
-0.4950282261  
-0.4166965944  
-0.4312830693  
-0.7663418457  
-0.4556706526  
-1.355187595  
-0.6038482279  
-0.4314764644  
-0.6834406637  
-0.3201521968  
-0.6143499817  
-0.3713359495  
-0.4036703752  
-0.1449947641  
0.1691897334  
-0.01244076124  
-0.2186249217  
-0.6866468228  
-0.3807828824  
-0.2603050384  
-0.7314524923  
-0.8840518143  
-0.7738100538  
-0.9508469405  
-0.690129463  
-0.5460116996  
-0.56338839  
-0.4971275977  
-0.2773069882  
-0.01331035513  
0.5416864021  
-0.06478933748  
0.02733008657  
-0.07598654639  
0.2318102513  
-0.1258355665  
-0.4750814579  
-0.8794702759  
-1.287252347  
-1.28260982  
-1.35149492  
-1.528097719  
-0.9435997832  
-1.194358357  
-1.048868268  
-0.7078485611  
-0.8235334506  
-0.8985075197  
-1.158881826  
-0.8588200161  
-0.3638150336  
-0.423958784  
-0.5862500458  
-1.013893766  
-1.085810552  
-0.6914919236  
-0.4268704456  
-0.9659099047  
-0.9011366027  
-0.832788228  
-0.7999137192  
-0.9969650336  
-1.081825162  
-1.224987954  
-1.314020026  
-1.161758721  
-1.302956695  
-1.255921668  
-1.596027631  
-1.029270799  
-1.04599889  
-0.7056913298  
-0.8368841814  
-1.043098342  
-0.2332960787  
-0.6493787435  
-0.5548586124  
-0.6515541423  
-1.024741468  
-1.051642185  
-1.021143659  
-0.9765710744  
-1.101083359  
-0.9207796503  
-0.4332797866  
-0.6577809359  
-0.5746843191  
-1.168132736  
-0.8812789353  
-0.9431543091  
-1.105183004  
-0.271681262  
-1.254437482  
-1.04656744  
-0.02377936323  
-0.2320458813  
-0.7097052915  
-0.4016746177  
-0.1728946642  
-0.1052168985  
-0.2770186379  
-0.427428873  
-0.3293490455  
0.3903778678  
0.2756884395  
-0.7303330274  
0.7774210551  
1.955132791  
1.336212147  
1.249353853  
0.7073711283  
0.6422451223  
0.4135067134  
0.1415322458  
0.1485100468  
-0.4431362845  
-0.02158876288  
0.379351938  
0.1259563048  
0.651651022  
0.2795157368  
0.4840464251  
0.7550213785  
0.7607281463  
0.2993515319  
0.225799107  
0.6629041688  
-0.1902684959  
-0.3798691796  
0.1725502401  
0.06160412178  
-0.1317840211  
-0.01671285506  
-0.4473144294  
-0.3671595592  
-0.2452574503  
0.3771696858  
-0.1637478844  
-0.374192788  
-0.0520808755  
-0.4128976031  
-0.5054485404  
-0.4145768863  
-0.3469668968  
-0.365069232  
-1.053044213  
-1.050851843  
-0.879882745  
-0.4056488088  
-0.3955186749  
-0.04734558485  
0.05221814365  
1.656414617  
1.085642892  
0.7461989701  
1.040349202  
0.950500531  
0.4862560347  
0.7614436455  
0.683860806  
0.5044144979  
0.6732048565  
0.4334630397  
0.5244388003  
0.9572874216  
1.244245382  
0.6919650508  
-0.1389270785  
0.4543260215  
-0.0437492804  
0.7045178464  
0.6791660588  
0.5982817203  
0.4750086269  
0.1284003506  
-0.00429891738  
-0.4921109955  
-0.3148477437  
-0.1681492315  
0.2827650467  
0.200407835  
0.5908503926  
0.2236338419  
0.5855350778  
0.3673782384  
0.3218230318  
0.3034642327  
-0.1615439678  
0.3777982486  
-0.2565177324  
-0.3243814506  
-0.1857826243  
-0.2352278288  
0.2100038432  
0.4707845849  
0.4908052767  
0.2187492832  
0.4279229092  
0.02593343894  
0.1228155161  
0.590053375  
-0.0169870627  
-0.4753000531  
-0.07631936808  
-0.5490174468  
0.008899097221  
0.1817644833  
0.1297382226  
0.4337950202  
0.573918917  
0.1973741644  
0.5772054734  
0.2078086415  
0.7655440639  
0.5363783179  
0.231359599  
0.5412989808  
0.5019357492  
0.5423326786  
0.3183887358  
-0.4289881804  
-0.241107662  
-0.1430914931  
-0.3771924945  
0.3701917886  
0.03978679386  
0.7577925192  
-0.2075316124  
-0.3983124787  
-0.5961483452  
-0.6136312077  
-0.1373089735  
-0.054526942  
0.2236495088  
0.131396056  
-0.05032913915  
0.2301002052  
-0.007463352689  
0.4227224309  
0.3590284504  
0.02059947942  
0.324494547  
0.2209510385  
0.1934612411  
0.06987553719  
0.1737602175  
0.523162164  
-0.2225217869  
0.02005518187  
-0.0954059684  
-0.5134185069  
-0.09869456398  
-0.3834104445  
-0.2325708214  
-0.1525888943  
-0.1124910146  
-0.003292963952  
0.173879363  
-0.2268467057  
-0.1578279379  
0.02303761142  
0.2985824968  
0.5259619888  
0.2457804905  
0.2470692825  
0.06398830958  
0.1416979843  
-0.3788855625  
0.09437617751  
0.4132531257  
0.1789342742  
-0.1524414805  
-0.4509544585  
-0.3156226924  
-1.586209854  
-2.440653609  
-2.817936468  
-2.479352165  
-2.504323581  
-1.83543511  
0.7514478896  
-0.1119456186  
-0.4130504776  
0.4505415853  
0.1196317505  
1.335861443  
0.9904432323  
1.190051472  
1.086089085  
1.085757761  
0.515686361  
0.2067551382  
-0.01989686601  
-0.1057683516  
-0.2389550902  
0.1609375281  
0.5295677437  
0.6450379428  
0.5985533909  
1.02850776  
0.7220676257  
1.295530806  
1.103128977  
0.8780016893  
0.8686072262  
1.08060845  
1.052195918  
0.9307346705  
0.8318784733  
0.7637985793  
0.6897191614  
0.6715873567  
0.7841791767  
0.8487459418  
0.8166189222  
0.7504611172  
0.2688526608  
0.2132447868  
-0.762351392  
0.5844821221  
1.240249552  
0.9915969924  
2.099716083  
1.254262102  
1.196169294  
0.5380856824  
0.7762941817  
0.1639925224  
0.2275523193  
-0.239064668  
-0.07672326729  
-0.07427949066  
-0.4655767441  
-0.004596348566  
-0.3611987986  
0.003813470401  
0.3745893622  
0.2623567527  
0.8242718822  
0.5268784727  
0.2879962357  
-0.1268529144  
0.6373680697  
0.1704585066  
0.2391430688  
0.0199326676  
0.1744718991  
0.1725151905  
0.1263812234  
0.1136463391  
0.3118908263  
0.3698315916  
0.6066311228  
0.7081867961  
0.6544662316  
0.5200307895  
0.7773913229  
0.360482064  
0.4132534608  
-0.2849599936  
0.1938754602  
-0.541054744  
-0.1985613103  
