-0.450596196  
-1.400866911  
-0.7781434583  
-1.427643593  
-1.389205141  
-1.648272641  
-1.501574993  
-1.607877412  
-1.369836354  
-0.9053351896  
-0.7173913745  
-0.6560795778  
-0.9123673822  
-1.042837232  
-1.285552165  
-0.9757098452  
-1.073809818  
-1.142947162  
-1.470106664  
-0.9732715502  
-1.269101304  
-1.347931371  
-1.287179846  
-1.317653387  
-1.235758588  
-0.6850676947  
-1.384264647  
-1.10778891  
-1.145655301  
-1.171159418  
-0.9129104119  
-1.041151855  
-1.242543234  
-0.7804323734  
-0.9754466234  
-0.3371854226  
-0.3007224525  
-0.06731482741  
-0.9646924313  
-0.41595033  
-0.9586027209  
-0.9063847482  
-1.350630406  
-0.9155213747  
-1.213483712  
-1.029229853  
-1.084468494  
-0.6603025645  
0.008979286372  
0.01626128223  
0.5109044072  
0.3280157114  
0.4574214726  
0.2023752781  
0.203699029  
0.0306260847  
0.02458087256  
0.02288265863  
-0.04747797354  
-0.5013983478  
-0.9017594146  
-0.4318994492  
0.002548168891  
-0.0504438984  
0.5856798977  
0.192156174  
0.4743036234  
0.4176098176  
0.03596281974  
-1.10761453  
-1.042200603  
-0.9418872884  
-1.062131176  
-0.9490749795  
-0.3000255393  
-0.3299134565  
0.07133706673  
0.2347449307  
0.05864929592  
0.3652037937  
1.14807451  
-0.1996338867  
-0.6728876363  
-0.916102391  
-1.100727695  
-1.0315153  
-0.9534749414  
-1.225313225  
-1.125697652  
-0.7535311586  
-1.270475902  
-1.029729123  
-0.9457613818  
-0.5438176956  
-0.7466187161  
-0.6690843594  
-0.5449905975  
-0.5374312149  
-0.4727783802  
-0.9067223984  
-0.6110561136  
-0.6544110116  
-0.9178236234  
-0.1212907887  
-0.4401358791  
-0.3816230282  
-0.3876020357  
-0.6360828328  
-0.4598024052  
-0.2499272488  
-0.2176502766  
0.08955011214  
-0.2465298546  
-0.1571922746  
-0.3369045042  
-1.29088574  
-0.8515084943  
-0.6956680075  
-0.5248210776  
-0.3654241279  
-0.3022705444  
-0.297990597  
-0.186691727  
0.4587524654  
-0.1864776905  
-0.2037200373  
-0.4788559334  
-0.6047986956  
-0.6149729436  
-0.9876187235  
-0.931843437  
-0.5412195882  
-0.2549302166  
-0.6502236658  
-0.3138566397  
-0.3311953398  
-0.0171111808  
-0.2362087097  
-0.1209466763  
-0.1038752641  
-0.1107872892  
0.06817075178  
-0.3626550191  
-0.3233456132  
-0.4513115349  
-0.2350581045  
-0.7892345096  
-0.5001410496  
-0.4224745763  
-0.3757914687  
-0.1296156292  
-0.1318446777  
0.2121530195  
-0.02792553629  
-0.2156260777  
0.148202847  
0.2494267422  
0.09884953318  
-0.2523011315  
-0.3561875401  
-0.2347287283  
-0.7646020701  
-0.424181633  
-0.288239016  
-0.197223088  
-0.3801138053  
-0.3080285992  
-0.2837576925  
0.4320109886  
0.07053220519  
0.07634804992  
-0.3088497351  
-0.7923562707  
-0.5024990121  
-0.9208780969  
-1.026429921  
-1.305018795  
-0.8014345509  
-0.615567296  
-0.3342226681  
-0.6707249488  
-0.2779837474  
-0.946725549  
-0.4109947051  
-0.8792252157  
-0.2778625422  
-0.8353680236  
-0.2028112223  
0.174721384  
-0.5570545004  
-0.01191817521  
0.3788364864  
0.1181456355  
-0.3967429315  
-0.1864243294  
-0.5398721709  
-0.7575799178  
-0.3559108414  
0.01889290921  
0.1393747871  
0.3856929411  
0.44945638  
0.9687534667  
0.8482926467  
0.1700619506  
0.168257741  
0.5382610424  
0.05707047745  
0.5125285167  
-0.2956977965  
0.05826769899  
-0.0215557566  
0.4401682372  
0.5238760334  
0.2604820639  
0.05454584763  
-0.1289302685  
0.2282174857  
0.2879060318  
-0.06008566188  
-0.3422216435  
0.1383120605  
-0.4608680026  
-0.2739094446  
0.6917327282  
-0.07473567245  
-0.5233852269  
-0.2816901902  
-0.3038424346  
-1.007577474  
-0.478885932  
-0.3736666274  
0.02750669688  
0.1945562839  
0.1804791693  
-0.2646285026  
-0.162008226  
-0.1749511675  
-0.4104759552  
-0.5773449595  
-0.5734412467  
-0.523770485  
-0.2797433349  
-0.1013925977  
0.3913983139  
0.2645400704  
0.2539377718  
-0.1987154178  
-0.2372743846  
-0.9125223865  
-0.1144535534  
-0.6302205314  
-0.731249887  
-0.3394567881  
0.100586481  
-0.05270827115  
0.2479657098  
-0.2804089454  
0.4639563013  
-0.4704716212  
-0.7900413204  
-0.5696233568  
-0.7916660159  
-0.4118340362  
-0.3825836484  
-0.4843433082  
0.05543551524  
0.5920794299  
0.7597288534  
0.7084179354  
0.3391171386  
0.01046074797  
0.2035499708  
-0.3702312358  
-0.5673733503  
-1.129937223  
-0.7265307082  
-0.1658749804  
-0.08511546819  
0.7332770069  
0.2786879361  
-0.1221804326  
0.2228609277  
0.5779972289  
0.5757924881  
-0.07722144505  
0.1066899155  
-0.09734224486  
0.1517833535  
-0.212897145  
0.1490379362  
0.2181177251  
0.2174146979  
0.7572951655  
0.07096433563  
0.2820576278  
-0.346485906  
-0.1825736643  
0.002998704218  
-0.488342777  
-0.9079990674  
-1.194735657  
-0.6775361814  
-0.9050863514  
-0.889517124  
-1.029825519  
-0.5655841557  
-0.6499562696  
-0.2278235433  
-0.6718992882  
-0.4932468461  
-0.3892418436  
-0.2835691732  
-0.03892573837  
0.07002781579  
0.06799011155  
-0.1787226901  
0.3272477469  
0.1324233745  
0.4080801905  
0.4290323306  
0.4636243831  
0.2940687218  
0.1479430722  
0.06155762476  
0.1371479236  
0.6108898283  
0.03816494158  
0.2069614799  
0.201498728  
-0.2396112456  
0.2449401327  
-0.3026737517  
0.1737009622  
0.4032308601  
-0.2332258126  
-0.02194043872  
0.5464072008  
0.09083680684  
0.1044753585  
1.070422837  
0.7720870093  
0.6429567225  
0.6980526697  
0.7452562133  
1.151628472  
0.6365202997  
0.08113241461  
0.04032166782  
-0.08710021064  
-0.8119088754  
-0.9293740632  
-1.232486309  
-1.211547202  
-0.9247780103  
-0.5272127568  
-0.1932574837  
0.2260225824  
0.2070475996  
0.492350354  
-0.2716879006  
-0.3603640762  
-0.4271709901  
-0.4337386303  
0.402695894  
0.6798161811  
0.1631889784  
-0.100811077  
-0.2746848493  
-0.4775587374  
-0.5506436845  
-0.3326858449  
-0.5009259694  
-0.02939516523  
0.01329426933  
-0.1867972686  
0.1673925517  
0.6949243867  
0.2191977381  
0.1768667627  
0.8698702306  
1.05838701  
0.3434377172  
0.06699487134  
-0.4537135335  
-0.1936141671  
-0.309544997  
-0.3740302416  
-0.5250827355  
-0.02532515462  
0.3381626154  
0.07353118243  
-0.1789226645  
-0.02711109473  
-0.2502331631  
-0.6605730634  
-0.4274907259  
-0.5027362848  
-0.5204099925  
-0.008531816978  
-0.1437475024  
-0.08137841515  
-0.1805948953  
0.4204729118  
-0.2685898837  
-0.3617793324  
-0.1270533562  
-0.06226503734  
-0.1333540611  
0.04449085623  
0.1319944661  
-0.2767918121  
-0.4483897984  
0.07803251455  
0.4463706135  
0.7921450381  
0.3514773474  
0.03667062056  
0.369003443  
-0.2309507984  
-0.1552140084  
-0.6507798601  
-0.4163285662  
-1.052566921  
-0.2325270338  
-0.09920874006  
0.3451574871  
0.5611283732  
0.4595436767  
0.9681508061  
0.6686053005  
0.4458446804  
0.9046201983  
0.9005991468  
0.004146188427  
0.7172351211  
0.6986071748  
1.142429233  
0.7374441  
0.7646907263  
0.5894320218  
0.4348074639  
0.003911882861  
-0.3325822916  
-0.02037778053  
-0.147638947  
0.3467686407  
0.1909823732  
0.2740300539  
0.6847467398  
0.8914873861  
0.7407762713  
0.8415995688  
-0.06924584016  
0.2340365303  
-0.2350997973  
0.3006725145  
0.002033091246  
0.5679491603  
0.2403594599  
0.5655389767  
0.7006453071  
0.3490340344  
0.4562989377  
0.4830943061  
0.3138912435  
-0.1253763254  
0.1536487193  
0.5850374343  
0.736160307  
0.3646381515  
0.7587204849  
1.041569788  
0.7102182408  
0.6930650783  
0.7201054402  
0.7496956513  
0.623688056  
0.1007662624  
0.2177094624  
0.5156897051  
0.502864515  
0.3674800932  
0.1172435118  
0.009402239372  
-0.1200587573  
0.427997398  
0.1243187387  
0.6704210748  
0.6130594808  
0.8835917538  
0.764748913  
0.8564833422  
0.4566550088  
0.8112041627  
0.06689903991  
0.4858554967  
0.1537880203  
0.5529896968  
0.5128865004  
-0.2314973189  
0.1275194006  
1.048571761  
1.391404691  
0.899103744  
1.00139108  
1.196475116  
0.741878847  
0.8650931012  
0.6292741183  
0.5729173243  
0.4260239138  
0.4198983048  
0.3628503283  
0.6776962556  
0.6112860407  
0.873340837  
0.6514859837  
1.01007759  
1.210603962  
1.094792986  
0.3179833058  
0.4955086247  
0.8998662081  
0.7319131131  
0.6965512687  
1.108034336  
1.220902681  
1.061772759  
1.247697694  
1.766016646  
1.461299261  
0.6867803555  
0.3839963737  
0.6781360087  
0.3426510029  
0.2741964631  
0.2163108163  
0.3937539947  
0.4761386487  
0.466791641  
1.120254356  
1.317567788  
1.160744222  
1.031793326  
1.338123191  
0.454577937  
0.2072072206  
0.570303808  
0.05738503629  
0.5733152905  
1.058389627  
1.30185624  
0.5983759201  
1.180213369  
1.393807298  
1.212821223  
0.9733253929  
1.379131084  
0.7173826276  
1.084960601  
1.159464132  
0.5224264803  
0.6556070493  
0.7637992796  
1.23180594  
0.6654804086  
0.9837216181  
1.275843074  
0.9564575185  
1.531429126  
1.104151788  
1.141534936  
0.3705888938  
0.4031687293  
0.3971269285  
-0.04062362841  
0.4561541312  
0.4106811842  
0.8210134327  
0.5266649095  
0.759817165  
0.877386981  
0.5273372612  
1.389888362  
1.00795535  
1.337540028  
0.269238708  
0.4340370578  
0.3154784601  
1.044961254  
1.236498828  
1.297390625  
1.065904665  
1.788311973  
1.106641003  
0.9993598109  
0.9688437661  
0.4694260033  
1.141438732  
-0.5993407641  
-0.5651524573  
-0.691682045  
-0.7043937506  
-1.103411908  
-0.9685099459  
-0.6233744942  
-0.6912467709  
-0.8599306484  
-0.6032230483  
-0.3526712048  
-0.8040094102  
-0.4497852655  
-0.8926518596  
-1.03497198  
-0.7276840878  
-1.147860124  
-1.006420834  
-0.6222472239  
-0.7305460682  
-0.4038939596  
-0.8470246513  
-0.6618941215  
-0.02678426778  
-0.6230317469  
-0.5336283542  
-0.1703893612  
-0.3577890246  
-0.3283255284  
-0.6219399314  
0.1340240856  
-0.4814941321  
-0.66110609  
-0.7657394614  
-0.6989499674  
-0.2744594845  
-0.5769694877  
-0.1475579909  
0.5612228099  
0.004920862201  
-0.08990216139  
0.346535358  
-0.03449383247  
-0.4136002513  
-0.2973214357  
-1.357949823  
-1.103416096  
-1.023242076  
-1.206810333  
-1.211705975  
-0.651370739  
-1.293976351  
-0.5870946534  
-0.6305999388  
-0.763237836  
-0.8508762733  
-1.196082278  
-0.6535466661  
-1.053913285  
-0.5738841735  
-0.3853997573  
-0.8013809967  
-0.9826368383  
-1.016422767  
-0.9235030763  
-1.342235875  
-0.7086357155  
-0.285899437  
0.1984929963  
0.1182374702  
-0.07172378787  
0.5337172118  
0.5756029088  
0.3792815165  
0.1875963937  
-0.5672089931  
-0.7595392552  
-1.076862193  
-1.490847472  
-0.8828239863  
-1.027960791  
-0.7092758834  
-0.8113349053  
-0.606507127  
-0.5264769191  
-0.6926461021  
-0.9713776436  
-1.135595945  
-0.7323114707  
-0.7424789413  
-0.3469194008  
0.2183838256  
0.3582827655  
0.3921497992  
0.868627734  
0.616786652  
0.2977380586  
-0.4636305642  
0.07603386652  
-0.249638493  
0.04261024727  
-0.05254104014  
-0.07628577959  
0.7060143947  
-0.3190799106  
0.5810143532  
0.2166007255  
0.7305768615  
0.3094441334  
-0.1517066307  
0.1284077831  
-0.163501102  
-0.4648494379  
0.2097212265  
-0.2111833956  
0.2040117697  
0.665360912  
0.5404949907  
0.1535711415  
0.2044403496  
0.1728929656  
0.2748043836  
0.434562409  
-0.04028406863  
0.1127481178  
0.1974556721  
0.02834259398  
-0.01838171729  
-0.3118164809  
-0.1948166628  
0.2438668552  
0.2446688475  
0.02759181453  
0.004923907804  
-0.1546014953  
0.01423134051  
-0.1109503054  
-0.1969727002  
0.3728173518  
-0.4146375759  
-0.1320348514  
0.07762912416  
-0.171999924  
-0.4555262269  
-0.2673770538  
-0.3006104937  
-0.1946574787  
-0.3881878292  
0.1003568856  
0.08528529476  
-0.4122249459  
-0.2532818931  
-0.1214141388  
-0.2395340816  
-0.31879901  
-0.7347149848  
-0.3174927268  
-0.1883867497  
-0.5513165748  
-0.4169971372  
-1.092469273  
-1.081895905  
-1.388663363  
-0.6436957403  
-0.8400457455  
-0.4974018187  
-0.303123503  
-0.07216202922  
0.1065341015  
-0.0305707467  
0.6150708183  
0.8094684312  
0.368153726  
0.2539948189  
-0.2317910475  
-0.6059255592  
-0.250465938  
-0.5611078557  
-0.9074721703  
-0.7003225001  
-0.9051396119  
-0.670177446  
-0.2696793507  
0.6044910905  
0.5860203732  
-0.0178859144  
-0.09749328108  
-0.1175691645  
-0.8936629283  
-0.98895699  
-1.33445266  
-0.9685352254  
-0.8607335453  
-1.334611494  
-0.7777538456  
-0.5131238051  
-0.4206217749  
-0.538959192  
-0.6660592758  
-0.7408031721  
-0.7947010023  
-0.991524217  
-0.3419986617  
-0.6646519862  
-0.7299433984  
-0.4507838709  
0.1550063745  
0.3894093368  
0.4951569258  
0.3141723344  
0.3475632581  
0.5660752869  
0.1646842425  
0.02624917088  
0.2546522908  
-0.4771505068  
-0.1680485276  
-0.5851163205  
-0.5483869398  
-0.6171406169  
-0.2595059596  
-0.8421276861  
0.2332974482  
0.02844645792  
-0.5420655144  
-0.3215626442  
-0.3243689102  
-1.035783725  
-0.4289506113  
-0.79931082  
-0.3557811589  
-0.4994663327  
-0.7301862213  
-0.8472466493  
0.0514152732  
-0.3995958939  
-0.1673792713  
-0.5272474702  
-0.4700887261  
-0.1313687212  
-0.6638400335  
-0.6210073549  
-0.6496037322  
-0.6360696205  
-0.1790569125  
-0.2505479494  
-0.05571162704  
0.04330626879  
-0.1198877578  
-0.04957910119  
0.4936054959  
0.01435988496  
-0.7667729064  
-0.5137930624  
-0.6449654274  
-0.7056614183  
-0.8167961185  
-0.7889082155  
-0.2481659588  
-0.4679416789  
-0.3206499029  
-0.3812964114  
-0.2796355714  
0.2239137249  
0.09152586205  
0.1844133055  
0.5814139423  
0.4352906111  
0.01956209123  
-0.3372919505  
-0.5277237406  
-1.063377599  
-1.288586514  
-1.134943428  
-1.135171377  
-0.8373993137  
-0.2980997466  
-0.2554890176  
-0.08979563775  
0.01081565658  
-0.6131142691  
-0.5908539577  
-0.3111683716  
-0.5182097263  
-0.3716437881  
-0.8541450542  
-0.5494407367  
-0.3955942416  
-0.2381409895  
-0.07578071255  
-0.8232148568  
-0.6286216975  
-0.5227260279  
-0.6147002167  
-0.4213752148  
-0.435361798  
-0.2654047976  
0.034723761  
-0.3206225526  
-0.001187650228  
-0.4055836387  
-0.4537131253  
-0.3283134273  
-0.3722642144  
-0.6340470107  
-0.8194401168  
-0.2689789485  
-0.2885976459  
-0.3568926296  
-0.5637130966  
-0.5961171159  
-0.1702048592  
-0.1949299552  
-0.3366150737  
-0.2606311487  
-0.2050504432  
0.032465686  
0.002067275809  
-0.5110944657  
-0.361968035  
-0.04738709922  
-0.1097188788  
0.1160533425  
-0.1788866094  
0.3369751746  
-0.3541006249  
-0.1879097924  
0.09583944387  
0.2017715753  
0.1637690074  
0.5820719038  
0.8408856282  
0.8162908126  
-0.06291262955  
0.1641833494  
0.2288510228  
0.04315799452  
-0.3718392426  
-0.2901900967  
-0.5390903597  
-0.5486759977  
-0.5033575449  
-0.5268350409  
-0.3453196691  
0.1512665187  
0.3471500414  
0.6628649885  
0.6636190329  
0.2524410189  
0.5317069128  
-0.07256712304  
-0.6893901038  
-0.8367008384  
-0.9644436133  
-0.8493461688  
-0.5708461442  
-0.03539812892  
0.395727053  
0.1498831011  
0.7705819437  
1.078734373  
0.3520862095  
0.3196440961  
0.2279238371  
-0.7125728159  
-0.447769694  
-0.2810206303  
0.01784123635  
-0.06142732667  
0.04905927052  
0.3155348635  
0.6315656126  
0.1173400141  
0.4487178311  
0.3961522724  
0.1690806454  
-0.145486233  
0.5645077724  
0.009078736018  
-0.2080400691  
-0.02116440802  
0.04784566478  
-0.001004249284  
0.1227775316  
0.5117037064  
0.6107187452  
0.6011983501  
0.4226640367  
0.6537059006  
0.7970050929  
0.9007545653  
0.6378962396  
0.9091610794  
0.4604833424  
0.2730708887  
-0.1034350766  
-0.3233479519  
-0.6749991383  
-0.269406373  
0.003496516047  
-0.3984244134  
0.07619070022  
0.7643951591  
0.3345006943  
0.2964314501  
0.4752065804  
1.318314291  
1.491249713  
1.177072631  
1.363499212  
0.8333557597  
0.4055758436  
0.707899286  
-0.3459203679  
-0.146469996  
-1.285021261  
-0.5405254913  
0.1793814132  
0.4973099803  
0.4723386074  
0.4654330843  
0.9876680082  
0.8741898549  
0.2457780988  
0.5949985313  
0.3682831388  
-0.3736022114  
-0.4108140707  
-0.9771685283  
-0.1914543353  
-0.3845337992  
-0.3363314164  
-0.1370061604  
0.3195774512  
0.114072627  
-0.4072031005  
0.06067949639  
0.08002296625  
-0.2799192435  
-0.3911853784  
-0.04431672337  
0.2591340046  
-0.2575770172  
0.2719997266  
0.1668598391  
0.2033195516  
-0.1688390462  
-0.2894434087  
0.4754333284  
0.3606419587  
0.7301123545  
0.4927720494  
0.6531571742  
-0.06520039054  
0.05180489314  
0.09615370798  
0.2510802179  
0.226479043  
0.1665162802  
-0.2275117764  
0.1666796496  
0.1182630806  
-0.1888586299  
0.5734276946  
0.2196145002  
-0.1672248286  
-0.1497497921  
0.08114080356  
0.3224743964  
0.4854316995  
0.3658425667  
0.3126854049  
-0.1211074586  
-0.1558668541  
-0.04242194357  
-0.1082499393  
0.04339396354  
0.1142247224  
0.2449043748  
0.1862228163  
-0.2503699037  
-0.2833150655  
0.3776336153  
-0.04853621815  
-0.2866255385  
-0.1122953306  
-0.04894379573  
-0.120451454  
0.1806680769  
-0.2305483453  
0.04998982445  
-0.141502006  
-0.04011956582  
-0.4567873994  
0.005559145923  
0.1495490243  
0.2905651862  
0.2572644459  
0.3719424056  
1.149019262  
0.8906778436  
0.9767351527  
1.276021507  
0.6933811681  
0.6822178375  
0.398643072  
0.0781488918  
-0.08979170615  
0.1763585409  
0.07046147194  
-0.2004709632  
-0.2883269167  
-0.1170796608  
0.01437576965  
0.4798495491  
0.3378904651  
-0.3647685322  
1.478055349  
1.028215966  
1.245506164  
1.722299232  
1.582453172  
1.716533417  
1.434574956  
1.83322887  
1.249897101  
1.236480929  
0.5508235201  
0.1650003746  
-0.1180211663  
-0.3053935552  
0.1399505824  
0.5462277296  
0.6075385444  
0.7252723655  
0.724312051  
0.6547215691  
0.4512132905  
0.2170730048  
0.2833073079  
0.3991314443  
0.8649149582  
0.4102458636  
1.370024719  
0.9317574068  
1.253098245  
1.622871783  
1.963661843  
1.54927723  
1.683880134  
1.595233773  
1.468737173  
1.304203339  
1.391416124  
1.124545644  
1.428107467  
1.00646088  
1.967354934  
1.834360472  
2.10298326  
1.883541672  
1.647947303  
1.899055127  
1.271855149  
0.9320458823  
0.6456765558  
0.2467748775  
0.7532667863  
0.2157863443  
0.7794728542  
0.520811822  
0.8566934191  
1.387659052  
1.701028083  
1.674749616  
1.729750906  
1.688405389  
1.541034936  
1.130798976  
0.6774955984  
0.7458783472  
0.5286455711  
0.8133060269  
1.199660258  
1.10816378  
0.8029754398  
0.7945962395  
0.7404858605  
1.088532402  
1.108075923  
1.207023076  
1.034610514  
0.5213628852  
0.7417678945  
0.7176179527  
0.5637953395  
0.6093999014  
0.7607164258  
1.111227606  
0.6714323741  
