0.9445027279  
0.374416784  
0.4463614994  
-0.119793888  
-0.2212668054  
-0.6027750485  
-0.7746236252  
-0.7099442033  
-0.7936875603  
-0.9290658891  
-0.7141339495  
-0.3297336593  
-0.349486984  
-0.2708471916  
-0.3859838985  
-0.03516488183  
-0.5638360352  
-1.150082413  
-1.326626835  
-1.570772706  
-1.23309854  
-1.283527982  
-1.301546608  
-1.578789387  
-1.160392544  
-0.6215741566  
-0.3717482263  
-1.000028055  
-0.4934645399  
-1.079104091  
-1.854365056  
-1.607433477  
-1.389402142  
-1.343046547  
-0.5983402167  
-0.2528726265  
-0.02273356037  
-0.2593574486  
-0.1468739702  
-0.1204945588  
-0.5958346083  
-1.015158954  
-0.9250587167  
-1.094150839  
-0.8063472857  
-1.188098987  
-1.131491748  
-0.7367258915  
0.04305307802  
0.337782759  
0.4568602866  
2.014393091  
2.150473761  
1.796976664  
1.439852158  
1.303812664  
1.317882693  
1.549985052  
1.694745848  
1.435465654  
1.014899341  
0.6440219206  
1.424478243  
1.638060116  
1.548332832  
2.165263256  
1.556424501  
1.385841877  
0.6292932012  
-0.02695300238  
-0.4070265195  
-0.4855069186  
-0.706086693  
-0.4878525448  
-0.451004018  
-0.05772808381  
0.4673330649  
0.5127470893  
0.2886239525  
1.101768492  
1.307962104  
1.046109184  
0.8726831543  
0.1832832235  
-0.1639071159  
-0.1673995379  
0.07842301098  
0.2424574903  
-0.4060131073  
-0.1081757938  
-0.2179456064  
0.370760531  
0.06248907496  
-0.1633437316  
-0.4789873388  
-0.1356995194  
0.03154546788  
0.1475843187  
-0.3090009229  
-0.3959459401  
-0.2978124238  
-0.3090060775  
0.02641756186  
-0.6083495916  
-0.1376995577  
-0.08151463666  
0.1794196154  
0.746175619  
-0.05649596473  
-0.1115995297  
0.1292398785  
0.4106057518  
0.009742382745  
0.3717001113  
0.05541811869  
-0.07585392249  
-0.5044533182  
-0.527447485  
-0.9133404707  
-0.6715579413  
-0.3993807558  
-0.3698292063  
-0.3574679113  
-0.2948177981  
0.2782933966  
0.3566270482  
0.1091973216  
-0.4078974865  
-0.260473301  
-0.5376363564  
-0.3255354784  
-0.2068677769  
-0.5285282264  
-0.4188278459  
-0.3257561932  
-0.4745895191  
0.004649054139  
0.0161826398  
-0.2821939675  
0.08190589517  
0.07890218107  
0.05094767979  
0.1061402567  
-0.2843306215  
-0.08463379132  
0.2940203536  
0.06171823016  
0.5273409222  
0.1633820693  
-0.3214641468  
-0.05740389915  
0.2236378551  
0.410400685  
0.2332491339  
-0.05347380599  
0.2493800111  
0.07796697623  
0.04803937822  
0.09297996032  
-0.3784589812  
-0.3347193808  
0.04482362094  
0.4016238529  
0.663080249  
0.8920340989  
0.08288890898  
0.2684913875  
0.08793688975  
0.2770591318  
0.4058518623  
0.5306279426  
-0.2818784878  
-0.4084845273  
-0.3841439318  
-0.4168604656  
-0.3718290982  
-0.429595952  
-0.3277265677  
-0.4651809483  
0.03569821013  
0.3890990493  
-0.00664237789  
0.0288279729  
-0.5877698999  
-0.8426203545  
-0.2780942127  
-0.6157014323  
-0.3065711537  
-0.1456519242  
-0.1728500102  
-0.1567198303  
-0.2349017659  
0.07068231797  
0.3995344528  
-0.3030024047  
-0.1434221432  
0.04588763931  
0.09073675483  
0.1503538939  
0.342336037  
0.6147381468  
1.380108493  
0.9593501402  
0.7899322912  
0.334423056  
0.2204807802  
0.6634948939  
0.2823177992  
0.423512615  
0.6449130441  
1.099299814  
1.017014066  
0.569526  
1.097878313  
0.8453083932  
0.8569585329  
0.3174033188  
0.1466862551  
0.2397093702  
0.1681900988  
0.09714162484  
0.08485641131  
0.1626464369  
0.4355760523  
0.7347387275  
0.3262115466  
-0.4150714736  
-0.5571203088  
-0.05777841414  
-0.09994904794  
-0.435280011  
-0.007671145979  
0.2372905927  
-0.1338384836  
0.03834607968  
0.01867542163  
-0.2502909574  
-0.2029653991  
-0.2178024375  
-0.01451492116  
-0.27726385  
0.07871677596  
-0.06339298727  
0.2787731663  
0.5583470069  
0.2180009182  
0.4676895919  
0.3251139751  
0.5472140632  
0.3249776754  
-0.02359404202  
0.2366340732  
-0.0447545796  
0.5087581442  
0.6949408433  
0.2386264518  
0.1807384859  
0.3937492612  
0.410773069  
-0.06153917328  
-0.5976329671  
-0.3954656232  
-0.1805904164  
-0.1424860046  
-0.443467159  
-0.1332839892  
0.7840260144  
1.269105473  
1.110099683  
0.9569399883  
0.8597125921  
0.8960153116  
0.3993760194  
0.4951685695  
-0.2746728826  
-0.1940973991  
-0.5132641852  
0.4190599967  
0.4010346234  
0.2242176575  
-0.1469226428  
-0.1494232533  
-0.2919987002  
0.04709895209  
-0.08583344389  
0.2023186942  
0.3891957626  
0.7055571381  
0.8030315382  
0.04745980031  
-0.4603148592  
-0.3630235911  
-0.1012766617  
-0.1029602166  
0.0567325228  
-0.3618040365  
-0.8055968876  
-0.5715138076  
-1.005082481  
-0.8426507813  
-1.157387369  
-0.9268015345  
-0.8036952981  
-0.5403614538  
-0.7239623817  
-0.7556112684  
-0.8681215053  
-0.2402560408  
-0.4771503504  
-0.1320078426  
-0.2646827882  
-0.3748097855  
-0.6049691527  
-0.5139515272  
-0.3584713049  
-0.7721523494  
-0.7159145601  
-0.7331543706  
-0.3223367705  
0.1087587164  
-0.3594891764  
-0.501055531  
0.08683294263  
0.3425008425  
0.2743956253  
-0.2811200643  
0.008630156864  
-0.240694933  
-0.01351644307  
0.06165868163  
-0.3833654687  
-0.7129789836  
-0.51133768  
-0.211157516  
-0.4158078427  
-0.3603122742  
0.03512387676  
0.3080130562  
0.8156669693  
0.5370721757  
0.986953785  
0.2625937511  
0.3662152461  
0.6854377031  
0.6105137482  
0.445792609  
0.8989148522  
0.2843507579  
0.1116790642  
-0.4160995845  
-0.8905488395  
-1.015099869  
-1.040848809  
-1.434040317  
-1.019156591  
-0.9144084096  
-0.9726008968  
-0.3150582078  
-0.4963634484  
-0.1438409749  
-0.3340283377  
-0.3613131223  
0.2631663251  
0.5343563815  
0.4530301638  
1.112790416  
0.7126385255  
0.1669386044  
-0.006452588384  
-0.4452636961  
-0.4880394275  
-0.5536389533  
-0.4796663107  
-0.6533173725  
-0.7107855829  
-0.7437061834  
-0.542969725  
-0.3463948715  
-0.480346068  
0.01777114487  
0.4766719869  
1.158914644  
1.177012855  
1.222494572  
1.033479488  
0.9019552641  
0.646356987  
0.5497344285  
0.02843994742  
0.07572888667  
0.07434208417  
-0.07767667916  
-0.06951808545  
-0.4795564884  
-0.559183999  
-0.6642355495  
-0.5404532083  
-0.6373958559  
-0.4745454391  
-0.4088562301  
-0.08846567828  
0.002950622167  
-0.1314772123  
0.01963336878  
-0.2506611892  
-0.6818083537  
-0.7920545422  
-0.7206616265  
-0.5571392138  
-0.4821659919  
-0.6966954188  
-0.1964554054  
0.3658403914  
0.1071586404  
0.4299634944  
0.9595444737  
0.2653612886  
0.345932609  
0.625017883  
0.5080836436  
-0.2142623692  
-0.5446995992  
-1.045881713  
-1.068536227  
-0.8944324261  
-1.003066817  
-0.2616433375  
-0.5455616955  
-0.06188063351  
-0.2348069234  
-0.0004949223972  
0.05648699846  
0.9121686419  
1.58205271  
1.50873775  
1.632317497  
1.77377007  
2.507780468  
2.711614911  
2.352946786  
1.639822429  
0.6621510948  
0.6866332763  
0.2863029125  
0.1092402129  
0.2186291921  
-0.3878026237  
0.1685304361  
0.3217628513  
1.051370206  
0.7574440359  
0.5875804078  
0.7950286111  
0.7121046633  
0.5035695264  
0.5795667595  
0.1919219092  
0.2113740866  
0.5753526429  
0.8809192939  
0.8795713771  
0.3575228832  
0.4384013489  
0.2323278394  
0.2090982945  
0.4048379291  
0.1085446832  
-0.0008737063901  
0.320493446  
0.5207999112  
0.4541976922  
0.5916153132  
0.771557025  
0.556492518  
0.5213757577  
0.1206219094  
-0.02405556647  
0.3574488782  
-0.1067764891  
-0.08520881757  
0.1942021065  
0.1357823916  
0.578481962  
0.8906445158  
0.759414339  
0.6482224907  
0.1405779329  
0.4073180514  
0.5858136969  
0.4660419447  
0.3840625482  
0.4003131504  
0.2393253353  
0.3233088041  
0.02997252339  
-0.1090619754  
-0.186140746  
-0.03102547142  
0.1239578199  
0.1851665943  
-0.1930092479  
0.05865409146  
0.4962798924  
0.05381187343  
0.4383341478  
0.6372970479  
0.4453530765  
0.9486231238  
0.408919799  
0.778380148  
0.3200732777  
-0.1245640977  
-0.01836760768  
-0.3276707993  
0.07143196611  
-0.04623953737  
0.09042149463  
-0.3354190505  
0.1177942975  
-0.1431593219  
0.05537516735  
-0.1656939877  
-0.1376845749  
0.04559318401  
-0.2208318502  
-0.06385249112  
-0.2072538906  
-0.06359679011  
0.03947804616  
0.2260092427  
0.1308789151  
0.4092000305  
0.7981556954  
0.03524226046  
0.5734452314  
0.1894890359  
-0.3267824633  
-0.3657430074  
-0.6915343653  
-0.2204446232  
-0.3690309229  
-0.4753426976  
-0.3963845164  
-0.2165108704  
-0.3630998114  
-0.2863068428  
-0.7816665514  
-0.4493849566  
-0.6327782516  
-0.4000095633  
0.1597305508  
-0.08310069017  
-0.4138927494  
-0.3674682736  
-0.3072270109  
-0.3233203204  
-0.6858208081  
-0.8933334442  
-0.251000352  
-0.06435706461  
-0.2542247823  
0.0653357742  
-0.5371533483  
-0.03044443797  
-0.09925185744  
-0.2317801988  
-0.3513230463  
-0.2688929846  
0.2261474014  
0.2562259172  
0.2846421455  
-0.2781135078  
-0.3780195501  
-0.7058280978  
-0.3909312857  
-0.6602109452  
-0.8978081203  
-0.9640189162  
-0.862137691  
-0.5493015431  
-0.4786973148  
-0.5819751165  
-0.8802195019  
-0.4889055094  
-0.3650345669  
-0.4447004477  
-0.4255882516  
-0.7374729806  
-0.6297152707  
-0.3231278762  
-0.01152574551  
-0.50613662  
-0.4217822508  
-0.3397132281  
-0.8663418317  
-0.5404637781  
-0.5173220104  
-0.831056888  
-1.214218132  
-1.101697287  
0.9114453181  
0.3319810874  
-0.2850766712  
-0.391281615  
-0.4768805649  
-0.9667805571  
-0.8145019621  
-0.6871245854  
-0.7343475773  
-0.5654756504  
-0.8876683922  
-0.7064124972  
-0.8267912441  
-0.5281230353  
-0.4414705068  
-0.7758896111  
-0.4038078482  
-0.5824355684  
-0.6676204592  
-0.591599079  
-0.6911798362  
-0.5708448381  
-0.1055717826  
-0.01759181945  
0.08893075421  
-0.4479126062  
-0.6672094698  
-0.7009161967  
-0.542477335  
-0.7270582289  
-0.8828240515  
-0.6553135785  
-0.8351945924  
-0.8141855699  
-0.651008264  
-0.7339272309  
-0.959626901  
-0.5113460915  
-0.09532338623  
-0.1619389443  
0.3773622554  
0.5617460752  
0.6292309075  
0.4556138948  
0.08066721169  
-0.541100689  
-0.6286375605  
-1.141449176  
-0.7925796245  
-0.7621921551  
-0.8701351781  
-0.9417775814  
-0.876088007  
-0.8267864033  
-0.5162414824  
-0.9044376623  
-0.7863949778  
-0.6231833211  
-0.4547558472  
-0.2335927615  
-0.1884388589  
-0.4622306178  
-0.8483722728  
-1.199044182  
-1.045286788  
-0.7585183783  
-0.3973573157  
0.2210176494  
0.5846786507  
0.4534787173  
0.4546775607  
0.5848141072  
0.7490992837  
0.6186779035  
0.397596962  
0.4306381979  
-0.2943326718  
-0.4763241455  
-0.4144068929  
-0.6577757112  
-0.7075260638  
-0.6954557756  
-0.7842031043  
-0.821200988  
-0.8174764997  
-0.629505702  
-0.6861744267  
-0.7268447593  
-0.4232405655  
-0.7732326643  
-0.5892092918  
-0.2949261533  
0.2013795079  
0.2394562138  
0.5890715365  
0.1474863776  
0.1536369432  
-0.157401679  
0.1440632184  
-0.1153724065  
0.161004191  
0.006320670335  
-0.2969702872  
-0.03392346291  
-0.002921829477  
0.2929392726  
0.1387345565  
0.1061800914  
0.2454846554  
0.2285802807  
0.02927051979  
-0.07165598859  
-0.346792726  
-0.3364463198  
-0.04055821416  
0.1588247203  
-0.02291865397  
0.05209693525  
0.03362591731  
0.2197991927  
-0.1065548652  
-0.1438837744  
-0.1069155575  
-0.1232604212  
-0.2252928851  
-0.1533468979  
-0.04737011638  
-0.0486316082  
-0.1847217654  
-0.08920070474  
-0.004655474022  
-0.02046621891  
0.316053435  
-0.1938615175  
-0.005355934111  
-0.211036432  
-0.1932654134  
-0.2640007039  
-0.4029863921  
-0.2445811567  
-0.01579031924  
-0.04101904841  
-0.1291994247  
-0.2217714198  
-0.3023798345  
-0.3462888183  
-0.39675138  
-0.682937723  
-0.04185071292  
0.6840196605  
0.5623009775  
0.7079134565  
0.8339899602  
0.7411567984  
0.4369310891  
0.04877749644  
0.1972568322  
-0.05229994428  
-0.1923343208  
-0.4792975487  
-0.8169339662  
-0.9205659882  
-0.6686174367  
-0.5316815256  
-0.5028125112  
-0.5203239889  
-0.7073170934  
-0.2968163481  
-0.3688383646  
0.05965304573  
0.1383654165  
0.2400986794  
0.05665808752  
0.04781691201  
-0.3360140084  
-0.1706006214  
0.2159363247  
-0.3519340163  
-0.2005385937  
-0.2119218699  
-0.1203795701  
-0.1503715513  
-0.3343443957  
-0.4345020178  
-0.737080322  
-0.2301021486  
-0.4949278735  
-0.8053774544  
-1.088693265  
-1.124686375  
-1.163906114  
-1.158705354  
-0.9167951918  
-0.7648498236  
-1.094252398  
-0.6667218444  
-0.8439203002  
-0.8190696339  
-0.744001675  
-0.8701231444  
-0.8407731197  
-0.9048036257  
-0.6622518377  
-0.4974482781  
-0.9561742333  
-0.6333468224  
-0.5741775681  
-0.288032604  
-0.1289437276  
-0.2595716311  
-0.1542635243  
0.05342834641  
0.2223053816  
-0.05709630902  
-0.5180877185  
-0.656680671  
-0.6749094039  
-0.6187121822  
-0.4754524712  
-0.6710320707  
-0.823828783  
-0.7058758134  
-0.5604034547  
-0.4432889457  
-0.6564686172  
-0.6287960409  
-1.029801791  
-0.9825763452  
-0.6879128515  
-0.7802395358  
-0.8875247542  
-0.7652116154  
-1.003559576  
-0.9968903509  
-1.025435147  
-0.979411268  
-1.254237975  
-1.473425584  
-1.103646337  
-0.8790770563  
-0.7445786331  
-0.4568663894  
-0.7769596253  
-1.027757433  
-0.6371082502  
-0.8980197972  
-0.6341296703  
-0.3636940337  
-0.4689645221  
-0.4179291286  
-0.3325679152  
-0.6335788041  
-0.7380163626  
-0.7715579699  
-1.343188465  
-1.273964026  
-1.211048361  
-1.110766033  
-1.078122213  
-1.119218501  
-0.8012124851  
-0.8928010977  
-0.537424723  
-0.6740258235  
-0.8229955959  
-0.5362699627  
-0.4199796758  
-0.4768280973  
-0.8303326656  
-0.972035494  
-0.9369827426  
-0.5187864744  
-0.7219778377  
-0.7507683015  
-0.7588365873  
-1.033371915  
-1.036670073  
-0.9821386722  
-0.8498106146  
-1.074735513  
-0.7975214116  
-0.9621932217  
-0.7991468843  
-0.8945705239  
-0.8411342859  
-1.102857703  
-0.6852765835  
-0.9298990621  
-0.9512707952  
-0.6818319676  
-1.310891427  
-0.88637304  
-1.062128756  
-0.5674679566  
-0.6976054303  
-0.6283695826  
-0.7486966656  
-0.6130493557  
-0.4401994457  
-0.6610429925  
-0.7771216442  
-0.6352113765  
-0.6240962022  
-0.5545594041  
-0.7373857073  
-0.8659173431  
-0.7001402818  
-0.4749349002  
-0.824741599  
-0.7449058272  
-0.8796942967  
-0.6543976259  
-0.7644011971  
-0.5390166339  
-0.6262086558  
-0.6377818704  
-0.6524365298  
-0.6493452285  
-0.7447730001  
-0.9463302334  
-0.8164771511  
-0.7648869567  
-0.7287236927  
-0.5964853  
-0.9509690329  
-1.139490907  
-1.148672452  
-0.9638695659  
-0.6567855942  
-0.7449764257  
-0.2284394357  
0.3111949295  
0.271918347  
0.2114953902  
0.181465267  
-0.1034523861  
0.02378046942  
-0.01049311183  
-0.408965212  
0.02551074157  
0.1582685357  
0.0101650993  
0.02822857677  
0.9238679239  
1.533555196  
1.446705626  
1.242947455  
0.8565569825  
0.6397567949  
0.6418175343  
0.5566208455  
0.3140912103  
0.2049254752  
9.877971983e-05  
0.1584057703  
0.2866445353  
0.4871319853  
0.3964294083  
0.3586747823  
0.7003714848  
0.6231987874  
0.6904609465  
0.5324310202  
0.6151856924  
0.04770328916  
-0.2939077349  
-0.1153744159  
-0.1366252617  
-0.003319959509  
-0.2713702178  
-0.06239503813  
-0.006356643849  
0.2235133174  
0.3125410681  
0.3989310428  
0.4733874101  
0.3044658243  
0.2825299278  
0.04727973096  
0.04848434439  
0.1404418559  
-0.02901971598  
0.1770248819  
-0.2815902571  
0.02070812186  
0.1800815967  
0.3009614228  
0.4546301768  
0.4094134408  
1.231098111  
1.159342054  
0.9937637375  
1.307013123  
1.143643453  
0.9947303949  
0.6823223692  
0.3647118513  
0.3592076368  
0.413753005  
0.1750362344  
-0.2070470743  
0.3367035236  
0.3626416975  
0.2002578635  
-0.07721085087  
0.2070552603  
0.4848872773  
0.8190243019  
1.014296656  
0.8583189074  
0.7998731827  
0.7515729069  
0.4922306373  
0.1385670954  
0.1084218196  
-0.3666785157  
-0.3958502843  
-0.2658355093  
0.1112326969  
0.1355939589  
0.01532845734  
0.5429690747  
0.332097287  
0.5537632878  
0.245141401  
0.2137184972  
0.01522990167  
-0.1199344236  
-0.05301573453  
-0.3758726179  
-0.2119758566  
-0.2325619417  
0.06202883339  
-0.06545322574  
0.01279408864  
0.1155887213  
0.2024126747  
0.1969583344  
0.09576485342  
-0.09676195685  
-0.2167719495  
-0.2993069385  
-0.1345711823  
-0.04708562613  
-0.1048766488  
-0.03767140563  
-0.005408706769  
-0.0530732948  
0.1003214335  
-0.1401514216  
-0.03904805861  
-0.1443682702  
0.02053028808  
-0.1302640143  
-0.2295634989  
-0.1524133684  
-0.07768021238  
-0.3378726008  
-0.06088448554  
-0.08982636132  
-0.2288942815  
-0.05716304587  
-0.1025943389  
-0.2915767669  
-0.2612817901  
-0.1139928594  
-0.2082404694  
-0.30377944  
-0.2680615898  
-0.299671977  
-0.2038199637  
-0.1155193564  
-0.1396071839  
-0.1221645592  
-0.3472263882  
-0.2331972043  
-0.04612476785  
-0.1813207687  
-0.07705418603  
-0.1288452837  
-0.003404041651  
0.2307004587  
0.2182079405  
0.1744803078  
-0.02393863577  
-0.2297774383  
0.09366633864  
-0.1503686224  
0.1725886301  
-0.3526289866  
-0.07629908669  
-0.1109058958  
-0.2082535241  
-0.08114571492  
-0.3056933144  
-0.2203035133  
-0.2088259331  
-0.1150565089  
0.1058996973  
0.1066646071  
0.09656312926  
0.3965417066  
0.4164153316  
0.1898122797  
0.1801602541  
0.1742693105  
0.09736691298  
0.2017101299  
0.269832342  
-0.1073440121  
-0.1392439066  
-0.8621923123  
-1.66463402  
-1.663037948  
-1.227610256  
-1.313518943  
-0.8104740046  
1.298701325  
1.603732462  
1.834268064  
2.622816199  
2.968718335  
2.944172277  
2.881777861  
2.676638539  
3.007224689  
2.518246587  
2.412537209  
1.687945781  
1.202426209  
1.103074125  
1.004004785  
0.9218462378  
1.052813522  
1.244363744  
1.349875676  
1.416916073  
1.407350303  
1.514860469  
1.336685262  
1.143418795  
1.246958199  
1.675989015  
1.372128189  
1.694795831  
1.979484075  
2.093314249  
2.149764305  
1.885123451  
2.286041975  
2.166761295  
1.949918751  
1.920269206  
1.926509361  
1.808306867  
1.480187068  
1.712913223  
2.446867985  
2.404830005  
2.89221845  
2.740085737  
2.5390467  
2.369673258  
2.319170619  
1.933191755  
1.691750274  
1.339176255  
1.333011603  
1.310355119  
1.238618885  
1.181213928  
1.12720312  
1.280367007  
1.453407775  
1.740226246  
1.866189972  
1.757979696  
1.260612699  
1.300286101  
1.514423214  
1.265286384  
1.267662832  
1.265498609  
1.048336269  
1.309338218  
1.494859658  
1.386747028  
1.169804382  
1.363022865  
1.523222197  
1.396033148  
1.02868259  
1.317919979  
1.353613778  
1.007298993  
0.9652331834  
0.9502048315  
0.7443651494  
0.9953021046  
1.209568136  
