2693.389903  
2692.951558  
2678.482648  
2675.932974  
2677.092399  
2683.997604  
2690.939376  
2681.559664  
2690.402524  
2694.791362  
2693.756131  
2691.745141  
2689.23253  
2699.997892  
2687.417133  
2688.891969  
2679.837184  
2678.314746  
2683.713831  
2678.207738  
2680.326898  
2676.94381  
2682.969482  
2677.617217  
2675.986331  
2679.266767  
2679.194884  
2685.928316  
2686.270795  
2690.678284  
2688.271935  
2687.831773  
2695.196033  
2690.855909  
2690.688308  
2690.295553  
2692.623486  
2692.611369  
2689.507953  
2691.169618  
2690.524309  
2687.524292  
2692.710231  
2697.122111  
2692.664167  
2694.749278  
2688.34196  
2695.684875  
2691.146639  
2683.350421  
2678.345602  
2684.366298  
2674.577208  
2672.922908  
2680.215205  
2674.436498  
2678.957904  
2679.293876  
2675.703814  
2688.941984  
2689.983346  
2687.361332  
2691.543608  
2695.967319  
2692.906671  
2696.75417  
2696.65619  
2696.831775  
2690.319987  
2694.898843  
2696.45283  
2691.97901  
2686.703689  
2680.156079  
2685.067586  
2691.363849  
2685.148797  
2685.457436  
2687.953866  
2678.007599  
2679.956145  
2685.317332  
2691.39626  
2687.326309  
2679.441328  
2690.560815  
2690.683593  
2683.156371  
2684.927327  
2693.796943  
2689.571213  
2688.260793  
2694.089622  
2692.104614  
2691.344752  
2682.924635  
2688.431136  
2693.113164  
2680.741309  
2679.891647  
2681.101284  
2680.977208  
2684.057092  
2685.336423  
2678.302119  
2687.035387  
2686.153077  
2683.206229  
2687.12809  
2688.411815  
2680.085944  
2687.343834  
2680.170112  
2680.309482  
2683.887951  
2686.106563  
2683.869611  
2686.739243  
2689.105852  
2687.616593  
2683.96636  
2688.654878  
2688.937599  
2684.314529  
2693.129494  
2688.424937  
2690.314698  
2686.409591  
2689.25861  
2688.319824  
2691.164884  
2695.397642  
2693.522752  
2689.143981  
2690.632108  
2698.114945  
2699.226929  
2685.908  
2694.77226  
2689.852077  
2696.825993  
2693.678416  
2693.287278  
2695.055064  
2696.2978  
2687.403759  
2688.67888  
2692.075264  
2682.104605  
2690.758816  
2689.544904  
2688.03947  
2685.90173  
2687.845855  
2689.315436  
2685.14916  
2687.410487  
2684.587482  
2684.44389  
2689.119694  
2684.795173  
2690.532024  
2687.538402  
2681.291404  
2680.886785  
2680.154645  
2674.129962  
2684.02092  
2682.465442  
2679.406059  
2681.383369  
2676.551568  
2677.844746  
2683.491045  
2684.765689  
2686.705456  
2677.938654  
2688.380675  
2687.496883  
2683.873456  
2690.1461  
2689.39611  
2687.304764  
2687.795882  
2684.443076  
2687.166285  
2687.600938  
2681.333458  
2684.625705  
2685.229021  
2682.960903  
2677.669907  
2684.144886  
2674.158144  
2684.381154  
2676.920823  
2674.309284  
2680.720761  
2686.520126  
2689.157139  
2681.15519  
2691.808631  
2697.915627  
2700.555684  
2706.919695  
2700.621346  
2698.105882  
2700.678703  
2698.387832  
2685.330095  
2682.515909  
2682.462663  
2684.263397  
2682.641737  
2687.144823  
2681.5312  
2676.043803  
2676.664335  
2683.740342  
2685.503378  
2685.007775  
2672.890755  
2680.20943  
2683.292176  
2685.762975  
2685.153785  
2683.33789  
2684.877458  
2679.543256  
2689.715063  
2684.276706  
2690.577498  
2688.978275  
2694.697431  
2698.536369  
2694.929499  
2686.064571  
2694.373719  
2694.06518  
2692.215155  
2680.380498  
2685.747874  
2682.976459  
2684.960106  
2684.91149  
2678.657341  
2680.925375  
2676.713571  
2690.62249  
2686.700228  
2682.732489  
2687.699803  
2681.540426  
2687.964966  
2690.130863  
2690.698732  
2681.619858  
2690.873431  
2689.684622  
2692.528684  
2693.39826  
2697.455427  
2702.475662  
2692.01934  
2688.408478  
2675.962011  
2691.413224  
2687.064373  
2684.875031  
2682.497805  
2679.013688  
2678.931841  
2682.002509  
2680.073735  
2687.382158  
2683.314563  
2678.325361  
2672.519925  
2670.104944  
2678.509837  
2665.680029  
2670.848643  
2677.908288  
2671.759206  
2682.033454  
2674.891448  
2676.013645  
2671.000066  
2681.429334  
2683.205229  
2681.225374  
2679.881504  
2690.731738  
2692.371468  
2682.199364  
2683.491009  
2686.513985  
2684.041606  
2680.159679  
2689.254173  
2684.385324  
2684.998567  
2685.265802  
2682.410619  
2676.615737  
2676.856823  
2681.953818  
2672.578528  
2673.896738  
2673.193361  
2679.520176  
2678.000832  
2675.841231  
2679.093543  
2681.043283  
2674.225566  
2675.192895  
2675.07715  
2677.813127  
2681.442051  
2673.748988  
2679.497381  
2681.107653  
2679.12113  
2676.594035  
2680.90185  
2677.211567  
2686.882893  
2683.051306  
2676.507429  
2683.334062  
2671.720753  
2674.88462  
2681.742875  
2681.518555  
2678.401034  
2681.414175  
2678.415062  
2683.21402  
2678.314524  
2674.8389  
2669.851786  
2667.760629  
2678.828327  
2684.078349  
2681.663087  
2688.230344  
2683.853335  
2696.24516  
2687.575028  
2690.201052  
2685.89385  
2694.480173  
2695.971674  
2679.491365  
2689.959906  
2692.154062  
2682.166734  
2689.852731  
2679.488677  
2681.994804  
2678.486355  
2681.668534  
2681.522364  
2675.663055  
2675.574011  
2673.23049  
2680.074195  
2685.584878  
2689.104409  
2678.512939  
2689.615478  
2704.670478  
2695.606853  
2690.522946  
2685.299628  
2691.374761  
2694.084398  
2694.881636  
2691.63413  
2695.402161  
2692.50726  
2690.755394  
2688.806041  
2686.985037  
2681.337889  
2678.01004  
2680.413255  
2680.824091  
2674.402678  
2670.071728  
2679.700955  
2672.781774  
2673.967134  
2667.049403  
2673.558254  
2674.843085  
2675.976656  
2675.246704  
2682.751443  
2679.115723  
2680.093618  
2691.279225  
2675.861823  
2687.413583  
2684.448068  
2683.018133  
2695.455471  
2692.683415  
2682.52404  
2686.017188  
2679.300003  
2690.652177  
2686.840684  
2683.030428  
2683.64468  
2682.180018  
2685.671964  
2679.720616  
2687.031574  
2685.084052  
2692.678709  
2677.81602  
2676.305743  
2683.001375  
2676.941744  
2676.260713  
2681.000677  
2685.602156  
2686.119054  
2689.919745  
2692.606161  
2688.864066  
2692.93495  
2684.614296  
2692.766956  
2689.525797  
2687.377133  
2685.398991  
2684.167348  
2689.270582  
2688.774373  
2690.918831  
2681.627574  
2691.746354  
2686.877556  
2683.80769  
2686.065617  
2690.667849  
2686.86561  
2683.275796  
2689.312422  
2681.046191  
2686.636237  
2683.736919  
2683.53774  
2683.616157  
2687.832793  
2685.015473  
2690.069152  
2687.295761  
2678.222486  
2681.502192  
2691.483977  
2689.544417  
2684.091964  
2677.977509  
2680.096403  
2680.39489  
2678.778204  
2678.17063  
2679.580842  
2675.559244  
2679.148074  
2682.353574  
2678.105639  
2680.749248  
2684.623512  
2683.345715  
2681.602568  
2686.43344  
2688.602676  
2688.1283  
2684.499477  
2678.925822  
2687.826351  
2681.647251  
2685.476784  
2685.225528  
2688.210479  
2689.896533  
2681.723054  
2683.22615  
2670.216877  
2680.804152  
2681.377652  
2686.391505  
2685.114403  
2685.098773  
2681.309138  
2676.709551  
2685.966957  
2684.669018  
2684.296382  
2685.742653  
2680.439489  
2682.052247  
2689.623485  
2679.626566  
2682.845371  
2680.105609  
2682.347876  
2681.666033  
2680.432677  
2671.899351  
2684.429599  
2683.901365  
2686.173256  
2691.816872  
2683.571529  
2676.346033  
2684.914179  
2681.88514  
2688.100992  
2685.880208  
2692.667575  
2690.139971  
2686.212325  
2690.414983  
2679.345903  
2686.190107  
2683.043939  
2689.826951  
2689.858707  
2686.151185  
2685.380979  
2687.395163  
2690.857154  
2690.609447  
2684.193249  
2689.839027  
2695.507158  
2692.835862  
2685.260121  
2693.226256  
2687.733042  
2692.311651  
2681.530362  
2682.745542  
2685.388621  
2682.945825  
2680.853751  
2681.758177  
2681.171012  
2684.754372  
2685.220197  
2677.928777  
2683.881646  
2684.81657  
2684.340657  
2680.163406  
2680.10518  
2682.660204  
2676.42622  
2677.789833  
2687.023136  
2680.39203  
2682.736899  
2684.96184  
2689.509791  
2682.316132  
2692.180366  
2697.060723  
2697.901532  
2692.853276  
2692.913471  
2686.116538  
2693.251391  
2690.435498  
2688.238985  
2683.806471  
2674.661897  
2676.734828  
2682.409695  
2680.42473  
2673.952442  
2679.306817  
2676.030171  
2678.328598  
2681.584032  
2672.970465  
2679.205125  
2675.691775  
2685.410005  
2684.500012  
2678.667508  
2680.206432  
2675.540322  
2681.618957  
2684.764402  
