2985.916907  
2995.033684  
2995.684075  
3004.928045  
2992.628734  
3023.0561  
3011.223862  
3013.290845  
3043.103638  
3012.610683  
3019.335633  
3005.603343  
3001.796526  
3004.661405  
3004.310081  
3008.858655  
3002.292621  
3001.847217  
3010.799411  
3002.423566  
3013.825314  
2997.378092  
3007.032234  
2997.688583  
3007.853979  
3011.301954  
3008.364574  
3001.305842  
3010.226376  
3020.195152  
3019.860182  
3013.945362  
3011.647556  
3005.702659  
3015.020452  
3008.598315  
3013.479261  
3000.606827  
3006.909306  
3007.247364  
2999.802435  
3004.625643  
3007.390803  
2993.45586  
3002.73414  
3008.791783  
3010.259309  
3001.848701  
3007.321413  
3010.150129  
3010.010873  
3008.121428  
3004.994329  
3006.530312  
3001.140491  
2999.278214  
2996.45354  
2990.45598  
2989.599424  
2992.080628  
2997.092192  
2999.937704  
3004.956712  
3002.094792  
3007.742812  
2997.077358  
3006.531362  
2996.12616  
3008.859357  
3013.957478  
3002.827456  
3007.998553  
3013.210054  
3010.024436  
3016.035081  
3017.445568  
3019.628311  
3012.773827  
3018.67152  
3020.910239  
3015.965114  
3020.537326  
3006.893288  
3013.056406  
3006.108879  
2999.661168  
3003.130194  
3005.202721  
3000.748128  
2995.124807  
3000.291766  
2996.967528  
2999.213291  
3004.32146  
3001.569584  
3000.238115  
3007.900768  
2998.219909  
3013.026132  
3000.376866  
3002.241588  
2996.2833  
3008.361576  
2997.408912  
2998.276407  
2988.153859  
3012.079688  
2987.945183  
2985.393161  
3015.235915  
2996.010813  
3006.930176  
2997.124835  
3019.438621  
3006.297192  
3005.183211  
3001.054902  
2999.441835  
3004.470583  
3016.06482  
3009.200436  
3008.157628  
3002.559035  
3013.032416  
3010.933779  
3010.054535  
3003.922689  
2998.72124  
3004.216944  
3010.989522  
3010.880103  
3013.853105  
3015.316275  
3020.923893  
3017.15761  
3020.114678  
3014.717163  
3017.168291  
3011.027579  
3006.994343  
2999.657318  
2999.978568  
2997.552333  
3006.352914  
3011.479155  
3003.846203  
3002.112287  
3007.984022  
3018.237651  
3018.617071  
3008.726866  
3007.183661  
3003.139525  
3010.272978  
3010.543229  
3003.708507  
3000.516855  
3004.482006  
3010.655932  
3006.25314  
3006.727007  
3004.630038  
3004.851887  
3008.314218  
3006.176315  
3005.087406  
3009.900777  
3005.106219  
3011.169949  
3008.017927  
3021.235495  
3027.621701  
3024.511391  
3014.272698  
3012.477483  
3017.733873  
3010.709469  
2999.481759  
3000.622568  
3003.577214  
3005.071039  
3003.048376  
3010.972915  
3000.485856  
3003.947569  
3008.896775  
3005.825233  
2998.154379  
3007.913907  
3012.479606  
3009.198318  
3016.782235  
3002.806599  
3013.370867  
3008.470213  
3012.873903  
3018.343565  
3021.79123  
3019.931282  
3016.664861  
3020.063808  
3018.482727  
3016.941118  
3011.205662  
2994.95552  
2991.871298  
3001.900131  
3002.80175  
2998.811715  
2995.566287  
2993.760245  
2996.52007  
2996.742738  
3002.476394  
3006.523712  
3009.484013  
3003.929758  
3011.40617  
3013.74601  
3006.374033  
3012.500801  
3010.788748  
3007.643463  
3002.516754  
3002.705794  
2997.259701  
2993.762755  
2999.840523  
2992.194703  
2995.090986  
3003.01621  
3001.54007  
3004.849052  
2998.754544  
2987.594335  
2995.832811  
3006.334774  
3007.782052  
3011.280218  
3005.792327  
3005.280811  
3002.724145  
3004.896433  
3000.371091  
3008.729391  
3005.538713  
2992.874729  
3001.139491  
3002.220304  
3007.213373  
3012.038881  
3005.208011  
3004.680119  
3007.427045  
3006.460216  
3001.426291  
3000.4316  
2991.540748  
3002.005439  
2998.080535  
3004.614135  
2997.259495  
2996.969608  
2993.35421  
2994.583344  
3003.175115  
3000.445907  
2993.686716  
2997.958318  
2998.296131  
2999.280159  
2997.171814  
3000.30298  
3010.744836  
3002.576327  
3007.179301  
3011.784288  
3004.768681  
3009.588135  
3006.704476  
3007.849389  
3001.401433  
3009.249074  
3000.389046  
3003.121861  
3005.901918  
3001.789553  
3001.327681  
3015.2848  
3016.622897  
3015.523594  
3020.681854  
3013.90424  
3021.785265  
3023.941204  
3020.547161  
3016.744341  
3007.509396  
3014.973943  
3012.914949  
3019.126427  
3011.759308  
3011.205902  
3019.197915  
3016.442769  
3013.337959  
3000.851042  
3005.225815  
3020.669277  
3017.998405  
3015.358233  
3008.264679  
3011.46049  
3011.531767  
3015.359005  
3015.716911  
3022.416396  
3013.878197  
3013.741702  
3008.921312  
3006.567961  
3010.758264  
3005.144242  
2996.956485  
2998.260695  
2994.905154  
3006.106921  
3011.495031  
3019.934333  
3015.804561  
3016.89063  
3006.114913  
3006.025572  
3015.52025  
3012.953739  
3008.981803  
3007.061949  
3004.204099  
3013.237106  
3006.015339  
3011.085823  
3010.162947  
3001.207305  
3014.87565  
3016.989813  
3015.156335  
3007.148092  
3005.492324  
3011.566188  
3012.54716  
3004.304462  
3009.546817  
3011.038757  
3004.016653  
3007.645914  
2998.564785  
2992.782377  
3000.348647  
3000.941448  
3009.962521  
3006.356095  
3005.234786  
3006.859472  
3017.163905  
3022.869936  
3012.103715  
3023.862635  
3021.546551  
3017.303661  
3020.398652  
3016.233352  
3010.844801  
3009.994727  
3013.654245  
3011.335158  
3003.733107  
3003.55425  
3010.140463  
3010.151092  
3007.364696  
3016.782247  
3012.034516  
3009.512099  
3007.24391  
3014.369585  
3017.677688  
3017.955438  
3011.397238  
3021.833692  
3016.667565  
3012.212135  
3015.311651  
3002.242473  
3008.696983  
3006.305505  
3014.141516  
3008.935579  
3010.493953  
3007.732473  
3007.41273  
3005.627926  
3009.472783  
3011.488968  
3019.294283  
3020.265868  
3025.135233  
3023.072803  
3015.692598  
3022.507893  
3019.516516  
3023.427823  
3024.640084  
3020.421766  
3019.328825  
3023.488455  
3030.390477  
3023.295045  
3029.090894  
3020.149589  
3021.123162  
3019.076191  
3021.583079  
3022.209811  
3022.536644  
3021.94359  
3013.491986  
3012.563975  
3017.292235  
3015.674981  
3029.321213  
3038.113961  
3029.747791  
3031.530418  
3020.963823  
3024.413392  
3019.174166  
3013.595302  
3010.927236  
3007.601224  
3012.938808  
3011.409418  
3009.057166  
3008.005309  
3006.979082  
3010.068164  
3013.118633  
3013.311388  
3012.332013  
3015.487916  
3026.701704  
3020.64551  
3006.286782  
3014.503979  
3015.036103  
3020.700169  
3028.589461  
3025.176939  
3020.075394  
3027.941488  
3033.313311  
3020.55587  
3020.238391  
3007.315829  
3015.486347  
3011.200546  
3006.57995  
3016.032841  
3010.177706  
3006.423275  
3003.735129  
3016.488167  
3013.576973  
3014.348668  
3013.47951  
3022.694172  
3009.988155  
3022.037309  
2947.305762  
3011.103322  
3023.171258  
3019.444446  
3026.185872  
3009.506318  
3020.389974  
3010.062905  
3017.715502  
3014.901907  
3018.520134  
3017.917517  
3015.822465  
3013.722673  
3018.442235  
3016.325679  
3014.139616  
3010.267195  
3017.079989  
3019.071589  
3018.500835  
3012.89856  
3017.030961  
3021.587885  
3017.007171  
3011.499144  
3012.524017  
3007.699251  
3013.035392  
3012.292598  
3009.275508  
3013.175766  
3018.446357  
3012.817454  
3014.349906  
3017.697949  
3015.526582  
3021.839553  
3021.637108  
3021.90573  
3025.301258  
3023.273234  
3029.07497  
3028.181872  
3033.145446  
3031.461532  
3025.98227  
3020.957858  
3027.060663  
3022.705412  
3018.775994  
3015.649461  
3022.925434  
3025.256612  
3022.168196  
3022.846672  
3024.916052  
3024.124481  
3029.208825  
3039.115037  
3028.680049  
3028.405262  
3031.015967  
3028.368491  
3025.832957  
3017.415407  
3015.460588  
3013.491636  
3022.231025  
3017.166059  
3019.786907  
3025.762512  
3026.909385  
3025.580089  
3030.403003  
3025.978557  
3034.271879  
3026.25548  
3025.747361  
3028.646347  
3023.166007  
3025.054066  
3033.66536  
3006.854873  
3020.264793  
3014.495113  
3020.100402  
3027.100657  
3025.593819  
3026.428687  
3017.728491  
3018.461066  
3028.272371  
3031.903026  
3041.063077  
3041.717632  
3035.258943  
3024.560164  
3024.243927  
3028.625178  
3024.869645  
3023.729591  
3016.615938  
3011.6592  
3010.297647  
3012.479632  
3014.38261  
3014.575823  
3008.025283  
3013.786301  
3015.386291  
3012.84516  
3005.473255  
3015.269627  
3017.550189  
3011.703974  
3016.602414  
3014.91802  
3036.353884  
3028.695934  
3024.390982  
3022.947116  
3018.179853  
