4899.904949  
4895.743651  
4883.304187  
4883.198903  
4880.590585  
4878.119058  
4872.57031  
4874.084661  
4869.851542  
4871.202288  
4872.730357  
4869.864667  
4872.338322  
4858.319827  
4868.515842  
4863.233356  
4859.59853  
4864.160049  
4858.240062  
4860.34454  
4864.77929  
4858.418618  
4867.370403  
4867.601592  
4861.168062  
4864.422157  
4872.358059  
4870.909542  
4868.974681  
4863.065272  
4865.019253  
4865.501312  
4860.872293  
4866.905815  
4861.154428  
4861.923411  
4868.93765  
4876.666741  
4869.379783  
4872.970238  
4870.808254  
4875.247042  
4867.88922  
4872.337891  
4864.194181  
4860.345451  
4869.971654  
4869.038806  
4860.602236  
4853.710323  
4856.432053  
4867.692586  
4860.893154  
4856.252185  
4875.535629  
4871.435476  
4875.744188  
4876.024425  
4878.600783  
4889.04123  
4894.708085  
4899.023748  
4894.430499  
4891.741408  
4880.665982  
4888.163608  
4875.561427  
4867.360573  
4869.431021  
4872.286785  
4880.254055  
4875.291359  
4870.538853  
4866.339304  
4870.267592  
4860.678224  
4856.340931  
4863.809556  
4858.179952  
4849.674765  
4865.523199  
4871.366351  
4855.782045  
4854.290683  
4858.719855  
4856.304254  
4867.229907  
4865.742168  
4863.533634  
4869.692019  
4869.327777  
4876.397094  
4877.65538  
4875.89161  
4873.981435  
4862.426217  
4880.582538  
4876.612328  
4876.778749  
4873.44018  
4873.020803  
4871.023526  
4871.092942  
4878.089979  
4874.151752  
4866.223787  
4877.291576  
4882.860095  
4874.626197  
4862.617765  
4873.44723  
4871.063475  
4884.022139  
4875.419085  
4870.291071  
4882.523464  
4878.805195  
4885.672112  
4861.114089  
4872.060743  
4870.211869  
4873.566071  
4872.751872  
4880.800836  
4871.815014  
4869.02823  
4867.288706  
4869.324977  
4873.979905  
4861.452707  
4863.742079  
4861.551155  
4868.556737  
4868.286972  
4882.482789  
4874.985205  
4880.677992  
4879.730043  
4873.241787  
4893.293065  
4882.979351  
4867.873435  
4852.049512  
4847.667398  
4852.888559  
4852.455973  
4865.699631  
4865.928715  
4861.703495  
4866.549707  
4866.311727  
4875.426496  
4876.170248  
4878.547326  
4886.69006  
4875.269914  
4874.172099  
4868.3136  
4864.510998  
4860.398035  
4848.553124  
4854.918523  
4853.824858  
4851.35519  
4854.729728  
4849.680893  
4869.031319  
4867.31014  
4868.469659  
4870.939782  
4870.66733  
4872.905234  
4870.782662  
4878.78511  
4873.471479  
4864.416993  
4866.461407  
4854.083576  
4864.559094  
4861.044462  
4858.701552  
4874.602543  
4860.484407  
4865.307457  
4875.25192  
4868.292706  
4870.739303  
4870.482023  
4867.540373  
4873.629851  
4874.682507  
4867.550319  
4875.5648  
4860.418038  
4867.605107  
4858.969466  
4865.112438  
4869.557956  
4866.511016  
4868.77908  
4863.564042  
4860.007828  
4861.939615  
4856.668271  
4859.902685  
4867.946593  
4860.824703  
4863.333874  
4864.349386  
4866.50034  
4856.159192  
4867.472784  
4864.581716  
4869.856714  
4872.290908  
4879.589064  
4871.78797  
4878.336234  
4891.277758  
4881.700325  
4882.00669  
4883.3633  
4891.904418  
4885.730547  
4891.089187  
4891.842079  
4885.382106  
4887.188858  
4880.727496  
4876.070714  
4880.731611  
4869.541614  
4869.946593  
4866.696844  
4876.785354  
4873.579786  
4859.543954  
4861.41884  
4859.324969  
4865.302085  
4869.176986  
4876.521903  
4876.105875  
4884.875316  
4877.248866  
4880.583781  
4892.655326  
4882.618588  
4884.351671  
4879.334156  
4883.63594  
4881.808784  
4880.44249  
4871.450895  
4870.990648  
4869.829869  
4872.849036  
4868.49489  
4867.951008  
4879.771072  
4859.495292  
4854.540386  
4863.165693  
4857.950561  
4851.818177  
4852.303505  
4853.128509  
4856.536489  
4852.367861  
4857.156068  
4856.053678  
4865.240274  
4867.955558  
4870.70278  
4867.389535  
4869.865679  
4856.520099  
4861.695971  
4864.894625  
4876.86515  
4859.710235  
4867.342807  
4884.630233  
4874.470805  
4879.796147  
4875.135516  
4873.305261  
4880.51938  
4879.579326  
4882.594073  
4876.510334  
4871.44584  
4879.743764  
4874.829706  
4877.997776  
4865.613606  
4871.3366  
4865.418151  
4878.702384  
4872.869314  
4872.709269  
4856.689831  
4850.611582  
4846.636839  
4860.209425  
4860.90076  
4854.57637  
4853.421633  
4863.240882  
4855.061432  
4859.595879  
4861.451672  
4857.424171  
4860.994282  
4862.522112  
4862.058643  
4858.275075  
4858.408914  
4855.727406  
4863.499821  
4860.572322  
4862.789589  
4864.827483  
4867.136615  
4874.578598  
4868.236385  
4871.62619  
4857.68028  
4850.291014  
4852.407545  
4854.993512  
4855.871888  
4867.282989  
4874.372626  
4865.769507  
4876.373652  
4863.362443  
4868.122387  
4865.396185  
4862.753603  
4869.332194  
4874.730467  
4869.95759  
4867.483929  
4869.070292  
4858.423137  
4854.785154  
4844.530974  
4848.27654  
4848.283822  
4847.172243  
4841.490489  
4849.209716  
4847.328476  
4853.577014  
4852.544334  
4860.829971  
4864.481552  
4855.938646  
4854.767826  
4853.944706  
4868.062413  
4860.678652  
4864.675341  
4852.787559  
4849.418043  
4864.111032  
4868.838608  
4850.977274  
4864.933434  
4857.360288  
4859.311385  
4858.888708  
4851.211855  
4858.618072  
4856.567164  
4856.494186  
4851.53012  
4858.554626  
4856.012091  
4857.644329  
4863.394648  
4862.618065  
4869.98901  
4857.845384  
4866.4943  
4868.825288  
4875.802693  
4879.908832  
4887.199712  
4879.290521  
4884.573022  
4881.886601  
4881.820591  
4874.169302  
4858.611456  
4872.146441  
4870.568246  
4867.104948  
4864.236582  
4871.244898  
4864.592922  
4860.895124  
4851.317414  
4859.430534  
4860.389398  
4852.216325  
4854.878829  
4855.771157  
4852.743458  
4859.562898  
4858.565854  
4865.496247  
4866.97046  
4867.382335  
4873.924351  
4859.416482  
4863.280768  
4867.858396  
4875.665765  
4882.65249  
4883.438289  
4879.534533  
4878.675702  
4880.076382  
4873.764838  
4875.31915  
4864.619479  
4862.025408  
4873.34193  
4880.110992  
4872.443533  
4870.730385  
4862.631541  
4859.715286  
4857.863324  
4870.556944  
4857.960789  
4868.971781  
4867.377873  
4864.811403  
4869.648236  
4855.27446  
4862.944059  
4858.472717  
4867.011678  
4863.22913  
4870.358086  
4874.351948  
4862.81442  
4859.426964  
4862.377505  
4862.948175  
4865.359436  
4863.525572  
4855.308886  
4865.872255  
4860.152963  
4854.933526  
4862.788126  
4867.138214  
4866.271114  
4876.832716  
4872.640577  
4861.855168  
4863.802836  
4871.557346  
4875.646299  
4875.552999  
4885.568552  
4877.730775  
4891.852134  
4881.530158  
4894.086084  
4887.249941  
4879.371155  
4878.023625  
4870.547506  
4871.036864  
4876.642287  
4873.454643  
4871.146166  
4875.10184  
4871.550697  
4875.528352  
4872.216527  
4888.494002  
4891.939049  
4880.406593  
4871.435243  
4876.067411  
4880.733326  
4875.098355  
4876.989722  
4886.239263  
4873.531143  
4886.851806  
4883.026078  
4877.395761  
4872.198243  
4878.130044  
4875.379911  
4872.239936  
4873.269639  
4867.179482  
4874.230051  
4881.192006  
4882.996187  
4875.108647  
4882.979898  
4880.855492  
4879.616453  
4884.370607  
4889.082507  
4877.762207  
4878.349321  
4875.929379  
4870.402789  
4875.954221  
4870.963843  
4875.170261  
4878.751253  
4870.290808  
4872.969418  
4875.951904  
4874.823547  
4878.217914  
4880.285996  
4875.317263  
4871.382462  
4870.694258  
4872.418258  
4877.451633  
4868.927709  
4856.292773  
4874.578811  
4870.00821  
4880.799696  
4861.756388  
4872.712103  
4875.536107  
4873.640861  
4871.451065  
4859.495847  
4862.934366  
4860.330007  
4862.704059  
4853.832775  
4849.235948  
4868.874175  
4867.444655  
4871.805929  
4872.445806  
4872.16508  
4880.509435  
4883.269805  
4879.083041  
4881.81259  
4885.588522  
4881.085507  
4884.833691  
4897.893621  
4886.910903  
4882.311159  
4884.802278  
4885.958332  
4886.259309  
4894.044681  
4889.745177  
4882.044495  
4875.382184  
4876.828554  
4871.000196  
4861.886839  
4856.99164  
4852.538626  
4861.203242  
4867.200652  
4858.883544  
4863.851893  
4867.945962  
4864.46743  
4878.848564  
4877.328078  
4880.750648  
4873.074669  
4882.726623  
4882.740041  
4890.266198  
4877.158507  
4877.906948  
4885.928892  
4879.455392  
4882.562174  
4873.130961  
4875.674995  
4873.615824  
4861.671419  
4864.280778  
4859.908206  
