2890.571228  
2885.138923  
2874.373737  
2861.464111  
2867.370145  
2865.100061  
2873.070037  
2872.169635  
2874.874054  
2871.028678  
2878.763121  
2885.719952  
2878.32798  
2874.071226  
2874.313171  
2869.548468  
2871.46944  
2866.412302  
2868.925268  
2864.223737  
2869.705787  
2870.191859  
2868.693195  
2869.818064  
2868.901359  
2870.438448  
2875.554222  
2877.017768  
2872.080298  
2877.985585  
2873.682417  
2870.756888  
2882.607649  
2877.225017  
2877.714809  
2872.647682  
2872.794814  
2877.633076  
2876.302752  
2885.762895  
2886.377798  
2884.506941  
2880.569818  
2879.430416  
2885.611652  
2873.746374  
2875.241091  
2874.499545  
2865.152192  
2867.887711  
2863.642024  
2865.093854  
2864.198844  
2854.056458  
2862.603868  
2871.044104  
2868.652948  
2869.698949  
2871.03867  
2874.409065  
2878.562801  
2885.696046  
2886.467401  
2893.842563  
2881.088886  
2883.656905  
2878.587719  
2877.120425  
2878.3973  
2880.236477  
2880.812405  
2877.393499  
2870.808684  
2869.158929  
2873.020874  
2867.725321  
2873.044779  
2868.891203  
2868.189709  
2861.633282  
2866.230447  
2870.114462  
2868.997037  
2866.797874  
2868.893761  
2870.504836  
2874.248138  
2880.412751  
2881.58481  
2877.629141  
2886.093788  
2882.352173  
2883.299941  
2876.033253  
2879.877819  
2872.490266  
2869.843181  
2872.865951  
2869.618703  
2876.525915  
2867.964604  
2870.076178  
2874.026627  
2873.29486  
2875.071614  
2879.970009  
2882.637952  
2877.511985  
2870.517987  
2864.374235  
2864.251977  
2869.468405  
2873.010435  
2872.171734  
2875.914408  
2874.825315  
2875.883176  
2874.985905  
2878.721245  
2872.68618  
2876.402122  
2877.580509  
2876.842107  
2878.747245  
2872.620013  
2878.912362  
2872.731843  
2869.144474  
2879.526119  
2874.327132  
2877.577648  
2875.81553  
2877.841264  
2881.815453  
2882.85564  
2884.097605  
2879.190104  
2883.475882  
2877.034729  
2882.095979  
2888.176868  
2879.183064  
2875.557399  
2881.395701  
2876.472669  
2877.407504  
2870.824649  
2860.678328  
2870.27146  
2867.411171  
2872.565775  
2872.672619  
2876.136908  
2873.103859  
2877.238316  
2879.227027  
2870.072544  
2876.531255  
2871.684305  
2874.680319  
2873.109785  
2871.605856  
2866.791467  
2864.51236  
2865.209018  
2865.666652  
2865.826852  
2863.853379  
2866.09153  
2874.38757  
2864.296128  
2870.47173  
2867.774536  
2876.46629  
2869.689334  
2874.517993  
2864.601095  
2868.134895  
2869.105383  
2863.129317  
2870.472356  
2859.910535  
2868.120798  
2871.999166  
2864.817015  
2866.766494  
2875.447733  
2871.159746  
2871.071285  
2867.438932  
2864.07346  
2868.400889  
2864.701457  
2854.597388  
2868.532714  
2858.371391  
2858.088385  
2861.516774  
2868.451358  
2868.57832  
2865.052187  
2871.415739  
2878.19005  
2881.726618  
2878.302474  
2875.251518  
2874.203137  
2873.311785  
2873.468861  
2865.937489  
2865.849063  
2863.175676  
2862.855557  
2862.520103  
2865.770217  
2869.611178  
2865.401332  
2864.981091  
2873.048339  
2875.628951  
2871.076111  
2874.707173  
2868.300725  
2876.652475  
2875.033508  
2876.854904  
2871.670591  
2875.840661  
2878.917909  
2878.781514  
2876.24697  
2876.660155  
2878.042767  
2873.321907  
2884.951356  
2865.671173  
2865.006418  
2874.080751  
2870.184942  
2879.630042  
2868.911305  
2870.398599  
2875.558375  
2871.993807  
2880.09121  
2873.345087  
2870.270089  
2876.305849  
2878.61964  
2872.601439  
2867.765531  
2875.538866  
2873.126894  
2878.763263  
2872.222615  
2873.454806  
2870.730675  
2872.415197  
2878.134079  
2879.303489  
2877.844831  
2879.3487  
2882.178627  
2876.478556  
2870.133688  
2865.003136  
2867.659874  
2875.258252  
2866.002379  
2864.643025  
2871.288254  
2872.854719  
2878.468601  
2873.380251  
2868.157107  
2860.826365  
2864.493667  
2870.197779  
2862.633233  
2861.017895  
2860.251059  
2860.404927  
2857.192414  
2864.535049  
2864.833123  
2858.888155  
2860.063427  
2862.341016  
2867.780519  
2865.237099  
2862.386868  
2859.090938  
2864.610439  
2870.366229  
2873.544295  
2874.417126  
2872.957555  
2881.409434  
2874.050135  
2866.623989  
2870.07582  
2880.428692  
2873.500223  
2876.542124  
2880.198542  
2868.302605  
2867.697854  
2867.768808  
2869.710488  
2872.201548  
2873.480128  
2864.689359  
2869.56073  
2862.975121  
2869.762429  
2863.616242  
2867.724815  
2864.69682  
2861.944231  
2859.62773  
2864.52264  
2862.769759  
2870.054175  
2869.127622  
2869.96677  
2865.842  
2871.936938  
2871.88259  
2868.928465  
2869.176608  
2870.464837  
2865.941705  
2865.146217  
2866.822306  
2861.438122  
2865.503194  
2868.394908  
2865.702815  
2871.390423  
2868.21228  
2860.145419  
2860.947355  
2869.290964  
2866.255796  
2865.753767  
2872.015342  
2867.108006  
2879.249257  
2885.911082  
2884.956768  
2883.851364  
2878.701417  
2873.415521  
2872.53187  
2871.327601  
2876.715374  
2876.548406  
2882.363486  
2868.192804  
2873.487893  
2876.331778  
2876.243644  
2868.058669  
2874.137872  
2864.80039  
2861.999365  
2872.517056  
2868.141542  
2881.097527  
2869.208678  
2877.594551  
2880.254768  
2879.419419  
2876.45224  
2882.990986  
2882.890904  
2889.005083  
2885.477333  
2880.102509  
2879.028424  
2884.852152  
2887.291826  
2888.106501  
2887.617879  
2882.086651  
2884.120574  
2875.685796  
2876.592229  
2869.222395  
2865.504236  
2869.325414  
2874.195864  
2870.997197  
2866.268121  
2865.375984  
2869.895868  
2873.61469  
2869.434249  
2871.157794  
2871.239874  
2871.976958  
2872.08236  
2879.065398  
2868.923247  
2876.873709  
2874.013316  
2879.702897  
2877.028851  
2879.316333  
2873.264286  
2872.784556  
2871.606928  
2883.939213  
2879.134444  
2874.781555  
2879.587477  
2874.177116  
2878.443206  
2868.559548  
2872.356862  
2869.758579  
2878.978406  
2866.085704  
2867.276093  
2877.794377  
2872.471931  
2874.274636  
2879.905808  
2883.883463  
2889.07523  
2889.892972  
2893.736886  
2888.508194  
2886.440443  
2884.9654  
2887.294808  
2873.240968  
2873.057272  
2868.18688  
2879.356189  
2881.962738  
2874.467997  
2869.665206  
2872.809026  
2878.997566  
2870.597915  
2880.396113  
2876.872451  
2883.008916  
2878.419288  
2879.871221  
2883.043472  
2890.81907  
2881.854794  
2884.172484  
2880.930001  
2880.494312  
2877.002511  
2888.93551  
2880.391989  
2883.472465  
2887.931173  
2879.871936  
2881.985806  
2883.314996  
2879.721875  
2875.858357  
2879.667498  
2871.654325  
2872.692107  
2864.052151  
2869.782014  
2873.397738  
2870.378568  
2873.917114  
2880.640203  
2884.185332  
2879.092166  
2874.918516  
2871.577285  
2869.940293  
2882.212251  
2882.600916  
2882.783691  
2872.969669  
2875.490614  
2875.471905  
2884.42306  
2877.89632  
2870.174965  
2884.95407  
2878.808436  
2879.757542  
2876.609957  
2870.433059  
2870.210568  
2876.553259  
2876.752188  
2871.877831  
2870.000279  
2865.328948  
2877.941515  
2868.579708  
2865.292282  
2876.386733  
2867.381505  
2877.750648  
2880.168956  
2877.219203  
2878.954619  
2886.708603  
2895.875766  
2891.201157  
2884.087616  
2879.469625  
2882.611757  
2880.090058  
2887.937976  
2876.362317  
2873.784848  
2881.329593  
2877.777409  
2882.119695  
2881.824932  
2884.940494  
2886.848866  
2886.014649  
2880.93472  
2878.864195  
2878.512591  
2876.737393  
2886.067352  
2878.985498  
2874.19114  
2877.622911  
2883.194976  
2886.745396  
2891.378265  
2889.058853  
2894.108729  
2893.806235  
2892.464353  
2885.067754  
2889.856156  
2888.123537  
2883.966438  
2885.786176  
2881.087684  
2878.684441  
2874.887539  
2874.023712  
2872.824438  
2878.754588  
2877.725386  
2876.61092  
2877.258635  
2874.90433  
2876.04678  
2883.851202  
2873.56094  
2877.001772  
2878.559208  
2883.377189  
2882.972865  
2869.862438  
2871.436236  
2873.203689  
2877.471503  
2880.807082  
2881.696162  
2875.059235  
2873.521839  
2883.662476  
2887.999848  
2882.730787  
2876.952296  
2882.346973  
2879.977684  
2875.148719  
2868.846219  
2871.763096  
2880.385777  
2872.63696  
2873.024601  
2871.657787  
2865.393548  
2875.584801  
2873.618933  
2872.056212  
2868.078668  
2878.488573  
2877.729243  
2875.478096  
2879.051709  
2875.582537  
2874.06328  
2868.883948  
2866.463596  
2876.283942  
2876.189088  
