3204.010014  
3202.789924  
3199.015461  
3198.588399  
3189.426313  
3200.067311  
3194.397828  
3197.514748  
3196.611506  
3206.499144  
3211.487472  
3204.444485  
3208.875896  
3206.743427  
3194.551422  
3199.494305  
3189.153552  
3202.910756  
3204.765741  
3187.049879  
3195.487248  
3199.441598  
3190.625945  
3193.418638  
3190.346754  
3194.277824  
3194.277171  
3198.504166  
3199.280968  
3202.681611  
3201.648532  
3201.920717  
3210.136518  
3203.210686  
3197.302285  
3197.611358  
3189.105113  
3195.671482  
3201.818291  
3198.88654  
3189.24889  
3198.821645  
3195.425618  
3201.659085  
3196.404212  
3202.764174  
3196.546362  
3205.266888  
3198.277651  
3195.905163  
3193.243632  
3184.961878  
3179.929645  
3175.564617  
3184.133769  
3180.867842  
3184.709019  
3180.498016  
3197.588585  
3186.423625  
3189.464746  
3198.393003  
3198.172127  
3206.402208  
3208.920807  
3200.297783  
3198.704123  
3198.260633  
3192.830665  
3196.778334  
3197.783487  
3203.424948  
3198.072031  
3183.904081  
3184.233377  
3197.662083  
3190.254902  
3189.420098  
3192.338413  
3190.592038  
3186.922691  
3191.160761  
3196.701492  
3184.34561  
3188.816223  
3196.682374  
3207.63307  
3195.18257  
3195.713784  
3204.443467  
3201.984441  
3198.170579  
3200.451126  
3195.130183  
3189.615923  
3198.15106  
3185.137838  
3188.266475  
3195.410573  
3195.979869  
3197.735955  
3182.083289  
3189.566291  
3185.170887  
3179.52706  
3200.144975  
3204.069317  
3201.841248  
3188.483485  
3188.953707  
3192.745466  
3192.76247  
3194.87994  
3189.499476  
3189.113879  
3188.693892  
3187.134932  
3191.586154  
3191.072474  
3184.870103  
3194.90903  
3194.670643  
3196.18092  
3195.366203  
3199.226443  
3188.144972  
3200.902634  
3197.239517  
3202.612226  
3197.778598  
3199.514812  
3199.579005  
3199.252434  
3206.001967  
3202.819076  
3198.962324  
3197.513589  
3200.148567  
3196.642379  
3195.302306  
3207.084839  
3197.313523  
3204.776707  
3205.205251  
3214.067553  
3206.122086  
3203.115247  
3203.162286  
3191.544137  
3197.607927  
3193.989586  
3190.372502  
3185.026016  
3193.230558  
3186.887438  
3194.17906  
3188.394056  
3193.946155  
3187.934245  
3195.788207  
3193.222013  
3192.353701  
3192.169831  
3184.438241  
3195.223608  
3196.513621  
3185.823625  
3182.657186  
3202.821447  
3197.947767  
3186.346584  
3191.481812  
3190.404921  
3192.857012  
3187.568222  
3193.818777  
3194.832749  
3196.789966  
3206.754093  
3199.266066  
3190.84535  
3196.818721  
3192.785785  
3192.296914  
3189.280018  
3188.749874  
3199.652272  
3185.109458  
3197.02661  
3195.86071  
3182.936743  
3187.282885  
3181.065109  
3185.3802  
3188.56185  
3185.489271  
3177.900436  
3190.942454  
3187.978121  
3195.872921  
3190.065838  
3196.495741  
3194.131908  
3208.118243  
3211.556398  
3201.914382  
3201.426932  
3193.346233  
3191.001388  
3184.830085  
3190.069205  
3183.92964  
3172.277312  
3174.102321  
3185.299316  
3177.055262  
3175.770839  
3184.294699  
3174.684003  
3179.161368  
3181.171628  
3172.960462  
3185.858405  
3188.437744  
3186.313967  
3181.823068  
3181.930182  
3190.440008  
3183.342776  
3195.535374  
3199.314151  
3194.964398  
3196.18337  
3192.01669  
3198.763253  
3191.942249  
3192.347532  
3193.044757  
3187.19884  
3184.816746  
3180.856119  
3185.338276  
3178.833378  
3184.939368  
3186.22349  
3182.123573  
3186.206126  
3181.891884  
3198.132282  
3180.975831  
3183.896316  
3203.577556  
3193.612957  
3191.353067  
3191.477546  
3186.703329  
3186.765049  
3196.38223  
3193.430599  
3203.262074  
3202.508157  
3210.457165  
3212.08863  
3203.955856  
3201.931303  
3199.489757  
3199.25626  
3185.12555  
3191.412401  
3192.224928  
3196.307429  
3197.711106  
3200.410767  
3188.014722  
3194.531277  
3187.078675  
3188.841867  
3179.282371  
3175.429547  
3173.708387  
3167.685681  
3159.656247  
3182.787707  
3179.793928  
3174.638904  
3170.391002  
3184.040045  
3189.85559  
3182.797643  
3189.36107  
3193.797575  
3186.232219  
3197.033292  
3187.87771  
3186.96357  
3186.696657  
3190.863283  
3188.896505  
3189.510016  
3187.138523  
3183.359837  
3177.155789  
3193.931675  
3190.928615  
3186.404097  
3184.763788  
3178.068768  
3174.947798  
3176.968537  
3172.139889  
3175.332488  
3171.885364  
3173.396657  
3173.854393  
3178.862953  
3160.430991  
3171.165105  
3173.942374  
3167.913235  
3176.501966  
3174.492214  
3169.916422  
3171.410179  
3179.552062  
3171.098746  
3187.996817  
3184.376514  
3186.04963  
3191.657107  
3178.924195  
3187.110706  
3187.587893  
3179.557638  
3175.766084  
3175.55604  
3184.706726  
3181.000433  
3178.75736  
3169.931097  
3172.784757  
3174.562429  
3173.85924  
3166.249211  
3183.215883  
3188.136221  
3178.938638  
3190.456206  
3195.721872  
3202.685807  
3202.380467  
3194.62143  
3207.653397  
3201.17291  
3202.020849  
3203.342847  
3197.20698  
3199.425693  
3199.255092  
3191.09544  
3180.363317  
3189.746799  
3173.597994  
3179.510483  
3179.246704  
3174.893964  
3175.860847  
3181.240696  
3187.119807  
3189.037701  
3193.412063  
3192.431327  
3198.480395  
3202.177864  
3204.010519  
3189.962167  
3195.367765  
3199.610464  
3194.066306  
3192.193779  
3191.49831  
3189.958724  
3188.184044  
3192.788746  
3196.324754  
3192.602539  
3183.18039  
3186.706831  
3182.790054  
3183.059026  
3181.013072  
3172.751064  
3175.486817  
3175.620802  
3173.306813  
3185.602697  
3169.784654  
3183.838858  
3176.953795  
3186.795371  
3185.007851  
3183.077444  
3179.933492  
3191.435794  
3189.057215  
3192.912121  
3199.685818  
3196.506626  
3197.200989  
3188.086316  
3184.561488  
3184.550792  
3185.041564  
3186.456092  
3180.74681  
3182.436275  
3178.997916  
3193.734182  
3200.678929  
3183.832904  
3181.492634  
3189.403631  
3186.496406  
3180.115694  
3183.800606  
3178.196964  
3169.243701  
3180.479842  
3180.623044  
3186.323206  
3190.662476  
3191.845071  
3201.224307  
3190.821465  
3183.200237  
3195.469595  
3183.824736  
3192.897282  
3180.606565  
3194.223038  
3188.036992  
3189.56123  
3184.750381  
3187.384637  
3190.834059  
3190.045915  
3179.951817  
3183.333261  
3189.821798  
3192.877836  
3188.804932  
3197.189092  
3184.766159  
3201.044973  
3194.728093  
3205.1489  
3189.836382  
3187.74973  
3198.01048  
3197.890543  
3206.415836  
3182.508751  
3183.537065  
3193.727059  
3196.373443  
3188.999149  
3179.71901  
3183.703379  
3178.514113  
3175.993104  
3179.152167  
3184.180849  
3190.169603  
3181.245006  
3181.625247  
3188.468177  
3186.143288  
3178.172489  
3182.353215  
3191.010214  
3185.549412  
3185.182898  
3196.078805  
3190.712778  
3199.589983  
3181.983336  
3181.982768  
3186.907584  
3180.870614  
3187.335876  
3187.358806  
3184.148226  
3194.195721  
3181.88082  
3183.78881  
3180.077737  
3178.603499  
3182.524959  
3186.7672  
3191.644045  
3184.338472  
3184.257341  
3183.665256  
3182.141393  
3184.100185  
3183.281291  
3179.362997  
3175.537148  
3182.811841  
3180.896122  
3182.650136  
3179.876228  
3189.924592  
3186.252882  
3187.894999  
3177.064795  
3193.469774  
3183.72695  
3187.349675  
3194.889263  
3180.085375  
3182.554473  
3193.331896  
3194.681465  
3187.523375  
3191.752866  
3191.134452  
3184.08551  
3194.951933  
3179.743649  
3183.034929  
3183.760385  
3192.844469  
3189.383896  
3187.379048  
3184.758907  
3183.552137  
3188.418233  
3186.657929  
3189.056393  
3191.361122  
3191.190079  
3202.88864  
3193.478666  
3184.171624  
3184.936096  
3188.1383  
3198.403425  
3189.25675  
3187.452694  
3180.772956  
3190.076087  
3173.449538  
3182.204916  
3186.754956  
3186.364894  
3176.909856  
3181.225775  
3178.238796  
3179.840191  
3178.752599  
3176.750154  
3178.736045  
3174.814268  
3176.110934  
3181.55235  
3175.437383  
3177.046492  
3176.788074  
3181.971942  
3188.730713  
3189.547498  
3186.542512  
3196.788025  
3199.676177  
3195.394086  
3208.187087  
3189.973779  
3193.880729  
3183.663179  
3190.068742  
3186.726547  
3180.519146  
3187.042888  
3184.636327  
3179.361167  
3176.561079  
3184.778533  
3175.657267  
3176.429668  
3189.565166  
3178.871093  
3181.09118  
3182.119893  
3179.098727  
3179.765773  
3181.408528  
3180.663275  
3186.618775  
3192.391734  
3189.523957  
