2875.758184  
2878.022672  
2856.212508  
2858.963286  
2867.968966  
2868.115873  
2867.702171  
2861.776841  
2865.887491  
2872.911283  
2878.73075  
2870.385906  
2872.15317  
2881.427903  
2861.809811  
2864.882068  
2861.164022  
2861.285836  
2866.03502  
2860.764611  
2856.837341  
2864.617308  
2857.300572  
2859.09466  
2861.859328  
2863.238435  
2866.96426  
2865.755837  
2866.777584  
2867.635147  
2871.984915  
2866.085254  
2886.435382  
2869.798925  
2868.888891  
2868.07875  
2870.09456  
2868.632279  
2875.399982  
2873.632603  
2872.099999  
2876.114761  
2874.462101  
2870.722893  
2871.581924  
2868.586506  
2874.658473  
2866.013451  
2864.310788  
2862.712615  
2861.05723  
2862.893125  
2855.652344  
2848.240288  
2862.249036  
2861.950321  
2865.38775  
2863.419725  
2859.24176  
2869.193523  
2867.777698  
2872.181404  
2878.886171  
2876.080642  
2885.756545  
2878.436753  
2879.998955  
2867.66402  
2873.370377  
2875.884971  
2868.018094  
2874.020854  
2868.36599  
2863.42596  
2866.682207  
2871.004319  
2867.557399  
2864.381387  
2869.744042  
2863.802714  
2862.901305  
2865.177939  
2875.068497  
2868.807029  
2867.266761  
2869.871062  
2875.220124  
2861.773626  
2867.395361  
2871.903265  
2869.088127  
2873.309587  
2869.549603  
2870.903463  
2871.927419  
2861.622334  
2871.139999  
2865.535006  
2860.585754  
2863.996605  
2864.283793  
2867.027239  
2864.233536  
2854.267156  
2864.107695  
2866.409751  
2869.84187  
2876.426161  
2870.075986  
2865.781278  
2864.794959  
2861.307448  
2852.961045  
2861.570391  
2861.985808  
2861.051944  
2867.262955  
2864.610558  
2866.8849  
2862.945283  
2872.596096  
2874.317782  
2872.868636  
2875.639056  
2873.023642  
2863.639678  
2865.212669  
2871.455319  
2872.032663  
2868.006309  
2869.770959  
2872.904491  
2872.560062  
2878.830125  
2874.190161  
2879.601198  
2877.442506  
2870.898981  
2878.510579  
2880.327647  
2882.967708  
2881.023256  
2877.52866  
2879.996404  
2872.109653  
2864.767575  
2865.167776  
2874.102368  
2858.336708  
2867.418543  
2868.669895  
2874.418003  
2869.659041  
2863.633905  
2870.509945  
2868.221608  
2864.927055  
2869.826238  
2862.027544  
2865.518414  
2863.638158  
2872.122924  
2865.224083  
2863.522988  
2857.954703  
2857.671704  
2856.777047  
2863.224366  
2871.796754  
2856.661588  
2859.056869  
2868.698064  
2861.761769  
2862.787662  
2867.394798  
2875.463399  
2861.182813  
2866.505754  
2873.666332  
2869.477005  
2874.313644  
2859.891977  
2855.190981  
2870.114834  
2863.379429  
2861.006443  
2860.249209  
2863.079653  
2867.834454  
2865.583375  
2862.057185  
2863.1232  
2863.387943  
2860.465551  
2864.847784  
2859.897047  
2853.71195  
2867.4672  
2870.932964  
2868.118298  
2866.441359  
2865.459217  
2873.902421  
2880.727442  
2883.207274  
2861.449603  
2874.13008  
2877.655622  
2864.437251  
2858.617607  
2860.48821  
2848.352103  
2856.939239  
2858.709151  
2859.253476  
2859.429261  
2859.885068  
2860.934327  
2860.761883  
2860.766307  
2859.593649  
2866.373034  
2870.935987  
2867.443174  
2869.731383  
2867.535021  
2865.324284  
2867.09709  
2876.77866  
2877.256988  
2876.611607  
2870.667233  
2870.560746  
2869.640548  
2875.314792  
2877.259674  
2871.815509  
2874.05627  
2860.144203  
2861.185203  
2851.879716  
2863.892258  
2862.95182  
2858.413631  
2864.731538  
2870.06915  
2860.980504  
2857.993033  
2861.897071  
2854.661659  
2860.505272  
2868.777564  
2870.603469  
2872.781599  
2866.661935  
2865.003445  
2864.770303  
2861.432196  
2875.286294  
2878.194335  
2873.2294  
2879.363856  
2884.267306  
2873.409672  
2875.331953  
2862.985423  
2870.496882  
2867.515219  
2862.803777  
2868.360561  
2859.662491  
2863.897774  
2870.961084  
2862.935238  
2859.129135  
2855.583989  
2849.780289  
2856.159817  
2853.025369  
2845.331675  
2850.157689  
2840.416096  
2857.661179  
2850.319368  
2849.696539  
2847.538051  
2864.235521  
2856.592081  
2870.444517  
2867.158294  
2862.954989  
2854.544537  
2866.429386  
2862.296693  
2866.099202  
2864.047409  
2871.223299  
2877.706014  
2857.92285  
2863.776004  
2866.109638  
2869.068243  
2857.464386  
2862.928634  
2864.124874  
2854.851948  
2859.026618  
2858.136749  
2860.411335  
2856.471444  
2858.868836  
2850.148788  
2856.697643  
2856.420586  
2858.123948  
2852.920018  
2853.052757  
2857.770634  
2860.129324  
2866.677557  
2862.462819  
2855.355844  
2863.623772  
2855.394649  
2858.168145  
2854.511282  
2864.123237  
2868.128081  
2857.839727  
2853.56544  
2858.697742  
2856.661684  
2862.288344  
2861.716061  
2852.726366  
2857.961718  
2860.028577  
2863.526492  
2856.334454  
2853.435367  
2857.001365  
2861.553735  
2856.946886  
2858.66414  
2860.228696  
2861.418117  
2868.942908  
2877.829925  
2883.552278  
2877.51137  
2887.097402  
2876.037339  
2879.274542  
2872.396292  
2868.974439  
2876.836877  
2877.483185  
2869.100884  
2862.261667  
2858.657587  
2854.848544  
2855.491804  
2852.263468  
2860.799953  
2856.393575  
2853.826889  
2855.801793  
2865.4216  
2869.383991  
2875.023336  
2873.355912  
2877.749145  
2884.815102  
2880.023537  
2872.36767  
2881.116635  
2875.242378  
2884.697901  
2876.137739  
2870.102377  
2872.60933  
2880.349082  
2867.22597  
2871.089765  
2876.000131  
2864.194878  
2864.715021  
2863.601662  
2861.696963  
2858.195914  
2856.353558  
2854.816294  
2855.413575  
2853.894222  
2860.313166  
2866.442347  
2858.252778  
2851.739074  
2861.525587  
2870.447415  
2864.204467  
2870.247187  
2869.600078  
2868.996811  
2863.515646  
2870.069864  
2874.686507  
2863.533895  
2872.511889  
2866.554047  
2861.473007  
2864.000816  
2867.479338  
2867.98019  
2868.686176  
2862.296299  
2858.88918  
2870.879028  
2867.942846  
2859.109486  
2872.205425  
2865.319876  
2861.718468  
2849.758702  
2865.318694  
2862.470024  
2860.292157  
2867.087967  
2858.5533  
2867.01987  
2868.828058  
2881.334526  
2875.378437  
2872.357639  
2867.082175  
2871.909526  
2862.052152  
2862.155559  
2864.791163  
2863.933388  
2875.65498  
2861.809934  
2872.153491  
2855.60487  
2876.93864  
2864.740782  
2868.775809  
2878.036427  
2863.225525  
2870.491606  
2873.589544  
2869.957668  
2881.106179  
2869.893909  
2873.699539  
2877.968684  
2872.55154  
2870.667502  
2880.185083  
2878.445939  
2875.384969  
2870.922242  
2868.873722  
2874.710668  
2863.581526  
2865.35722  
2863.590139  
2854.171874  
2861.742783  
2864.106934  
2854.745461  
2861.000591  
2861.570474  
2865.914986  
2864.276565  
2869.17408  
2868.814255  
2857.475957  
2861.022846  
2864.275892  
2865.212306  
2870.527328  
2878.532742  
2868.710196  
2852.057002  
2869.05541  
2866.164495  
2865.001628  
2864.561787  
2860.390859  
2860.495555  
2865.617505  
2859.662973  
2856.843814  
2858.58496  
2860.072433  
2864.0713  
2865.46258  
2866.398246  
2860.429688  
2857.955901  
2857.062252  
2865.399818  
2862.469956  
2868.461908  
2856.605036  
2861.974588  
2865.390674  
2862.420816  
2863.771721  
2868.718953  
2875.799767  
2864.031372  
2868.95869  
2858.328577  
2874.494718  
2872.603763  
2870.153827  
2863.897659  
2868.127568  
2869.824642  
2866.975093  
2871.122801  
2878.991528  
2871.876752  
2864.753115  
2874.608443  
2860.606822  
2874.672063  
2862.183935  
2868.283177  
2869.453455  
2868.317603  
2863.258166  
2872.297247  
2878.273643  
2868.883158  
2880.920647  
2870.086731  
2882.828992  
2880.784557  
2875.078357  
2874.296351  
2870.01508  
2875.557  
2875.196163  
2871.207013  
2864.247416  
2863.030665  
2864.591465  
2868.01574  
2863.669168  
2859.772977  
2857.410439  
2865.058966  
2864.042768  
2856.617248  
2866.422449  
2867.200981  
2859.038185  
2858.021952  
2866.382698  
2866.415274  
2865.633893  
2865.487961  
2867.328765  
2864.248484  
2862.951501  
2867.499279  
2864.618973  
2868.608349  
2860.640383  
2869.065986  
2877.249722  
2870.529468  
2877.652123  
2875.917092  
2869.573479  
2870.31709  
2872.913136  
2859.67785  
2863.763399  
2860.318153  
2857.509392  
2859.349289  
2852.341353  
2859.951669  
2864.11125  
2862.912743  
2858.691787  
2865.526219  
2864.043513  
2862.79621  
2859.22698  
2860.172664  
2857.817943  
2859.754616  
2856.220442  
2867.483721  
2867.574917  
