5441.642776  
5434.332891  
5459.050911  
5455.78782  
5459.882374  
5507.916166  
5498.74925  
5534.728537  
5540.791888  
5515.235611  
5501.780638  
5510.983203  
5515.259476  
5508.532501  
5506.623477  
5507.926473  
5490.257545  
5496.405656  
5476.863606  
5477.115597  
5487.321696  
5493.305799  
5482.461973  
5480.342779  
5482.071944  
5489.633107  
5481.796207  
5473.757156  
5476.515769  
5484.280012  
5489.929331  
5494.661546  
5492.635832  
5481.384559  
5478.964997  
5470.033044  
5470.173975  
5459.881927  
5452.352953  
5457.526068  
5451.351555  
5450.000963  
5448.406494  
5445.259931  
5439.049455  
5448.737162  
5453.087011  
5452.067296  
5449.13429  
5449.484349  
5454.556759  
5455.572364  
5459.460711  
5455.648381  
5451.173786  
5443.462845  
5438.975645  
5428.743591  
5429.6951  
5426.151321  
5426.424462  
5434.740387  
5432.899416  
5432.305014  
5433.708017  
5428.885768  
5429.95143  
5435.955574  
5445.670838  
5448.123349  
5457.482245  
5456.279687  
5452.531254  
5449.245431  
5454.581106  
5456.705152  
5452.359299  
5444.983285  
5440.388262  
5442.854443  
5450.451076  
5435.83202  
5433.764842  
5435.417275  
5438.232865  
5442.437021  
5443.542502  
5445.504108  
5442.63159  
5438.858093  
5436.056954  
5439.365863  
5433.43401  
5431.810772  
5430.188222  
5436.788597  
5435.718386  
5435.460684  
5435.46761  
5442.164031  
5446.768021  
5441.679523  
5438.896535  
5435.735432  
5429.886069  
5424.347766  
5431.975729  
5428.678168  
5462.656436  
5453.072778  
5456.098093  
5461.282523  
5459.011493  
5474.267845  
5474.200529  
5481.453046  
5466.960747  
5470.513722  
5459.8658  
5472.189574  
5476.10286  
5478.892039  
5476.058406  
5477.181598  
5483.955651  
5484.727873  
5469.38075  
5462.197953  
5457.014451  
5464.185976  
5463.705316  
5461.534235  
5457.505867  
5452.606918  
5453.732365  
5451.253284  
5438.34998  
5426.543422  
5419.401852  
5420.376262  
5417.884651  
5415.79879  
5417.936779  
5416.032219  
5418.166799  
5422.231511  
5427.161427  
5418.62228  
5427.192087  
5432.919841  
5429.485151  
5436.117854  
5440.121274  
5447.632473  
5447.262143  
5446.216309  
5445.834814  
5450.446158  
5449.762515  
5436.515906  
5441.654243  
5447.393722  
5455.778243  
5453.655539  
5459.24312  
5457.693991  
5453.856353  
5461.075067  
5456.739356  
5453.973175  
5462.841266  
5465.475915  
5468.236696  
5458.700567  
5457.616124  
5460.717248  
5459.306274  
5453.782702  
5443.340029  
5442.445514  
5444.04363  
5443.555235  
5450.914233  
5449.815957  
5449.170806  
5456.180019  
5464.976267  
5466.622873  
5467.92239  
5481.159186  
5489.992168  
5502.103954  
5469.908707  
5468.374556  
5467.649495  
5484.537499  
5483.137257  
5494.022655  
5509.147531  
5511.517463  
5507.97951  
5507.582053  
5512.658469  
5510.44497  
5497.202265  
5480.763474  
5486.400612  
5482.512724  
5487.419089  
5477.639208  
5469.215449  
5459.201069  
5468.764474  
5471.422505  
5473.825543  
5468.148362  
5467.631229  
5486.512593  
5474.357763  
5475.341613  
5479.216989  
5472.207304  
5481.082647  
5467.041209  
5463.871266  
5439.186048  
5433.430535  
5437.703585  
5425.997456  
5426.973796  
5425.390548  
5439.861881  
5437.995988  
5437.917148  
5451.103675  
5456.31644  
5453.881306  
5464.397648  
5455.727801  
5453.252327  
5455.70246  
5456.595909  
5452.835197  
5450.910586  
5448.155085  
5446.038557  
5439.139283  
5452.063273  
5460.040576  
5472.637295  
5475.688164  
5471.20561  
5471.826399  
5465.558079  
5476.95844  
5472.848052  
5463.16771  
5456.993251  
5456.123391  
5459.656482  
5462.67214  
5470.770783  
5464.697827  
5463.085174  
5466.282233  
5467.096177  
5465.834072  
5464.14007  
5459.998987  
5453.416967  
5450.045099  
5457.208497  
5454.330111  
5442.074954  
5444.052871  
5444.467321  
5444.619941  
5439.666086  
5441.5087  
5448.754619  
5451.279506  
5444.580021  
5447.257692  
5441.131981  
5445.700436  
5449.625638  
5451.549279  
5446.296595  
5442.158049  
5452.383755  
5433.009193  
5439.517298  
5437.115448  
5443.964878  
5441.592955  
5442.995148  
5446.611133  
5445.205911  
5449.401518  
5448.595745  
5445.712853  
5443.224037  
5445.67329  
5443.565363  
5438.200943  
5439.482725  
5437.353325  
5441.728119  
5451.492934  
5452.678555  
5460.851942  
5455.711512  
5452.561396  
5456.748854  
5457.882341  
5459.131617  
5447.898431  
5451.234467  
5449.276377  
5450.387068  
5440.645013  
5436.669283  
5437.424666  
5436.252756  
5442.580371  
5451.648315  
5452.634778  
5461.167309  
5471.838526  
5461.582615  
5477.489943  
5464.375343  
5464.745459  
5471.503719  
5487.998509  
5487.52627  
5494.538067  
5491.30209  
5495.461674  
5495.259801  
5497.582488  
5497.86341  
5485.624549  
5479.059347  
5478.810283  
5465.208544  
5462.678873  
5454.393803  
5453.647828  
5457.861154  
5454.579343  
5447.670565  
5448.504893  
5452.878473  
5454.881697  
5450.049428  
5446.137368  
5452.24244  
5454.77789  
5461.494209  
5460.819164  
5463.32626  
5459.97426  
5468.154365  
5481.77404  
5486.709086  
5482.363502  
5483.68041  
5471.437656  
5464.865255  
5458.752938  
5450.662984  
5451.894064  
5443.408016  
5442.518354  
5440.713477  
5437.896533  
5436.786541  
5443.848091  
5440.237329  
5440.612936  
5447.614316  
5454.431459  
5457.823957  
5465.730452  
5470.925745  
5473.340253  
5463.84392  
5464.697169  
5458.482177  
5460.310534  
5464.820741  
5457.265275  
5456.698202  
5455.789518  
5457.768489  
5452.766457  
5458.947885  
5455.74975  
5458.87912  
5464.269095  
5464.822068  
5468.193268  
5471.8146  
5480.968976  
5477.283588  
5490.743721  
5486.784989  
5493.966447  
5499.878236  
5501.275471  
5504.08139  
5504.619588  
5497.683337  
5494.498541  
5495.480134  
5497.563895  
5500.856801  
5492.224851  
5492.898451  
5497.482425  
5499.385547  
5504.253092  
5499.444144  
5494.788928  
5494.673008  
5512.89173  
5501.465311  
5499.269179  
5496.586663  
5512.572828  
5511.00613  
5510.086162  
5500.280215  
5501.642779  
5493.504919  
5499.550745  
5485.491317  
5482.583213  
5481.044558  
5477.992716  
5476.09382  
5477.258622  
5472.195023  
5467.954516  
5464.904058  
5478.168659  
5476.666014  
5490.697238  
5483.288776  
5505.985709  
5469.850592  
5488.720892  
5489.384397  
5513.420484  
5503.9005  
5501.085346  
5523.649366  
5528.62569  
5534.686324  
5543.407571  
5525.821188  
5515.819233  
5502.140756  
5502.21926  
5490.419196  
5482.677299  
5474.473006  
5475.021128  
5480.014669  
5492.231707  
5466.718914  
5477.69918  
5467.290173  
5491.867191  
5462.532674  
5500.012151  
5289.880559  
5455.439678  
5535.424813  
5488.813783  
5522.245632  
5504.04277  
5512.438576  
5504.795757  
5519.684687  
5514.321631  
5531.624329  
5523.255268  
5520.261282  
5513.527523  
5522.240714  
5523.823891  
5510.440785  
5505.47043  
5507.430398  
5510.810696  
5512.495611  
5508.451183  
5516.263595  
5507.735795  
5510.627168  
5507.256316  
5502.840131  
5494.215386  
5499.52647  
5502.493158  
5504.109908  
5498.975024  
5506.334937  
5507.213226  
5515.505865  
5511.591953  
5515.245637  
5515.561293  
5526.124903  
5525.397527  
5525.233961  
5524.395504  
5516.777791  
5518.375069  
5519.405251  
5510.879073  
5516.607958  
5506.2701  
5519.238074  
5516.604807  
5512.60931  
5502.971137  
5502.164576  
5501.873914  
5496.551973  
5501.308784  
5497.052361  
5504.092559  
5513.193092  
5519.143097  
5519.100967  
5523.005848  
5524.591314  
5517.367519  
5507.618292  
5487.332511  
5488.282362  
5484.387995  
5491.048976  
5496.744493  
5499.067355  
5498.16752  
5507.686019  
5510.305865  
5520.187994  
5517.056352  
5518.400898  
5518.594496  
5519.466225  
5514.122869  
5508.063765  
5507.204471  
5525.88996  
5497.035515  
5522.875177  
5518.760729  
5529.186861  
5536.061792  
5538.983299  
5538.800039  
5539.372893  
5541.421834  
5544.331759  
5549.680981  
5553.893709  
5549.008989  
5549.402152  
5548.393717  
5542.499308  
5536.232312  
5533.499864  
5533.840568  
5521.961962  
5513.921443  
5512.669241  
5521.054907  
5512.04104  
5505.096499  
5508.466121  
5493.886488  
5499.615398  
5490.663216  
5492.975635  
5489.689013  
5496.621435  
5495.888935  
5500.154268  
5506.913013  
5502.345711  
5509.681373  
5508.553411  
5507.930135  
5509.278895  
