-0.948888408  
-1.045692368  
-0.2801197567  
-0.3728339178  
-0.3618700043  
1.253613791  
0.8938533043  
1.707131041  
2.071123575  
1.168399613  
0.8214225455  
0.8782296754  
0.9914074636  
0.8960711304  
0.7684796989  
0.7570244196  
0.3196173925  
0.5003875316  
0.1242011722  
0.09120531677  
0.3776372585  
0.4141706767  
0.1840012381  
0.125673031  
0.2051837164  
0.3480019286  
0.1608025109  
-0.002342943392  
0.135203626  
0.3034905766  
0.4270104659  
0.4149943057  
0.3997799962  
0.1813939472  
0.1709900121  
-0.07068937119  
-0.06598434672  
-0.2811968749  
-0.4173220352  
-0.2861031438  
-0.4141865071  
-0.5282860995  
-0.5490284634  
-0.610569321  
-0.6947943599  
-0.4065756868  
-0.2992551336  
-0.4213267718  
-0.3927835966  
-0.3587151714  
-0.1702025034  
-0.2264487567  
-0.2094189071  
-0.2737000588  
-0.3385789377  
-0.4713229682  
-0.5674013849  
-0.8510068047  
-0.8506041304  
-0.8756818616  
-0.9251621111  
-0.7330208504  
-0.7547836118  
-0.7545745169  
-0.7741152866  
-0.8001611155  
-0.8031926598  
-0.7351705804  
-0.49060199  
-0.4568356219  
-0.2314916524  
-0.2975392316  
-0.391451104  
-0.392119392  
-0.2537212807  
-0.2153339024  
-0.3132198759  
-0.5180449525  
-0.5480383672  
-0.5684758231  
-0.4324198983  
-0.7923419058  
-0.8029236011  
-0.7438913621  
-0.7959071341  
-0.6047134429  
-0.5709848232  
-0.5729708986  
-0.6797476609  
-0.740038767  
-0.7262942378  
-0.6586902205  
-0.8691866874  
-0.8724193529  
-0.8693017036  
-0.6995679783  
-0.8034853459  
-0.817374709  
-0.6963556558  
-0.5838300772  
-0.5112300471  
-0.6623419281  
-0.6735803891  
-0.8535693226  
-0.9653252458  
-1.13020734  
-0.881710317  
-0.9856269525  
-0.1133766661  
-0.2241861893  
-0.2175673278  
-0.1257655637  
-0.2660283328  
0.166765399  
0.1532089173  
0.2254843119  
-0.1310932854  
0.04013862007  
-0.2336715602  
-0.007955023424  
0.009235644392  
0.1006684818  
0.06490989092  
0.1259214789  
0.2262946078  
0.2120806521  
-0.09000647253  
-0.1490956461  
-0.2359960084  
0.05896178636  
-0.04304852884  
-0.09694512748  
-0.1534163045  
-0.2392697305  
-0.2687375928  
-0.3547970281  
-0.7097422434  
-0.9088451471  
-1.082918566  
-1.034364119  
-1.066866225  
-1.184857569  
-1.076514131  
-1.115850177  
-1.109260744  
-1.002995353  
-0.8921822307  
-1.127094464  
-0.923123595  
-0.7735208782  
-0.8995480038  
-0.6878536562  
-0.6167006052  
-0.5270763957  
-0.5964818906  
-0.5282608817  
-0.57712087  
-0.420156714  
-0.5300593965  
-0.807972199  
-0.6900904999  
-0.519366922  
-0.3549534332  
-0.4005811427  
-0.2931508778  
-0.2975314754  
-0.3569955973  
-0.2087566515  
-0.436256497  
-0.4404616633  
-0.1862627637  
-0.1753516206  
-0.1068220159  
-0.3764956495  
-0.3430521449  
-0.2013537428  
-0.3079447175  
-0.4208599541  
-0.7507124316  
-0.6360159912  
-0.5509117687  
-0.6547667787  
-0.5184741444  
-0.5302505177  
-0.5447398728  
-0.3615387392  
-0.2022217582  
-0.1064437203  
-0.1296304589  
0.2797595924  
0.3504271748  
0.75772917  
-0.1391656967  
-0.08393075749  
0.03603129946  
0.2477277674  
0.2894041549  
0.5295328304  
0.9447220954  
0.8014036318  
0.7700568361  
0.7235284517  
0.8244265498  
0.694510769  
0.3893118054  
0.07548096844  
0.1910013229  
0.06578708428  
0.1981069889  
-0.04923192735  
-0.2088155736  
-0.4391446197  
-0.1178861652  
-0.06947269538  
-0.06479833216  
-0.2412015031  
-0.2113614919  
0.2965781686  
0.06971859002  
0.1082087377  
0.2430604667  
0.04162366334  
0.2159627214  
-0.0998221598  
-0.1139084137  
-0.7321206289  
-0.8280490485  
-0.755394038  
-1.134600086  
-1.027989965  
-1.032286119  
-0.6526088974  
-0.7940313208  
-0.8638981208  
-0.5019689769  
-0.3773826205  
-0.434633736  
-0.2384964387  
-0.4615074159  
-0.5430654098  
-0.4536820859  
-0.4205752132  
-0.5042111858  
-0.5293425921  
-0.5875276517  
-0.6939006721  
-0.8931906418  
-0.5111320976  
-0.2862029059  
-0.01911586007  
-0.06873361183  
-0.1127417676  
-0.1096912168  
-0.2205047422  
0.06092655994  
-0.06285153708  
-0.3275044876  
-0.4082965975  
-0.3746814412  
-0.2995024365  
-0.1959435407  
-0.03000132654  
-0.111676962  
-0.1718201491  
-0.04960567291  
-0.01472713135  
-0.1039173968  
-0.1541985562  
-0.1934574019  
-0.3588607713  
-0.4183131214  
-0.2558601949  
-0.2996256382  
-0.5506805082  
-0.5103465095  
-0.5381721442  
-0.5414441907  
-0.6474850396  
-0.5809388827  
-0.4342603389  
-0.3614777537  
-0.5550826027  
-0.381729102  
-0.5569833271  
-0.5058137483  
-0.4319669434  
-0.4286409591  
-0.5329287057  
-0.6103288855  
-0.3072587925  
-0.790084035  
-0.5982949592  
-0.7153871848  
-0.5226296678  
-0.5927872777  
-0.5831938767  
-0.5798495979  
-0.4724594578  
-0.3662789845  
-0.4548217228  
-0.5298301882  
-0.6289092475  
-0.5347384647  
-0.5391129495  
-0.7264200698  
-0.7120267706  
-0.7348704564  
-0.5973849063  
-0.383886881  
-0.3872955703  
-0.2308024154  
-0.3453710375  
-0.395780278  
-0.3016025913  
-0.2775549397  
-0.2723886511  
-0.4712968346  
-0.3858447426  
-0.4608098987  
-0.4682643447  
-0.7054889745  
-0.7577389966  
-0.691951656  
-0.773170523  
-0.5876006553  
-0.3593865692  
-0.3610991881  
-0.2776716695  
0.07539010597  
-0.2115457089  
0.1877862251  
-0.23188655  
-0.2081227118  
-0.04969964552  
0.3328583611  
0.2235215709  
0.4274712642  
0.3631575587  
0.3927576641  
0.3354625022  
0.3878846956  
0.399274644  
0.1287482035  
-0.04456235191  
-0.01958307051  
-0.3348451405  
-0.364075441  
-0.5053547038  
-0.5023050768  
-0.4142333595  
-0.5512555683  
-0.6786475978  
-0.6557460774  
-0.5735261194  
-0.5322888123  
-0.668238204  
-0.760130941  
-0.6259556871  
-0.50120663  
-0.3807188554  
-0.3727940181  
-0.2258655844  
-0.2418031685  
-0.06839384596  
0.2290615949  
0.2903248863  
0.2635857513  
0.3129473541  
-0.0525523631  
-0.1799440012  
-0.2689937114  
-0.4233561796  
-0.4321748453  
-0.5895546857  
-0.6347380905  
-0.5847594257  
-0.6984085211  
-0.7346549261  
-0.6104724638  
-0.6439045941  
-0.6126736833  
-0.4937495271  
-0.3684387391  
-0.2744395885  
-0.141499094  
-0.009689338347  
0.03278215643  
-0.2043448984  
-0.1097200914  
-0.1960045629  
-0.2681115502  
-0.1195586328  
-0.3592723345  
-0.4073427416  
-0.3037808178  
-0.3045880051  
-0.4049794381  
-0.2409663257  
-0.3995586261  
-0.3220396444  
-0.1574055951  
-0.1725212214  
-0.02387035254  
-0.00376265252  
0.1835620346  
0.07866680983  
0.3154995445  
0.2661262374  
0.4411003439  
0.5428221526  
0.5589421758  
0.6360712011  
0.6292775981  
0.4657079683  
0.3780938489  
0.269291983  
0.3252119524  
0.4291526675  
0.2076197579  
0.2441092093  
0.3474684611  
0.4128680069  
0.4853721792  
0.4128127748  
0.3021427308  
0.3285270589  
0.7035271518  
0.404848904  
0.4436311513  
0.4408090629  
0.7832486681  
0.6454956357  
0.601008027  
0.4463633119  
0.4357329271  
0.2894112776  
0.4173895213  
0.04667167181  
0.1029136815  
0.09234748705  
0.04806433383  
-0.05594358341  
-0.06262612801  
-0.1129992001  
-0.1548277223  
-0.2982576203  
-0.01027065216  
0.03044999607  
0.4340730868  
0.1776793795  
0.6171731071  
-0.3761322691  
0.2213783367  
0.2937891344  
0.8501922459  
0.5125578445  
0.4758503335  
1.098163778  
1.230531991  
1.319745865  
1.455583568  
1.026858726  
0.849371879  
0.445650756  
0.4847497209  
0.1326970801  
0.03541738455  
-0.1382112732  
-0.04852978472  
-0.08540624555  
0.2061884808  
-0.3499389743  
-0.1163986594  
-0.279371993  
0.3056056773  
-0.4373095187  
0.4752851957  
-4.161003538  
-0.4872206204  
1.383072766  
0.2858440623  
1.077463871  
0.5508409538  
0.8027433257  
0.6556699796  
0.9559187668  
0.7843627447  
1.138128868  
0.9926352385  
0.968272892  
0.8282327208  
0.9901748744  
1.031286599  
0.7173481862  
0.67218302  
0.7490980293  
0.8121315668  
0.8350432549  
0.6926988412  
0.8787466585  
0.6826521394  
0.7214391168  
0.6122466081  
0.505108524  
0.3490750737  
0.4954671255  
0.5352022821  
0.5421830277  
0.4831274451  
0.6460626332  
0.642400382  
0.8091843745  
0.7179053651  
0.7473176709  
0.81138918  
1.056227205  
1.048437251  
1.042583249  
1.023815536  
0.8491585697  
0.905907363  
0.8730867975  
0.6612229311  
0.7899531899  
0.5945593571  
0.8464444904  
0.7897775282  
0.7395299331  
0.4804038868  
0.5325401991  
0.5200297178  
0.3801234059  
0.5503827188  
0.4818165565  
0.6783859356  
0.8796075939  
1.010353813  
0.9368865468  
1.020382929  
1.021823209  
0.8014816774  
0.624302976  
0.1755675708  
0.2535142662  
0.2366289303  
0.4565465432  
0.5728594134  
0.6086911177  
0.4402513561  
0.7406290825  
0.7636437734  
0.9953850062  
0.9421276096  
0.8486857355  
0.9649447123  
0.9050372764  
0.8678979231  
0.6657517185  
0.7435863459  
1.348760113  
0.5104768445  
1.076069119  
0.8607672432  
1.174432644  
1.416442239  
1.486395261  
1.384706474  
1.411003306  
1.377946  
1.497650382  
1.557827994  
1.6930037  
1.508371431  
1.571833617  
1.573474453  
1.467757122  
1.310073834  
1.20274707  
1.231053068  
0.9668976104  
0.7623109841  
0.7564519319  
0.9371783377  
0.7049693322  
0.5877716709  
0.6782480344  
0.3234928451  
0.5295622897  
0.2854737784  
0.3772815285  
0.3552774144  
0.5835795509  
0.4720118932  
0.50197001  
0.7347998491  
0.6168512172  
0.7489209948  
0.7094289709  
0.6440174843  
0.7411700032  
2.241699358  
1.685926034  
0.9458948657  
0.5154476741  
0.4672918204  
0.4055344463  
0.493570864  
0.5893358348  
0.9676815561  
0.6689079345  
0.6317397512  
0.519916543  
0.4280414041  
0.5747984873  
-0.1626857808  
-0.113622127  
-0.2544610846  
-0.1227159679  
-0.09432414056  
-0.2802024168  
-0.1367343464  
-0.04719286017  
-0.1942025918  
-0.07048867895  
0.07122711268  
-0.1591926973  
-0.1424138326  
-0.3439136595  
-0.1365272062  
0.1018852154  
0.09705782902  
0.3502395041  
0.3701063886  
0.5156394988  
0.4029901587  
0.5490673348  
0.4840353194  
0.5324332502  
0.404615744  
0.5246365263  
0.2264384087  
0.2630534188  
0.5052739684  
0.4741694905  
0.2087819529  
0.1861789832  
0.3888322166  
0.7506038535  
0.4136944891  
0.01152477694  
-0.09244704248  
-0.1752944266  
-0.4826987676  
-0.6081585893  
-0.4578941155  
-0.3052220207  
-0.2366713012  
-0.326221308  
-0.2923046707  
-0.2474954911  
-0.1572571415  
0.1637998867  
0.3084130952  
-0.04051556412  
0.1906624151  
0.4068766982  
0.2474315507  
-0.04644150382  
-0.4396080786  
-0.445304791  
-0.118746045  
-0.1582590583  
-0.1586115139  
-0.437485959  
-0.5981502117  
-0.3840214889  
-0.3761522197  
-0.2461865377  
-0.3943625133  
-0.4859656157  
-0.1750678797  
0.05525974137  
0.2930997569  
0.01223906056  
-0.0961594954  
0.1221851428  
0.1954367022  
0.3576646953  
0.4597135737  
0.2008619141  
0.1341643238  
0.4226290807  
0.5089663036  
0.3747636761  
0.2166149248  
-0.01857986974  
-0.04000025131  
0.1682248854  
0.1691686525  
0.129290072  
-0.02718011666  
0.1171784765  
-0.05959584647  
-0.02125758938  
-0.2139418459  
0.124844088  
0.3787798403  
0.1833998914  
0.1206394345  
-0.08596045609  
-0.1007668415  
-0.1509646972  
-0.04029318053  
-0.02536471025  
-0.01088330864  
-0.05520977046  
0.2119710355  
0.2253584001  
0.004076068033  
-0.04568018609  
-0.07925712227  
-0.01540947431  
0.1640630062  
0.4119121127  
0.1682388681  
-0.05783715516  
0.2311671131  
0.2655818693  
0.406258349  
0.06671547712  
0.215524029  
0.2864322645  
0.5285208032  
0.5192563606  
0.7892931226  
0.885119194  
0.9219059621  
0.5224070618  
0.7251957333  
0.6288151485  
0.6955505461  
0.6756290688  
0.7674191854  
0.7084815762  
1.053540764  
1.072148514  
0.9689910775  
1.051986114  
0.6712572208  
0.6886684999  
0.6138726993  
0.5332720254  
0.6070930627  
0.7140058708  
0.8051471712  
0.6803176135  
0.3696159043  
0.3108646234  
0.2116340782  
-0.08066792765  
-0.06189387578  
-0.234540098  
-0.0794244013  
-0.08186450055  
0.1602580129  
-0.06371293283  
-0.09914076293  
0.2053981481  
0.3924354212  
0.5200767574  
0.2805709683  
0.317419399  
0.06508650695  
0.313381441  
0.6324054701  
0.5166425569  
0.6048559356  
0.6280028169  
0.7402660854  
0.8419350804  
0.2838629483  
0.2967784437  
0.4295603551  
0.5516710605  
0.6705413487  
0.5550331325  
0.659377329  
0.623953002  
0.528846958  
0.6713024574  
0.4875143326  
0.168247788  
0.0812433374  
-0.3761870135  
-0.3535612975  
-0.4449714416  
-0.5794745786  
-0.3024513292  
-0.2538328082  
0.05556150442  
-0.08055052767  
0.3189328879  
0.4057655473  
0.7132599058  
0.797948333  
0.6684093351  
0.2155145551  
0.09695539641  
-0.1425400422  
-0.6098448734  
-0.5896219734  
-0.7440568485  
-0.6854449127  
-0.3804826991  
-0.356767278  
-0.1346779016  
-0.3579738369  
-0.3410060525  
-0.1925304165  
-0.09867507001  
-0.142480697  
-0.3356337908  
-0.03611218322  
-0.1730711251  
0.06890100047  
0.140640694  
-0.1438856704  
0.08093124214  
0.08978856582  
0.6474669085  
0.242688154  
0.2473401128  
0.3660536371  
0.400630935  
0.2336681962  
0.3598144861  
0.1512807782  
0.1720293657  
0.2763614769  
0.161737464  
0.09692735278  
0.07759460064  
-0.1050143386  
0.2174570636  
0.07807740319  
-0.1117544509  
0.02836642491  
0.07325177119  
0.07588554212  
-0.326095296  
-0.04527295328  
0.07583284379  
0.1068300961  
-0.001043849915  
-0.4606346295  
-0.1228566669  
-0.5045915711  
-0.2517488951  
0.0180739903  
0.8375791143  
0.626533382  
0.6455517948  
0.6360773101  
0.4382034911  
0.6014590174  
0.504982692  
0.7700301301  
0.6045077277  
0.3159504653  
0.2754231115  
-0.03838375293  
0.1109558337  
0.372032468  
0.4287927601  
0.6818628345  
0.388697903  
-0.1065658482  
-0.265707873  
-0.5649477227  
-0.3542647201  
-0.7732295773  
-0.6731759437  
0.003598823667  
-0.2554095556  
-0.250619169  
-0.5397475593  
-0.3990531222  
-0.1042115471  
0.06379373993  
0.7013502109  
0.4684249295  
0.1743162293  
0.8017744408  
0.4669458683  
0.7867520839  
0.4692533286  
0.1971073453  
0.06437154493  
0.06080885134  
0.38754694  
0.06687144872  
-0.3373177581  
-0.5714172599  
-0.5529070406  
-0.6773079818  
-0.7229016389  
-0.8542076603  
-0.994994734  
-1.152168922  
-1.178094129  
-0.8522246905  
-0.9067324039  
-0.6954732017  
-0.8690681731  
-1.017236619  
-1.413740569  
-1.4154652  
-1.241199  
-1.215700574  
-1.31254609  
-1.095264384  
-1.440635939  
-1.214822108  
-1.122371931  
-0.8688888875  
-0.9289798773  
-0.7729837954  
-0.7727549676  
-0.7134912143  
-0.7450857514  
-0.7704235146  
-0.5339205486  
-0.5532136702  
-0.5008120537  
-0.5157615085  
-0.544470466  
-0.5601956867  
-0.6584065483  
-0.6137388594  
-0.7215070972  
-0.882920609  
-0.929656929  
-0.9673497334  
-0.447166072  
-0.2505184451  
-0.2055476364  
-0.3491124378  
-0.6699087006  
-0.5196139845  
-0.7070038664  
-0.2448102208  
-0.1185863983  
0.00551619475  
0.1577236778  
0.327775845  
0.3638268508  
0.6027258649  
0.4458758374  
0.5515057441  
0.03756377707  
-0.01125292883  
-0.3603653919  
-0.3393752768  
-0.3427654572  
-0.3228727269  
-0.1043161161  
-0.009493596735  
-0.005606116105  
-0.5631475624  
0.1959456979  
-0.1045414452  
-0.0585074483  
-0.01761081639  
0.1126468991  
0.1998026451  
0.1795359547  
0.5805491238  
0.2477591545  
0.1450924863  
0.2076729802  
0.2110183836  
0.09761388952  
0.4109404164  
0.3158357489  
-0.05398877946  
-0.2481336914  
-0.3475486122  
-0.2616639278  
-0.4636399758  
-0.5746406406  
-0.2083412829  
-0.3004957589  
-0.4325547767  
-0.3350624469  
-0.6252014697  
-0.3884983606  
-0.3889323444  
-0.2206959098  
-0.1335312704  
-0.0478361221  
0.02593589003  
-0.1071649943  
0.2807650826  
0.3062917539  
0.2601889405  
0.495416011  
0.3495357767  
0.03605197085  
0.2576339886  
-0.01735682695  
-0.02268812837  
-0.07829118866  
0.01320988732  
-0.1221698492  
-0.01622711298  
-0.1226937144  
-0.003270576447  
-0.03348730293  
-0.2254671243  
-0.6229227295  
-0.5169556297  
-0.4305953138  
-0.4097432842  
-0.8310587607  
-0.9015259359  
-1.212149229  
-0.8817018355  
-0.7355825557  
-0.7798253008  
-0.6748866414  
-0.6236610471  
-0.3833201324  
-0.7404524344  
-1.039873609  
-0.8358695917  
-0.9672108368  
-1.086833071  
-1.469417638  
-1.033631424  
-1.04575989  
-0.7910283618  
-0.8836396896  
-0.9890262455  
-1.248203303  
-1.192042144  
-1.040273378  
-1.042508956  
-0.7815644981  
-0.8257527366  
-0.6362213232  
-0.7231856134  
-0.8773502398  
-0.6012874894  
-0.4681951888  
-0.2550547446  
-0.5326336074  
-0.6968367862  
-0.4730925738  
-0.3951156446  
-0.2589825319  
-0.4866429622  
-0.3209931072  
-0.03432621033  
0.1657057227  
0.1682925412  
0.084444186  
0.08698459973  
0.07855373749  
-0.03494026531  
0.0569653839  
-0.2736604816  
-0.1083525787  
-0.1923817266  
-0.06951348148  
0.08395494966  
0.09651282566  
0.1369378433  
0.3828388781  
0.2017064527  
0.4994186105  
0.05936612069  
0.03879464517  
0.130930417  
0.04276417717  
0.007554368827  
-0.2531189901  
-0.05446690774  
0.07652453701  
0.2501856284  
-0.04861139959  
0.1196798243  
-0.05237311426  
-0.3648043109  
-0.4327490934  
-0.5147076369  
-0.1406250894  
-0.1985047205  
-0.2332080573  
-0.09818324984  
-0.3623166925  
-0.2419269421  
-0.4890392736  
-0.1089017172  
0.1866146147  
-0.4114610101  
-0.3732028361  
-0.2000704474  
-0.1328970316  
-0.1948467762  
0.003382681651  
-0.08978249447  
0.2601374063  
0.3094101874  
0.2008409512  
0.003599772168  
0.0714560969  
0.06111762706  
-0.07415155884  
-0.120562025  
-0.2817438527  
-0.2038267352  
0.2233112125  
0.255116007  
0.2490183468  
0.3272206382  
0.5757721285  
0.04530093299  
0.2945269405  
0.3084286765  
-0.05092015536  
-0.03822247604  
-0.122027121  
-0.0751635909  
-0.03625079718  
-0.1714716525  
0.08554654173  
0.2140175323  
0.501919158  
0.03756002515  
0.2528444905  
0.1100349606  
0.4026842101  
0.4579781692  
0.1837061319  
0.3252106302  
0.1842781414  
0.2389038644  
0.1834156151  
0.2575410459  
0.1950989555  
-0.1219392374  
0.3208688238  
0.06630382733  
0.3375225584  
0.2247883899  
0.5637365973  
0.3783976015  
0.2342897653  
0.3272594611  
0.302969327  
0.1819394894  
0.217931022  
0.2075043049  
-0.07816687047  
0.3071557735  
0.06021786308  
-0.08676862955  
0.03508284713  
0.04697299378  
0.30063545  
0.3297502134  
0.4891617186  
0.5299869252  
0.7663990289  
0.8826751006  
1.049686686  
0.7977305336  
1.020462508  
0.6976545581  
1.077011769  
0.6442719172  
0.3594873618  
0.4962848299  
0.3856910181  
0.6116624568  
0.2680967792  
0.4432748865  
0.3603054918  
0.450968902  
0.6555520283  
0.3085818487  
0.1696293727  
0.1093256663  
0.4165311098  
0.2718497876  
0.2461586141  
-0.09344392539  
-0.1864727511  
-0.2617438805  
0.001501311062  
