5020.296472  
5013.888259  
5020.578171  
5039.305521  
5024.262208  
5073.54942  
5066.878114  
5081.157432  
5108.273722  
5080.00507  
5074.105013  
5063.106989  
5075.363371  
5077.851808  
5072.117391  
5068.005794  
5058.614689  
5051.363283  
5045.058459  
5043.251702  
5045.198977  
5039.695541  
5047.352661  
5048.375977  
5045.185659  
5050.582328  
5041.835342  
5044.511256  
5052.760129  
5064.204263  
5069.466388  
5062.759898  
5064.925917  
5051.763799  
5056.223852  
5046.9257  
5041.578792  
5030.030546  
5022.588977  
5030.46904  
5024.803826  
5027.128832  
5012.13883  
5008.232721  
5013.417479  
5013.620811  
5024.07233  
5032.302627  
5037.8468  
5046.972453  
5050.67684  
5056.889177  
5052.458098  
5050.100363  
5040.379881  
5033.880064  
5024.790451  
5023.639956  
5017.52875  
5020.211108  
5026.362488  
5027.89404  
5030.330854  
5024.941317  
5036.976855  
5026.42937  
5022.199944  
5019.678231  
5021.53027  
5030.216211  
5029.070031  
5032.205547  
5023.749026  
5028.331942  
5038.911391  
5036.743381  
5039.11854  
5027.621212  
5028.360832  
5024.919236  
5028.354816  
5017.583453  
5025.100454  
5022.450327  
5020.356325  
5025.539174  
5023.654581  
5024.691862  
5017.811254  
5008.893958  
5015.676518  
5017.180759  
5019.347678  
5013.294548  
5012.544196  
5015.416198  
5016.68737  
5010.067399  
5016.470739  
5026.187258  
5025.30915  
5018.663472  
5024.473158  
5008.677671  
5010.357841  
5003.444259  
5012.951273  
5003.424143  
5024.113458  
5058.392497  
5030.025838  
5035.29762  
5021.590267  
5035.562762  
5027.81704  
5028.381288  
5011.199925  
5014.434978  
5011.41925  
5014.36497  
5016.141806  
5015.516857  
5014.373053  
5019.589088  
5027.174633  
5031.251886  
5016.366913  
5010.998186  
5020.172242  
5020.186546  
5021.493068  
5021.991793  
5023.098898  
5028.78917  
5028.448991  
5031.251577  
5020.899393  
5015.140005  
5015.324984  
5008.995809  
5006.626032  
5002.686406  
4995.128018  
4995.216194  
4993.011475  
4994.698955  
4997.34092  
5000.030339  
5006.389374  
5013.3935  
5012.56147  
5010.419843  
5004.265799  
5016.300638  
5013.626599  
5007.708042  
5007.146876  
5008.46116  
5013.862701  
5012.161408  
5002.849919  
5008.755051  
5005.55424  
5006.054481  
5000.250848  
5002.184921  
5002.999141  
5007.032565  
5004.399223  
5007.332749  
5012.906378  
5018.335906  
5018.844471  
5014.073154  
5003.862626  
5004.094815  
5000.39806  
4987.281506  
4980.851316  
4980.954401  
4981.245274  
4979.778734  
4986.684147  
4987.190952  
4993.878066  
5005.241849  
5005.852561  
5006.327065  
5012.383805  
5023.975394  
5019.613075  
5030.817591  
5015.730703  
5013.353123  
5031.317253  
5019.556463  
5018.454664  
5026.427417  
5035.917269  
5029.593648  
5029.522946  
5028.563054  
5025.988762  
5020.730958  
5006.193589  
4994.923981  
4997.18624  
4989.88326  
4986.086385  
4978.499698  
4969.0386  
4961.371374  
4969.112414  
4981.407373  
4993.648636  
5000.262348  
4994.165636  
5004.072728  
5001.888284  
5006.391746  
5008.958915  
5011.798812  
5012.012292  
5002.785781  
4994.368494  
4987.838952  
4985.269123  
4986.87508  
4970.304997  
4970.60924  
4975.418369  
4978.836693  
4974.18635  
4975.271769  
4974.190905  
4981.712918  
4992.393507  
4996.52848  
5004.714595  
4994.751295  
4997.909415  
4988.158711  
4991.840264  
4987.973883  
4983.452289  
4976.20118  
4970.346829  
4976.796927  
4990.266246  
4995.653038  
5001.036698  
4998.389207  
4996.308907  
4994.605425  
4999.516476  
4998.445266  
4991.062  
4979.716165  
4986.921995  
4989.301715  
4995.970749  
4988.393916  
4992.572368  
4997.970788  
4996.296404  
5003.913584  
4999.179327  
4992.804515  
4991.585049  
4985.924217  
4988.846713  
4982.622835  
4975.169901  
4973.284118  
4976.669806  
4979.179988  
4981.229123  
4982.646934  
4989.093942  
4989.167317  
4988.933804  
4986.785984  
4987.124998  
4991.699084  
5000.35171  
5002.10454  
5002.435833  
4998.248732  
4991.444413  
4986.281111  
4980.488302  
4988.582703  
4987.728316  
4989.37036  
4994.307278  
5006.814994  
5011.56393  
5012.723946  
5023.984379  
5016.63602  
5022.944257  
5018.243864  
5018.181042  
5011.182765  
4999.387634  
4993.465033  
4993.372894  
4993.253836  
4994.988839  
4995.490625  
5000.536049  
4996.150065  
4995.194693  
5000.205982  
5005.254491  
5000.982702  
4988.586595  
4995.783787  
4992.616415  
4988.866382  
4980.220967  
4973.321096  
4978.357192  
4977.249925  
4979.584095  
4982.535449  
4998.325498  
5001.648182  
5009.233342  
5002.941294  
5003.109387  
4995.14987  
4990.240798  
4998.560555  
5000.508142  
4998.466371  
4998.934313  
4993.663603  
4998.759456  
5001.403923  
5005.598008  
4997.888746  
4996.969684  
4989.700066  
4990.576155  
4985.841471  
4987.789655  
4990.985702  
4995.611298  
4997.798393  
4988.784432  
4980.569811  
4976.593497  
4977.160803  
4979.721353  
4974.393116  
4967.663557  
4973.746538  
4967.953351  
4975.997718  
4967.00602  
4967.096119  
4971.602627  
4982.739464  
4993.32023  
4999.367023  
5003.463401  
5003.543259  
5002.810275  
5001.754622  
4995.956335  
4996.80204  
4990.418198  
4984.215543  
4978.47458  
4976.966981  
4981.892775  
4981.353243  
4987.668051  
4981.239845  
4983.440161  
4984.524523  
4987.987819  
4992.483173  
5001.747956  
5006.156469  
5009.411056  
5004.42757  
5000.656803  
5004.028024  
4998.990891  
4998.590128  
4997.109932  
5002.651278  
4998.064869  
4997.528023  
4994.966965  
4995.768299  
4994.511482  
4995.927415  
4999.075996  
5001.470411  
5005.262651  
5004.963357  
5011.169504  
5007.302474  
5017.075361  
5010.718345  
5017.972067  
5018.094304  
5017.479679  
5017.853194  
5014.762803  
5014.924846  
5014.247259  
5015.734352  
5012.016285  
5004.839763  
5002.448425  
5001.802478  
5002.178813  
5000.846227  
5001.617118  
5002.940423  
4999.494598  
5000.839687  
5016.456036  
5013.733751  
5021.90172  
5026.011938  
5037.767773  
5034.370805  
5027.78288  
5018.929091  
5015.185307  
5010.03135  
5011.570847  
5003.786476  
4998.734618  
4996.242881  
5001.931611  
4994.942483  
4996.719177  
4991.859813  
4991.360406  
4985.777139  
4992.918318  
4990.440995  
5009.624981  
5013.721453  
5009.845742  
4987.968968  
5011.825388  
5009.046072  
5016.947259  
5014.935628  
5011.924068  
5018.569791  
5035.655275  
5035.378769  
5040.872194  
5032.494989  
5019.870051  
5011.318956  
5016.252228  
5007.492462  
4996.215818  
4988.75632  
4991.056331  
4994.329413  
4994.981638  
4974.797256  
4978.972041  
4977.917294  
4995.692346  
4979.761239  
5001.985045  
5048.538762  
5007.62369  
5042.215371  
5021.204258  
5027.094874  
5008.206721  
5011.83139  
5000.95995  
5009.366993  
5010.696644  
5012.326862  
5012.41615  
5005.173545  
5016.999249  
5020.227647  
5022.845316  
5015.246824  
5006.31332  
5007.637046  
5010.002621  
5004.873791  
5005.048642  
5006.646876  
5005.419906  
5002.17025  
4998.490427  
4997.685161  
4994.847328  
5000.231001  
4998.245724  
4994.256159  
4999.803043  
5004.646901  
5000.637878  
5002.23202  
4997.30567  
5000.698834  
5002.572167  
5006.328912  
5014.350109  
5015.543116  
5015.927425  
5010.621918  
5016.696113  
5014.556939  
5017.871982  
5008.604606  
5012.554951  
5018.32881  
5018.335428  
5017.743738  
5010.650614  
5008.409232  
5006.25602  
5002.486366  
5000.135119  
4999.560534  
5006.449054  
5014.973112  
5022.213117  
5015.164534  
5017.91474  
5010.611803  
5012.473115  
5001.532913  
4996.626  
4991.476577  
4987.378073  
4994.727187  
4999.134402  
4998.397847  
5000.949387  
4996.934606  
5005.359232  
5005.570125  
5020.696977  
5012.819531  
5020.380585  
5003.703194  
5019.625339  
4991.039036  
5018.611602  
4947.546218  
4973.948845  
5035.981985  
4993.79181  
5007.219117  
5000.490567  
5018.461175  
5005.656557  
5009.326264  
5001.030556  
5014.343498  
5016.029032  
5029.299854  
5020.917283  
5025.954536  
5012.160561  
5014.341627  
5011.124145  
5016.678674  
5010.642407  
5002.499864  
4994.404344  
4995.389346  
4997.173041  
4997.574955  
4989.845319  
4994.963992  
4986.789513  
4991.156114  
4983.424587  
4984.219258  
4980.328834  
4986.013988  
4984.394551  
4990.196128  
4987.526175  
4986.188569  
4994.091164  
4993.938685  
4992.047765  
4992.136681  
