-0.04800413213  
-0.2003108642  
0.1563733771  
-0.2685750432  
-1.021235678  
-0.01332310059  
-0.3305345058  
0.634710025  
0.3996662938  
0.04377241006  
0.1510552095  
-0.2615157062  
-0.4917770838  
-0.301925314  
0.6432746115  
-0.08361379546  
0.08497759271  
0.2464845666  
0.2088321097  
-0.2763490447  
0.4081914497  
0.3114770972  
-0.2546841615  
-0.2497780312  
-0.1240286273  
-0.2021286297  
-0.4452232712  
0.07980302015  
-0.1271221498  
-0.2218673428  
0.4085617624  
-0.2798506814  
-0.07329786001  
-0.205224615  
-0.4204197938  
-0.05096165035  
-0.5675900369  
-0.6794468755  
0.07425434362  
-0.220061683  
-0.3162891647  
-0.09664182745  
-0.07948613158  
-0.05583041241  
-0.0233928279  
-0.106349917  
0.3190970198  
0.3248989571  
0.7091037029  
0.7580433397  
0.8447288511  
0.2940165286  
0.3671730794  
0.08438932405  
0.2389038514  
0.1168404844  
0.03912515543  
-0.08924768038  
0.04207428234  
0.1810857142  
-0.2221739441  
-0.07186762834  
0.3127876906  
-0.1178555609  
0.483502024  
0.2780123715  
0.1914762947  
0.2379952638  
0.3439257605  
-0.1858994822  
0.7112473806  
-0.1894450584  
0.6167057631  
0.4684162659  
1.084696014  
0.5686239974  
1.021738709  
0.4375924098  
0.8034219139  
0.3607711031  
0.6559272017  
-0.06412448052  
0.2020307852  
0.04955250382  
0.2768693733  
-0.2738850449  
0.02229118358  
-0.1420304308  
-0.2927911964  
-0.2149781397  
0.4151767739  
0.04274789125  
-0.2748072158  
-0.1143032973  
0.2180225444  
0.2455496018  
0.1027353271  
-0.2418552499  
-0.1859484458  
0.2446198337  
-0.2992297499  
-0.3588208743  
-0.4982811758  
-0.931977713  
-0.7258990408  
-1.419180214  
-0.0177310801  
-0.4276913501  
0.3288035454  
1.572531785  
0.1819881332  
0.7099798372  
-0.2457370444  
0.9697794791  
-0.4744549796  
-0.4322434535  
-0.9136763523  
-0.5419699897  
-0.446694349  
-0.1420037226  
-0.5067067535  
-0.5797885801  
-0.2458712569  
-0.1079988387  
0.07934897305  
-0.431514231  
-0.8326411602  
-0.3218171453  
0.8557033957  
0.7853078755  
0.6904914412  
0.01376209524  
0.005748299011  
0.260349128  
0.2117728888  
0.2233371323  
-0.3982374751  
-0.0543630829  
-0.08692493511  
-0.3515841351  
-1.047354188  
-0.6459776916  
-0.841857995  
-0.4007157925  
-0.3984097614  
0.2117521185  
-0.1829462049  
0.1062896016  
0.4180627945  
-0.6250933071  
-0.4851900626  
-0.4865043605  
-0.3861091592  
-0.6386602224  
-0.7094310863  
-0.2601973564  
-0.428273338  
-0.2065683282  
-0.4771455923  
0.1495832065  
-0.03821350229  
0.542152066  
0.1469659525  
0.7061716086  
0.3827434206  
0.2532696332  
0.406736208  
-0.1097708402  
-0.1885564299  
0.3265447678  
0.04803372713  
-0.2360257152  
-0.1261467926  
-0.5242087073  
-0.1402489585  
0.5263695096  
-0.2499333308  
0.05002838667  
-0.0396856076  
0.1910033081  
-0.05276490435  
0.1539084173  
0.5329553216  
-0.05170882987  
0.6426606772  
0.1976504209  
0.9560936787  
0.7672696267  
0.6717972414  
0.5124554207  
0.2821488402  
0.7106649286  
-0.1531525635  
-0.07775131747  
0.02806724816  
0.07578338709  
0.02862324972  
-0.01525215022  
0.8514138237  
0.04426849652  
0.2350482347  
-0.3327246575  
0.1952601416  
0.2525195211  
0.1233240815  
-0.3592213929  
-0.1313757819  
-0.5079851027  
-0.3265803869  
-0.3329575427  
-0.7303257079  
-0.9230913941  
-1.329686449  
-0.5021418876  
-0.403650503  
-0.6147671632  
-0.5338787222  
-0.2217343284  
-0.2388804997  
-0.3961887794  
-0.5137350673  
-0.3160264333  
-0.8003903902  
-0.7955878824  
-1.125458049  
-0.5687046998  
-0.5329952486  
-0.5926270418  
-0.8387908875  
-0.563050122  
-0.8397297704  
-0.5319483656  
-1.179791035  
-0.9465628676  
-0.5233565764  
-0.4026573895  
-0.4124577976  
-0.4872380441  
-0.3065588243  
-0.3015081535  
-0.5242845724  
-0.916755488  
-0.6370201425  
-0.6992064434  
-0.3354534927  
-0.4344180191  
-0.5716420561  
-0.1716227  
0.3145116237  
-0.0367646147  
-0.4929923587  
-0.02823528468  
-0.7315607787  
-0.6372996271  
-0.6796993722  
-0.729550622  
-0.3660105697  
-0.2882405871  
0.1456383883  
0.0370065592  
0.7218372809  
-0.2730252772  
0.2044656729  
-0.1669330258  
0.1715172631  
0.03744364917  
0.07835389207  
-0.1516560892  
-0.2065531929  
-0.1649030042  
-0.2370241599  
-0.08174420485  
0.1398071501  
0.04416074735  
-0.4179820672  
0.55614764  
-0.174491171  
-0.056868713  
0.3030924953  
0.2206471427  
-0.1739758008  
0.1467494257  
0.227063707  
0.3375286392  
0.3908125487  
-0.3221209902  
-0.005387106749  
0.1821525758  
-0.05430163639  
0.1067086085  
0.06745420093  
-0.09624546519  
-0.2397597142  
-0.07151240793  
-0.1957018072  
-0.1554588953  
-0.009522064638  
0.04957466595  
-0.09604200039  
0.08072691825  
-0.02622357192  
-0.1148205683  
0.2665042986  
-0.1840545389  
-0.3363546877  
0.02494142987  
0.02993741258  
0.6105539803  
-0.2822119142  
0.5236325041  
0.4307466547  
0.08000075499  
0.08314407579  
0.58489071  
0.3283580207  
0.55083702  
0.4724847533  
0.3865427017  
1.009677172  
0.6489437556  
0.2375780178  
0.3602451577  
0.3250657285  
0.4250144181  
0.7698533289  
0.5770859284  
0.9110910011  
0.6250451273  
1.164613437  
0.9926746298  
1.241957101  
0.1992001258  
0.117228156  
-0.006828282826  
-0.1698287604  
0.2331305463  
-0.2631942446  
-0.3627585299  
-0.9086920185  
-0.2421564674  
-0.5582034876  
0.304597818  
-0.2889999293  
-0.7410102581  
0.3327995971  
-0.4224248725  
0.2409399529  
-0.244666768  
-0.1392635313  
-0.2153297555  
-0.2770167505  
-0.6631732071  
-0.7917640811  
-0.3390403029  
-0.360533441  
0.07381159759  
-0.336992898  
-0.248937906  
-0.4542974826  
-0.09780714808  
-0.2567884587  
-0.03362611788  
-0.2952895725  
-0.09152422874  
0.1761031927  
0.27601243  
0.3134122563  
0.1999714713  
0.6476042968  
0.2762087213  
0.2862062057  
0.09555851052  
-0.2730077816  
0.3836978352  
0.00905043495  
0.21151662  
0.2231329102  
-0.2172848212  
0.186692652  
0.5739478014  
0.1992695216  
0.6918701824  
0.4725422925  
0.1835188157  
0.05781299563  
0.3205159112  
0.1692692457  
-0.69494195  
0.4140032177  
0.1934335015  
0.1500138668  
0.3521755058  
-0.07052704578  
0.4575934385  
0.2051715244  
0.1711628027  
0.6113907794  
0.1765329823  
0.8334701553  
0.5337468734  
-0.1682613461  
-0.01691139885  
0.1773773007  
0.08178343222  
0.06090531535  
0.3042474242  
0.9320491883  
0.3448457294  
0.4516612983  
0.4748661323  
0.1057999528  
0.1069849156  
0.5774003165  
-0.06826496631  
0.3837238106  
0.296393121  
-0.1976398505  
0.4212431236  
0.3745123902  
0.4705975751  
0.2558627295  
0.3080502208  
0.2152112629  
0.6844338686  
0.2531148943  
0.6439088875  
0.5083471958  
0.1151141018  
-0.04684404638  
0.5755463233  
-0.02798804492  
0.5442293159  
0.03825220584  
-0.2206006022  
0.5422548284  
0.2660017915  
0.0938408779  
0.4386076955  
0.3548674094  
0.4559928869  
0.174171426  
0.4574949455  
0.351363985  
0.1704043453  
0.2547100933  
0.05043989219  
0.4085405464  
0.2916511511  
1.058079473  
0.1014554058  
0.4758693562  
-0.5000381488  
-0.1352116191  
0.18438754  
0.1680758089  
-0.2491175726  
-0.3192844825  
0.02593088633  
0.430044786  
-0.1259526906  
0.2096213226  
0.04110235758  
0.08821670129  
0.1680424869  
0.5684778523  
0.04198847887  
-0.331252754  
0.01628507718  
-0.1363035641  
-0.7194673765  
-0.2825738482  
-1.23627304  
-0.1866969176  
-0.4295814661  
-0.2890271798  
-0.6891835799  
-0.1308419028  
-0.9946298092  
0.3088251135  
-0.6439545254  
-0.006753918655  
-0.09333151233  
0.01854292424  
-0.5509692028  
-0.2701722405  
-0.1660878556  
-0.4747734515  
-0.1684536579  
-0.1052548773  
-0.04571423103  
-0.4230784712  
0.5106608099  
-0.02862904603  
-0.5215528462  
-0.243116438  
-0.2249771641  
-0.5322703318  
-0.8324269578  
-0.3640785526  
-0.04006433938  
-0.3793273564  
-0.89625569  
-0.2308324275  
-0.0008108141803  
0.2077720046  
0.02462224984  
-0.3212613576  
-0.1355587725  
-0.2143497356  
0.1553924244  
0.1244910009  
0.3088441096  
0.1446612835  
0.09258497484  
-0.06545956335  
0.345116941  
0.4804060907  
0.6359999134  
0.3215154974  
0.1221618171  
-0.1017568313  
-0.3712791277  
0.08919066717  
0.2712870196  
-0.08300955397  
-0.199360764  
0.3289916679  
0.0752178189  
0.05555373032  
0.2497209414  
-0.09198976518  
0.1366244427  
-0.2601883937  
-0.2284368845  
-0.3045503575  
-0.03887375768  
0.1708199357  
0.1515762957  
0.2984874888  
0.0467526156  
0.2096925506  
0.2569272992  
-0.1021212223  
0.003656741275  
-0.4465601057  
0.3108973555  
-0.1794814756  
0.02185024998  
0.1722166219  
-0.1103305738  
-0.4131578018  
0.2369902149  
0.005012066084  
0.3298349636  
0.03225431426  
0.03520510748  
0.3408270309  
-0.09169498036  
0.1362115676  
1.394408329  
0.2842352227  
-0.5728595139  
-0.4512383187  
-0.3881049906  
0.2740247721  
-0.04302150377  
-0.36373578  
-0.1168531723  
0.2181518437  
0.4901378121  
0.1573775722  
0.06229608591  
0.2740780196  
0.01801138181  
-0.2899225057  
-0.1852241672  
0.3272649889  
0.206319048  
-0.1085128225  
-0.1415094517  
-0.6083658545  
-0.03144618835  
0.3465795624  
0.02260609844  
-0.1119377238  
0.3610984362  
-0.103979656  
-0.1306006339  
-0.07353743957  
0.3466080263  
0.6151454896  
0.4847497532  
-0.2066030003  
-0.1975987637  
0.2546133776  
-0.02341341296  
0.01313474971  
-0.003479677248  
-0.1177198593  
0.1990808265  
-0.03072074764  
-0.1488161562  
-0.3172885182  
-0.8217049764  
-0.47706824  
-0.3048496467  
-0.2635548004  
-0.09966263061  
0.07905790698  
0.154544647  
0.0512906437  
0.5064206945  
0.07438639667  
0.1802934077  
-0.08342114998  
-0.0286953571  
-0.1314959117  
0.09238729779  
0.3318804082  
0.06474943474  
0.55356129  
-0.08596854334  
-0.005451655439  
-0.08635837412  
0.03107187232  
-0.03726346641  
0.1576181858  
0.08812296342  
0.03595225421  
0.04159000523  
0.09281532836  
-0.1695530565  
-0.6854923949  
-0.5449315149  
-0.5573159203  
-0.7444727139  
-0.6874515912  
0.1799556836  
-0.442270024  
0.0412266715  
0.2969930943  
0.2190994084  
-0.07343465559  
0.6593829011  
0.3984461881  
0.07976128445  
0.4282756782  
0.6706758141  
0.3785712499  
0.5798929944  
0.2517893736  
0.1182844311  
0.1626283112  
-0.02459235201  
0.2584700582  
0.03443200166  
0.2003411032  
-0.1236496122  
-0.0282891161  
0.4595090006  
0.6231869975  
0.2109022141  
0.241420145  
0.1465600764  
-0.3705224166  
-0.4642662566  
0.0628263449  
-0.4081225897  
-0.2904185899  
-0.03893635829  
-0.2875218078  
0.1846765922  
-0.2738828364  
-0.06916638779  
-0.325491526  
0.02375646972  
0.4020532255  
0.5635866298  
0.06926706226  
0.2616037766  
0.7916329328  
0.5454594146  
0.4132038795  
0.3647233767  
0.02615137417  
0.5506301354  
0.2947513929  
-0.2126089181  
0.1249983339  
-0.04590553349  
0.1752358706  
0.3991612139  
0.586967751  
0.4061226059  
0.1177998997  
0.1302470379  
0.1310555595  
0.2100923867  
0.1662812176  
0.2927628657  
0.358028293  
0.5204340063  
-0.3955308941  
-0.1278996496  
-0.2369199001  
0.1122546664  
0.1482692774  
0.5608992969  
-0.1510128571  
-0.5875703912  
-0.006220961618  
0.1671571586  
-0.09626559633  
-0.5183601597  
-0.1830575965  
0.04303084383  
0.1416336253  
-0.2623272514  
-0.1613768988  
-0.01218635069  
0.03025129691  
-0.04130404019  
0.5456002416  
-0.03043799673  
0.04209993345  
-0.1272432261  
-0.01399996386  
-0.03305842784  
0.297730672  
-0.1484215648  
0.1768828443  
0.04037095127  
0.01859438856  
0.09972293012  
0.4213387498  
0.06983677423  
0.1874536676  
0.6751304208  
0.3655374932  
0.2830923188  
-0.009512502948  
-0.1840264175  
-0.8210093463  
-0.8926108037  
-1.319726242  
-1.670983184  
-1.897236447  
-1.240187436  
-1.159705945  
-0.8036971687  
-0.6341190991  
-0.7050756995  
-0.03889129317  
0.1064125896  
-0.1112456667  
-0.3124622727  
-0.5379026899  
-0.8098557622  
0.08626504267  
0.0195813582  
0.4212706529  
0.08422129144  
0.2391777778  
0.4476486409  
-0.4180671095  
-0.08414395574  
-0.633682236  
-0.6178046144  
-1.220286617  
-1.083501437  
-0.9470141855  
-0.7911000652  
-1.128220248  
-0.4430215954  
-0.5295770924  
-0.5793224576  
-0.9558146006  
-0.8111824863  
-1.538351149  
-1.074459526  
-1.394352519  
-1.338946311  
-0.823909995  
-0.3048349021  
-0.130578674  
-0.1583983079  
0.02093384878  
0.1534007882  
0.1538854676  
-0.3722763219  
-0.3974788521  
-0.3694842326  
-0.4773879536  
-0.1158570232  
0.03344917366  
-0.2410597638  
-0.07066669311  
-0.1413920329  
0.5207637824  
0.4010759696  
0.4907925443  
0.7495333286  
1.078092731  
0.9442136691  
0.8498330435  
0.6877988667  
0.4473406835  
0.07397546465  
0.2182635663  
0.3936211493  
0.4108130027  
0.1336767286  
0.25403877  
0.6504193243  
0.3318068808  
0.610767473  
0.1647855311  
0.3464513741  
0.534083667  
0.2325156307  
0.4730573893  
0.4165885564  
0.5963986621  
0.7923269231  
0.6683527726  
0.8204816531  
0.4326261657  
0.5794294377  
0.742487532  
0.457134776  
0.4716386713  
0.6433094321  
0.9211393466  
0.8901436917  
0.8500455451  
0.7215758041  
0.4742422637  
0.3025693214  
-0.05887678883  
0.2955814993  
-0.03167976325  
0.08278822075  
-0.04480911902  
0.1953419239  
-0.3954386957  
-0.3465060437  
-0.1362436126  
0.05604556218  
-0.15605517  
-0.1825994338  
0.1490622807  
-0.477789584  
-0.08535804997  
0.1595923872  
-0.2634413653  
0.1442273397  
-0.2182390012  
0.5978422538  
0.7126241508  
0.816125626  
0.4371571938  
0.03500747239  
-0.7843753206  
-0.587151423  
-1.072416052  
-1.323514103  
-1.511617363  
-1.644580968  
-1.668103894  
-1.499103393  
-1.221744569  
-1.395861949  
-0.9672365564  
-1.211014185  
-0.8858117299  
-1.680030348  
-2.236750848  
-1.509979828  
-1.706022642  
-1.932134495  
-1.499544628  
-1.479594165  
-0.9394568958  
-1.09083956  
-0.8984033932  
-1.5642402  
-0.8397117665  
-0.7153455456  
-0.8888833804  
-0.6080350315  
-0.7630240602  
-0.4488209979  
-0.2240736386  
0.1023807691  
0.2724931591  
-0.1370111223  
0.294220902  
0.5293988784  
0.4287071003  
0.490790517  
0.1435384038  
-0.1184746483  
-0.7475270432  
-0.5401773686  
-0.5091823293  
-0.7869161607  
-0.8255494927  
-0.7255608829  
-0.3920693032  
0.006469940605  
-0.03271623929  
0.1513169957  
-0.8321415484  
-0.451828506  
-0.5587429403  
0.1305496788  
-0.204240189  
0.05055650832  
0.4492354867  
0.6250147302  
0.3667177803  
0.2654049508  
0.5005275351  
0.6692978933  
0.5390214729  
0.3528033618  
0.3860894146  
0.4161798724  
0.06281254794  
0.2242064934  
0.08223000106  
0.1096813724  
0.4198894244  
-0.1026623782  
0.2109362899  
0.3270334999  
0.1935468026  
0.5763819209  
0.2247778857  
0.4344844059  
0.3964498133  
0.9944366877  
0.6151701794  
0.7145934967  
0.6712921856  
-0.1065626455  
0.3730417906  
0.1984078842  
-0.8081910457  
-0.9087021721  
-1.370147068  
-1.009427478  
-1.234214476  
-0.9510259212  
-1.00694426  
-1.061695734  
-0.4642012166  
-0.8076530851  
-0.9558089834  
-1.059481695  
-1.153275062  
-0.9281771309  
-0.8283051367  
-1.205778029  
-1.221571536  
-1.408576213  
-1.367560303  
-1.071196707  
-1.291721686  
-0.5162256787  
-0.2361396062  
-0.6736039761  
-1.120288758  
-0.880162574  
-0.6585435519  
-0.8682747345  
-0.677502212  
-0.7816676325  
-0.5192954362  
-0.121005451  
-0.2013050481  
-0.5420591708  
-0.2770218547  
-0.2627421027  
-0.4847439247  
-0.5130035027  
-0.2624762513  
-0.2927005687  
-0.4666076341  
-0.4634046038  
-0.5702874023  
-0.6234489626  
-0.167527928  
-0.3726939495  
-0.284896937  
-0.2596815732  
-0.050164129  
0.3861762532  
0.4557389377  
0.7740313683  
0.1714054826  
0.3281807264  
0.2597386868  
0.3874355073  
0.2573032312  
0.2131073996  
-0.1511456967  
-0.3063460648  
-0.2253962304  
-0.5397177511  
-0.2906494177  
0.003587125132  
0.4352774354  
0.3105222283  
0.5660019029  
0.4385460179  
0.8492843906  
0.5318362049  
0.2927361389  
0.07423472275  
0.2008223493  
0.6252806806  
0.3114501592  
0.2399586626  
0.3091054614  
0.3900199925  
-0.04008919635  
0.1386681826  
-0.08042602717  
0.4667623839  
-0.0907651906  
0.2412088751  
0.4475248397  
-0.03453979374  
0.5650529569  
0.818915649  
0.4653699841  
0.1808711945  
0.2208788816  
0.6956390026  
1.126326621  
0.5235780811  
0.5257863275  
0.6331895641  
0.4936599391  
0.5914971098  
1.086929263  
1.031866944  
1.307279315  
1.18274126  
0.4139154002  
0.432046694  
0.4881349126  
0.4750822058  
0.3822275047  
0.5161806907  
0.3654181825  
0.3917562142  
0.3377166551  
0.650306017  
1.039465579  
0.7108778735  
0.6139909819  
1.147418331  
-0.08160737197  
-0.4291677712  
0.1069920809  
-0.3804619312  
-0.6479401434  
-0.6241392069  
-0.8088994026  
-0.3565500697  
-0.4456680407  
-0.4261900782  
-0.5615052031  
-0.3246441093  
-0.5262532766  
-0.696175217  
-0.01779572312  
-0.2963373465  
0.1732810537  
-0.1786348263  
0.219082618  
0.2965216095  
-0.3134936522  
0.1116889919  
0.446445856  
0.6527373995  
0.2584829149  
0.01321340143  
0.3149101396  
0.2956564471  
-0.2144909699  
0.5777973943  
0.4873191224  
0.400084859  
0.5845129211  
0.5941650763  
0.4783085933  
-0.02659059613  
0.1827548783  
0.2393939422  
0.232091454  
0.1278623681  
0.006768751308  
0.07349973858  
0.3019919998  
0.5527023197  
0.7636046188  
1.211496725  
1.195304365  
1.211665313  
1.708901395  
1.268080337  
1.112239106  
1.420508648  
1.139836646  
1.114964822  
0.4977975538  
1.25422382  
1.162145327  
1.558118689  
1.272601389  
1.523755091  
0.7096671953  
1.186961208  
0.8626690013  
0.7978109236  
0.9895897103  
0.9423835636  
1.290089548  
1.158267104  
1.13375462  
1.522951321  
0.796792591  
1.409599476  
1.019671089  
1.401553092  
1.556006366  
1.27394968  
1.315366014  
1.211147082  
0.8771865727  
0.513601159  
0.8182241175  
0.3929445735  
0.1624627831  
0.3273669668  
0.4288898672  
0.2787928592  
0.4116896074  
0.8009485776  
0.1427100073  
-0.0552188323  
0.8163869914  
0.4606892548  
0.7669523941  
0.002561503437  
0.7624884586  
0.2831044453  
0.4915118109  
0.02728581603  
0.6166446219  
0.6104404699  
0.3030167832  
0.453286898  
-0.03480487441  
0.7379503221  
0.6413025909  
0.5671840275  
0.2893469963  
0.003609015337  
-0.1490237114  
-0.2447036801  
-0.6203870994  
-0.6355123317  
-1.10231962  
-0.550462667  
-0.6627865256  
-0.5317225264  
-1.194238676  
-0.8726518794  
-0.7553974081  
-0.3623385162  
-0.6100194711  
-0.9947609765  
-1.06477304  
-0.5156362228  
-0.7568277481  
-0.5625701349  
-0.4775838086  
-0.6616750502  
-0.5232136128  
-0.52146222  
-0.3542814216  
-0.785739911  
-0.8349108569  
-0.3297927103  
-0.4703760634  
-0.09035403035  
