3165.432689  
3162.316474  
3158.687371  
3154.377196  
3155.123368  
3154.998688  
3155.895307  
3153.898941  
3163.7406  
3161.427841  
3168.584892  
3169.163275  
3156.275201  
3161.255936  
3154.880891  
3153.095143  
3144.235113  
3151.031289  
3152.137871  
3135.977947  
3140.517517  
3147.69056  
3147.772373  
3146.709473  
3149.042478  
3143.506059  
3146.561451  
3148.599367  
3151.332656  
3158.873382  
3162.060456  
3165.437049  
3162.517992  
3163.741264  
3163.212614  
3161.978431  
3160.996986  
3159.124559  
3153.845171  
3157.749842  
3148.172307  
3159.763448  
3161.089796  
3163.918641  
3161.118538  
3163.557828  
3156.450665  
3164.427574  
3158.471405  
3156.481684  
3155.20712  
3152.751871  
3140.98188  
3141.931125  
3147.117677  
3142.639617  
3150.86343  
3151.055041  
3148.985228  
3157.293091  
3150.811299  
3150.865534  
3158.068191  
3154.216878  
3165.474969  
3162.895951  
3160.961795  
3151.934455  
3150.233171  
3157.068618  
3154.815962  
3158.75795  
3152.210152  
3153.364321  
3151.778207  
3154.188007  
3162.059574  
3149.43584  
3153.177016  
3156.409393  
3149.24676  
3153.058372  
3156.096447  
3158.512414  
3149.733665  
3159.849682  
3165.493114  
3167.274315  
3160.06413  
3157.23748  
3167.463196  
3157.704146  
3164.950079  
3158.964339  
3152.217087  
3158.689295  
3153.834144  
3150.431189  
3154.163401  
3154.387991  
3156.172545  
3153.82803  
3143.783779  
3156.969331  
3146.315725  
3156.777201  
3164.740979  
3158.936046  
3157.620437  
3156.333325  
3149.862483  
3147.733094  
3154.443574  
3153.787369  
3151.899301  
3153.864464  
3150.243464  
3157.360796  
3153.124298  
3152.459969  
3152.324492  
3154.996105  
3160.571178  
3157.837469  
3159.784218  
3159.674669  
3167.204053  
3158.735866  
3167.158509  
3162.617906  
3162.24039  
3166.817052  
3168.049867  
3170.651117  
3172.450932  
3167.511828  
3164.140877  
3162.740609  
3162.405731  
3164.74937  
3178.815059  
3159.570004  
3165.16441  
3170.360462  
3170.174676  
3166.481386  
3170.266098  
3165.554077  
3162.589908  
3160.800802  
3158.993443  
3163.944051  
3161.359631  
3160.500057  
3159.662737  
3161.042641  
3155.745852  
3156.98829  
3158.737725  
3155.098665  
3158.425409  
3160.343638  
3155.119162  
3154.391388  
3155.073874  
3151.988559  
3153.799218  
3151.646076  
3162.42453  
3154.958834  
3155.126024  
3159.203935  
3163.973668  
3157.606287  
3158.669957  
3155.364386  
3164.505614  
3161.531607  
3168.726053  
3167.078473  
3165.914919  
3166.476088  
3164.159596  
3167.394549  
3167.093794  
3159.418191  
3162.156207  
3152.186972  
3158.967429  
3155.872993  
3152.775368  
3148.867021  
3148.233736  
3146.553702  
3154.614014  
3147.177473  
3146.494679  
3161.757916  
3157.073974  
3149.644998  
3163.171968  
3167.323558  
3165.66833  
3168.27623  
3170.941873  
3169.818872  
3163.17325  
3164.275586  
3155.841407  
3154.506417  
3155.342556  
3153.225543  
3144.148724  
3148.904149  
3149.147508  
3152.193121  
3146.225506  
3149.443199  
3149.170715  
3148.57536  
3147.993172  
3150.503079  
3154.615122  
3161.474346  
3160.621078  
3147.100818  
3155.751728  
3159.206119  
3158.201126  
3161.403039  
3155.877707  
3163.645759  
3159.043942  
3161.32102  
3161.897011  
3157.75137  
3160.912547  
3160.63715  
3156.078052  
3159.071132  
3155.977246  
3157.583697  
3154.128557  
3161.934942  
3149.458725  
3154.89651  
3155.205752  
3149.080545  
3154.31572  
3152.646281  
3149.255375  
3163.595816  
3159.73513  
3154.49156  
3152.223103  
3151.65791  
3159.702128  
3158.447334  
3153.909165  
3155.220645  
3156.543857  
3166.562131  
3170.754803  
3161.299078  
3165.909811  
3159.996697  
3169.475932  
3161.245921  
3157.432466  
3159.997637  
3156.817869  
3159.239348  
3161.434378  
3156.807429  
3159.385943  
3154.989663  
3147.83609  
3149.29823  
3143.861998  
3140.042752  
3140.058544  
3139.18152  
3142.561647  
3136.195242  
3141.532774  
3138.96103  
3147.072112  
3145.809014  
3148.218526  
3154.117595  
3158.711329  
3155.944831  
3156.427338  
3146.680453  
3155.368997  
3156.637482  
3142.876432  
3152.277409  
3150.641677  
3147.790804  
3145.59238  
3140.22331  
3147.478809  
3142.228131  
3135.396108  
3142.148799  
3141.041755  
3136.314514  
3134.111927  
3138.783368  
3144.637065  
3137.068234  
3144.384404  
3142.425927  
3137.720079  
3133.278053  
3146.760816  
3142.248596  
3142.883814  
3144.756646  
3148.103172  
3149.164168  
3151.617081  
3149.026551  
3150.09802  
3152.085605  
3150.35765  
3148.050781  
3149.653325  
3148.479983  
3149.512584  
3147.419696  
3152.098229  
3140.786302  
3143.53957  
3149.320155  
3141.493033  
3143.788327  
3142.571122  
3141.278019  
3146.168557  
3145.879562  
3129.800949  
3148.542593  
3151.379795  
3154.437887  
3144.597445  
3135.840481  
3149.419489  
3159.324987  
3158.546231  
3160.068476  
3153.638503  
3155.282968  
3154.094521  
3160.164682  
3167.067468  
3156.105241  
3157.479023  
3155.65376  
3148.987567  
3137.768167  
3135.731543  
3140.842915  
3136.235147  
3141.18627  
3148.998489  
3149.288992  
3142.998718  
3158.406189  
3137.961364  
3146.534986  
3150.560141  
3148.983475  
3148.376538  
3144.914203  
3152.906693  
3155.527843  
3145.585507  
3150.409703  
3148.531351  
3147.195177  
3148.181643  
3150.788684  
3144.542297  
3139.282882  
3145.550468  
3143.108413  
3134.30016  
3132.352909  
3128.267228  
3139.617739  
3124.949437  
3133.362676  
3140.553263  
3139.3789  
3137.427653  
3137.836325  
3138.221265  
3147.042222  
3147.634525  
3142.552019  
3147.868686  
3148.126552  
3137.700106  
3153.179845  
3151.08143  
3153.311958  
3151.677444  
3138.938518  
3152.539808  
3147.682618  
3141.384838  
3140.099683  
3142.829499  
3140.992442  
3146.841319  
3148.788288  
3144.351916  
3137.590844  
3142.514812  
3141.144431  
3142.119469  
3134.32263  
3131.104709  
3127.152698  
3140.848968  
3137.381088  
3131.807899  
3140.753069  
3138.627723  
3153.582464  
3144.833394  
3146.311416  
3142.783545  
3140.010949  
3137.326552  
3140.639003  
3142.56345  
3132.481516  
3137.097716  
3133.396011  
3142.354956  
3148.028846  
3147.157505  
3143.947786  
3141.117965  
3146.200871  
3145.555205  
3153.812155  
3146.914808  
3145.902804  
3151.720739  
3141.7514  
3141.695762  
3144.796477  
3148.356695  
3145.387877  
3149.61442  
3158.473845  
3142.528966  
3139.320339  
3142.88178  
3147.083078  
3149.764573  
3139.516279  
3141.039754  
3142.625108  
3136.813799  
3132.544599  
3138.719936  
3149.170596  
3138.212179  
3141.271721  
3144.55045  
3149.075469  
3150.877891  
3142.277149  
3155.474692  
3147.885872  
3138.946435  
3151.869772  
3144.119549  
3152.823174  
3142.278101  
3143.656052  
3144.197695  
3144.975783  
3146.776632  
3144.20324  
3139.358745  
3140.501475  
3140.203191  
3138.083515  
3134.749967  
3139.881649  
3138.537057  
3142.923458  
3143.927234  
3137.974121  
3142.425931  
3140.333035  
3142.39623  
3146.056696  
3138.496272  
3136.718327  
3135.006589  
3132.589999  
3139.112885  
3142.575363  
3138.687232  
3145.018106  
3137.112349  
3146.253211  
3141.08564  
3146.285206  
3152.376342  
3137.499653  
3150.625744  
3143.334686  
3138.432213  
3151.393583  
3151.331893  
3147.551757  
3151.802115  
3147.356531  
3152.541338  
3147.941327  
3143.520665  
3147.913168  
3140.437015  
3149.057246  
3147.328659  
3147.35089  
3149.307077  
3145.551508  
3148.273753  
3149.36935  
3147.908274  
3153.759976  
3149.708781  
3158.596316  
3154.121602  
3144.380387  
3147.227384  
3148.66168  
3141.088712  
3139.83803  
3141.511827  
3144.707042  
3143.516394  
3146.419021  
3138.693055  
3144.277066  
3146.674859  
3136.890755  
3141.507345  
3143.137787  
3143.261317  
3141.834507  
3144.144133  
3142.517424  
3139.331245  
3136.628802  
3143.181108  
3141.853383  
3143.82862  
3139.7664  
3137.472643  
3154.028791  
3147.714397  
3144.245925  
3158.810111  
3151.715902  
3156.073937  
3157.371186  
3156.33669  
3148.001372  
3147.066091  
3146.05812  
3139.207272  
3142.373785  
3141.897426  
3142.423786  
3145.633973  
3142.120422  
3140.837446  
3141.296755  
3138.223658  
3145.00885  
3143.335605  
3142.475044  
3140.259832  
3137.367004  
3137.679553  
3141.166232  
3135.483751  
3138.836172  
3141.810107  
3148.50946  
