4324.778318  
4330.416554  
4355.32829  
4369.575855  
4361.277835  
4448.052256  
4422.926755  
4453.313698  
4460.226627  
4402.897887  
4397.983802  
4389.887167  
4397.264861  
4403.375372  
4387.979082  
4393.278477  
4370.866588  
4376.310904  
4372.03953  
4364.132675  
4359.140709  
4357.717541  
4363.813679  
4360.1503  
4354.648632  
4351.30515  
4343.552261  
4351.223405  
4349.812572  
4361.599207  
4357.753186  
4349.718414  
4356.74085  
4338.84893  
4344.178279  
4342.561925  
4344.324472  
4336.702237  
4327.424385  
4332.164829  
4328.274871  
4329.56231  
4332.038435  
4314.167457  
4321.390291  
4323.498074  
4328.257754  
4327.745133  
4330.768198  
4333.356405  
4338.75656  
4338.33979  
4339.705842  
4333.992554  
4331.061614  
4318.331005  
4313.33502  
4312.852037  
4318.352171  
4323.907189  
4323.984174  
4334.34282  
4330.10911  
4320.276696  
4326.64073  
4333.774217  
4314.085917  
4320.984668  
4325.370296  
4327.405743  
4328.678574  
4328.234646  
4333.064986  
4336.911209  
4344.926005  
4338.964178  
4337.261436  
4327.748072  
4323.035998  
4329.071779  
4335.060703  
4320.5691  
4323.073872  
4309.518649  
4316.164787  
4309.030927  
4314.079837  
4307.673743  
4312.001477  
4302.48967  
4306.442963  
4312.727676  
4308.093375  
4307.72286  
4306.63002  
4314.124021  
4322.226748  
4311.923842  
4318.618397  
4319.640698  
4327.546263  
4314.437723  
4318.72456  
4308.418629  
4306.656231  
4300.227295  
4316.059659  
4300.99044  
4341.108912  
4345.996826  
4334.269323  
4345.492132  
4344.322095  
4361.963676  
4362.353097  
4355.906601  
4331.857929  
4331.106269  
4326.345998  
4331.851546  
4335.096691  
4316.704669  
4328.04526  
4331.572845  
4337.264657  
4342.605992  
4333.44435  
4329.509232  
4330.879327  
4341.624239  
4334.541567  
4335.295787  
4336.026268  
4346.43011  
4340.471851  
4344.625041  
4335.081433  
4324.096837  
4325.077352  
4325.566468  
4319.812114  
4315.675259  
4307.89908  
4306.66908  
4303.862583  
4308.852279  
4309.388284  
4319.816266  
4316.301926  
4323.735628  
4328.534617  
4327.784327  
4317.2116  
4333.220981  
4326.966473  
4315.128686  
4319.027506  
4325.327201  
4325.478168  
4321.691717  
4316.266652  
4321.020624  
4317.605055  
4323.41742  
4308.09187  
4315.785557  
4317.11219  
4308.614533  
4318.360508  
4322.003268  
4324.818264  
4329.387683  
4330.401147  
4322.791829  
4318.229721  
4307.348311  
4312.028386  
4303.411615  
4289.288712  
4299.93841  
4298.460922  
4302.517659  
4309.472812  
4311.041065  
4306.680851  
4318.644344  
4319.302905  
4313.784898  
4314.79373  
4323.324058  
4331.099087  
4345.712613  
4327.434626  
4335.841684  
4355.632814  
4345.241476  
4343.951278  
4359.532644  
4372.205884  
4365.457231  
4360.997603  
4348.580641  
4342.321858  
4326.536627  
4312.975131  
4298.449076  
4310.078284  
4294.17009  
4294.732737  
4294.816801  
4284.347978  
4286.616079  
4297.384732  
4315.208632  
4329.913757  
4324.846172  
4322.063887  
4333.120926  
4329.642212  
4333.476572  
4344.588347  
4344.297043  
4354.703783  
4330.929032  
4327.575896  
4309.467535  
4304.632348  
4304.809215  
4283.510659  
4289.525713  
4292.074232  
4302.46475  
4298.013444  
4301.538191  
4292.956509  
4297.283358  
4316.399117  
4314.227113  
4306.440854  
4303.773391  
4298.504728  
4291.260035  
4295.097989  
4301.21417  
4301.825539  
4296.885765  
4284.011541  
4294.01044  
4304.499097  
4312.753817  
4319.168876  
4317.486364  
4312.781105  
4305.987879  
4319.425804  
4313.594203  
4302.514354  
4305.486244  
4304.210856  
4299.337996  
4302.566676  
4297.006851  
4284.199485  
4299.187381  
4296.227433  
4299.085163  
4302.80704  
4298.775518  
4297.067002  
4293.110995  
4298.307603  
4305.846709  
4311.476672  
4300.992172  
4302.573903  
4305.616861  
4308.543729  
4299.754458  
4308.416458  
4304.247924  
4308.498898  
4307.902528  
4305.929246  
4311.74586  
4306.433763  
4314.588116  
4308.702716  
4309.691855  
4316.927406  
4322.203134  
4312.481216  
4325.323562  
4314.15471  
4318.992949  
4322.591053  
4324.698712  
4327.797249  
4330.624362  
4337.740073  
4332.138362  
4334.384938  
4328.461376  
4329.509308  
4332.065163  
4313.597357  
4317.68605  
4311.285259  
4314.067845  
4319.668203  
4321.793936  
4315.370699  
4321.935123  
4316.140032  
4320.123838  
4319.070009  
4315.297242  
4314.016985  
4315.759968  
4315.974758  
4312.393288  
4304.438301  
4300.439027  
4307.142919  
4295.580724  
4305.400318  
4312.384035  
4324.18962  
4319.088617  
4318.608854  
4318.230563  
4328.885195  
4325.105497  
4318.937212  
4328.553735  
4330.747767  
4320.348686  
4318.17427  
4312.230066  
4306.855879  
4311.934109  
4318.62307  
4313.013194  
4314.23313  
4311.027086  
4315.488757  
4306.684521  
4315.423681  
4302.753782  
4313.17525  
4305.57647  
4301.923946  
4298.082542  
4285.398753  
4292.184296  
4295.111778  
4284.956079  
4284.159509  
4285.209146  
4292.608578  
4301.768901  
4290.648229  
4289.646235  
4293.673821  
4308.407958  
4314.409111  
4319.335805  
4314.049219  
4316.853016  
4313.43618  
4314.385077  
4314.311263  
4308.826183  
4310.025632  
4303.756192  
4295.490936  
4299.733272  
4300.271748  
4292.898917  
4299.107882  
4298.928252  
4305.12348  
4299.620178  
4304.45085  
4309.141251  
4313.89365  
4314.15777  
4317.149856  
4313.04171  
4304.026079  
4304.047269  
4297.662009  
4304.173891  
4299.881986  
4317.740966  
4304.45029  
4303.193667  
4297.409251  
4302.736244  
4298.605302  
4301.593965  
4301.395826  
4297.93927  
4301.298389  
4303.30639  
4307.952473  
4310.845263  
4306.521627  
4300.362582  
4307.642576  
4309.330429  
4308.633233  
4302.629777  
4308.325891  
4298.846169  
4302.136371  
4313.89928  
4304.776353  
4308.784942  
4299.119083  
4308.267554  
4302.624703  
4308.350209  
4306.297816  
4307.574297  
4308.909821  
4301.044284  
4312.016  
4312.763184  
4319.791044  
4321.313967  
4336.769405  
4340.164678  
4336.173594  
4336.647067  
4332.556565  
4321.785681  
4319.112535  
4307.386339  
4308.862067  
4303.947185  
4301.249423  
4299.60891  
4295.840303  
4293.229217  
4293.920779  
4291.338221  
4297.084672  
4298.998296  
4327.217185  
4321.258689  
4327.203071  
4298.897014  
4335.630998  
4335.683614  
4351.748701  
4353.982174  
4338.408918  
4363.019545  
4372.068968  
4375.344909  
4373.908907  
4359.900905  
4331.996181  
4332.444349  
4323.878243  
4315.223337  
4302.141199  
4304.321177  
4301.321007  
4308.023552  
4310.709555  
4293.899049  
4301.771588  
4305.692763  
4314.352654  
4315.724474  
4317.176616  
4393.544632  
4361.00584  
4353.811081  
4356.474472  
4358.003262  
4350.165414  
4345.691456  
4341.79664  
4344.100409  
4335.711857  
4335.202113  
4341.818077  
4338.263015  
4344.588176  
4345.052794  
4348.249008  
4335.596478  
4331.904306  
4337.062647  
4341.885652  
4333.390964  
4329.770344  
4340.263914  
4330.595578  
4328.602447  
4333.828388  
4326.864978  
4330.931505  
4330.97413  
4340.664341  
4326.723365  
4323.131814  
4325.834067  
4326.551653  
4325.113868  
4317.797931  
4321.157176  
4327.039895  
4330.612416  
4337.230679  
4341.523656  
4341.914238  
4344.9546  
4352.012012  
4339.305395  
4335.471741  
4328.156538  
4327.196283  
4330.631269  
4322.634955  
4323.663723  
4327.021965  
4328.715481  
4331.827499  
4336.699126  
4333.749545  
4334.863813  
4346.675907  
4343.745761  
4356.824598  
4337.189754  
4336.04479  
4324.648688  
4337.616264  
4324.715142  
4313.66879  
4322.581472  
4328.487933  
4330.139893  
4333.311609  
4330.50595  
4329.307299  
4332.174802  
4336.636204  
4338.191135  
4339.212963  
4341.627159  
4336.649709  
4338.088881  
4338.606812  
4335.9465  
4341.723481  
4353.449458  
4363.230894  
4362.531766  
4349.352092  
4357.203811  
4356.857685  
4363.124671  
4355.441652  
4356.706494  
4353.640028  
4359.095728  
4371.194493  
4368.837643  
4355.979583  
4355.643656  
4346.509562  
4335.74293  
4335.39729  
4339.391151  
4330.640488  
4316.479512  
4319.255445  
4315.864403  
4319.62718  
4316.755567  
4303.468863  
4305.14616  
4303.574908  
4308.940015  
4308.509495  
4301.407626  
4305.883055  
4310.066107  
4309.345194  
4306.804433  
4311.984939  
4312.569825  
4319.439455  
4318.35559  
4310.157331  
4320.615358  
