-1.452767669  
-0.8961946168  
-0.8769126018  
-0.3606573329  
-1.047514819  
0.6853954284  
0.05891046932  
0.118353971  
1.827205893  
0.1150683459  
0.4978131196  
-0.3019555452  
-0.4645177096  
-0.3099235631  
-0.3681991575  
-0.1111466162  
-0.4726634575  
-0.5182007236  
0.01345876782  
-0.4942558411  
0.1538219985  
-0.7465504944  
-0.206452825  
-0.7283347741  
-0.1621709846  
0.04717848976  
-0.1340634768  
-0.5250474978  
-0.01837637614  
0.5410992268  
0.5278999404  
0.1581852654  
0.07008966659  
-0.3252199018  
0.2966561676  
-0.1019658454  
0.1540520685  
-0.6064297765  
-0.2132424817  
-0.2333535573  
-0.6143745012  
-0.3384018094  
-0.1940545143  
-0.9587969373  
-0.4377211147  
-0.1146831857  
0.01421749166  
-0.5047808679  
-0.2283658671  
0.001964906511  
-0.04535375081  
-0.1191079356  
-0.3225261283  
-0.2321709498  
-0.5398033047  
-0.6264704717  
-0.7822367802  
-1.129635683  
-1.201298572  
-1.047992198  
-0.7524581989  
-0.5446926803  
-0.2757371405  
-0.4623543467  
-0.1033213396  
-0.7489541677  
-0.2258615857  
-0.8225745593  
-0.09928144275  
0.2186437794  
-0.4548688414  
-0.1663794414  
0.1633753987  
-0.04326790603  
0.2755223719  
0.4038615241  
0.4964699061  
0.115232161  
0.4181021773  
0.5796022622  
0.2855299498  
0.5135960751  
-0.2264968914  
0.1453229933  
-0.2641627538  
-0.646073195  
-0.4056522571  
-0.2615335557  
-0.5937343503  
-0.8946169492  
-0.5562989454  
-0.7812682224  
-0.6413604864  
-0.363727448  
-0.497643477  
-0.5441431307  
-0.1997398085  
-0.7211597951  
0.1227182104  
-0.5592773988  
-0.466152933  
-0.8476889704  
-0.10892775  
-0.758471347  
-0.7322941379  
-1.286158045  
0.07081915296  
-1.300872362  
-1.452827158  
0.2803804882  
-0.802690427  
-0.1938903549  
-0.7527158915  
0.5087390212  
-0.2361747087  
-0.3079366925  
-0.5227236693  
-0.6670586668  
-0.3563039837  
0.3156901428  
-0.1012295982  
-0.138869589  
-0.4414490562  
0.1145472801  
-0.01088249293  
-0.03485938223  
-0.4012726863  
-0.6952454495  
-0.3220473476  
0.005188996185  
0.0145889631  
0.146302538  
0.2002814478  
0.5282311165  
0.2934487481  
0.4989149538  
0.2020243481  
0.3783674462  
-0.03263481477  
-0.2475372267  
-0.6361571145  
-0.5908334273  
-0.7864126235  
-0.2584914525  
-0.003414361828  
-0.4124884472  
-0.4398345227  
-0.1234323795  
0.3849118578  
0.3970166121  
-0.1125916339  
-0.2467619811  
-0.4274610116  
-0.04658398111  
-0.03331464612  
-0.4330091212  
-0.606989946  
-0.3928260762  
-0.06052342838  
-0.2918876862  
-0.3152291734  
-0.3581859119  
-0.3860410921  
-0.1343842695  
-0.2765451146  
-0.304883003  
-0.08085860655  
-0.3513708797  
-0.03329913505  
-0.1916041337  
0.5573377329  
0.8928413737  
0.7183713856  
0.1757601297  
0.08987282397  
0.3438566301  
-0.03506081169  
-0.6497178594  
-0.5796795163  
-0.401159592  
-0.3358466632  
-0.4485573757  
0.01379865565  
-0.5922654497  
-0.3946821813  
-0.1209868016  
-0.3316217017  
-0.7746247035  
-0.1442574403  
0.08000731266  
-0.08235798661  
0.3298233726  
-0.4739102701  
0.1334333918  
-0.1030325462  
0.1251503061  
0.4236633962  
0.6031589535  
0.517012237  
0.3052925198  
0.5132570774  
0.4031055198  
0.3168819803  
-0.001368829977  
-0.9232263817  
-1.056379973  
-0.5065139905  
-0.5207494359  
-0.6956819695  
-0.8712322628  
-1.002506964  
-0.8517565833  
-0.7995080283  
-0.4855371611  
-0.2193673976  
-0.1207464924  
-0.4279798274  
0.03235754199  
0.1283279835  
-0.2265259723  
0.1029705629  
-0.01220592019  
-0.2727512681  
-0.485660883  
-0.4946278042  
-0.824997302  
-0.9625772178  
-0.5871128927  
-1.052288208  
-0.8939905964  
-0.4573092686  
-0.5134143592  
-0.3176554768  
-0.7100841066  
-1.287673993  
-0.8634535703  
-0.2678315039  
-0.1645389442  
0.05036242127  
-0.2681779259  
-0.3009459316  
-0.4204650872  
-0.3409555056  
-0.6452835493  
-0.1236662904  
-0.3878793362  
-1.042065546  
-0.5771910629  
-0.5223335702  
-0.2020009269  
0.03854034642  
-0.3723450838  
-0.3526682388  
-0.1942209347  
-0.2822541217  
-0.5317993093  
-0.572436765  
-1.132587537  
-0.487363594  
-0.7350003999  
-0.3146212182  
-0.7934857449  
-0.7831726815  
-0.9901111491  
-0.9341395936  
-0.4205670442  
-0.5991733034  
-0.9906049676  
-0.7487253073  
-0.6854775406  
-0.6646502124  
-0.7768044236  
-0.5968206715  
-0.02250458459  
-0.4418231383  
-0.2431684559  
0.02186718314  
-0.3987480727  
-0.1211410241  
-0.1794973787  
-0.2218075462  
-0.5550799264  
-0.1118342227  
-0.6541445213  
-0.4279272821  
-0.3029134509  
-0.5357751642  
-0.5918222697  
0.1840040373  
0.2780127797  
0.2170124638  
0.5064723323  
0.1284086604  
0.5539609115  
0.725599147  
0.5161792782  
0.2802081009  
-0.2248041847  
0.1761403636  
0.1118599214  
0.4095950821  
0.006416450592  
-0.05523491245  
0.411800243  
0.2963188865  
0.1312162659  
-0.5846645871  
-0.347925792  
0.5471192224  
0.3463311263  
0.234243537  
-0.1949820866  
-0.005233334259  
0.03389760605  
0.2303525293  
0.2718948849  
0.6364712215  
0.1254817463  
0.1142351477  
-0.1414738415  
-0.2733364334  
-0.008499847842  
-0.3380224013  
-0.8207410068  
-0.7209231063  
-0.9277823776  
-0.301551814  
0.03556045807  
0.5013101984  
0.2958343328  
0.2810153779  
-0.2993887469  
-0.3328607039  
0.2156187976  
0.08059589531  
-0.146246293  
-0.2541634477  
-0.410164967  
0.1537378738  
-0.3316896599  
-0.01365270755  
-0.1187469099  
-0.5849979498  
0.1637672306  
0.2817145848  
0.1905838486  
-0.2793885384  
-0.3809567  
0.003080590688  
0.05016608359  
-0.4134962386  
-0.1059181407  
-0.01678441746  
-0.4578247983  
-0.2339073419  
-0.7524093641  
-1.072929833  
-0.6162706969  
-0.5569602095  
-0.05653015679  
-0.2924767139  
-0.3430161081  
-0.3139595081  
0.3412772639  
0.6824340016  
0.0608419196  
0.7297146106  
0.5514213775  
0.3290856623  
0.5142222782  
0.2437648918  
-0.01443040391  
-0.09290468969  
0.1601678227  
-0.03228521529  
-0.3997037325  
-0.4491625265  
-0.05358708806  
-0.05244028909  
-0.2307148825  
0.3202571769  
0.05020922995  
-0.06692922268  
-0.2271271654  
0.1676867382  
0.3509347923  
0.3559877165  
0.010918155  
0.5998198618  
0.2858732566  
0.07168169141  
0.2421539463  
-0.5331559696  
-0.1271533261  
-0.2942667662  
0.1665617929  
-0.1451202653  
-0.02418402826  
-0.2016585283  
-0.1943270644  
-0.341491743  
-0.1104682654  
0.02005323421  
0.4498677396  
0.5141770402  
0.7757590068  
0.659695219  
0.241840177  
0.5936189859  
0.4295775379  
0.7106141462  
0.7221749475  
0.4832891034  
0.3815209163  
0.6571057804  
1.043976502  
0.6182619286  
0.9273505138  
0.4793972775  
0.5051368434  
0.3945468511  
0.555253212  
0.5524053299  
0.6024793333  
0.5442090369  
0.09994857384  
0.002058043906  
0.3314496751  
0.2541553818  
0.9714290855  
1.494611309  
1.007860103  
1.078962172  
0.5137182178  
0.6872727559  
0.3868995264  
0.06900367947  
-0.02087748162  
-0.2374356692  
0.06780124185  
-0.01591548768  
-0.1700631523  
-0.2665946513  
-0.2672719547  
-0.08300256511  
0.08009401707  
0.09180719271  
0.05123358529  
0.1986673831  
0.8434291306  
0.509521868  
-0.2956611433  
0.1506785331  
0.1978144665  
0.5294433787  
0.908860326  
0.7752757729  
0.4658766978  
0.9167994388  
1.193534295  
0.5321427976  
0.4687274854  
-0.2719441413  
0.1970102466  
-0.06447872282  
-0.3050445845  
0.2513039268  
-0.1079694106  
-0.2899702564  
-0.4383882244  
0.28600603  
0.08066481285  
0.155679763  
0.1024993998  
0.610985642  
-0.0842937694  
0.5911433387  
-3.485904145  
-0.05398925656  
0.6612441072  
0.4614838118  
0.8469505096  
-0.1801335088  
0.4885554631  
-0.08741997086  
0.3335119865  
0.1869804341  
0.3591629289  
0.3255533811  
0.2075097448  
0.1314090828  
0.3813911997  
0.2073220875  
0.1260871431  
-0.06020691952  
0.3186433265  
0.40486895  
0.4101058635  
0.03605247721  
0.2804434141  
0.5474489961  
0.3356031158  
0.01644094708  
0.06986035959  
-0.1929855866  
0.06492136092  
0.01527253632  
-0.1141265476  
0.07197500316  
0.3936630364  
0.0524814411  
0.1213977586  
0.3407171869  
0.2037662427  
0.5703861224  
0.5527153264  
0.5893039615  
0.7523623146  
0.6352521391  
0.9617344199  
0.8800986656  
1.187399162  
1.077386196  
0.7714141967  
0.492767486  
0.8600731727  
0.5983966623  
0.3636243224  
0.1793121973  
0.5783281971  
0.7452808816  
0.5825436096  
0.612526708  
0.7072545584  
0.6564685626  
0.9630896454  
1.546203326  
0.9314677168  
0.9059256283  
1.072432876  
0.9319467925  
0.7614063948  
0.3059311123  
0.1923101008  
0.0913204943  
0.5987653524  
0.3281521252  
0.4234017278  
0.7590437403  
0.8213581682  
0.7321294162  
1.042914725  
0.8088508211  
1.226697433  
0.7618621688  
0.7667146057  
0.9078124257  
0.6223308719  
0.7367761721  
1.080114721  
-0.3389688  
0.4854083381  
0.1284259243  
0.4977400406  
0.830624419  
0.7445148668  
0.8282110021  
0.3107068566  
0.3498774819  
0.9199363348  
1.104334719  
1.603881339  
1.639555507  
1.279504122  
0.6601927345  
0.6938265296  
0.9521575207  
0.7152563263  
0.6721125315  
0.228421358  
-0.0317950129  
-0.08722064809  
0.03053061925  
0.1169222718  
0.1391956581  
-0.2074014481  
0.1380317204  
0.2362217029  
0.08819386248  
-0.3419814852  
0.1981947415  
0.2731271336  
-0.008348813963  
0.2693379417  
0.1734110031  
1.34923724  
0.9176709297  
0.7058594519  
0.6069091927  
0.282732589  
0.8888290444  
0.3193395556  
-0.2495040257  
-0.4844062512  
-0.4257424387  
-0.5455844947  
-0.174833231  
-0.3480522794  
-0.1200695665  
0.06561885139  
0.6799531674  
0.3756994639  
0.8478727446  
0.3594730184  
0.1387294424  
0.2321494971  
0.1160431632  
0.1030558832  
0.3931178348  
-0.03166712907  
0.1906855761  
-0.1405492264  
-0.3345835342  
-0.4269592287  
-0.3367742201  
-0.1630240916  
0.2166248843  
0.3670101758  
-0.1306028148  
0.2701494473  
-0.5207843789  
0.2107705917  
-0.2276176164  
0.005842334785  
0.1459163799  
0.0064451693  
0.07180953659  
0.4137727646  
0.7340861236  
0.5723082069  
0.2028896326  
0.393545157  
0.5920419682  
0.1892674726  
0.26477335  
0.4908716385  
0.2018877519  
0.3630604772  
0.02821274422  
-0.2207740586  
-0.234108262  
-0.4300768631  
-1.13089172  
-0.8714740128  
-0.8032467509  
-0.6669777635  
-0.3106807054  
-0.2776837303  
0.2676289087  
0.007110032117  
0.2460578475  
0.7798054583  
0.8149802713  
1.25548732  
0.7446920184  
0.9807980037  
1.019777255  
0.9197033737  
0.2439682586  
0.2326475839  
-0.03064945749  
0.2920788721  
-0.1529963599  
-0.7111321422  
-0.9795890231  
-0.4909316756  
-0.3901169895  
-0.6920330198  
-0.7025867448  
-0.912261537  
-0.5428993113  
-0.4363165271  
0.0275750737  
-0.3172286135  
-0.9031139558  
-0.2269314145  
0.1255775913  
0.1952021078  
0.2946657848  
0.1140337613  
0.3382086795  
0.4687498747  
0.7555736576  
0.09751307524  
0.1213174879  
-0.1753570807  
-0.01218307102  
0.3401464522  
-0.3561871242  
-0.07115328236  
0.1887620379  
-0.5152815426  
-0.2695730573  
-0.2129588758  
-0.5292736856  
0.3334006256  
0.435199388  
0.6275024999  
0.06339276004  
-0.05243137975  
-0.09865103485  
0.170524799  
0.4734828849  
0.1506878828  
0.3160642565  
-4.200087206e-05  
0.40709573  
0.4039448112  
0.1727943129  
0.1619945732  
0.4954050689  
0.7348334941  
1.007426518  
0.963807529  
0.4463746013  
0.6037427088  
0.6194337661  
0.450119356  
0.8118991776  
0.4332022608  
0.589527925  
0.5178140477  
1.062924042  
0.7551841829  
1.393529496  
0.9667353294  
0.5693006032  
0.4739899718  
0.9841218224  
0.2478937684  
0.8012110717  
0.4034002835  
0.4034780476  
1.06937039  
0.9865467524  
0.9210675991  
0.3220504375  
0.3130007371  
0.02299230047  
0.4582535117  
0.1910168588  
0.09208534638  
-0.1042724875  
0.357112828  
0.541756557  
0.05578107397  
0.2314348906  
0.2898844137  
-0.04134844493  
0.1823930681  
0.3933372225  
0.08355055289  
-0.0892732878  
0.115074673  
0.1186072171  
0.1780438037  
0.331113023  
0.1451318722  
0.347375486  
0.5226643042  
0.3066071616  
0.85896453  
0.2099673521  
0.1948730718  
0.2140822212  
-0.03849068009  
0.02458673248  
-0.03103500513  
0.3087697998  
0.1936507135  
0.1460788782  
-0.2213406672  
-0.3368984919  
-0.00245382469  
0.002629253496  
-0.1418936593  
0.2175001086  
0.3085457193  
-0.08868237832  
0.5692994983  
0.1773476119  
0.2122484723  
-0.3716466966  
-0.9854183503  
-0.4554282656  
-0.7465386093  
-0.863694817  
-0.2479260061  
-0.4416003339  
0.2030358609  
0.1490755825  
-0.084870441  
0.1221048472  
0.5810706912  
0.6843126894  
0.6828135027  
-0.1658890825  
0.112603709  
0.336483551  
-0.3642367098  
-0.079389408  
-0.2644052473  
-0.3120385465  
-0.3717905187  
-0.1654736698  
-0.6174480327  
-0.3820787108  
-0.3579550799  
-0.5908363187  
0.1423495841  
-0.009221714904  
-0.5728174027  
0.07015812357  
-0.02300271582  
-0.1049376211  
0.5204810978  
-0.1109590942  
-0.03596488871  
0.04680480099  
0.2936453322  
0.7651716198  
0.1266367994  
0.7202821416  
0.7056954075  
0.5353808832  
0.4480077413  
0.1306522965  
0.4523991804  
0.1511032128  
0.3229619595  
-0.06463430482  
-0.2119885963  
0.07858920417  
0.273889551  
0.4191572092  
-0.1687425767  
-0.5496054237  
-0.5098741278  
0.1567943046  
-0.02214634585  
0.2074155878  
0.7340391135  
0.1690018418  
-0.1817665253  
-0.2996258605  
0.306530206  
-0.3017980812  
0.1685832048  
0.4037198502  
1.00355103  
1.022554057  
1.165194887  
1.263707381  
0.5579585494  
0.6552511728  
0.05250774076  
0.3576879997  
-0.1102786681  
-0.08155863846  
-0.1030475143  
-0.1129696076  
-0.3445628924  
0.1978684714  
0.3774596626  
0.03987764783  
0.1906043177  
-0.2926115304  
-0.5700652488  
-0.3302098894  
-0.57032866  
-0.8084295718  
-0.927879831  
-0.5051192258  
-0.3939651967  
-1.122183178  
-0.6353134848  
-0.3154876558  
-0.4580463343  
-0.4966750609  
-0.630525731  
-0.4544113831  
-0.2665942027  
0.1740400324  
0.2107794023  
-0.1220723432  
-0.3042240196  
0.2145561349  
-0.248788746  
-0.3091771952  
0.2727543741  
-0.1456290861  
0.05302642676  
0.8404126183  
0.507349151  
0.3178259405  
0.4296575616  
0.2112230781  
-0.4244447033  
-0.2799257183  
-0.1971587175  
0.2124242264  
0.1085670647  
-0.2535949239  
-0.09622202663  
-0.2551023811  
-0.7538490353  
-0.5342022422  
-0.7995777909  
-0.8898441691  
-0.9222937228  
-0.9364099375  
-1.05525182  
-1.139312595  
-0.6301466438  
-0.2773122438  
0.2098238903  
-0.2732930266  
0.1849924834  
0.2766170555  
-0.3007697779  
-0.4301550045  
-0.372115571  
-0.06622157154  
-0.1444457097  
-0.7544792783  
-0.5380018793  
-0.3038843426  
-0.1334113619  
-0.1925020227  
-0.3814069934  
-0.5623213647  
-0.7106992043  
-0.7098788788  
0.02444692351  
-0.1724135204  
-0.2222931207  
-0.3544526371  
-0.9459397564  
-0.1818991203  
-0.08145543987  
-0.3757681906  
0.155910422  
0.02285554749  
-0.05189361195  
-0.9967016247  
-0.5452443305  
-0.4350527562  
-0.3175734136  
0.01712634868  
-0.3071804189  
-0.361780602  
-0.5736504968  
-0.5472813117  
-0.380458501  
-0.5890217911  
-0.5780669558  
-0.4620304952  
-0.2030031483  
-0.6615112026  
-0.08160363088  
-1.04099392  
-0.9178422314  
-0.6915142827  
-0.6687315537  
-0.4452294248  
-0.4388031906  
-0.1325638993  
-0.3764694032  
-0.4005116477  
-0.6624554341  
-0.2557649572  
-0.07203705474  
0.220498144  
0.5117888412  
0.1749416043  
-0.2399469489  
-0.3940411079  
-0.2798682533  
-0.4044374718  
-0.3873123686  
-0.6773041406  
-0.6674313182  
-0.6601785407  
-0.3989612994  
-0.7692988856  
-0.9038058308  
-0.7946189765  
-0.5883116926  
-0.2819418492  
-0.2594551711  
-0.3480802888  
-0.03686078321  
-0.1669620227  
0.08415208626  
0.1588800348  
0.1848065769  
0.009889192501  
0.5620881888  
-0.0480602241  
0.03728991923  
-0.6896024905  
-0.4833696757  
-0.5963206154  
-0.4203127778  
-0.3790769569  
-0.2416559159  
-0.1219837691  
0.2592349452  
-0.4300288249  
-0.6314107331  
-0.4140226782  
-0.5783691691  
-0.08296176551  
-0.704180782  
-0.7868694902  
-0.6469493543  
0.3648375435  
0.3154324719  
0.2096900233  
0.5790751915  
0.966142712  
1.052184823  
0.4970463547  
0.3759572997  
0.5261474644  
0.3176699771  
-0.1636022534  
-0.08295010552  
-0.2572543709  
-0.6082701506  
-0.04239004074  
-0.295086861  
-0.2175434165  
-0.2367701396  
-0.4546800502  
-0.2777659559  
-0.4472804998  
-0.2008022913  
0.08319306428  
0.1266617858  
0.116633458  
0.0823660708  
0.4975289649  
-0.01216906358  
0.3686516163  
-0.3950199467  
-0.2276578056  
0.280694037  
0.1694444698  
0.5716190731  
-0.1803680599  
0.2514891395  
-0.2948236567  
0.3332301828  
-0.1880893183  
0.3429313862  
-0.1401930363  
-0.6043173362  
0.2969691949  
-0.3647211602  
-0.3795518753  
-0.4979711893  
-0.3706813051  
-0.1977778609  
0.1618640904  
0.16599051  
-0.3456553478  
0.6343598303  
0.08575920219  
-0.2757905231  
-0.006060453403  
0.1755783981  
-0.2356247184  
0.1867024772  
-0.7285808282  
-0.4774151297  
-0.476260074  
-0.3136113443  
-0.4558610582  
-0.4813330279  
-0.1494717554  
0.008970765641  
-0.2454943062  
-0.2805311431  
-0.2217211292  
-0.04773273049  
-0.242905301  
-0.03499606748  
0.1328359817  
-0.8246919395  
-0.124687415  
-0.3453601644  
-0.5495172339  
-0.1882809874  
-0.5273044191  
-0.1572222195  
-0.2920375811  
-0.4551088922  
-0.470505739  
-0.2335397036  
0.05169489328  
0.150476808  
0.5600898231  
0.4983577239  
0.1856997343  
0.128092866  
0.1552352578  
-0.1434869454  
0.1055559146  
-0.07472287542  
-0.2557002781  
0.2382616679  
-0.003391461428  
0.1890705784  
0.2299471978  
0.5866732179  
0.2048499593  
0.324848  
0.1093748565  
-0.2042696971  
-0.02134685826  
0.4954880809  
-0.08637975936  
-0.2524105224  
-0.5432227503  
-0.1611691919  
0.1426784516  
0.7925351351  
0.1830519122  
0.6793627894  
0.9098688652  
0.5336840429  
0.9194837733  
1.005328487  
0.8039802488  
1.088863462  
0.9149917899  
0.7812796999  
0.3340966018  
0.5467332771  
0.5025235944  
-0.04476362351  
0.08302371391  
0.2425736591  
-0.0169654787  
0.2714476344  
-0.1905769578  
-0.2829653954  
-0.1273000193  
-0.2885339409  
-0.1416954882  
-0.05949905375  
-0.0898851574  
-0.6181763094  
-0.04532772459  
-0.3071734961  
-0.360859161  
-0.2354277298  
0.134763138  
0.3367570632  
0.1836106183  
0.1197036762  
0.3362551733  
0.2708940823  
0.7189064317  
0.5860560595  
0.007611790278  
0.09199178293  
0.2534329232  
-0.2407549771  
0.2521046813  
-0.1358038189  
0.01507923951  
-0.1415017122  
0.09479558789  
0.0259970793  
0.03070113825  
-0.1225797458  
-0.2135689004  
0.4034792249  
0.09417756114  
0.2044020061  
0.3521601673  
0.3408245964  
0.3398816007  
0.3041325247  
0.3294430792  
0.3671525384  
0.7995946982  
0.3121646729  
