4794.567634  
4788.469459  
4792.615575  
4785.360501  
4783.925169  
4798.866269  
4799.524146  
4802.422926  
4811.917937  
4790.218014  
4793.716464  
4804.767363  
4801.597154  
4792.184474  
4808.766858  
4815.690535  
4800.398483  
4807.459961  
4799.143261  
4789.373036  
4806.055954  
4812.363473  
4813.403738  
4809.435152  
4818.958783  
4827.189851  
4815.011997  
4810.064031  
4814.004866  
4817.776306  
4818.049456  
4811.593324  
4814.441923  
4821.529646  
4807.690776  
4815.015635  
4818.541805  
4805.286855  
4805.959364  
4793.5906  
4794.936374  
4795.792518  
4801.357189  
4788.550605  
4776.646286  
4764.269928  
4776.933922  
4774.634845  
4779.476508  
4779.993767  
4780.479802  
4786.387302  
4792.990755  
4788.5033  
4783.703904  
4778.894991  
4772.978577  
4765.293137  
4760.987311  
4759.60598  
4767.079322  
4763.596768  
4769.802825  
4770.414129  
4764.612952  
4771.549264  
4778.408612  
4782.816747  
4791.444601  
4794.424055  
4794.630486  
4801.271259  
4790.689943  
4791.113078  
4798.867889  
4794.755119  
4793.872224  
4778.595799  
4789.501868  
4795.655822  
4791.263035  
4792.500475  
4787.36408  
4801.800528  
4795.754461  
4802.457881  
4796.663508  
4795.250683  
4811.884652  
4795.178651  
4793.923311  
4780.961684  
4787.124971  
4791.557705  
4780.571996  
4779.508179  
4777.576787  
4772.987023  
4771.909712  
4779.734261  
4791.209432  
4792.844243  
4796.47584  
4791.737312  
4792.938961  
4782.098672  
4785.253313  
4786.386883  
4811.960977  
4808.705043  
4797.173623  
4803.692128  
4776.532811  
4789.380748  
4792.76739  
4807.31749  
4783.079891  
4790.980641  
4784.672071  
4798.929748  
4819.611393  
4811.317772  
4806.187961  
4805.728814  
4803.875147  
4806.901568  
4780.486681  
4780.881436  
4769.675729  
4768.118509  
4777.615059  
4771.00231  
4787.937987  
4790.511664  
4797.299129  
4802.846283  
4793.868258  
4797.078388  
4786.527817  
4775.51497  
4785.360251  
4788.252566  
4785.670767  
4786.420299  
4796.12146  
4793.187723  
4794.014131  
4785.800285  
4801.494501  
4803.387281  
4795.610499  
4801.015156  
4791.516018  
4804.056107  
4793.491665  
4805.98844  
4802.267319  
4809.715381  
4804.024025  
4801.976753  
4799.094922  
4803.223783  
4800.830444  
4801.330178  
4789.15901  
4789.607331  
4802.479009  
4822.007493  
4808.762577  
4811.49092  
4826.28328  
4837.406052  
4832.700362  
4830.059186  
4816.152174  
4835.183049  
4833.756676  
4826.616543  
4811.244773  
4801.815814  
4802.24438  
4812.303203  
4815.065682  
4813.89387  
4818.948555  
4819.277783  
4818.68239  
4818.619847  
4814.97107  
4820.484862  
4827.773818  
4816.449856  
4781.4599  
4790.066884  
4793.521591  
4797.678118  
4792.029267  
4799.413919  
4807.103947  
4803.740506  
4812.967246  
4810.528383  
4811.230674  
4805.883404  
4800.076664  
4792.219659  
4799.939295  
4800.917323  
4808.785364  
4796.15621  
4795.554456  
4787.043492  
4788.539238  
4803.781473  
4798.860973  
4804.174961  
4809.853388  
4822.334519  
4801.821817  
4795.387627  
4800.773841  
4790.626845  
4817.150421  
4820.827414  
4809.224192  
4792.029477  
4786.034426  
4789.262522  
4785.937942  
4779.143211  
4779.095653  
4800.89965  
4808.636348  
4803.779834  
4804.616215  
4801.56541  
4801.966482  
4812.052585  
4820.319496  
4814.040131  
4808.023548  
4812.931076  
4809.580013  
4808.582717  
4799.964227  
4804.391143  
4785.041703  
4793.020256  
4805.874996  
4811.894317  
4820.900872  
4817.538168  
4815.268152  
4808.392502  
4823.77156  
4828.736509  
4807.286641  
4796.00701  
4783.70643  
4797.403806  
4791.331252  
4800.243156  
4790.645159  
4795.92921  
4796.054723  
4794.632975  
4810.874  
4799.501304  
4805.047117  
4802.285057  
4802.163385  
4812.163596  
4823.798792  
4811.12536  
4819.867175  
4818.182031  
4810.373213  
4811.272737  
4812.442615  
4810.66792  
4820.211078  
4811.700872  
4813.302096  
4802.329305  
4805.763227  
4812.716796  
4802.042382  
4794.185446  
4778.412402  
4788.685298  
4779.411199  
4787.53012  
4784.835661  
4789.953612  
4779.327848  
4797.114757  
4797.072308  
4805.709929  
4803.902839  
4814.722342  
4813.757337  
4809.41352  
4816.942384  
4816.769538  
4813.05609  
4814.078602  
4815.071938  
4806.088655  
4830.105192  
4831.918716  
4828.522039  
4838.69488  
4830.619146  
4833.229107  
4823.779418  
4824.863593  
4822.915664  
4821.980643  
4824.911144  
4826.233918  
4824.32034  
4813.044131  
4815.920382  
4804.304664  
4818.864378  
4820.958414  
4817.441357  
4823.367551  
4817.966402  
4800.36921  
4807.083003  
4796.814142  
4784.214943  
4793.913654  
4797.160714  
4797.926602  
4800.888608  
4793.486117  
4808.703995  
4820.683752  
4813.511269  
4825.685904  
4820.056012  
4815.299959  
4820.186294  
4827.541252  
4814.776953  
4822.93698  
4816.015742  
4825.849311  
4821.974368  
4822.8548  
4823.500733  
4819.897605  
4816.678135  
4825.013977  
4825.33871  
4829.084742  
4823.197788  
4830.929951  
4815.292665  
4803.50455  
4818.051931  
4814.999097  
4824.39851  
4830.804493  
4833.783726  
4839.757303  
4837.366588  
4822.747093  
4823.030618  
4816.057776  
4813.425254  
4816.192675  
4815.116198  
4814.772934  
4818.097932  
4820.317665  
4819.410859  
4819.895779  
4822.191436  
4828.561406  
4830.451357  
4831.340516  
4836.736981  
4827.336911  
4817.757643  
4806.666002  
4811.214354  
4810.030694  
4808.842454  
4817.770022  
4818.677701  
4832.154791  
4820.988009  
4833.546433  
4823.574353  
4818.433576  
4835.555675  
4832.468832  
4829.517304  
4842.889234  
4840.110278  
4847.208605  
4856.724246  
4852.05349  
4858.611129  
4850.329421  
4862.51234  
4852.593502  
4867.014546  
4857.860702  
4859.788504  
4864.042114  
4861.959438  
4866.174503  
4863.96484  
4865.52022  
4857.69233  
4858.280005  
4860.428072  
4852.376056  
4865.74444  
4859.757716  
4865.622034  
4865.35432  
4881.223516  
4870.733308  
4878.358884  
4870.188044  
4879.839101  
4869.516977  
4863.396262  
4855.078688  
4856.349023  
4852.963418  
4839.554524  
4847.863265  
4845.177146  
4850.842707  
4847.462343  
4846.996513  
4843.051473  
4839.278233  
4841.533332  
4846.442239  
4851.24337  
4855.692685  
4848.697471  
4839.213583  
4848.807201  
4818.345651  
4807.186242  
4797.830835  
4823.614062  
4810.865161  
4800.731846  
4826.375175  
4835.76019  
4829.786969  
4854.90343  
4854.547871  
4840.924475  
4847.546557  
4861.895718  
4858.613418  
4844.356816  
4835.287622  
4828.361819  
4823.560963  
4826.29042  
4805.566492  
4819.083017  
4812.28269  
4835.810106  
4813.359554  
4837.794788  
4593.809705  
4772.659696  
4833.447486  
4791.365126  
4830.634403  
4822.007632  
4836.459969  
4829.181415  
4853.087101  
4845.147535  
4855.751758  
4851.535204  
4844.174555  
4840.002651  
4841.976747  
4849.207657  
4843.49096  
4818.97815  
4823.326621  
4838.068227  
4835.488868  
4820.324837  
4821.206542  
4818.836009  
4827.820507  
4822.052012  
4823.958306  
4825.069485  
4838.526272  
4840.975622  
4844.711078  
4843.946481  
4849.743889  
4851.941305  
4865.252355  
4856.883996  
4851.419444  
4856.978499  
4860.207813  
4864.188839  
4865.06969  
4859.502883  
4860.188395  
4853.92801  
4862.309154  
4846.953964  
4846.416213  
4856.71718  
4875.236452  
4863.026607  
4852.592627  
4846.210199  
4847.761256  
4840.449492  
4826.239494  
4820.962938  
4823.012516  
4825.457165  
4832.960169  
4842.713168  
4849.723122  
4846.557676  
4843.96095  
4861.418703  
4853.91404  
4831.726757  
4829.454096  
4833.653238  
4840.113611  
4835.339977  
4823.040233  
4824.429692  
4817.16815  
4839.011025  
4840.387023  
4849.423555  
4843.21385  
4848.325524  
4841.311366  
4833.325269  
4830.528174  
4840.337397  
4833.057495  
4779.186309  
4816.928721  
4827.264312  
4842.891872  
4851.027184  
4862.937054  
4858.690199  
4860.845985  
4855.174978  
4862.921073  
4853.708726  
4859.167429  
4855.753046  
4854.002631  
4850.87451  
4859.55761  
4851.301306  
4850.125651  
4852.048952  
4839.430823  
4836.672477  
4851.395993  
4852.040956  
4853.251508  
4855.193756  
4854.29873  
4857.345968  
4862.173762  
4853.091543  
4854.328813  
4843.249185  
4858.629042  
4849.832842  
4858.994226  
4854.36587  
4859.157913  
4872.559047  
4879.255963  
4875.496781  
4863.31284  
