0.3218717255  
0.1614853469  
0.429681397  
0.9899270554  
0.4831877146  
2.080462918  
2.02616772  
2.456841774  
3.236078302  
2.277494261  
2.047167248  
1.691286324  
2.08345705  
2.133762777  
1.927226908  
1.80087328  
1.49064225  
1.316521336  
1.140435275  
1.067417135  
1.147610118  
0.9734779572  
1.205138356  
1.225051462  
1.135726071  
1.284436073  
1.017399083  
1.079676885  
1.321629677  
1.738149204  
1.851498506  
1.645160451  
1.712934241  
1.319855016  
1.461017923  
1.179303009  
1.038899687  
0.654774352  
0.4751406525  
0.7305121584  
0.5532401994  
0.597517444  
0.1516624024  
-0.007476075917  
0.198736259  
0.2363444501  
0.5363277446  
0.8141665421  
0.9405078912  
1.240671252  
1.323550086  
1.508552999  
1.362298694  
1.31708787  
1.034870077  
0.860371627  
0.5717301681  
0.5341713677  
0.3647161655  
0.3934075134  
0.5867835478  
0.6043407705  
0.6889307023  
0.5291919753  
0.8989112557  
0.5741209559  
0.4605575563  
0.365857374  
0.4151986961  
0.6917576971  
0.6516930947  
0.7346337208  
0.5075056352  
0.6665535206  
0.9873049827  
0.924197804  
0.9868849466  
0.6436422643  
0.6837952792  
0.5869683481  
0.6851850621  
0.3350255606  
0.5935006785  
0.5100668632  
0.4388598674  
0.5773280486  
0.5797985385  
0.5840604513  
0.3779553148  
0.1102047537  
0.3394821635  
0.3407083323  
0.4186564454  
0.2318843295  
0.185764375  
0.3153543954  
0.314803074  
0.1152711407  
0.2849444319  
0.6249973794  
0.5584725732  
0.3467049903  
0.5470955422  
0.03957570874  
0.07901634858  
-0.1089026996  
0.1969204077  
-0.05422736471  
0.5704656822  
1.600833581  
0.7972417774  
0.8881965916  
0.4795919372  
0.8860994287  
0.639220808  
0.6741260957  
0.144023436  
0.2985461591  
0.2121669674  
0.2696281159  
0.2849233892  
0.2488264078  
0.2359113269  
0.3817200221  
0.6367303448  
0.7377159918  
0.2719410138  
0.1105890636  
0.4351630388  
0.4497434454  
0.4756176174  
0.4955773644  
0.5401124521  
0.713171077  
0.643037403  
0.7019477143  
0.3713277821  
0.1501582972  
0.2100329158  
0.03611634191  
-0.01385055922  
-0.1619331513  
-0.4175269508  
-0.3143738567  
-0.4329392464  
-0.3745257052  
-0.3249996581  
-0.2329973682  
-0.04176968207  
0.1836385454  
0.115630596  
0.1035344138  
-0.1220634039  
0.260798166  
0.1257829982  
-0.03086633961  
0.002857774591  
0.0228852009  
0.1850125742  
0.1179511523  
-0.1514213154  
0.02552522958  
-0.04182963981  
-0.03221268396  
-0.1845746841  
-0.1192580099  
-0.1011810844  
0.01298706901  
-0.1073830429  
0.000282989955  
0.1699193432  
0.3145519304  
0.3266916252  
0.1867517126  
-0.1143442305  
-0.08584055683  
-0.2169925074  
-0.6302028727  
-0.8157773469  
-0.7612525503  
-0.7358704576  
-0.8100349244  
-0.61291576  
-0.6185452577  
-0.4112070174  
-0.0863216394  
-0.06916206876  
-0.05466972727  
0.1692464179  
0.5528005765  
0.3905360004  
0.7409780129  
0.23990473  
0.2026073771  
0.7877262164  
0.3793880432  
0.3747852666  
0.5901213019  
0.9209637391  
0.661473183  
0.659425939  
0.6226053148  
0.5981909086  
0.4205445804  
-0.0148999609  
-0.3677359782  
-0.2818630623  
-0.5049853021  
-0.5934181367  
-0.842434698  
-1.090609014  
-1.35644419  
-1.065377641  
-0.7300031434  
-0.382021334  
-0.2359109274  
-0.3905742304  
-0.06949209091  
-0.1265589722  
0.06895940196  
0.1176229459  
0.1889495922  
0.1877020666  
-0.1236846381  
-0.3768530409  
-0.5231996584  
-0.5841561143  
-0.5437392353  
-1.069253132  
-1.071172537  
-0.891945259  
-0.7870879682  
-0.963795178  
-0.9327438738  
-0.9355645264  
-0.7062252196  
-0.3644072278  
-0.2682207976  
-0.03554996556  
-0.3468468317  
-0.2673856994  
-0.546057257  
-0.4270455477  
-0.5422269471  
-0.6532656891  
-0.9080118278  
-1.062584949  
-0.8457939186  
-0.4452639009  
-0.320218592  
-0.1597021134  
-0.2613543779  
-0.3128888864  
-0.3582236316  
-0.2275949433  
-0.2409449284  
-0.5084896158  
-0.8121812514  
-0.5282457149  
-0.499614777  
-0.2748627394  
-0.5255397613  
-0.3676037718  
-0.2028335388  
-0.2548204876  
-0.01943252248  
-0.1635538181  
-0.3870135853  
-0.3757792913  
-0.6239112104  
-0.5135370069  
-0.7254171425  
-0.9086007453  
-0.9534253599  
-0.8591599382  
-0.8113987322  
-0.7411398728  
-0.7075451903  
-0.5221817658  
-0.5229519439  
-0.5272250491  
-0.5967658032  
-0.5781152099  
-0.4574384159  
-0.2089076173  
-0.1732266089  
-0.139364558  
-0.2763547677  
-0.4936807024  
-0.6324541665  
-0.8317821422  
-0.5579792477  
-0.6086886902  
-0.5437600346  
-0.4121590649  
-0.0164854263  
0.07056596058  
0.1388535618  
0.4525504317  
0.1962249065  
0.389212534  
0.2216179824  
0.241539012  
0.03691196548  
-0.3015336251  
-0.4937356574  
-0.4466786234  
-0.4212320427  
-0.4040365355  
-0.3821987667  
-0.2046180725  
-0.4065571374  
-0.374020697  
-0.190034724  
-0.07926904594  
-0.1988008317  
-0.5455441631  
-0.3371814581  
-0.424609741  
-0.5601183322  
-0.8186636178  
-1.018213395  
-0.8720670774  
-0.9320963172  
-0.8260845234  
-0.7226486281  
-0.2244531999  
-0.1781354147  
0.06022199939  
-0.1388870761  
-0.1161628529  
-0.3991483419  
-0.5811134805  
-0.2735514827  
-0.1923361515  
-0.3246734645  
-0.26321959  
-0.4181133356  
-0.2716104027  
-0.1761294506  
-0.0603362197  
-0.3037452624  
-0.3080801558  
-0.5353969364  
-0.5424660601  
-0.6965776578  
-0.6415387566  
-0.5359235263  
-0.4006477299  
-0.3418890923  
-0.6415763796  
-0.8695260346  
-0.9660837011  
-0.9190692881  
-0.8159664169  
-1.00858071  
-1.272936898  
-0.9742693146  
-1.197858349  
-0.9125567023  
-1.19627294  
-1.182385581  
-1.031016799  
-0.7150489802  
-0.4522170596  
-0.2674392235  
-0.1113077551  
-0.1498113373  
-0.1579999765  
-0.1878525567  
-0.3849612128  
-0.3340952538  
-0.5470774184  
-0.7552679908  
-0.9132010713  
-0.9371236926  
-0.7819893749  
-0.7944348481  
-0.6136131813  
-0.8257126901  
-0.7281289543  
-0.7213772749  
-0.6392566944  
-0.4775154365  
-0.1971179437  
-0.06540964037  
0.0001228237711  
-0.1602847983  
-0.2272229341  
-0.1146703033  
-0.2759729779  
-0.3040249164  
-0.3519110098  
-0.1600703724  
-0.3476962919  
-0.3538405441  
-0.4142413541  
-0.421922839  
-0.4485406793  
-0.3716345737  
-0.3011685143  
-0.2185317308  
-0.07512369155  
-0.1437645139  
0.05206860152  
-0.08140181587  
0.2508852618  
0.05658932272  
0.2918969118  
0.2760237762  
0.2574257722  
0.2560664156  
0.1594425493  
0.1938589917  
0.1470126481  
0.1533032589  
0.1083654787  
-0.1572081929  
-0.2225503851  
-0.2239589973  
-0.2633903902  
-0.2961846184  
-0.2609402265  
-0.2133375104  
-0.3214119889  
-0.2659756045  
0.1889298554  
0.1548364663  
0.3882993984  
0.4900108848  
0.8413670427  
0.7182210056  
0.4928872965  
0.2626233006  
0.1494579771  
0.02875671305  
0.0743146926  
-0.2076043873  
-0.3312925799  
-0.383475472  
-0.271493966  
-0.4737937734  
-0.372330671  
-0.5678711661  
-0.5170939734  
-0.7391403353  
-0.5320095028  
-0.5775230697  
0.04317045807  
0.1401891138  
0.03393998039  
-0.6760003519  
0.1192919888  
0.03390898159  
0.2541138856  
0.1368978322  
0.05341379546  
0.2617367341  
0.8168788172  
0.7875419875  
0.9595148474  
0.6474574701  
0.2767806198  
0.04339105531  
0.1819716629  
-0.06048220429  
-0.4382192856  
-0.6389349593  
-0.5582841695  
-0.4399884912  
-0.4658241918  
-1.050439842  
-0.9141481801  
-0.9224632751  
-0.3532551316  
-0.8906739783  
-0.2459022285  
1.259393844  
0.1131326813  
1.050629714  
0.4263712174  
0.563659894  
-0.04094816581  
0.08963446822  
-0.2461804981  
0.01695081594  
0.02484706469  
0.07871801672  
0.09946662317  
-0.1349948272  
0.2555609309  
0.3493914324  
0.4479644725  
0.194038012  
-0.07983743902  
-0.03449338703  
0.02023455131  
-0.1221363228  
-0.1304709224  
-0.06344397538  
-0.1047477078  
-0.2308555292  
-0.3491312824  
-0.3533797526  
-0.4248252962  
-0.2485263313  
-0.3326912866  
-0.4989036294  
-0.3288518901  
-0.1127392334  
-0.270066483  
-0.21799306  
-0.4003541947  
-0.242403981  
-0.1837571134  
-0.06881150698  
0.151097148  
0.1535118294  
0.1900516793  
0.03109927166  
0.2302305299  
0.1499708462  
0.2544052273  
-0.03055257919  
0.09680075488  
0.2658896397  
0.2412822029  
0.2544773679  
0.04802598382  
-0.05593728609  
-0.0938349467  
-0.2217557965  
-0.2753381496  
-0.2897189723  
-0.07766931056  
0.1853502542  
0.4039163306  
0.1680208324  
0.2379316393  
0.02332151551  
0.08407694982  
-0.236696134  
-0.3853061692  
-0.5638575884  
-0.6510418863  
-0.4275148649  
-0.2899318394  
-0.3057032848  
-0.2425779056  
-0.3975659083  
-0.1574588329  
-0.1268318582  
0.3164919193  
0.06054926218  
0.2828516607  
-0.249983492  
0.229358054  
-0.5584502806  
0.2219659695  
-1.903365055  
-1.039971134  
0.8210546922  
-0.4302579816  
-0.04787600786  
-0.2480479225  
0.310840288  
-0.09503836195  
-0.01497350109  
-0.2773366863  
0.1581676867  
0.1904224538  
0.5987693417  
0.3160167208  
0.4855918942  
0.08645426177  
0.1689057133  
0.08115444365  
0.244413195  
0.05688011652  
-0.1935954811  
-0.4311545947  
-0.3796397409  
-0.3336805103  
-0.3090102206  
-0.5766785838  
-0.4042879018  
-0.6315858472  
-0.5159806714  
-0.7311623706  
-0.7078614514  
-0.8380312587  
-0.6444905089  
-0.7179816501  
-0.5586315955  
-0.6355091657  
-0.6850517891  
-0.3943596043  
-0.4608748843  
-0.5456645987  
-0.535428448  
1.456447849  
0.8918844422  
0.2365500507  
-0.3038561647  
-0.3639135649  
-0.01021728572  
-0.007016394  
0.1431795479  
0.1986423333  
0.3432538429  
0.3861762643  
0.3459188704  
0.3363582525  
0.668189428  
0.1055712095  
0.06455656339  
-0.04761402832  
0.1787854487  
-0.01640857569  
-0.2817646585  
-0.1857132417  
-0.3129451646  
-0.4573236905  
-0.3411959334  
-0.3924186752  
-0.2784703336  
-0.5048391875  
-0.2958442816  
-0.134140317  
0.04146481318  
0.2923345441  
0.3170997689  
0.3001371679  
0.03116540042  
-0.2737093813  
-0.5943501461  
-0.4223801225  
-0.3176413449  
-0.4495615453  
-0.332756685  
-0.395017161  
-0.1764836379  
-0.066992337  
-0.2837428044  
-0.5381558697  
-0.4654146656  
-0.09187533153  
-0.09807729057  
-0.2385187859  
-0.4097746394  
-0.2805953127  
-0.4369928814  
-0.6279578823  
-0.95622917  
-0.66285589  
-0.3129041178  
-0.3300826521  
-0.4750138505  
-0.4192488121  
-0.4903598359  
-0.4090847483  
-0.1792546055  
0.09503778994  
0.1403178688  
0.2898753055  
0.3994297218  
0.5561159609  
0.1051489853  
0.2483610498  
0.2118739426  
0.1872697137  
-0.08809779094  
-0.0865079482  
-0.3193347317  
-0.3205463363  
-0.5434895909  
-0.4134480615  
-0.459097564  
-0.4685113255  
-0.5633957312  
-0.5027421915  
-0.3773366857  
-0.4653032051  
-0.3086313477  
-0.2943596063  
-0.08863758285  
0.1149574809  
0.1713462744  
0.4079534612  
0.2091457678  
0.2510528184  
0.2323354928  
0.2111024325  
-0.1103989267  
-0.04848761412  
-0.05530266328  
-0.1430275803  
-0.2410090066  
-0.2618286385  
-0.01839959232  
0.02678146507  
-0.1163836735  
-0.387081315  
-0.5309730515  
-0.5625307545  
-0.1473173435  
0.05342426753  
-0.17108156  
-0.1599965983  
-0.2652338332  
-0.1391955323  
-0.2635363755  
-0.08799611998  
-0.2015284395  
-0.3795911737  
-0.3793593354  
-0.2777742052  
-0.1219027281  
-0.2917162913  
-0.3101567938  
-0.3033104384  
-0.2888603457  
-0.2730874885  
-0.404976857  
-0.483309365  
-0.4361806403  
-0.3268069203  
-0.4092889466  
-0.2418269925  
-0.4036524947  
-0.09746428625  
-0.09821697853  
-0.16646883  
-0.05143976246  
0.1442867043  
0.002054104342  
-0.003306322955  
-0.113374517  
0.09851900966  
-0.009167256529  
0.05720658229  
-0.2149485996  
-0.2060344828  
-0.2747915979  
-0.4961099747  
-0.6651603598  
-0.9044000112  
-0.6120161026  
-0.6992179469  
-0.6643751463  
-0.6817082123  
-0.6806313576  
-0.3904640256  
-0.2422924485  
-0.2008714054  
-0.434404364  
-0.596675753  
-0.7186115497  
-0.697971666  
-0.7431288455  
-0.9700806819  
-0.7818587385  
-0.7106529179  
-0.6814043891  
-0.5888629117  
-0.7197075902  
-1.071300084  
-0.7725959883  
-0.6749640322  
-1.040010654  
-0.9554498987  
-1.084476524  
-1.159913517  
-1.060464188  
-1.089716395  
-0.9454828281  
-0.8483797844  
-1.00883524  
-1.000272674  
-1.114238843  
-1.493480655  
-1.451766551  
-1.078789786  
-0.9248765184  
-0.7738454302  
-0.4686909268  
-0.594072153  
-0.39463456  
-0.5239049361  
-0.4190249444  
-0.5945590196  
-0.8229447186  
-1.049864378  
-1.282026269  
-0.8965397009  
-1.20713415  
-1.267774496  
-1.02688664  
-0.8432307193  
-0.5888035325  
-0.5289936691  
-0.1564801014  
0.2501969658  
0.2568669687  
0.3536613392  
0.0697790407  
-0.088954872  
-0.2657461218  
-0.5043628021  
-0.9684046036  
-1.106295823  
-0.9649518068  
-0.7892629408  
-0.5398755555  
-0.5552881995  
-0.6915470812  
-0.6492445184  
-0.9009686827  
-0.7319720681  
-0.4699628681  
-0.5489700184  
-0.8114160772  
-0.7663615946  
-0.5083976044  
-0.5262270503  
-0.7284264764  
-0.6109009786  
-0.2770762065  
-0.2415384172  
-0.1408436347  
-0.1016303599  
-0.09888191778  
-0.1114575978  
0.09080029108  
-0.09492460998  
-0.4399852307  
-0.3437744205  
-0.3728622478  
-0.4721138275  
-0.5276671935  
-0.2946040883  
-0.5792047735  
-0.222969111  
-0.285967572  
-0.304636498  
-0.3085668621  
-0.3530123735  
-0.1584555766  
-0.2728827619  
-0.2558354666  
-0.164925632  
-0.2241296356  
-0.3946009666  
-0.5978121847  
-0.6214814737  
-0.425943154  
-0.5183053286  
-0.4272402028  
-0.2435782492  
0.1502269911  
0.3259502113  
0.05406023066  
-0.1780943419  
-0.5131313904  
-0.346316734  
-0.5690738904  
-0.5056310242  
-0.7142858966  
-0.8633219404  
-0.9854429016  
-0.8826540812  
-0.8399125775  
-0.632088574  
-0.7592460471  
-0.6316449418  
-0.9991614493  
-1.104916286  
-1.024445278  
-1.209112522  
-1.098069791  
-1.324488022  
-1.126683784  
-0.6826474063  
-0.8047810655  
-0.9520679917  
-1.228007924  
-0.8418143833  
-0.4468319247  
-0.2585207056  
-0.1870287293  
-0.2566829626  
-0.3862699217  
0.104473613  
0.3694896122  
0.4809100946  
0.346546344  
0.07180824854  
0.2661259428  
0.3745299227  
0.4646384689  
0.01063110843  
0.0350260481  
0.0417544563  
0.1690094621  
-0.1288466662  
-0.191024202  
-0.1504337931  
-0.1714959318  
-0.2935479173  
-0.26798356  
-0.6377509678  
-0.8707283709  
-0.8199323307  
-1.055985915  
-0.9061644513  
-1.295453389  
-1.266100934  
-1.099724812  
-1.073759117  
-1.095932843  
-1.174899051  
-1.203798869  
-0.9162722465  
-0.8225097805  
-0.8587679401  
-0.7072586745  
-0.8069232345  
-0.6345553894  
-0.6481599487  
-0.6050196981  
-0.5803573847  
-0.5619192379  
-0.4928787772  
-0.5535015509  
-0.5810712839  
-0.8039051733  
-0.560218515  
-0.4679649091  
-0.7636580459  
-0.8568726493  
-0.9676029884  
-0.957003824  
-0.7419883875  
-0.5447290929  
-0.4296610054  
-0.5657350392  
0.2821226131  
1.381566736  
0.4711496896  
0.09842882156  
0.3069765831  
0.4859257901  
0.269568131  
0.3793931022  
0.2722993705  
0.4664099814  
0.5588459117  
0.3945280409  
0.390564446  
0.1950223093  
-0.06205558465  
-0.006376880185  
-0.1290809649  
-0.2537987448  
-0.3263565347  
-0.1393553816  
-0.1982067956  
-0.1427797508  
-0.3358843227  
-0.05750878428  
0.2741727319  
0.5249820254  
0.5607949461  
0.7193099352  
1.003212479  
1.241703686  
1.535485755  
1.468339327  
1.238367238  
1.442880835  
1.702967197  
1.542296748  
1.306005795  
0.8727184924  
0.7947815759  
0.7611889729  
0.476120363  
0.3640745876  
0.03941716291  
-0.06486486382  
0.261599332  
0.01047651964  
0.2052768314  
-0.1358055332  
-0.1011351904  
-0.1822742379  
0.04788883432  
0.2351240385  
0.3832131606  
0.2925195546  
0.6350975123  
0.5029849528  
0.5565438527  
0.4659607802  
0.4957407429  
0.69785037  
0.6441971269  
0.4046461466  
0.3646793535  
0.5307613696  
0.413570378  
0.8414963611  
0.7988669521  
0.745335201  
0.6558331932  
0.7129170191  
0.7501362367  
0.7520668055  
0.5906725606  
0.5222568599  
0.6828000689  
0.9937122749  
0.6007370914  
0.3777816792  
0.3167614622  
0.2076167496  
0.4277626223  
0.4451073969  
0.4806559123  
0.6165516668  
0.9133356027  
1.010970579  
1.033579728  
1.018480635  
1.170665149  
0.9853827038  
0.5402158578  
0.1413714173  
0.288926364  
0.510105043  
0.334524347  
0.3207833307  
0.4118529528  
0.39732871  
0.4527016576  
0.4382039871  
0.3860242715  
0.4588847715  
0.7355636898  
0.7406014117  
0.7365681404  
0.5308639368  
0.980803976  
1.28538009  
1.089725366  
0.9986750914  
0.7060517612  
0.8748391142  
0.9360365066  
0.8856231919  
0.640326541  
0.8481043631  
1.03170317  
0.9552241704  
0.5424006402  
0.4678016437  
0.3564716054  
0.1053467596  
-0.2249176537  
-0.2824667676  
-0.3840190705  
-0.07083840348  
-0.08317548241  
0.02900761253  
-0.08287747127  
0.1485405609  
0.3321989262  
0.3173333113  
0.3944636522  
0.08057751007  
0.1938206639  
0.434938131  
0.4030473895  
0.254938275  
0.008103510186  
0.1321668132  
0.218713284  
0.3378492139  
0.2565320403  
0.251151215  
0.3604183365  
0.2923414144  
0.4726725892  
0.04144637099  
0.2048571563  
0.3817616504  
0.4923234031  
0.2827229504  
0.4263941283  
0.3966475401  
0.591258336  
0.4663559655  
0.8899977472  
0.8734829951  
0.4548680205  
0.6590003287  
0.627633711  
0.8379344108  
0.538164089  
0.7606764381  
0.6553389449  
0.9039599767  
1.03058759  
0.778293567  
0.4698790304  
0.6252980037  
0.6371662954  
0.4198928043  
0.5336817641  
0.5359422948  
0.4855556389  
0.7356618471  
0.8435454923  
0.6498882681  
0.9960014514  
1.155757901  
1.252934896  
1.028509251  
1.123050709  
0.9938319761  
0.8011923445  
0.9581067067  
0.7878561126  
0.6246516546  
0.5478535357  
1.113370133  
1.094502993  
1.30445474  
1.219172221  
1.252786362  
1.5426023  
1.449323506  
1.176219298  
1.016646508  
1.052656146  
0.7645306553  
0.905058919  
0.4794707166  
0.7775134502  
0.8559589361  
0.444614201  
0.3285856008  
0.3232097746  
0.5965636706  
0.622483468  
0.7026420983  
0.6251121861  
0.5236583326  
0.6655870564  
0.638314996  
0.4913004112  
0.6041049029  
0.7225668204  
0.7189381159  
0.7315224102  
0.5771328708  
0.4303213532  
0.7320443852  
0.7280669351  
0.5595044351  
0.3977693389  
0.6523183376  
0.6343339093  
0.8543438273  
0.8605310609  
0.7028369153  
0.5381226746  
0.7422739088  
0.6757986069  
0.5980816136  
0.3789540638  
0.3376086377  
0.4640733645  
0.2385676135  
0.3697962665  
0.4676332641  
0.6466025406  
0.4885735251  
0.2570368507  
0.5171186622  
0.002842242091  
0.06094519329  
0.08153141189  
0.2239525044  
0.1914841745  
-0.23509231  
-0.1602445783  
-0.01668636111  
0.1286896284  
0.01705423057  
