1.297675189  
0.9964131148  
0.981433663  
1.04264798  
1.127733477  
0.9151929113  
1.122118572  
1.111012529  
1.110512866  
0.9834469854  
0.6895034661  
0.8207214227  
0.8159748443  
0.1731327061  
0.5029174953  
0.3965966586  
0.7436733417  
0.2745549368  
0.5270055388  
0.8043582142  
0.9393200779  
0.9370498295  
0.2919576966  
0.02927748718  
0.1104251538  
-0.1324892533  
0.1432813615  
0.1572335746  
-0.08770661244  
0.4626183202  
0.4117497749  
0.3056102303  
0.2948523512  
0.4503472701  
0.4765147536  
0.451285703  
0.5629173542  
1.04975863  
0.7881148425  
0.3989071408  
0.695980248  
0.5280877671  
0.1850824499  
0.5728057162  
0.3005090459  
0.2703664965  
-0.2874101429  
0.07666470671  
-0.1700428598  
-0.1686074624  
0.1890846978  
0.6864986036  
0.1535387208  
0.7105865504  
0.5130272384  
0.1988980688  
0.2544503978  
0.5181219962  
0.1550379957  
0.524020097  
0.6736237439  
0.1636233559  
0.339525659  
0.3179637553  
0.2566788767  
-0.05112397059  
-0.02736571593  
-0.08050163524  
0.3857961732  
0.05227626024  
0.06201753744  
0.2657417816  
0.5409594815  
0.1580897392  
-0.06637272762  
0.5771429397  
0.3952554344  
0.2450772882  
-0.09646722379  
0.1668487437  
-0.1348214678  
0.2148724678  
-0.2545630821  
-0.02218023955  
0.1271551348  
-0.07219459029  
-0.1408252329  
-0.08694530784  
-0.07372666434  
-0.5746007751  
0.2448920606  
0.54359474  
0.3789047935  
0.2740886605  
0.4630489928  
0.7044266104  
0.1697967695  
0.4613289935  
0.3103634496  
-0.04863480786  
0.958344972  
0.6343201562  
0.638298633  
0.8669322205  
0.3905153613  
0.6303405726  
0.3890128174  
-0.1424032149  
-0.396474779  
-0.6327693781  
-0.7319906788  
-0.723505091  
-0.332981026  
-0.1679796969  
0.1861758797  
-0.03381022845  
0.0228283143  
-0.47502123  
0.2179423437  
0.2530485923  
0.1628321231  
0.08676134505  
-0.04723539813  
-0.1643550786  
-0.006759226926  
0.1948228925  
-0.2112053115  
0.3057499692  
0.05875748812  
-0.01116066055  
0.3728426226  
0.0495049031  
0.4198205689  
0.2787052184  
0.5697588575  
0.4493811712  
0.6013805769  
1.030282546  
0.3869346861  
0.2032739828  
0.2998787013  
0.5854507038  
0.1518562259  
0.2084438065  
-0.1756004127  
0.5306745551  
0.06716453182  
0.2782887481  
0.3751621988  
0.3896882941  
0.5775658472  
0.5169484298  
0.3019750222  
0.4280213743  
0.5578433527  
0.2443251882  
0.04807040344  
0.244184417  
-0.05948307066  
0.00688516438  
0.3354958175  
-0.408787917  
-0.1455024269  
-0.5557184759  
-0.2005655211  
0.2622739493  
0.3664607754  
0.1374558957  
0.3037126131  
0.1115383456  
0.6907370335  
0.1824719731  
0.3867652317  
0.1520745227  
-0.02713809207  
-0.2841087901  
-0.1120837556  
0.2568191692  
0.2193876673  
-0.01236236738  
0.08379447119  
0.514195418  
0.3386273776  
0.5439069784  
0.3584485214  
0.916113518  
0.8021125526  
0.175918569  
0.0462896423  
-0.3531379984  
-0.1410605121  
-0.1118106632  
0.2819391577  
0.06425606541  
-0.7195320428  
-0.9690626566  
-0.5353714372  
-0.2900058696  
-0.09883376311  
-0.1468582069  
-0.003235030142  
0.20005218  
-0.05028785897  
-0.2460239243  
-0.2582897733  
0.007875637463  
-0.3574928718  
0.2278669794  
0.1957145894  
-0.7086078425  
0.1791463308  
-0.326228854  
-0.3094808764  
0.09556286005  
0.1766386835  
0.4514795651  
-0.0009354058309  
0.373242563  
0.2928554438  
-0.2657726891  
-0.5769578408  
-0.5878125732  
-0.3428264885  
0.3982818361  
-0.08702237257  
0.7069222874  
0.1996144636  
0.3804361186  
0.3660839213  
0.08887301092  
0.3104076425  
0.3664079798  
0.2034760782  
0.3748319488  
0.3534069583  
0.2766973211  
0.4398713917  
0.3794757468  
0.07801788467  
0.1994054102  
0.2164789275  
0.5449093694  
-0.05871462603  
-0.1095322673  
0.2565022021  
-0.09399284141  
-0.3643714992  
0.4096669785  
0.08089912833  
-0.1224773204  
0.1868143236  
0.4204841635  
0.5122050532  
0.2883003583  
0.42375429  
0.5970446435  
0.6987879483  
-0.7392560277  
1.441459901  
1.328121169  
0.9805006497  
1.060912577  
0.4791668167  
0.02425353515  
-0.1972809028  
-0.07335480754  
0.2432552305  
0.566475338  
0.547226548  
0.5584427891  
0.2953903408  
0.543356305  
0.7729586171  
0.3273483367  
0.2857100945  
-0.4751476304  
-0.3135995732  
-0.1432429436  
-0.2594632997  
-0.7278813081  
-0.9086772691  
-0.9027810396  
-0.8494641227  
-0.005753333247  
0.2159287197  
-0.6297385434  
-1.009202473  
-0.8625397364  
-1.114524514  
-0.2160584889  
-0.03690154492  
0.3289312472  
0.1542970883  
-0.2504784894  
-0.1186239478  
-0.2411711749  
-0.2532374925  
0.1839153851  
0.2441077297  
0.5121614726  
0.3442714691  
0.6475206571  
0.09171861898  
-0.2089390145  
-0.7025879105  
-0.7923651978  
-0.7398053294  
0.04995048249  
-0.6280601624  
-0.5996326746  
-0.4801606053  
-0.3377937081  
-0.2781011712  
0.156912641  
0.2164346846  
0.01426213439  
0.0001742840083  
-0.5477240038  
-0.4045813046  
-0.1747970113  
-0.03897645467  
-0.07102013483  
-0.3104412554  
-0.3046756877  
-0.4743377893  
-0.2794356103  
-0.02183778101  
0.2609274215  
-0.06522372991  
0.5028798285  
0.1041944397  
-0.06885146141  
0.05424478179  
-0.2749492861  
-0.6050169341  
-0.05641390562  
-0.4626026935  
-0.2050650104  
-0.0584921852  
-0.149652561  
0.2651134499  
0.01997246427  
0.1902326141  
-0.09504552596  
0.5989244844  
0.06935204692  
-0.03001387589  
0.2197249935  
0.3845341887  
0.1360179601  
-0.1100066824  
0.1808974037  
0.186547923  
0.03842970266  
0.5954478877  
0.4991383728  
0.8711552176  
0.6269211537  
0.7184560694  
0.298681399  
0.1777025864  
-0.2971304743  
0.02685906116  
-0.2501392095  
-0.08049234689  
0.3241527201  
1.035591693  
0.4330922806  
0.4673611951  
1.064430807  
1.044239487  
1.162701346  
1.212826073  
0.4956714528  
0.5980478174  
0.5661180536  
0.3805372066  
0.4187926216  
0.6577354439  
0.3248573857  
0.5894757378  
0.1649862029  
-0.4236468851  
-0.117581733  
-0.1065339866  
-0.4580991077  
-0.05389909871  
-0.005135698174  
-0.1852893524  
-0.1346301733  
0.4175028961  
-0.2264830506  
-0.3984035696  
-0.02293284882  
-0.5399861557  
-0.1610720223  
-0.4676005518  
-0.5259584887  
-0.1932723872  
-0.05348340377  
-0.6507293322  
-0.6002308996  
-0.602799848  
-0.3497619285  
-0.264321376  
-0.5758402339  
-0.585497489  
-0.5027200357  
-0.9119687182  
-0.2541712393  
-0.7819470918  
-0.9392168568  
-0.8974638512  
-0.5420354272  
-0.5248357301  
-0.6801991147  
-0.7328227697  
-0.6287342917  
-1.107337806  
-0.8848910104  
-1.093864104  
-0.6457971413  
-0.6744332036  
-0.235546469  
-0.680289235  
-0.4915787993  
-0.1457340627  
-0.7203731421  
-1.041713469  
-1.275877201  
-1.685190236  
-1.530297285  
-1.734113371  
-1.73907694  
-1.520076378  
-1.571198131  
-1.527043119  
-1.881757022  
-1.337778445  
-1.514573789  
-1.178919282  
-1.250777542  
-1.207198762  
-0.7345036829  
-0.9194842317  
-0.5334485111  
-0.4371311252  
-0.735201018  
-0.4330690746  
-0.7448483633  
-0.5169586322  
-0.4221337267  
-0.8415493766  
-0.8894708884  
-1.300390687  
-1.258526003  
-1.138248768  
-0.9692276966  
-0.7040032947  
0.115099298  
-0.4897853538  
-0.6289754898  
-0.9099755286  
-1.321178435  
-1.112580312  
-1.401485099  
-1.568282287  
-1.584510674  
-1.203491633  
-1.149418657  
-1.421797085  
-0.6593963229  
-0.5333590956  
-0.5560106622  
-0.4762916366  
-0.01720472455  
-0.2693585411  
-0.8709721269  
-0.5265291128  
-0.408988148  
-1.006597908  
-0.9288665729  
-0.7526316328  
-0.3239486349  
-0.4366770014  
-0.6016577006  
-0.3293119027  
0.2276095773  
-0.3596498355  
-0.2742288571  
0.5855781117  
0.3931068587  
-0.06158215708  
0.1377942268  
0.2170446918  
0.5645884828  
0.2711137361  
-0.07855255637  
0.04092485753  
0.2143348012  
0.306687133  
0.2322033889  
0.445276597  
0.3969542553  
0.3838315384  
-0.1833392451  
0.1048513912  
0.2305644169  
0.4509036143  
0.07704713034  
0.4337630792  
0.2432513856  
0.3165953064  
0.3868181409  
0.5784167764  
-0.2145051286  
-0.1865843715  
-0.1775533996  
0.2040006547  
0.056538988  
0.04485802684  
0.5833489472  
0.762395016  
0.375734001  
0.6840816602  
0.7816804267  
0.7694586083  
0.5968647162  
0.009890597068  
0.04677091874  
-0.2905120397  
-0.6250684424  
-0.7720823798  
0.1241191567  
-0.4633830831  
0.1507736971  
-0.1736584584  
-0.4572708799  
-0.3181421719  
0.03028741087  
-0.3956404177  
-0.2238518927  
-0.2958591512  
0.2381675655  
-0.07040986918  
0.0576116162  
-0.3358363722  
-0.5128084986  
-0.1579173087  
-0.06218204365  
-0.7232266279  
-0.1428230463  
-0.5857131942  
-0.2815758038  
-0.2535799113  
-0.2821802964  
-0.1024092295  
-0.2908619575  
0.109349532  
-0.07131766041  
0.117899159  
0.167609683  
-0.5425743675  
-0.1695699205  
-0.04743544512  
0.08775478275  
0.03211221087  
-0.4257627771  
-0.1665963632  
0.5875745366  
0.2290669566  
-0.5808417463  
-0.2440398957  
-0.1401716085  
0.231103824  
0.2951713901  
-0.05741783871  
0.1674449358  
-0.3980256378  
-0.02285197072  
0.1493789582  
0.5448064264  
0.2634072797  
0.6036332535  
0.663066508  
0.9519778418  
0.7958613473  
0.7031381945  
0.6913029395  
0.6926825509  
0.2158119585  
0.03317238999  
0.1967198838  
-0.2588455038  
0.3726615742  
0.04710374741  
0.05557519111  
0.07786700998  
-0.2673474224  
-0.3458675998  
0.7358305392  
0.6774118422  
0.2544189587  
0.2655505377  
0.6509745996  
0.4042211951  
0.7450901773  
0.3819130584  
0.6137629786  
0.2549407467  
-0.1208403576  
0.03264635142  
0.01563687088  
-0.03094073261  
0.200062753  
-0.1647841926  
0.1051275551  
0.5102739412  
0.3021236095  
0.4939669775  
0.8684768642  
0.648726147  
0.7396331069  
0.3876947606  
0.1938685189  
-0.07795284676  
-0.2543717197  
0.02078233544  
0.1512395554  
-0.1499076453  
0.07710429111  
0.1729328265  
0.7436793289  
0.3136011458  
0.5017897648  
0.542434618  
1.102369265  
0.7756093284  
0.6998150601  
0.8469163921  
0.07734281151  
0.1132068484  
0.03514745108  
-0.2499031471  
-0.2568832177  
-0.1941848734  
-0.1214389494  
-0.5252441624  
-0.8404578376  
-0.004091216244  
0.2037755302  
0.8219886847  
0.253652692  
0.1612061607  
-0.8282150962  
-1.22944477  
-1.099823001  
-0.4146596783  
-0.5506208486  
-0.3970078513  
-0.6160744555  
-0.6731678858  
-1.219995228  
-0.9445371609  
-0.6892555789  
-0.966633477  
-1.007460073  
-0.9414792969  
-0.9726943129  
-0.8653110863  
-1.395871441  
-1.311926288  
-1.258152853  
-1.229218245  
-1.284523783  
-1.162809527  
-2.381921864  
-0.8866036582  
-1.359536838  
-1.929573245  
-1.425733986  
-1.609436849  
-1.643030671  
-1.631574969  
-1.635259116  
-0.9464989976  
-0.7745490103  
-0.9231240365  
-1.287982565  
-1.233830343  
-1.465730413  
-1.056574893  
-1.077475554  
-0.6731517484  
-0.8787087999  
-0.8248028863  
-1.131960175  
-1.292284809  
-1.289429133  
-1.449013433  
-0.9660836942  
-1.139597739  
-0.536097715  
-0.8723614397  
-0.9814957678  
-1.35331014  
-1.4030137  
-1.690689175  
-1.480424144  
-1.537646318  
-1.055923223  
-1.126167414  
-0.8200334005  
-0.7516161293  
-0.6298057855  
-0.9659829485  
-0.7002720185  
-0.3698281026  
-0.1873638474  
-0.6065674848  
-0.08811448931  
0.3983715422  
0.252405844  
-0.5087720356  
0.5174852404  
-0.3028394097  
-0.06242103369  
0.2595120432  
0.1176151328  
-0.03356678701  
0.07728002196  
-0.3619489789  
-0.795076602  
-0.9857331969  
-1.576875933  
-1.243492571  
-0.9640873121  
-0.6404025079  
-0.9000199034  
-0.7294775592  
-0.1099200781  
-0.7023409658  
-0.2263607043  
-0.1410808802  
0.8011784643  
0.7171104159  
1.086683639  
1.183751441  
1.442510137  
1.29234059  
0.8279562369  
0.5566018369  
-0.0510844648  
0.3521774937  
-0.2927054856  
-0.3201529412  
0.2170645558  
0.5752914853  
0.2779316088  
0.01461359864  
0.2378000293  
-0.1535613012  
-0.02033486844  
-0.04712967912  
-0.05069304082  
0.515666124  
0.004606160456  
-0.04465944624  
0.4342286743  
0.1110407754  
0.4285011967  
0.6556826136  
0.6678365889  
0.2187283026  
0.4598489408  
0.6143985044  
0.3554346369  
0.8220960648  
0.5419104957  
0.5749444659  
0.9829012868  
0.9117955778  
1.354378054  
1.21554612  
1.803202013  
1.643808481  
1.498485224  
1.707967031  
1.763391754  
1.667103226  
1.679219464  
1.562179002  
1.176208582  
1.223720705  
1.208546165  
0.7653109636  
0.8929418075  
0.8604541686  
0.5282768499  
1.011871011  
0.4456630453  
0.3742579318  
0.7809972057  
1.285270375  
1.151543671  
0.9741637724  
0.8363607654  
1.113127453  
1.368006448  
0.9443651036  
0.6291426993  
0.1034485114  
0.6867684895  
0.4962091696  
0.5596637113  
0.5594325671  
0.2615884799  
-0.08454180097  
0.01690262069  
0.3253685914  
0.008201334279  
0.3515735537  
0.2799442687  
0.3422551686  
0.317998089  
0.3712639444  
0.1253115094  
-0.2112700012  
-0.02196585647  
0.02514809694  
0.2367819215  
0.1285589711  
-0.0676975414  
-0.2140962226  
0.4962310669  
0.1449163958  
0.2055943474  
-0.1801474653  
-0.2208024086  
-0.1636820223  
-0.2701048773  
-0.0391067505  
-0.3428157672  
-0.2840121421  
0.1865051146  
-0.09034361041  
0.01470819334  
-0.3377285523  
-0.1874949227  
-0.3491753176  
-0.149971622  
-0.01412275968  
-0.2547323241  
0.3328931499  
0.08384531767  
0.309615505  
0.1902303466  
-0.1876926132  
0.1534735741  
0.3305671755  
0.1339311898  
0.2552337207  
0.4013757659  
0.4549645317  
0.4019849375  
0.592849133  
0.5553283004  
0.2641762839  
0.6793277965  
0.04692020433  
0.5167554991  
0.09828045863  
0.1025890263  
0.4937387229  
0.2966067872  
0.4852770856  
0.3469927596  
0.7457782011  
0.1557263906  
-0.1496269136  
0.3467750641  
0.422759227  
0.6781102821  
0.6434827539  
0.3240388525  
0.3600496791  
0.3151122203  
0.4624919512  
0.4306184316  
0.5939453813  
0.5921291651  
0.5339277971  
0.339187558  
0.4850561754  
0.3119607067  
0.4006246412  
0.1795651562  
0.6655362063  
0.3158809699  
0.07666844139  
0.4528746387  
0.8938168636  
0.5059009578  
0.6216469716  
0.6853049389  
0.672132917  
0.7180760775  
0.2902312669  
0.7964681252  
0.3308186552  
0.2812872011  
-0.01136988971  
0.1502427324  
0.3163199742  
0.02817002218  
-0.1989082083  
-0.2418457484  
-0.4800462014  
-0.0202452941  
0.392249123  
-0.1260492269  
0.2475136634  
-0.7558533303  
-0.08795580459  
-0.164447163  
-0.07293622087  
-0.1267435678  
0.09092048716  
0.03177808013  
0.3426316074  
0.294831674  
0.2481489909  
-0.05180050821  
-0.2727830092  
-0.08395340238  
-0.2230632758  
-0.6020347879  
-0.2476582629  
-0.3509911849  
-0.1159694597  
0.04723306724  
-0.8361032671  
0.2663076976  
0.001166276101  
-0.01857573352  
0.3324809978  
0.5407020577  
0.3290785057  
0.6242370904  
0.397395341  
0.3791734221  
0.1642572995  
-0.1200054353  
-0.4342203328  
-0.06485741504  
-0.5129551337  
-0.02536745026  
0.2138529764  
0.2353286383  
0.3024886328  
0.1890968581  
0.1076491735  
-0.2575968602  
-0.1881310949  
0.1580982172  
0.1309809147  
0.4112086121  
-0.04390829342  
0.4079233837  
0.5353152717  
0.3753729811  
0.6059862515  
0.6304143547  
0.7883072863  
0.8508185896  
0.1382685173  
-0.3023247589  
-0.08458550724  
-0.2818290084  
-0.2205110415  
0.04859978223  
-0.1186268457  
0.01865293414  
0.2119435314  
0.4731419362  
0.1005230533  
0.4623008241  
0.7265420692  
0.6287974694  
0.3154603042  
0.1383244441  
0.2925261093  
0.348278932  
0.1567571948  
-0.007555964874  
-0.1682995216  
0.2286980298  
0.3934078365  
0.4099194282  
-0.2651955356  
0.6528985515  
0.1425890987  
0.4683910757  
0.1591607322  
0.1645933672  
0.3704664342  
0.2633693829  
0.624353505  
0.3143690912  
0.2273605079  
0.1678321732  
-0.1372106221  
-0.4593058468  
-0.5286099021  
-0.6874931616  
-0.6259602507  
-0.6140712003  
1.00002657  
0.07552621953  
0.1523844745  
0.8114039449  
1.518322321  
1.950924203  
1.90598834  
0.4341504645  
0.5264182139  
0.1244835475  
0.2627593704  
-0.4439214917  
-0.2026356572  
-0.332138501  
-0.3821192914  
-1.095119354  
-0.5939689513  
-0.91375017  
-1.153018409  
-0.7851962323  
-0.8018699718  
-0.6206132028  
-0.6137446757  
-0.5284295118  
-0.6316496606  
-0.6338691627  
-0.378294876  
-0.8527470842  
-0.7839423874  
-0.8498949502  
-0.7009336515  
-1.093188385  
-0.7375275948  
-0.5622002306  
0.1233118533  
-0.2858886408  
0.3703642727  
-0.1006239294  
-0.006014979749  
-0.5546597775  
-0.1999419737  
-0.6718286768  
-0.3390191941  
0.5142954104  
-0.2128327673  
0.8011871804  
0.1226896377  
0.2602103897  
-0.2602072661  
-0.0223832746  
-0.2703966299  
-0.4107357454  
-0.3298040254  
0.03268267669  
0.4618562781  
-0.157029475  
0.2596910827  
0.08763380788  
-0.1157947177  
0.03651545099  
-0.1312761485  
-0.03767039052  
0.2113468532  
0.1465829167  
0.7486753884  
0.7466611833  
0.770349965  
0.9042132184  
0.4133092161  
0.5006081096  
0.4201730583  
0.5308106325  
0.3170887554  
0.3221921463  
0.3052551055  
0.5649183841  
0.7229719047  
0.8334963596  
0.4911858257  
0.4215106358  
0.4442006096  
0.3692029294  
0.4309093468  
0.3728970053  
-0.1305968794  
0.2011665038  
0.5282227541  
0.7100022396  
0.1116983692  
0.4281660231  
0.4367332123  
0.7211437188  
0.4429603262  
0.4011589264  
0.02009218543  
0.2978077597  
0.1429672841  
0.04044110282  
-0.1506702105  
-0.07316332817  
-0.02364851757  
-0.3662715802  
0.2216618364  
-0.1811213589  
0.006983993001  
0.02926431405  
-0.04563391093  
-0.3742524198  
-0.5138387093  
-0.1104827726  
-0.05772025191  
-0.5769282689  
-0.3382224901  
-0.3104745149  
0.02348607778  
-0.3362638036  
-0.3258550417  
0.1055515248  
0.03405599456  
-0.4698072418  
-0.4890003154  
-0.1251509523  
0.4065018457  
-0.2256661405  
-0.04759596004  
-0.3977451127  
-0.5525140049  
-0.3482193111  
-0.5295015647  
-0.3814698121  
-1.020864266  
-0.5220637585  
-0.4898997696  
-0.5559644119  
-0.7089490422  
-0.5873226995  
-0.6362758334  
-0.2513169252  
-0.4352645315  
-0.5428194523  
-0.7101134537  
-0.8914298701  
-0.5082862708  
-0.08646186948  
-0.08018325167  
-0.2027943619  
0.2683497883  
0.4154885803  
0.1236956968  
0.2160850252  
0.3547027684  
0.5429688127  
0.5881634264  
0.1657532064  
0.360420965  
-0.3026670106  
-0.2825510779  
-0.362273033  
-0.4604513858  
-0.3408593007  
-0.3102224329  
-0.2198822539  
-0.5403809421  
-0.4632739184  
-0.7129897537  
-0.4734291376  
-0.07215475814  
-0.301071608  
-0.4128135654  
-0.4482451185  
-0.05628797024  
-0.5402931775  
-0.8106062079  
-0.5292204857  
-1.001149976  
-1.153275708  
-0.9951441284  
-0.8461049749  
-0.7979996953  
-0.3959210699  
-0.6891846129  
-0.585843531  
-0.3925125057  
