3166.664914  
3165.890052  
3156.740527  
3156.554491  
3165.216504  
3160.436602  
3166.816331  
3160.492301  
3164.739228  
3157.921132  
3149.447998  
3152.23688  
3151.165556  
3150.858683  
3156.073523  
3149.087584  
3153.223026  
3161.469428  
3158.071653  
3162.272717  
3169.113083  
3165.782654  
3167.401634  
3159.836462  
3155.168257  
3149.434632  
3145.270999  
3151.658883  
3155.09168  
3148.279936  
3153.268831  
3155.018913  
3166.913398  
3157.700717  
3161.706617  
3162.905438  
3174.151478  
3168.189052  
3166.290451  
3169.56495  
3153.485117  
3153.577069  
3152.048718  
3145.54493  
3144.911256  
3146.161427  
3146.668521  
3138.047944  
3131.940593  
3150.537575  
3153.826309  
3167.536824  
3155.018004  
3153.619415  
3132.845166  
3124.234861  
3125.99305  
3140.340593  
3137.362462  
3140.669491  
3136.991519  
3135.840415  
3123.90101  
3129.257279  
3133.649208  
3127.795541  
3127.756764  
3129.300462  
3128.835404  
3130.881921  
3119.12254  
3122.217423  
3121.941906  
3123.253463  
3121.724935  
3125.060144  
3098.010971  
3130.129353  
3120.430381  
3108.022011  
3118.969767  
3115.324074  
3113.917952  
3114.91018  
3114.391914  
3128.798848  
3133.456505  
3130.1023  
3121.885299  
3123.985051  
3119.248559  
3127.92412  
3127.783575  
3135.554017  
3131.316369  
3132.741973  
3126.041756  
3123.01553  
3123.564214  
3119.194045  
3129.752275  
3126.026516  
3139.082839  
3131.549655  
3129.243344  
3121.728532  
3121.193056  
3114.633002  
3118.538885  
3117.911088  
3128.674618  
3126.129195  
3132.969281  
3135.855789  
3137.170669  
3130.502565  
3135.75516  
3142.633598  
3147.932539  
3139.136689  
3150.014377  
3160.659629  
3156.912136  
3139.815826  
3162.415554  
3144.34946  
3150.952672  
3156.779777  
3154.423705  
3150.856837  
3152.864347  
3143.793677  
3134.673322  
3129.676758  
3116.961802  
3123.660471  
3130.103048  
3137.347414  
3131.889554  
3135.096798  
3147.428846  
3134.526201  
3145.737219  
3148.054383  
3167.834758  
3166.840866  
3175.196084  
3176.706482  
3182.541863  
3179.345901  
3170.489546  
3163.305731  
3150.716849  
3159.957087  
3146.020472  
3144.666269  
3156.366535  
3164.357296  
3158.578888  
3152.567263  
3156.218907  
3148.409162  
3150.333409  
3149.396957  
3150.019669  
3162.857382  
3151.693678  
3150.785707  
3160.620043  
3153.683922  
3160.959039  
3164.73592  
3166.001252  
3157.196012  
3160.690532  
3164.551059  
3158.685742  
3169.09461  
3163.274479  
3165.111522  
3173.036859  
3171.457221  
3181.661608  
3178.96275  
3191.092741  
3188.359785  
3184.550826  
3189.211383  
3190.109516  
3188.156971  
3188.677638  
3185.189963  
3177.393836  
3178.513566  
3177.954733  
3169.174903  
3171.992754  
3171.641175  
3164.779417  
3174.642073  
3162.179238  
3160.043783  
3169.260346  
3179.162755  
3176.516793  
3173.185286  
3170.519916  
3176.461734  
3182.112065  
3173.789285  
3165.975467  
3154.849617  
3167.486069  
3162.588626  
3164.364  
3164.159641  
3157.319715  
3150.718038  
3152.28022  
3158.503986  
3151.981119  
3159.645989  
3158.082918  
3159.173938  
3158.599487  
3160.608106  
3154.209324  
3147.173311  
3150.910212  
3152.151642  
3156.730305  
3154.294279  
3150.249073  
3146.948543  
3161.996135  
3154.226311  
3156.84152  
3147.833244  
3146.774513  
3147.491444  
3145.81899  
3151.143568  
3144.868561  
3145.30239  
3156.513788  
3150.250451  
3151.792159  
3144.035142  
3147.639315  
3143.729782  
3147.681005  
3151.57456  
3146.332578  
3158.837701  
3153.264404  
3158.173371  
3156.060259  
3148.153694  
3155.265564  
3158.591327  
3154.951037  
3157.731862  
3160.067609  
3161.151985  
3161.124173  
3164.634689  
3163.999645  
3158.042518  
3167.332011  
3153.098138  
3163.1802  
3153.587199  
3154.664379  
3162.76494  
3158.326273  
3162.523889  
3160.120927  
3168.047523  
3156.355001  
3149.584484  
3159.670417  
3161.334194  
3166.853166  
3165.805417  
3158.470321  
3159.678379  
3158.94725  
3162.273434  
3161.350255  
3164.325152  
3165.105904  
3163.20831  
3159.820351  
3162.411924  
3158.843904  
3160.403013  
3155.457821  
3165.858157  
3158.367435  
3153.56255  
3161.510168  
3171.492706  
3163.634284  
3166.326  
3167.242186  
3166.769209  
3168.693922  
3159.266291  
3170.052623  
3159.611332  
3158.23579  
3151.388187  
3154.759511  
3158.673761  
3152.229991  
3148.624955  
3146.779568  
3141.069377  
3151.925873  
3159.787946  
3150.790976  
3157.115302  
3135.395487  
3150.115634  
3147.979789  
3150.925265  
3149.157409  
3154.414245  
3152.846288  
3159.820131  
3157.904548  
3157.595109  
3151.67154  
3145.617928  
3149.39657  
3147.582448  
3139.179771  
3146.251908  
3145.14326  
3149.568893  
3153.370506  
3133.391667  
3157.920773  
3152.343284  
3151.689085  
3158.544463  
3163.615936  
3159.005405  
3166.000556  
3160.396166  
3160.19679  
3155.699701  
3149.947195  
3142.930896  
3150.666086  
3140.915106  
3151.771788  
3156.822193  
3157.844931  
3158.490326  
3155.624121  
3154.393827  
3146.248287  
3146.962397  
3155.473916  
3154.163946  
3160.383944  
3151.685755  
3160.845129  
3163.174986  
3159.937313  
3165.373525  
3165.6181  
3169.209452  
3170.58432  
3155.785504  
3146.668299  
3150.252764  
3145.66371  
3146.940482  
3153.111685  
3149.509825  
3152.23675  
3155.950935  
3162.383302  
3154.061618  
3162.158114  
3167.255315  
3166.134722  
3159.429237  
3155.330639  
3158.236346  
3159.764909  
3155.589901  
3151.814105  
3148.522269  
3157.08427  
3160.953792  
3160.068883  
3146.623991  
3165.958983  
3154.845211  
3161.990192  
3155.433642  
3155.582269  
3160.398144  
3157.641878  
3165.348678  
3159.317089  
3157.431096  
3155.290838  
3149.083804  
3141.536768  
3140.261487  
3136.155103  
3138.745881  
3138.707888  
3173.035236  
3154.231696  
3154.892516  
3169.829928  
3184.901858  
3195.141135  
3193.785849  
3162.704667  
3163.828462  
3154.879622  
3157.613271  
3143.186934  
3147.929763  
3144.20329  
3143.699797  
3128.182342  
3137.570186  
3130.493864  
3125.548493  
3133.879943  
3132.941331  
3136.65626  
3137.274025  
3139.375813  
3137.348875  
3137.147981  
3142.445271  
3132.517271  
3133.997725  
3132.442358  
3136.218105  
3127.17501  
3135.055344  
3138.23746  
3152.923993  
3145.251922  
3159.190145  
3149.284482  
3150.858701  
3140.284692  
3147.27154  
3137.029483  
3144.415744  
3163.201077  
3147.415229  
3169.215024  
3154.380618  
3157.9609  
3145.849741  
3151.362034  
3146.952214  
3143.312308  
3144.602663  
3153.706295  
3161.790878  
3149.012489  
3157.045499  
3154.073855  
3149.497878  
3152.785431  
3148.884771  
3150.571369  
3156.57531  
3154.619004  
3167.023787  
3168.112437  
3167.927884  
3171.650074  
3160.387055  
3162.580777  
3161.56134  
3163.44212  
3158.022253  
3158.717298  
3158.739255  
3163.812045  
3167.575406  
3170.265703  
3162.557188  
3161.743172  
3161.074535  
3159.906643  
3161.131962  
3160.255806  
3149.647421  
3156.717912  
3163.804627  
3167.272076  
3154.786011  
3160.286342  
3161.021853  
3167.366116  
3162.25659  
3160.822454  
3151.538162  
3158.222378  
3154.919093  
3152.700056  
3148.728648  
3149.910474  
3151.36643  
3144.047199  
3155.629323  
3148.457235  
3152.136792  
3153.088672  
3150.774351  
3143.271869  
3140.186155  
3148.308718  
3150.277534  
3139.450951  
3144.012862  
3144.656616  
3152.060447  
3144.060428  
3144.137714  
3153.587506  
3151.941189  
3141.6393  
3140.637576  
3147.812249  
3159.864905  
3146.578149  
3149.273307  
3142.816331  
3139.240125  
3142.927812  
3140.663063  
3142.821509  
3129.639445  
3140.00318  
3139.872578  
3138.920435  
3135.553837  
3138.162554  
3137.549361  
3144.978356  
3141.776648  
3139.608895  
3135.865165  
3132.220952  
3140.14688  
3149.408736  
3149.17595  
3147.017135  
3157.000995  
3160.383531  
3153.782752  
3155.987556  
3160.125469  
3163.679166  
3164.565721  
3154.93881  
3158.735913  
3144.431788  
3145.51325  
3143.73527  
3142.19294  
3144.916471  
3146.392188  
3148.043944  
3140.523604  
3141.79227  
3135.423229  
3141.011065  
3149.515714  
3145.405626  
3142.640621  
3141.645431  
3150.042057  
3140.096465  
3134.921497  
3140.359618  
3130.358234  
3126.886671  
3129.985183  
3133.403277  
3133.988865  
3142.667625  
3135.974903  
3138.375299  
3143.685916  
