3318.47889  
3328.51717  
3327.377693  
3319.88601  
3329.192006  
3330.552599  
3338.64793  
3335.319786  
3323.581504  
3328.651229  
3327.15472  
3328.809308  
3323.601042  
3329.710146  
3330.232317  
3330.313163  
3338.532851  
3330.161257  
3325.8922  
3327.949759  
3338.697585  
3337.022112  
3321.403852  
3327.788109  
3324.815333  
3323.082577  
3329.911652  
3321.966907  
3329.823778  
3325.33574  
3328.818106  
3325.386901  
3324.302581  
3322.354713  
3327.173498  
3318.280959  
3316.945821  
3330.396162  
3319.700023  
3320.515269  
3316.322058  
3319.474694  
3321.31457  
3316.779834  
3322.896959  
3312.407509  
3308.124556  
3317.934723  
3310.866719  
3315.16574  
3315.259412  
3315.988998  
3328.325419  
3312.714224  
3319.623411  
3311.966093  
3311.566238  
3313.041647  
3316.790323  
3328.077171  
3321.289966  
3338.226031  
3322.963486  
3314.440043  
3322.128241  
3321.311502  
3329.106163  
3320.620933  
3320.561177  
3320.749153  
3334.8907  
3334.244649  
3320.034838  
3311.517188  
3323.497806  
3318.056282  
3316.62063  
3319.934421  
3308.184722  
3321.616842  
3320.656599  
3330.430481  
3330.157826  
3316.806492  
3317.965993  
3313.285217  
3325.70034  
3321.860802  
3316.460538  
3327.482331  
3316.829869  
3316.049492  
3329.933208  
3323.465976  
3320.567611  
3326.047006  
3337.42796  
3330.842959  
3329.070053  
3320.607198  
3341.689614  
3341.434682  
3342.424793  
3340.947022  
3337.406322  
3337.722498  
3330.811043  
3334.418644  
3325.082696  
3317.969156  
3317.320338  
3319.329237  
3325.813086  
3329.645143  
3323.938139  
3315.267682  
3319.915688  
3312.962908  
3313.91667  
3322.059789  
3312.238094  
3317.051947  
3318.574223  
3322.535714  
3330.992315  
3333.574774  
3332.14833  
3321.251605  
3309.438302  
3315.287242  
3311.392053  
3313.865241  
3310.09872  
3319.685568  
3313.3485  
3325.616397  
3327.132957  
3321.908285  
3316.482375  
3320.245939  
3306.180207  
3322.001395  
3321.189269  
3315.715409  
3307.413004  
3314.770801  
3326.176753  
3318.170907  
3320.760462  
3319.345722  
3327.042647  
3336.024485  
3323.642788  
3328.111843  
3328.852175  
3332.06006  
3332.145282  
3327.638802  
3327.148182  
3319.816492  
3331.485754  
3330.580742  
3330.291283  
3338.019333  
3327.052064  
3334.789054  
3341.495293  
3344.062774  
3335.667957  
3326.252337  
3332.325091  
3321.555726  
3320.830728  
3323.037855  
3318.882906  
3311.865298  
3312.134821  
3318.566037  
3318.183989  
3318.318128  
3312.017704  
3306.175504  
3315.094538  
3317.751892  
3324.132139  
3327.568002  
3315.004573  
3320.157555  
3315.109626  
3311.707158  
3310.111282  
3316.044819  
3315.348369  
3314.469879  
3309.875085  
3303.388604  
3304.319693  
3301.970802  
3305.817226  
3321.41903  
3315.21182  
3319.5942  
3314.369247  
3319.918402  
3322.630707  
3320.533991  
3320.626216  
3314.034544  
3317.301804  
3305.85664  
3332.893028  
3325.227395  
3305.639619  
3326.173604  
3319.348018  
3329.167265  
3318.626705  
3326.288297  
3322.973017  
3308.437608  
3309.609306  
3297.638612  
3308.402561  
3316.12172  
3306.754214  
3316.04238  
3313.636626  
3315.077207  
3307.370625  
3311.051048  
3309.549215  
3304.842368  
3316.106662  
3305.726941  
3313.913787  
3318.833106  
3313.545079  
3325.447603  
3318.840738  
3319.287879  
3326.518966  
3321.323871  
3308.613828  
3306.918111  
3315.418188  
3313.30189  
3312.952467  
3312.587861  
3305.061694  
3310.2432  
3309.831897  
3316.62235  
3314.319016  
3303.65534  
3315.666762  
3315.651576  
3313.575319  
3314.701631  
3339.690302  
3347.926775  
3357.282011  
3350.999746  
3340.988093  
3346.080509  
3327.824128  
3332.927906  
3334.26127  
3328.028762  
3335.643752  
3337.695298  
3326.03093  
3325.836313  
3321.198139  
3314.650999  
3305.233798  
3306.621463  
3301.261974  
3309.718192  
3297.302241  
3292.590228  
3298.268  
3298.326776  
3292.333172  
3315.289832  
3327.051305  
3310.455875  
3311.816484  
3311.357434  
3304.418754  
3306.498199  
3317.822904  
3314.124558  
3318.305895  
3310.862103  
3302.981846  
3313.087915  
3308.577762  
3317.058658  
3315.084871  
3315.622316  
3320.244922  
3322.478466  
3327.878171  
3305.336785  
3303.838438  
3309.700945  
3308.792434  
3314.864319  
3309.368229  
3321.336194  
3321.184206  
3328.006898  
3328.742539  
3326.720975  
3325.636814  
3325.013349  
3319.325262  
3313.845181  
3319.24677  
3318.487915  
3318.320741  
3321.430832  
3316.579796  
3309.927169  
3316.118391  
3311.748636  
3308.338451  
3297.244691  
3309.655143  
3318.047329  
3318.534708  
3313.739738  
3315.363505  
3314.950214  
3317.059345  
3305.063805  
3301.21172  
3313.437924  
3313.320052  
3314.411367  
3324.312353  
3318.381683  
3324.452492  
3319.771486  
3318.529581  
3319.67234  
3314.386297  
3305.840746  
3312.547806  
3313.21995  
3318.410993  
3313.981036  
3315.957706  
3323.310796  
3313.700959  
3328.097408  
3328.929361  
3315.341237  
3311.321521  
3312.558562  
3304.695416  
3304.441839  
3321.345359  
3314.89655  
3314.667911  
3314.632216  
3313.58427  
3323.943311  
3305.7737  
3329.328044  
3318.442924  
3328.36729  
3345.179791  
3327.141914  
3332.384638  
3326.710325  
3325.155411  
3322.747916  
3334.697698  
3321.184575  
3327.170547  
3321.637934  
3313.883752  
3312.389731  
3320.138893  
3315.042279  
3321.031215  
3322.977455  
3326.542095  
3307.092794  
3308.11674  
3307.75677  
3302.036681  
3297.257763  
3300.414747  
3302.478209  
3312.307448  
3311.634242  
3314.099169  
3323.057532  
3310.630267  
3303.970733  
3304.840101  
3301.152532  
3291.952411  
3296.259163  
3308.270454  
3299.940453  
3309.857128  
3312.18681  
3315.680326  
3305.801686  
3304.142849  
3305.634355  
3295.055994  
3290.686676  
3288.986033  
3312.02046  
3306.425566  
3324.069148  
3312.997464  
3320.447917  
3317.628274  
3327.308199  
3324.794874  
3313.148599  
3308.162162  
3294.341461  
3289.697381  
3283.863271  
3300.593024  
3302.724586  
3301.599444  
3295.059556  
3291.755997  
3277.217579  
3272.051355  
3272.36658  
3280.269446  
3280.059681  
3288.91537  
3278.079567  
3280.7973  
3290.44099  
3287.111129  
3298.575567  
3288.342594  
3299.232545  
3312.152673  
3310.556273  
3306.34319  
3307.968567  
3299.164543  
3294.593177  
3289.870277  
3295.297619  
3289.253917  
3300.767306  
3302.65658  
3303.202918  
3306.229559  
3305.751532  
3301.631224  
3292.767643  
3298.744767  
3289.658927  
3293.453577  
3297.061369  
3299.004298  
3309.184391  
3296.959206  
3296.000931  
3303.780928  
3301.908842  
3302.894148  
3290.954305  
3298.218432  
3300.606591  
3301.822675  
3302.185322  
3309.713226  
3304.260189  
3306.634921  
3322.028711  
3312.821386  
3307.170219  
3311.891454  
3311.795786  
3304.276031  
3306.675784  
3304.454166  
3309.367905  
3309.384115  
3307.188764  
3314.167249  
3317.689127  
3318.106627  
3315.547185  
3313.318416  
3314.144368  
3322.947837  
3312.83812  
3313.496117  
3321.256846  
3318.82887  
3316.028702  
3310.341915  
3306.003644  
3319.1253  
3311.616375  
3315.039445  
3312.053957  
3311.332771  
3323.329887  
3335.338618  
3320.598841  
3321.858861  
3317.696821  
3329.203356  
3319.767738  
3328.005412  
3340.271937  
3341.477349  
3339.329227  
3333.997677  
3342.765764  
3346.369117  
3332.704521  
3327.386554  
3331.035148  
3313.271204  
3306.562828  
3322.6772  
3329.086119  
3317.190137  
3320.044358  
3321.435845  
3315.868176  
3309.28765  
3311.557819  
3321.17807  
3320.817868  
3317.894257  
3312.855712  
3310.804868  
3323.165369  
3309.994817  
3311.169819  
3323.646991  
3335.064928  
3324.109986  
3317.578577  
3315.524679  
3313.082994  
3305.205794  
3317.446618  
3316.778267  
3311.599186  
3310.272877  
3317.826974  
3321.759431  
3312.306307  
3303.771896  
3310.483404  
3315.066047  
3322.294133  
3321.780364  
3312.631673  
3314.723717  
3323.362061  
3319.111157  
3311.420587  
3309.104202  
3317.501772  
3307.95484  
3308.09351  
3311.957272  
3311.595347  
3305.863412  
3316.336889  
3317.218881  
3314.391181  
3316.257001  
3317.695002  
3315.112382  
3319.918299  
3314.778759  
3310.710195  
3308.260066  
3304.927119  
3313.041167  
3310.714516  
3301.043414  
3309.299257  
3311.381453  
3307.658542  
3315.305087  
3307.343516  
3307.972123  
3312.48411  
