-0.3401871379  
0.1149324752  
0.07542268306  
0.1720726011  
0.3908691892  
0.7676058959  
0.8556756004  
0.7692280826  
0.2781747  
0.4184687185  
0.4889192733  
0.2993330605  
0.4658145343  
0.2959028788  
0.2644645809  
0.2829147689  
0.7774074201  
0.6242801658  
0.498994273  
0.6249368642  
0.4798968236  
0.4191773522  
-0.1620154262  
0.2259971929  
0.03994590884  
0.4690579397  
0.700299873  
0.2465429646  
0.2574139526  
0.4289028659  
0.2751952131  
0.0254743412  
0.005770661497  
-0.01888871177  
-0.1688922687  
0.3693187956  
0.2984057515  
0.5082687611  
-0.1384088426  
-0.2402707838  
-0.3414001819  
-0.5692830823  
-0.4993730055  
-0.7228578256  
-0.3776503763  
-0.9603724288  
-1.058095819  
-0.7918259229  
-0.8249280532  
-0.4864961173  
-0.884029568  
0.03797677396  
-0.4003155702  
-0.50244437  
-1.022221641  
-0.9736907563  
-1.071539586  
-0.6616000556  
-0.9147836461  
-0.05760662664  
-0.4867478214  
0.01082145401  
-0.272327743  
-0.01027637271  
0.2227381331  
0.1056250011  
0.4841469684  
0.4440372892  
0.5530610471  
0.1557892814  
0.3391735184  
0.05932524328  
-0.1190623536  
-0.5888910874  
-0.1322410391  
-0.07982663848  
-0.06075276227  
-0.0214275244  
-0.2137136852  
0.6064225826  
0.2380523421  
0.4544692606  
0.2897585853  
-0.1942835299  
-0.3286904283  
-0.2954026129  
-0.4851147651  
-0.01570616547  
-0.6699165652  
-0.4628987193  
-0.3330997295  
-0.450382584  
-0.2412599912  
-0.1250074521  
-0.3352474782  
0.0580776456  
0.06123841105  
0.1140951714  
0.7494879891  
-0.201439655  
1.049393537  
1.042054545  
1.000560162  
0.8638164226  
0.8276184473  
0.8266545393  
0.1554157786  
0.4982229584  
-0.06789570156  
0.1040016266  
0.258410702  
0.152654482  
0.2507485125  
0.6329274856  
0.3381761787  
-0.1271394248  
-0.5191592242  
-1.107303372  
-0.7376703792  
-0.50206185  
-0.2359450974  
0.01451769708  
-0.2089870521  
-0.2547845285  
0.4602733715  
0.5453389134  
0.2356148694  
-0.5448570312  
-0.562574799  
-0.9907169002  
-1.275001974  
-1.140957321  
-1.144641132  
-0.3288158838  
-0.5220945836  
-0.242237994  
-0.1997059202  
-0.5071800255  
-0.739233434  
-0.8345353956  
-1.029201885  
-0.7928278735  
-0.3490635351  
-0.761112553  
-0.5671934691  
-0.3528862532  
-0.59810442  
-0.3188548334  
0.1650849877  
-0.4213365729  
0.3889745138  
0.6065222936  
0.1087492467  
0.4558839793  
0.4803968752  
0.1642560891  
0.1214349674  
0.02730444352  
0.1279368612  
-0.3613579006  
0.2415324771  
0.1704288306  
0.1198778817  
0.3565689393  
0.1680627844  
0.4354418151  
0.5780479371  
0.7109033361  
0.459319343  
0.3699670028  
0.3459824224  
-0.1080517409  
-0.3449512239  
-0.04862768857  
-0.0666962469  
-0.6743521565  
-0.3259966174  
-0.1056446045  
-0.437900413  
-0.9090823007  
-0.3904088263  
-0.6515141963  
-0.4140478738  
0.4057864192  
0.05381239804  
0.5086506883  
0.2153315447  
0.3272209837  
-0.1150714012  
-0.3905442042  
-0.5787205356  
-0.1686797075  
-0.3028494804  
-0.4372650644  
-0.5710856465  
-1.107158566  
-1.051989716  
-0.7233634921  
-0.5625360597  
-0.3245392423  
-0.176232371  
-0.594380948  
-0.2024870789  
0.1775610964  
-0.09517153851  
-0.4294356006  
-0.2321428047  
0.3800404389  
0.093593398  
-0.6168861334  
0.6153350771  
-0.3756657558  
-0.4531443801  
0.02049255411  
-0.08658761635  
0.2320644293  
-0.004704136611  
0.09520643416  
0.1121929622  
-0.8604992549  
-0.8454860263  
-0.9766428973  
-1.038162239  
-0.6963340731  
-0.3187625292  
-0.5530390609  
-0.7852914297  
-0.6317308522  
-1.031606297  
-0.8183137365  
-0.6391131399  
-0.3119125678  
-0.5212921384  
-0.6148353419  
-0.5657722593  
-0.08283527858  
0.1832983013  
0.1746769872  
0.1361874373  
0.1641386677  
0.04650845649  
-0.3466034275  
-0.4131370737  
-0.6210173139  
-0.3583851843  
-0.1731637748  
-0.3339503161  
-0.3930348627  
-0.6137072314  
-0.4041316209  
-0.4914132639  
-0.2219067845  
-0.4687309186  
-0.7080099358  
-0.3184775625  
-0.1523357301  
-0.09515876653  
-1.090829536  
1.615493028  
1.723941619  
2.349922897  
1.903906506  
1.498269828  
1.264342564  
0.4037399838  
0.001046832673  
0.815246688  
0.5491054691  
0.7920428207  
0.625141496  
0.419186339  
0.5715914059  
0.3677202242  
0.3517801599  
0.1531625806  
-0.4356328637  
-0.3355136178  
-0.1869620358  
-0.9880747039  
-0.9253072774  
-0.762470375  
-1.021551624  
-0.6549327527  
-0.1284133119  
0.6028688355  
-0.3293844093  
-0.7348142892  
-0.9054371726  
-0.4214399487  
-0.3904539279  
-0.1266754454  
-0.09180364683  
-0.03564780084  
-0.4709627442  
-0.3937749247  
-0.2365603611  
-0.2236443244  
-0.2721510537  
-0.5436596903  
-0.08163163727  
0.07352962447  
0.4691271473  
0.3735235661  
-0.1262699947  
-0.7319031131  
-0.601587595  
-0.4243637896  
-0.3880007247  
-0.1412580628  
-0.06592673957  
-0.2462449284  
0.3824053577  
0.7108390976  
0.6101395315  
0.9354716304  
0.568526765  
0.6999350742  
0.1696925202  
0.2671930358  
0.1908996515  
0.07760098653  
0.4536717557  
-0.2209043688  
-0.2241538825  
-0.004177246587  
0.4382049842  
-0.2636229789  
0.1382583219  
0.1387789312  
0.2859403296  
0.3207255501  
-0.1311977882  
-0.1790820533  
-0.5237032567  
0.01169666688  
0.2182756258  
-0.3537660617  
0.1318750606  
-0.005809179282  
0.39596276  
0.7566747524  
0.3878702745  
0.8519845917  
0.4104111998  
0.08034496983  
-0.1054915958  
-0.2517281944  
-0.3185248117  
-0.3731207097  
-0.1115678379  
0.4306450702  
0.4334276195  
0.713674069  
0.984318396  
0.6947287379  
0.6134208435  
0.4807447711  
-0.174049863  
-0.04854717775  
-0.9081211747  
-0.8391179012  
-0.6281962212  
0.1476024466  
-0.2590703737  
0.1657001444  
0.197499708  
0.5124606504  
0.251461114  
0.2437350815  
0.6336609333  
0.5916385316  
0.9757371503  
1.929434667  
1.39886834  
1.842730934  
1.694116006  
1.655367611  
1.165240846  
1.118865155  
0.438971324  
0.7338125405  
0.4962408406  
0.08756330416  
0.2258029182  
0.5324711624  
0.2613118622  
0.6932873341  
0.4052532822  
0.478421155  
0.3244468419  
-0.2412477249  
-0.5963638416  
-0.4095467163  
-0.8766711179  
-0.6850067412  
-0.5367188251  
0.1747428712  
0.3980181063  
0.2648175063  
0.5334361617  
0.2971045747  
0.07109709848  
0.01810560967  
-0.3521742747  
-0.7158444186  
-0.6990996494  
-0.6890651503  
-0.4654137103  
-0.2006342895  
0.1619484881  
-0.07312822501  
-0.2495985132  
-0.07783687596  
-0.3986145484  
-0.7603198365  
-1.011178834  
-1.002708856  
-0.2573206034  
-0.4877097202  
0.5406332205  
0.3398423339  
0.6326098202  
0.3668831991  
0.5985729714  
0.1537792655  
0.3369602071  
0.009873099751  
-0.5793640359  
-1.249178401  
-1.1996893  
-0.9233423639  
-0.6214153303  
-0.4670445404  
-0.6430430556  
-0.9891187643  
-1.335098564  
-1.876644958  
-1.667425135  
-1.334541717  
-1.839113951  
-1.281610543  
-1.612121215  
-1.0355179  
-1.265320497  
-0.8581014572  
-0.829518677  
-0.496262996  
-1.112341123  
-0.5472784414  
-0.130285689  
-0.3386136478  
0.1348217685  
-0.9759523409  
-0.8811981862  
-1.083139506  
-1.148437634  
-1.11475426  
-0.4394564367  
-0.01466130492  
0.08542253043  
0.4643927624  
-0.01879491856  
-0.2768710016  
-1.075341191  
-1.368999717  
-1.199487173  
-1.473872547  
-0.5962800637  
-0.4052236501  
0.2374429986  
-0.2163048069  
-0.224379307  
0.3959309678  
0.1604878114  
-0.5241932364  
-0.6014245538  
-0.6829300835  
-0.3987685188  
-0.2832550491  
-0.2135746472  
-0.005103063277  
-0.1830497293  
-0.2942457668  
0.5276736249  
0.39801355  
0.3696029559  
0.7512818504  
0.1174335358  
-0.2124291389  
0.01293276013  
0.3071841358  
0.2103258653  
0.3259471976  
0.07655876055  
0.3614997215  
0.475760412  
0.730513143  
0.9796896645  
0.705702324  
0.9677124318  
0.9544410677  
0.8586078318  
1.007389457  
0.6267609727  
0.7753715666  
0.6915669767  
0.5815380177  
0.2067233174  
0.3579952556  
-0.2800098916  
0.6857813007  
0.3809622745  
0.5521896699  
0.7826790673  
0.8036792886  
0.6253724619  
1.280726465  
0.8190927917  
1.311827934  
0.9361140371  
0.7406206474  
1.021856833  
1.679714166  
0.9853273471  
1.261124855  
0.9561385809  
1.3447652  
0.9988311824  
0.8502535621  
0.4152481315  
-0.07508069285  
-0.4618139897  
0.02529628152  
0.5194468576  
-0.02987215196  
0.4284048314  
0.3691200009  
0.516191119  
0.07616974912  
0.3601232383  
-0.1081243168  
0.3686438209  
0.01926558342  
0.09666718576  
0.3615027531  
0.04419613051  
0.5191563712  
-0.1867845746  
0.6527550059  
0.6526579598  
0.5075165459  
0.6127132172  
-0.08128020194  
0.2156236375  
-0.258549601  
0.2749028736  
0.2673206508  
0.161310301  
0.3802185827  
0.08844623718  
0.3323880245  
0.1929099239  
-0.06711102478  
-0.1766301855  
0.4464348236  
0.8419347999  
0.5227634389  
0.3870813435  
0.3286484828  
0.07481830734  
0.536263009  
0.3940860862  
-0.1815487281  
-0.0778493497  
-0.09543429696  
0.3623509747  
0.492149998  
0.2157305663  
-0.3038025713  
0.2307396184  
0.02570268245  
0.3561302205  
0.5098889618  
0.3898314682  
0.4529554408  
0.7697792385  
0.2283806764  
0.1785891455  
0.1191654462  
-0.2496590117  
0.1005705308  
0.3303600073  
-0.0976133101  
-0.393978288  
-0.01672884637  
0.07941007832  
0.409926421  
0.1783529396  
0.5296304663  
0.8170472092  
0.4280986119  
0.1150137503  
0.1184756354  
0.1624278684  
-0.0424515836  
0.4248864608  
0.7237232941  
0.3398008339  
0.5003817413  
0.5954546127  
0.2349106571  
0.597422698  
-0.007517028532  
-0.1659812108  
0.2095282926  
-0.01292148674  
-0.0571914152  
0.1994309616  
0.3707329146  
0.8326900804  
0.4932798781  
0.5467647193  
0.4516949757  
0.1128328224  
-0.2249372348  
-0.883047229  
-0.785295714  
-0.6657323177  
-0.1607338302  
-0.4407074053  
-0.1988670353  
0.2689432163  
0.8971864951  
0.2479002608  
0.8264692168  
0.6973400614  
1.028442672  
0.25656672  
0.6255310039  
-0.356668379  
-0.5260312817  
-1.022238804  
-0.8970314761  
-0.8185753461  
-0.4521693186  
-0.4410929248  
0.7979848169  
-0.3687621334  
-0.7874077972  
-0.2173439129  
-0.4737276281  
0.4287123647  
-0.1539273878  
-0.8693440852  
-1.316531784  
-1.930967979  
-1.90729173  
-0.9620160166  
-0.4140421129  
-0.8149653142  
-0.9058798867  
-0.9357606366  
-1.421551731  
-1.382703524  
-1.730217699  
-1.823347359  
-1.818559755  
-1.617389409  
-1.568151433  
-1.541752979  
-1.547953855  
-1.649030668  
-1.906013929  
-1.577455251  
-0.9833403142  
-0.9077851024  
-1.123872977  
-0.262779723  
-0.226372993  
-0.3105887456  
0.05600592809  
-0.2593552193  
-0.5832205929  
-0.3400760723  
-0.1410412732  
0.2634000592  
-0.260740166  
-0.2539946589  
-0.5806212434  
-0.6830364606  
-0.6517911325  
-1.083723792  
-0.7746418888  
-0.7491679234  
-0.3171116861  
-0.3867864302  
-0.3078577633  
-0.8184186393  
-0.4957068184  
-0.213931644  
-0.3857968761  
-0.2695141364  
0.04573424856  
-0.215029449  
-0.3695406821  
-0.6617706831  
-1.090540455  
-1.23179693  
-0.9084985032  
-1.054074654  
-0.6319119272  
-0.2817327724  
-0.5495960078  
-0.3894118355  
-0.4387780374  
-0.6881890547  
-0.1505282973  
-0.1692188828  
0.3654145528  
-0.1680225389  
0.278800039  
0.8021225013  
0.5661781049  
-0.01734696525  
0.8269897796  
0.1876281531  
0.08773545672  
0.5419382352  
0.3320020147  
-0.3086438557  
-0.8634302415  
-0.873055923  
-1.310450958  
-1.454941687  
-1.554330867  
-1.244277607  
-1.254434311  
-1.030260931  
-0.8928150517  
-0.6752702617  
-0.7455586214  
-0.5553116402  
0.06568669229  
1.272029703  
1.210760274  
1.650162976  
1.944583635  
1.858757793  
1.87201635  
1.39959993  
0.8636802739  
0.1927258802  
0.2211773408  
0.2227394823  
0.5130210465  
0.0762762047  
0.4895176299  
0.3873163595  
0.4636759615  
0.2774993643  
0.008981479835  
0.2924467098  
0.05713358301  
0.4372839625  
0.2123371464  
0.4213332928  
0.2627838101  
0.6030265942  
0.5780153133  
0.421083164  
0.440212913  
0.6387177289  
0.7300140915  
0.5126134259  
0.479809453  
0.9280567023  
0.9583346039  
0.4832191932  
0.8534958816  
0.8689755815  
0.8673392384  
0.7978000204  
0.9378841741  
1.193056624  
1.396217552  
1.466063407  
1.283820412  
1.261627813  
1.414833285  
1.658047259  
1.646102788  
1.551218633  
1.396614399  
1.115813993  
1.059891467  
0.8589539948  
0.8754266091  
0.6871952103  
0.9583138609  
1.128674781  
0.8061016776  
1.110030748  
1.344550436  
1.300966038  
1.06956667  
0.933748  
0.7810760182  
1.405516709  
0.9326553106  
1.201829273  
0.5973909784  
0.0652132177  
0.5937453483  
0.3015360941  
0.4286067825  
0.01413082622  
0.6388082246  
0.04531168285  
0.4605032415  
0.3959183327  
0.269175102  
-0.04371515266  
-0.3842924142  
0.2168016192  
0.121534035  
0.1222346477  
0.0724150493  
0.3478082919  
0.4910272307  
0.6373643375  
-0.2326679615  
0.2800534855  
0.3140560668  
0.6753085444  
0.2717968288  
0.4756086895  
0.412878769  
-0.2140893831  
0.3487238609  
0.3164436069  
-0.01922588752  
0.08038211273  
-0.2123125143  
-0.1039513571  
0.00923410496  
-0.0417524217  
0.01695068813  
0.3083696752  
0.1807479719  
0.5055022592  
-0.05056030505  
-0.01876366172  
-0.2100590827  
0.2180822496  
0.5952639521  
0.6492517554  
0.7053607089  
0.3864580827  
0.8485692293  
0.3245279354  
0.4690826106  
0.5830455563  
0.5731815995  
0.4007469092  
0.4598307379  
0.5452170779  
0.7639799479  
0.376835813  
0.6302296324  
0.04042856878  
-0.6175681984  
-0.2251207382  
-0.2092986021  
-0.02649742926  
-0.1217279407  
0.2275311862  
0.4204997  
0.6237120106  
0.2974749964  
0.09659788248  
0.1319137925  
0.8148849485  
0.8869669068  
0.6373800872  
0.2856517824  
0.2812105866  
0.2242311128  
0.3154973695  
0.1693963264  
0.2435350316  
0.1606763753  
0.2163601223  
0.4142299791  
0.4433127062  
0.3438746199  
0.04406459206  
0.2603326727  
0.6299071639  
0.2745634433  
0.4545482622  
0.4007968888  
0.3628401829  
0.3414407502  
0.09656481579  
0.07529935191  
0.151803726  
0.4339698146  
-0.05645078847  
0.4375964984  
0.1820147545  
-0.1726130165  
-0.01705051904  
-0.07687364718  
0.1853013947  
0.06834175136  
-0.4490786739  
-0.06235581569  
0.1244588887  
1.130953517  
0.4469914694  
0.8183510179  
0.4295547721  
0.2152973489  
0.0300259277  
0.1282813568  
-0.2349256803  
0.3342915922  
0.07090538522  
0.03647678958  
-0.3431459898  
-0.1859117103  
-0.3086176135  
-0.1763912962  
-0.3291612403  
0.03219460789  
-0.005115858514  
-0.1072315235  
0.2704475423  
0.5005001749  
0.1734349301  
-0.1724930161  
-0.04772648625  
0.2336883627  
-0.03244255131  
0.1767547168  
0.3770672351  
0.5469004072  
0.5689638062  
0.4775529948  
0.7678556709  
0.5518332372  
0.2368479381  
0.5413278982  
0.2958080431  
0.06179935731  
-0.165676373  
0.06327407288  
0.3993685292  
0.4034568933  
0.1570535868  
0.2161342854  
0.02800284954  
0.5464587643  
0.2204842704  
0.7859674185  
0.5575790224  
0.5102414882  
0.5377496352  
0.5791498089  
0.2614678423  
0.6397700803  
1.268442809  
1.004126134  
0.658097056  
0.8956642875  
0.5070386916  
0.03702599014  
-0.2537755571  
0.008465018468  
-0.1203573499  
-0.06304272291  
0.01861147731  
0.06867368623  
0.3203354461  
0.3433540111  
1.805855781e-05  
0.2701823084  
0.4069553791  
0.2807951632  
0.6882224273  
0.05090127236  
-0.1325986783  
-0.0201577149  
0.05772300801  
-0.1170275821  
-0.6613329552  
-0.3571803969  
-0.4491749812  
-0.2951402658  
-0.3423043897  
0.3224348969  
0.0762863961  
0.1915105104  
0.3276772875  
0.0620226833  
0.2396368665  
-0.2023030851  
0.05403245705  
-0.0865447047  
-0.4630758488  
-0.2979806724  
-0.3541862073  
-0.1674730777  
-0.07623098512  
-0.2275975925  
-0.02046662604  
-0.2228219346  
1.655514288  
1.269243447  
1.095313087  
1.504905521  
2.042609492  
2.934020941  
2.687384655  
1.169946728  
1.043405032  
0.6017705419  
0.1853249803  
-0.02663080495  
-0.07450810549  
0.03172016907  
-0.2386432353  
-0.3750321558  
-0.4094843153  
-0.67069231  
-0.4832883846  
-0.5308519965  
-0.5099670396  
-0.5901059277  
0.09047622181  
0.1453720415  
0.09668251954  
0.2884964609  
0.2998709503  
-0.02246989024  
-0.2487501131  
-0.2755744303  
-0.4819267018  
-0.461231412  
0.1244803614  
0.588611959  
0.5151436737  
0.5719510244  
0.3979093486  
-0.1656584381  
-0.351140235  
-0.3414571923  
-0.3319431772  
-0.9997838034  
-0.3766430961  
0.2755257905  
0.08451038555  
1.02478283  
0.453262072  
0.1248817883  
-0.09008739629  
-0.1498477728  
-0.7977347624  
-0.09914435307  
-0.2772196296  
0.08114032321  
0.2268471955  
0.186710459  
0.2718063217  
0.2980614156  
-0.3868901212  
-0.3437734012  
0.04416395809  
-0.3159374873  
-0.04081521892  
0.002955876675  
-0.3139910178  
-0.2080400667  
0.3741611141  
0.2548406533  
-0.3578919143  
-0.03922060189  
0.1796227758  
0.4596308627  
0.002538183191  
-0.03312845967  
-0.4523088956  
-0.8947133175  
-0.1818325862  
-0.4953423634  
-0.5698627577  
-0.4844944084  
-0.4665573863  
-0.4259392295  
-0.7848179892  
-0.2601401225  
-0.4766632706  
-0.4120991222  
-0.4147562419  
0.06276464566  
0.4102269326  
0.003075344871  
-0.05471633822  
0.08631548038  
0.2522745559  
0.03606705986  
-0.3661643459  
-0.2507236501  
0.1377945941  
0.02036305068  
0.1876117626  
-0.2658627359  
0.2679191366  
0.2020330393  
-0.2150528751  
0.03915297704  
-0.1190219987  
-0.239319095  
-0.3990489861  
-0.3739567376  
-0.532589268  
-0.525690484  
-0.7102877869  
-0.489859218  
-0.5174203561  
-0.5688880443  
-0.07794872281  
-0.5851993535  
-0.7408207949  
-0.3057279509  
-0.3210455463  
-0.3236817847  
-0.3613530326  
-0.8333910696  
-0.350580187  
-0.4112623515  
-0.4541826592  
-0.5976564221  
-1.12285061  
-1.01298499  
-1.019374904  
-0.968430065  
-0.9310023175  
-0.8725178918  
-0.9245994873  
-0.431713801  
-0.6561414916  
-0.5206956447  
-0.8025621212  
-0.5606307455  
-0.5822010858  
-0.4036013618  
-0.6926648157  
-0.6668652401  
-0.8834430345  
-0.4950723892  
-0.9049229318  
-1.026103392  
-0.3419118946  
-0.2871868712  
-0.2516731116  
-0.2984254446  
-0.1177273638  
-0.03461686758  
0.1273891977  
-0.389005028  
-0.6327253474  
-1.098137512  
-0.8928586722  
-0.9223055909  
-1.030555531  
-0.4464677243  
-0.7053961388  
-0.6845429444  
-0.5167095841  
-0.6406149451  
-0.3581583367  
-0.1821151746  
-0.5216056253  
-0.4960904599  
-0.7103838723  
-1.219267235  
-1.022895089  
-1.165609459  
-1.641524904  
-0.9031097709  
-1.514804059  
-1.268049611  
-1.392187248  
-1.31012683  
-0.946412876  
-0.7385182816  
-0.8063998997  
-0.5365294347  
-1.087707646  
