0.599126873  
0.5350183548  
0.8882968717  
0.1227674795  
0.4096314145  
0.6609130109  
0.9356663417  
0.8730578216  
0.9637479217  
1.170792462  
1.014161539  
1.652112222  
1.166562717  
0.7163181977  
0.6665278991  
0.9549612858  
0.4438710398  
0.5098865096  
0.329988815  
0.5625256328  
0.390253233  
0.5385938028  
0.8615045457  
0.7494835319  
0.7644793948  
0.4878800687  
0.9990028898  
0.9110388009  
0.5288625541  
0.366105452  
0.1647217552  
0.03384162032  
-0.02085187876  
-0.4493898505  
-0.04333333594  
0.3387427742  
0.437764851  
0.4034184834  
0.6055650942  
0.63173916  
1.3533479  
0.9366817363  
1.169865958  
0.8369910418  
0.7450607724  
0.4667453231  
0.03940182346  
-0.1166264695  
0.06755330841  
-0.230420065  
-0.04799043911  
0.3171378826  
0.355204708  
0.7065916389  
0.187603003  
0.3521271165  
0.01595136258  
0.2716392526  
0.428987093  
0.2060203843  
-0.03344753209  
0.07081107002  
0.01671586231  
-0.3153502892  
-0.3288332417  
0.05809801798  
0.5458975658  
0.8596001056  
0.7675661444  
1.099664534  
1.102607569  
0.8553391281  
0.435923516  
0.3517958312  
0.3248297483  
0.3925917448  
0.3789924572  
0.4256685094  
0.172179123  
0.228318414  
0.4512669318  
0.3034140806  
0.3319444676  
0.04555517423  
0.1746742327  
-0.4702863505  
-0.4937212113  
-0.6107224369  
-0.5911220776  
-0.4426280576  
-0.1610560994  
-0.412526871  
-0.1545355717  
-0.02895401716  
-0.2906548993  
-0.5398382539  
-0.2121380208  
-0.4859727425  
-0.8168672019  
-0.7917523829  
-0.5994445355  
-0.5945398539  
-0.3808595577  
-0.3460314069  
-0.3175952612  
-0.3181102164  
-0.3558044568  
-0.3433655706  
-0.2157657757  
0.01440968289  
0.271614072  
0.2065773311  
0.4418925417  
0.2176995004  
0.6654509329  
0.2831121063  
0.5915738652  
0.8663376262  
0.7060455197  
0.8460207643  
0.7797223198  
0.8745036352  
0.8032090681  
0.9732501595  
1.117704698  
0.6249650607  
0.2957980331  
0.4989942098  
0.7312377096  
0.7754330115  
0.6369028636  
0.9712067346  
0.7930657857  
0.9001573739  
1.058299009  
1.334720787  
1.033605917  
1.062721944  
1.129135217  
1.327254539  
1.231677966  
1.678437176  
1.516394233  
1.685024416  
1.171193131  
1.185101448  
1.209972081  
1.495751311  
0.7682198102  
0.5795207551  
0.624101047  
0.4943586514  
0.55914531  
0.5381319868  
1.06137217  
1.537402519  
1.825350438  
2.337083754  
2.141266981  
2.183455624  
1.749893867  
1.399006176  
0.8522296863  
0.7291144549  
0.5751467632  
0.3664693439  
0.7671086022  
1.04811367  
1.122414303  
0.9866695591  
0.9046495781  
0.9712528167  
0.9551606682  
0.4099139713  
0.4115002287  
0.4451882645  
0.4964381223  
0.5397585649  
0.08970838696  
0.03760886533  
0.09000201785  
-0.35160634  
-0.5597047612  
-1.077809172  
-1.021482023  
-1.112019332  
-0.9680377651  
-1.053209463  
-0.8924720708  
-0.7145519531  
-0.6937805671  
-0.8967346182  
-0.7239546065  
-0.73460595  
-1.157194665  
-1.454755554  
-1.332805569  
-0.8753966921  
-0.4661743437  
0.2024746028  
-0.03350851059  
0.8229322182  
0.8799487502  
-0.1653842449  
0.4161611082  
0.06782479105  
-0.4151884319  
-0.5689760491  
-0.9478089466  
-1.14768635  
-1.281673864  
-1.037089714  
-0.7785644314  
-0.3984657985  
-0.1878720995  
-0.07397001201  
-0.2004384704  
-0.4196329563  
-0.2580391202  
-0.1337627457  
-0.1131469508  
0.122869041  
0.1207629239  
0.5203718929  
0.5589334693  
0.4083684605  
0.1333672533  
0.2092720616  
0.3084636442  
0.236836636  
-0.2334547755  
-0.1038011987  
0.4280614855  
0.7731235801  
0.4144617287  
0.7915032754  
0.7113177302  
0.7752767998  
0.5579159543  
0.809502168  
0.7678146741  
0.6010156916  
0.6395747203  
0.4567982041  
0.3399546767  
0.540382397  
0.6459095288  
1.093418891  
0.9618741402  
0.644034131  
0.306372894  
0.5309787161  
0.7627800008  
0.3408676372  
0.111194311  
0.665225634  
0.3966644852  
0.3229546684  
0.3967430709  
0.09454393605  
0.3655951952  
0.08967888193  
-0.08633106379  
0.1999714785  
-0.3205404142  
-0.08335158537  
-0.3760532298  
-0.3329625924  
-0.5944539732  
0.1088679444  
0.117465652  
-0.00982816924  
-0.04250051516  
-0.1973734345  
0.2305736294  
0.3560725886  
0.2857560693  
0.3268641514  
-0.01205856302  
0.2014382098  
0.5397107325  
0.661316075  
0.3698533241  
0.3849494544  
0.6133297196  
0.3871634138  
0.08954916783  
-0.1469336117  
-0.1006263602  
-0.1375416203  
-0.2212101309  
-0.001589195179  
0.4022639878  
0.36628602  
0.2713106352  
-0.1065539132  
-0.3191826773  
-0.5565636034  
-0.596007856  
-0.3687840821  
-0.7043904686  
-0.5048911139  
-0.3735281388  
0.005020736818  
0.3873212447  
-0.1371601868  
-0.04106555171  
0.05798777696  
-0.03728527658  
-0.1550665288  
-0.7257017536  
-1.038582938  
-1.308470711  
-1.118275892  
-0.7141535135  
-0.7776789606  
-0.9850245608  
-0.8154371003  
-0.5384780964  
-0.2139445291  
-0.7792461024  
-0.6514230744  
-0.542861766  
-0.4247261703  
-0.6681796037  
-0.6331972509  
-0.8284660658  
-0.4970181192  
-0.9538946843  
-1.055386676  
-0.7207377643  
-0.5679916976  
-0.5681343303  
-0.6006387008  
-0.5488124268  
-0.2864593373  
-0.6919349542  
-0.8877114575  
-0.7879239053  
-0.7211846443  
-0.3127370407  
-0.3444353565  
-0.4485242748  
-0.2135779025  
-0.1577705409  
-0.4496763139  
-0.3021603841  
-0.2108987203  
0.1881856543  
0.2896067421  
0.456746262  
0.2177370691  
0.1240970488  
-0.01677568003  
-0.3083001459  
0.007892748482  
-0.2244033664  
-0.1446829165  
-0.2326195122  
0.03523355543  
0.14094113  
0.2602477435  
0.3528675036  
0.5082128037  
0.5594688251  
0.2662932616  
0.0445184328  
0.4530823544  
-0.3294063386  
-0.1397381291  
-0.04999521779  
-0.02450822382  
0.007826340436  
0.117204144  
0.5379478251  
0.537384542  
0.6273146707  
0.7449413961  
0.6119400958  
0.4400671172  
0.455902936  
0.3510288106  
0.2268704687  
0.4677723485  
0.09333236017  
-0.06519031595  
0.2005859264  
0.2073307644  
0.6768421683  
0.6971678597  
0.7439283327  
0.791885684  
0.7903624054  
0.5876038434  
0.9065769915  
0.7124521028  
0.4632872019  
0.5939177359  
0.5758414387  
1.046160235  
1.243252984  
1.208457069  
0.8140106122  
0.5290178564  
0.1750350772  
-0.5455103959  
-0.5688471866  
-1.179378013  
-1.249355945  
-1.439716068  
-1.329248615  
-1.121294861  
-1.045720154  
-0.9552260912  
-0.709729082  
-0.2494761138  
-0.1609944069  
0.1393402623  
0.1009005313  
-0.1898414203  
0.01000681711  
-0.5632331043  
-0.5045112571  
-0.6533208315  
-0.6032808566  
-0.5098351396  
-0.4585228836  
-0.6980091582  
-1.323907457  
-1.308849705  
-0.9210509257  
-0.4652853154  
-0.3782773464  
0.3413089112  
0.2428880172  
-0.0559699075  
-0.0811485247  
-0.3682103001  
-0.4055758776  
-0.4336528261  
-0.06608361858  
0.3217099495  
0.5429687215  
0.285626423  
0.2704010362  
0.1326467521  
-0.04782642933  
-0.1975585494  
-0.3794995538  
-0.3540543613  
-0.4104995431  
-0.06288394109  
-0.1579086207  
-0.2174280493  
-0.1528619986  
-0.04111725116  
0.1552690923  
0.0909858521  
0.09192567575  
0.1960076127  
0.2997626951  
0.2043880225  
-0.01613264378  
-0.1956510543  
0.004446763869  
0.2580048951  
0.01421403303  
0.313505918  
0.06295301095  
0.4441180589  
0.1071225125  
0.06344264054  
-0.05720839422  
0.1329440799  
0.01816797817  
0.05238616419  
0.2006934523  
0.4313062089  
0.4498665133  
0.330858006  
0.2501968955  
0.2824671607  
0.3602711845  
0.5487415326  
0.1403601355  
0.2900282554  
-0.004681394321  
-0.5247685737  
-0.2495410201  
-0.471885944  
-0.2266902895  
-0.6459415812  
0.04392558095  
0.08907145043  
0.02216358253  
-0.5860930531  
-0.4663792013  
-0.830058072  
-0.744242284  
-1.227717146  
-1.563895794  
-1.717020435  
-1.866806196  
-2.067053809  
-1.940444015  
-1.589688543  
-1.462270284  
-1.218963474  
-0.8748001909  
-0.4938903462  
-0.6264775568  
-0.8270163094  
-0.4781760615  
-0.6995685003  
-0.509784983  
-0.2084484692  
-0.1734925443  
-0.1553182456  
0.09308749285  
-0.06957211073  
-0.05156821822  
-0.1345568866  
0.00968544724  
0.05703769412  
-0.3246492005  
-0.5489377453  
-0.733457653  
-0.6539271302  
-0.7287272566  
-0.979050589  
-0.7664454837  
-0.4467774495  
-0.8479887588  
-0.5654333023  
-0.53661211  
-0.4542304296  
-0.4762493138  
-0.7894519416  
-1.187772214  
-1.737471137  
-1.802827225  
-1.802638818  
-1.989051455  
-1.765349942  
-1.866930733  
-1.897277299  
-1.82017648  
-2.137696793  
-2.396078111  
-2.644597959  
-2.844308777  
-2.836116003  
-2.523384581  
-2.805597782  
-2.481678221  
-2.414584796  
-2.341994337  
-1.912718536  
-1.346747306  
-1.431266025  
-0.840003432  
-0.7719981517  
-1.009191437  
-0.7225652618  
-0.6583566936  
-0.7466684445  
-0.3699237297  
-0.7058450578  
0.1549409462  
0.5404032099  
0.2968283003  
0.2872662232  
0.09272236261  
0.03173860445  
-0.04687606639  
0.08365929678  
-0.209046326  
-0.2251563381  
-0.2571434155  
0.4038001472  
0.7111049873  
0.3554670216  
0.8406697034  
0.7484721274  
0.4757371341  
0.3021248215  
0.1642684555  
0.1358209295  
0.5761496757  
0.8788264416  
1.375693147  
1.619210047  
1.294801469  
1.089887669  
1.091927583  
0.8349625851  
-0.1466681357  
-0.2608724334  
-0.5120257072  
-0.3241856347  
0.8515703256  
0.7796951509  
0.82062777  
0.6626786954  
0.6755802546  
0.3421499262  
0.09615107739  
0.2940385259  
0.01975299074  
-0.158033379  
-0.5187461939  
-0.08057991911  
0.496221703  
0.7793066967  
1.005722586  
0.7582530814  
0.8640706934  
0.640518058  
-0.1295144683  
-0.7133924023  
-0.6539757301  
-0.6073814041  
-0.186641696  
-0.5704635261  
-0.6255531025  
-0.08179048526  
-0.328989262  
0.1028515333  
0.1600163683  
0.4215774927  
0.7614149694  
0.9639026599  
0.9944181584  
0.6405921352  
0.7295099605  
0.4945277897  
0.7910673283  
0.2331472737  
0.02709003017  
-0.2099698137  
-0.2758932306  
-0.2421722528  
-0.1677637825  
-0.1775119786  
0.0586525304  
-0.1954980579  
-0.00872254881  
0.3108469747  
0.1877889447  
0.4162936843  
0.3162079861  
0.05495781645  
0.134233761  
0.3332423679  
0.1382335147  
0.03831568662  
-0.186441344  
-0.1708860762  
-0.1795889451  
-0.0466046358  
-0.1993561888  
-0.289089558  
-0.2636442782  
-0.2669908841  
-0.2767308915  
-0.135046808  
-0.3327360025  
-0.169604997  
0.1966082151  
0.428659536  
0.5542698464  
0.4990782772  
0.5235547104  
0.452000277  
0.2113106392  
0.1953167809  
-0.3291191296  
-0.03616766523  
-0.194542202  
-0.2020891498  
-0.1225995257  
0.1456737925  
-0.2840669777  
-0.3879254774  
-0.2402651012  
-0.3271862794  
-0.4032066222  
-0.1891399005  
-0.120962697  
-0.1365261962  
-0.4021011235  
-0.02582342872  
-0.08054560901  
-0.1064003859  
-0.1561127963  
-0.1437764813  
-0.07372003596  
-0.1076758912  
0.1561096264  
0.3521089333  
0.364329367  
0.61778238  
0.7157213876  
0.8646880687  
1.009749471  
0.8622649169  
0.8629031072  
0.3589880099  
0.2411266462  
0.06977044307  
0.01372556582  
-0.09040103195  
-0.02206140313  
-0.3164241616  
-0.2397067234  
-0.6017499456  
-0.08002663108  
0.1717937543  
0.1251856673  
0.2655182428  
0.6460232861  
1.190255016  
0.2982923476  
0.001177431128  
0.04909280229  
-0.008635461171  
-0.4776741522  
-0.6498913517  
-0.473884805  
-0.4402281108  
-0.2869856406  
-0.4365409991  
-0.7612401379  
-0.850765729  
-0.7478129629  
-0.1709774293  
-0.5850748314  
-0.5541435153  
-0.8939147744  
-0.626209422  
-0.635386231  
-0.5966219705  
-0.9398060004  
-0.8219224903  
-0.5525583259  
-0.2995075361  
-0.2370633263  
-0.4210860536  
-0.5135884739  
-0.6829287689  
-0.1541448775  
-0.2521147988  
-0.3171284053  
-0.4373159783  
-0.6656032775  
-0.708167342  
-0.1339828164  
0.1790256092  
0.3932234987  
0.3679487554  
0.4364579463  
0.6094601537  
0.2838876717  
-0.05772696197  
-0.2062925686  
-0.4898720283  
-0.3344698392  
-0.259573056  
0.3072595813  
0.3503515809  
0.221746674  
0.1451226588  
0.0209443658  
0.1629749313  
0.253222256  
0.2418760772  
0.3736955321  
0.2245086276  
0.0007903287693  
0.2257650867  
0.1517975693  
-0.2148822708  
0.1627937383  
-0.4350892482  
-0.4628044099  
-0.5484210182  
-0.5520848591  
-0.5414179784  
-0.1095694645  
-0.08683324462  
0.03189344111  
-0.1559448019  
0.02268143555  
-0.2799880445  
-0.376386094  
-0.7931111606  
-0.421080359  
-0.3489076494  
-0.2789587401  
-0.383493408  
-0.1337188795  
0.1799264479  
-0.4328268649  
-0.4454856296  
-0.5797834247  
-0.432248994  
-0.5992159478  
-0.4904333121  
-0.6061212066  
-0.6213039345  
-0.312916625  
-0.6087182582  
-0.6203715858  
-0.5246436597  
-0.3909454639  
-0.2113215648  
-0.2166257414  
0.1079219775  
-0.4642317826  
0.1324459139  
0.122695686  
-0.008517858952  
0.08617834779  
0.04545614792  
0.02553104488  
0.06088830998  
0.3725933905  
0.4934035458  
0.1164814216  
0.1693322712  
0.3036771899  
0.4663535861  
0.7828636832  
0.6161940731  
0.2047032485  
0.09500934162  
-0.2581899845  
-0.01695949698  
-0.7520300257  
-0.7461807533  
-0.632998515  
-0.6566784672  
-0.691848282  
-0.3769308653  
-0.1362740351  
-0.1066424116  
-0.08053219999  
-0.0638874694  
-0.2499849846  
-0.3525747073  
-0.1260432874  
-0.363709403  
-0.07960072867  
-0.08466777758  
-0.3531516112  
-0.009057816802  
0.0858304027  
0.2585962592  
0.7288982127  
0.5588987987  
0.7431906482  
0.8829255388  
0.6945227872  
0.1663482996  
-0.1851841374  
0.2192734251  
-0.08078024025  
-1.085203478  
-1.093856259  
-1.383608181  
-1.438440522  
-0.6494827321  
-2.023204424  
-1.414385308  
-0.6310509686  
-0.8460309038  
-0.01028324978  
0.05952917595  
-0.08497460973  
0.2257742644  
-0.4836503473  
-0.2713401771  
-0.5117371316  
-0.4585313522  
-0.3300266477  
0.27793464  
0.68718504  
0.6057570431  
0.3134931473  
-0.3038991526  
0.01088611858  
-0.5186508765  
-0.2397889963  
-0.05380633637  
-0.3705622354  
-0.5046569605  
-0.6252509504  
-0.6680379957  
-0.192830839  
-0.754518324  
-0.380646611  
-0.05824367558  
-0.2819288141  
0.4875935251  
0.2553455437  
-0.3944998573  
-0.6661453551  
-0.6988300775  
-0.5705834751  
-0.6880199687  
-0.4348269934  
-1.092058553  
-0.7961043353  
-0.6348587752  
-0.6583723261  
-0.120315895  
-0.3570496766  
-0.2519596806  
0.02157779234  
0.08918397223  
0.4800439172  
0.4388003253  
0.1876650336  
0.2196515304  
0.4122852917  
0.2813959957  
0.1963341791  
0.3127055682  
-0.0900135834  
-0.1632384006  
-0.01208936135  
-0.3549110393  
0.3674040854  
0.2098909548  
0.4878282818  
0.5786165181  
0.6198254367  
0.928356414  
0.5627721635  
0.1919892776  
0.2561646289  
0.306035024  
0.6596215413  
0.4975469842  
0.605451056  
0.772809285  
0.7059068685  
0.4471599584  
0.391429732  
0.4171968169  
0.2478844264  
0.6280853893  
0.1252569379  
0.2948766343  
0.633798507  
0.9483905015  
0.9498703388  
1.401875372  
1.62153031  
1.430969734  
0.8701734147  
0.6799031121  
0.3480043122  
0.05580305678  
0.01870519319  
-0.2477575951  
-0.0284129303  
0.3930480476  
0.4201717994  
0.9102741873  
0.6998545074  
0.8126237823  
0.7306888721  
0.7839436331  
0.3563313471  
0.3974547655  
0.2387421706  
0.2050470877  
0.3185854759  
0.3755924346  
0.5012999286  
0.6667338647  
0.4286148864  
0.2339441283  
0.2413523095  
-0.1927325675  
-0.2643508767  
-0.6675562753  
-1.221645472  
-1.140817606  
-0.7240082673  
-0.9863740947  
-0.8315136537  
-0.5950315278  
-0.4049691079  
-0.1964285264  
-0.4314653881  
-0.1198439417  
-0.009046526133  
0.07847620164  
0.09357164038  
0.2298394951  
0.07898214989  
0.5824117113  
0.2970961815  
0.05404149122  
0.3299277125  
0.8904640605  
0.7420482375  
0.6764658967  
0.7120912369  
0.5125252773  
0.1307728768  
-0.07752209966  
-0.7314774001  
-1.077744451  
-0.9637796951  
-1.070704276  
-0.8611290905  
-0.6951498462  
-0.416632947  
0.06090430763  
0.1085465494  
-0.03809305361  
-0.1838397224  
-0.1734480579  
-0.2949160793  
-0.03081762073  
-0.1233315047  
-0.4377155328  
-0.5710675425  
-0.401421033  
-0.3554471932  
-0.7462069846  
-0.7862097545  
-1.209987791  
-0.886137763  
-0.7320701485  
-1.161356552  
-0.9107657529  
-0.5488883093  
-0.3234368644  
-0.04564822367  
0.4196931591  
0.6575213358  
1.005068587  
1.402628335  
1.083748438  
0.3373987081  
0.7003853829  
-0.001776080051  
-0.05534509802  
-0.2119780604  
-0.1793011453  
-0.1704967134  
-0.6116960775  
-0.5141979681  
-0.4480849025  
-0.8549158935  
-1.009981855  
-1.351556505  
-0.9964359759  
-0.832006106  
-0.4871939633  
-0.4509092809  
-0.151752617  
0.003631072725  
-0.2912222683  
0.00901543031  
0.2353981149  
0.5521483933  
0.7582412615  
0.6150989527  
0.7479589446  
0.4459995388  
0.5906600297  
0.3694197403  
0.3812734795  
0.4752932721  
0.2827337012  
0.3719070835  
0.6797215213  
0.458326664  
0.4655025887  
0.2576535199  
0.1254589853  
0.1701728847  
0.3045599272  
0.7052491384  
0.6098423166  
1.458659377  
1.46154725  
1.499534727  
0.6091258647  
0.2975157532  
0.4582647285  
0.1968760247  
-0.7223947546  
-0.7738380349  
-0.9105312902  
-0.7664336507  
-2.353921006  
-2.340052115  
-2.468235434  
-2.197184221  
-2.15928939  
-1.700802658  
-1.136824038  
-0.8850486267  
-0.9918043218  
-0.6812392367  
-1.144421843  
-0.7449389247  
-0.585047309  
-0.9136164882  
-0.6511269466  
-1.047061836  
-0.9354421298  
-0.470721355  
-0.5546372716  
0.1363930354  
0.2856974211  
0.1738199925  
0.07837566653  
0.1475820142  
0.1033513784  
0.1388409468  
-0.02428571884  
0.177282969  
-0.2188704365  
-0.09228182856  
0.05141003716  
-0.104068866  
0.5262258545  
0.8033107274  
0.7539471613  
1.126796887  
1.109309257  
0.9178735729  
0.6689081059  
0.939444676  
0.8167102733  
0.799116034  
0.9693781179  
0.8828905807  
1.020388945  
1.266831045  
1.589643658  
1.398797201  
1.297903015  
0.8827247128  
0.7026397755  
0.5762957788  
0.6217107429  
0.6745857495  
0.6757645295  
0.5622181383  
0.7173453779  
1.113936552  
0.9455738365  
1.057058812  
0.9615726308  
1.022535762  
0.9765095138  
0.776262809  
0.6670348316  
0.3231803962  
0.3815872652  
0.8273440855  
1.169353354  
1.393656368  
1.666395218  
1.450755827  
0.8031014762  
0.7971087731  
0.6653450171  
0.3264336661  
0.4972622872  
0.2298022367  
-0.2477005527  
-0.397327375  
-0.5676224783  
-0.4424313913  
-0.8880066381  
-0.7518180389  
-0.9106142107  
-1.04614259  
-0.9723630484  
-0.9619563013  
-0.6827055013  
-0.9059446069  
-0.626389757  
-0.5182795129  
-0.1031181241  
-0.260152785  
0.1424568965  
0.002256828171  
0.384757037  
0.7439929776  
0.7230189909  
