0.7217199594  
0.5137888065  
0.2790742267  
-0.1239249474  
0.2029942527  
0.3389582905  
0.6183634455  
1.101605548  
1.011084932  
1.71122762  
1.076874434  
1.502163132  
1.635256756  
1.615208552  
1.499432708  
1.420719336  
1.227830128  
0.9344294111  
1.175263149  
1.089725063  
0.8812263553  
1.013816932  
1.229021979  
1.128739763  
1.097173123  
0.9125498666  
1.171772286  
1.022124428  
0.5196551452  
0.5237981096  
0.6071092503  
0.4638358621  
0.6525293035  
-0.1379351527  
0.143763397  
0.3579464845  
0.3391498042  
0.02630680548  
0.3888010797  
0.8287691206  
0.8132100905  
0.6115310566  
0.7063614573  
0.6581630042  
0.5609282774  
0.1905827459  
0.122924528  
0.3438593148  
0.09563639943  
0.5344506073  
0.4025500296  
0.7058682644  
1.28347153  
0.7280779597  
0.9383426454  
0.4564879881  
0.5607228606  
0.2843502452  
-0.08526241127  
-0.07416750077  
0.5341008979  
0.1889167788  
-0.1305901724  
-0.4010811363  
-0.1456189191  
-0.3854213594  
0.5617136622  
0.6506287524  
0.4230291056  
0.4598278831  
0.6571402768  
0.2262348796  
0.1920103478  
-0.01073120806  
-0.01798084528  
0.04131739006  
-0.1840091079  
0.3527833187  
0.178427878  
0.3954878302  
0.001539573655  
-0.02734300042  
-0.1749846634  
-0.1536969424  
-0.3249234758  
-0.6434082608  
-0.6393527907  
-0.3100442952  
-0.3828311852  
-0.6040678401  
0.1064788368  
0.19458158  
0.5268603814  
0.03149585973  
0.4182675917  
0.1679320107  
0.3050179874  
-0.2460177373  
0.1594329066  
0.06013805936  
-0.1851133022  
-0.0532711313  
-0.1200893823  
-0.2743151164  
-0.08469546594  
0.1154852242  
-0.1162685437  
-0.3584274542  
0.09123572934  
0.167625077  
0.06703453697  
0.2950291149  
0.4711504988  
0.3326696725  
0.0887324283  
0.07600857751  
0.8553579621  
0.6816891677  
0.9269065008  
0.7273789987  
1.469863271  
1.662071075  
1.654298408  
1.139506469  
0.5559987278  
0.6568734626  
0.3885167542  
0.7514715524  
0.5515562372  
0.665545573  
0.656600056  
0.5534074493  
0.804652496  
0.6382845811  
0.8760042075  
1.406541731  
1.007326516  
1.35992691  
1.433617063  
1.500864398  
1.424202905  
1.056057657  
1.096952327  
0.9388640567  
0.8945413925  
0.9706059519  
0.9707991028  
0.950764576  
0.2151512545  
0.2410399638  
-0.2441655965  
-0.03589491114  
-0.2018880164  
-0.2824238115  
-0.1120209376  
0.5805361642  
0.735190515  
1.411800256  
1.496511729  
1.200155068  
1.357874103  
0.9184220864  
0.617178459  
0.08087815433  
-0.06207100004  
0.4276680535  
0.5559424549  
0.08802202638  
0.7936711489  
0.5719212652  
0.1277309645  
0.1825812096  
0.275516098  
0.1114684617  
0.488093007  
0.5080621303  
0.5375322236  
-0.09153001941  
-0.3292371638  
-0.4600310598  
-0.7098159334  
-0.463596207  
-1.094318082  
-0.6614147823  
-1.062500461  
0.01358035268  
-0.1264432395  
-0.2217372403  
-0.008649870461  
-0.8932091368  
-1.435621313  
-2.003905595  
-1.840858512  
-1.945865688  
-2.445107138  
-1.954135361  
-2.292441162  
-1.835128015  
-1.632893047  
-1.325754585  
-0.6846942668  
-0.4623009865  
-0.4128735523  
-0.4893147192  
-0.2540605732  
-0.09677393917  
-0.08980444774  
-0.127736657  
-0.5265742025  
-0.7752517662  
-1.305590361  
-1.523854007  
-1.283206766  
-1.380017025  
-1.281320299  
-0.8450874949  
-1.59962013  
-0.9058495676  
-0.7057595029  
-0.7615738541  
-0.4810737202  
-0.8250475231  
-0.6581177882  
-0.1317997003  
-0.210723641  
-0.1002593443  
-0.4592706778  
-0.2780987637  
-0.1604883101  
-0.04923902682  
-0.4004775641  
-0.5339865293  
-0.3310101463  
-0.3841523683  
-0.6754935908  
-0.9087296228  
-0.6540657817  
-0.4007937365  
-0.8377544067  
-1.165470119  
-1.094214471  
-0.7453688342  
-0.8323496694  
-0.4190535329  
-0.8081127541  
-0.2329374024  
-0.2469356646  
-0.535211998  
-0.3207603603  
-0.765187711  
-0.09930574251  
0.3611657811  
-0.1500332146  
0.1932888545  
0.1319734562  
-0.004748134678  
-0.05563145487  
0.1969789024  
-0.1571449214  
-0.2182845206  
-0.603755842  
-0.7489642535  
0.05931272954  
-0.5455965537  
-0.6601344091  
-0.09581631849  
-0.2874991237  
0.1819975907  
0.1872660403  
0.4206484648  
0.3158391467  
-0.02055696091  
-0.4458559829  
-0.4149146069  
-0.1704731656  
0.09894324067  
0.453307193  
-0.1929580794  
-0.2278928248  
-0.05649360897  
1.219968729e-05  
-0.197957057  
-0.354535709  
0.1211457318  
0.3885353412  
0.02069647401  
0.07266292299  
-0.05177637273  
-0.6295343765  
-0.3694696547  
-0.1112155288  
-0.0008349634711  
0.07911587914  
0.02118572264  
0.2155199339  
-0.04438480476  
-0.2720058749  
-0.8864326814  
-0.4635046704  
-0.4989121579  
-0.2090033638  
0.01106773471  
0.1545261997  
0.5914105843  
0.3504976569  
0.6352247654  
0.09726196402  
-0.07837757587  
-0.3756605228  
-0.4347640921  
-0.667039226  
-1.145845127  
-0.919576428  
-0.7724053197  
-0.838423092  
-0.9508098255  
-0.9105330045  
-0.1713619021  
-0.435857225  
-0.529201565  
-0.8037688147  
-0.9908658328  
-0.8350871996  
-1.205599399  
-0.947972436  
-0.7032866062  
-0.5150157995  
-0.3780944716  
-0.5232019107  
-0.3336927473  
-0.6677904648  
0.2313083081  
-0.6069784034  
-0.2393247492  
-0.7732411084  
-0.2815753732  
-0.4696890798  
-0.6519737725  
-0.5192912069  
-0.6611581857  
-0.8481586859  
-0.1991438518  
-0.4217789486  
-0.3681287499  
-0.7929993319  
-1.101760444  
-0.7145477185  
-0.3781499092  
-0.4459770206  
-0.1857053526  
0.06887212754  
0.3552735807  
0.02119472055  
0.3706828998  
-0.07863717401  
-0.1234802682  
-0.2002195096  
-0.005557596084  
-0.6590230072  
-1.003249023  
-0.738662761  
-0.6183711412  
-0.6518557332  
-0.6717114549  
-0.1846601176  
-0.199405467  
0.05346552075  
-0.5248438194  
-0.3928575741  
-0.8684472925  
-0.1183369563  
-0.1923528369  
-0.5893311288  
-0.2727721427  
-0.02795093675  
-0.01062366049  
0.1281548719  
0.2183715402  
-0.1274739011  
0.01635617501  
-0.0278345475  
-0.2770952531  
-0.259214282  
0.02191122167  
-0.7403464127  
-1.134245658  
-0.3937574721  
-0.1432928824  
0.1632181945  
0.1977316075  
0.2997714419  
0.1025695039  
0.5092811834  
0.7884484195  
-0.1128228993  
0.7705764164  
-0.2544033807  
-0.3333605346  
0.3548194242  
1.17970251  
1.381833033  
1.286065151  
1.10246222  
0.457491267  
0.3071378783  
-0.4147564375  
-0.5653701114  
-1.774670553  
-1.878893208  
-1.741595604  
-1.361537626  
-1.054716799  
-0.9036959301  
-1.165327654  
-0.8757774498  
-0.539261298  
-0.1817488822  
-0.4598462502  
-0.0697630037  
-0.5265841997  
-0.1425663408  
0.1695546019  
-0.6560752532  
-0.3128829005  
0.07201387934  
-0.6036858823  
-0.834654997  
-0.7225859329  
-0.5383317305  
-0.7658980742  
-0.01038322025  
-0.1765083185  
-0.07254450507  
0.1226930846  
0.3595350238  
0.5756277629  
0.6837674993  
-0.2466276761  
-0.01004583  
0.413751068  
0.392421826  
0.6796637834  
0.9571973559  
0.8694542004  
0.7530468835  
0.403139029  
0.06163127097  
0.3740960056  
-0.300534366  
-0.204537869  
-0.01591811383  
0.1064685591  
0.2933534961  
-0.03129484186  
0.485197723  
-0.01299732091  
0.1592793307  
-0.1405010787  
-0.1175809125  
0.3637871394  
0.4824916551  
0.373497261  
0.5327686607  
0.7016651288  
0.9790390032  
0.956088997  
1.580311283  
1.017869079  
0.850760974  
1.083220259  
0.5700424268  
0.5878424316  
0.6085395666  
0.03052441796  
-0.2946617991  
-0.2970183194  
-0.2627153268  
-0.4899950761  
-0.6320092435  
-0.2302175108  
-0.8189386338  
-0.09984500199  
-0.1412744928  
0.0671899616  
-0.4879613135  
-0.1364501124  
-0.122659555  
-0.2919958452  
-0.08516179669  
-0.3466404718  
-0.129578837  
0.3545667762  
0.6022067329  
0.9889486855  
0.6536665639  
0.1793198121  
-0.1247906787  
0.2130208183  
-0.3951406349  
-0.6046480487  
-0.9062476946  
-0.687642688  
-0.4103287853  
-0.6615421842  
-0.859946377  
-0.7551839525  
-0.009955598618  
-0.3675941021  
0.1454899179  
0.3953937037  
-0.1500407782  
0.1991822518  
0.3355701902  
0.1090624922  
-0.2795240979  
0.1162094115  
0.05718974225  
0.1292109699  
-0.1512185325  
-0.2494833048  
-0.1106395351  
0.04029794546  
-0.07273003441  
0.08523455622  
0.0828179842  
-0.4620246978  
-0.004227450573  
-0.2643824793  
-0.3166903628  
-0.005305271622  
-0.1839478686  
0.2590086018  
0.3566652895  
-0.100757378  
0.5209625251  
0.7512704041  
1.031879174  
0.6815248157  
0.4215482066  
-0.1148048288  
0.3545358901  
0.1730008064  
-0.1435364133  
-0.5040762446  
-0.05977860083  
-0.04400320214  
-0.1841704775  
-1.341547032  
-1.463185154  
-1.452787825  
-1.499428903  
-1.66979751  
-1.853365302  
-1.782372819  
-1.947865248  
-1.7060654  
-1.451634587  
-1.252524586  
-0.6229034475  
-1.093605843  
-0.7535858275  
-0.4659946339  
-0.6496371368  
-0.651887326  
-0.4048993002  
-0.4612481143  
-0.1793339474  
0.09024373979  
0.5794031814  
0.6017751103  
0.4498455985  
0.02441309056  
0.5471333267  
0.1986303576  
0.4659347975  
0.08918731256  
-0.1196509952  
0.6647113466  
0.9233368314  
1.573034897  
1.416875806  
1.525899005  
1.965408098  
1.252325065  
1.21025236  
0.2417928785  
0.1747759521  
0.3707525437  
0.4029856332  
1.263033425  
1.804925831  
1.684642285  
1.638414639  
1.776352527  
1.11931285  
1.683400005  
0.936323733  
0.08943994672  
0.0806747637  
-0.2242379637  
0.1716585814  
0.8214237485  
0.6828999284  
1.058925107  
0.6465820756  
0.2034710031  
0.1507917572  
-0.1545861395  
0.1582486706  
-0.3142879354  
-0.5678333693  
-0.3698521542  
0.4030835698  
0.3305812038  
0.7640172699  
1.392973213  
1.135744396  
0.9902891235  
0.383193278  
-0.002142388605  
-0.2239553418  
-0.0269481706  
0.223299456  
0.04797067427  
-0.2865812237  
0.1730606831  
-0.7057687006  
-0.2852117373  
-0.6565892538  
-0.1023964027  
0.0830743479  
-0.01893730356  
0.06316234316  
-0.2121630635  
-0.1783623034  
-0.1400517377  
-0.4289898863  
-0.1722873968  
-0.7723061961  
-0.9678163184  
-0.9052359493  
-0.9709994724  
-0.854657699  
-0.7443137024  
-0.4889197761  
-0.8339986006  
-0.3410616469  
-0.6940541866  
-0.55448547  
-0.5457316278  
0.09481136935  
-0.02571237822  
-0.2693061196  
-0.5489605746  
-0.3856318895  
-0.2975899183  
-0.31509285  
-0.3890729307  
-0.01222659175  
-1.04402142  
-0.4125899624  
-0.9059950845  
-0.7272191645  
-0.5486467256  
-1.029390545  
-0.9135280032  
-1.191640842  
-0.9471102847  
-0.4552033671  
-0.1865215041  
0.008353969375  
-0.1143107221  
0.01675775209  
0.1861330885  
0.004639375683  
-0.08331766357  
-0.0735831471  
-0.5510993672  
-0.106105996  
-0.2705051264  
-0.002022336875  
-0.5761795048  
-0.9157408122  
-0.5008688588  
0.1395034133  
-0.3111691151  
-0.3936712525  
-0.9491393459  
-0.3937943741  
-0.594650439  
-0.7362287269  
-0.3732602044  
-0.6574910527  
-0.5184169961  
-0.3073339512  
-0.5266982253  
-0.4079979539  
-0.09695430149  
-0.3693657563  
-0.1338690833  
-0.3295635286  
0.1857083157  
-0.2041282705  
-0.293026258  
-0.216194806  
0.1441798196  
0.2838948723  
-0.6036201321  
-0.2277810655  
-0.1078646471  
-0.1796698248  
-0.1800402713  
-0.2285840369  
-0.3911010907  
0.2001587335  
-0.2509947789  
0.2542006052  
0.3498754148  
-0.1840919083  
0.9516472759  
0.9951112226  
1.257349092  
0.1745314527  
-0.2957366952  
-0.1227013197  
-0.0959817971  
-0.8489975502  
-0.7348434246  
-0.7082153588  
-0.8165463116  
-0.5039321712  
-0.6599049627  
-1.055244474  
-1.106437534  
-0.8357425445  
-0.5143792429  
-0.5105105262  
-0.5648868828  
-0.4163464533  
-0.2901447118  
-0.6292123854  
-0.9465951251  
-0.7817759056  
-0.8679148783  
-0.9833400296  
-1.081556605  
-0.7375941803  
-0.9268400626  
-1.067531526  
-0.3586362383  
-0.5256462981  
-0.1545062816  
-0.0143853249  
-0.6162818164  
-0.8699053868  
-0.1916954541  
-0.2460568883  
0.0511005409  
0.4664855211  
0.7151062489  
0.3950435361  
0.5047086882  
0.1655060178  
-0.1499262887  
0.2498727262  
0.2145611874  
-0.0489685518  
-0.1478738862  
0.07930690899  
0.04744958428  
-0.2934447873  
-0.2972474984  
-0.3797850412  
-0.2804644439  
0.1083165391  
-0.001540655813  
0.3839712598  
-0.1202587975  
-0.01195003503  
0.1052523246  
-0.04848562936  
-0.06590027016  
-0.5039137828  
-0.8328422582  
-0.6100853181  
-1.050449675  
-0.9660565937  
-0.2549236621  
-0.04112195683  
-0.007262109925  
0.7471707832  
0.3686268593  
0.1469232214  
0.6882631731  
-0.3406159903  
-0.2104324881  
-0.0175040576  
0.4712126313  
0.3338561136  
-0.49343647  
-0.7679799199  
-0.3384035418  
-0.203722721  
-0.7153476674  
-1.386023382  
-1.210682802  
-1.107446228  
-1.144907181  
-1.224433178  
-1.081175181  
-1.000393588  
-0.7496800993  
-0.7408839559  
-0.4063956737  
-0.4152244814  
0.1813585026  
0.2406557392  
-0.1337123507  
-0.6459476844  
0.08612564419  
-0.3730851143  
-0.1839750881  
-0.3687736439  
0.03716498379  
-1.099342176  
-0.6969622841  
0.09905382828  
-0.177605601  
0.0183229975  
-0.3732349214  
-0.05515748163  
-0.004691507539  
-0.06769828518  
-0.4837774644  
-0.05685336837  
-0.2747756178  
-0.3213367556  
-0.6577810363  
-0.818109126  
-0.9513572606  
-0.5499909363  
0.07768857515  
-0.2435757071  
0.1858176559  
-0.07851867198  
0.6533623424  
0.1001728294  
0.06590052652  
-0.1473649949  
-0.3824811025  
-0.4024149258  
-0.187423212  
-0.8331399886  
-0.3339514193  
-0.9469495012  
-0.5207060345  
-0.5534677526  
0.1408130754  
0.3038987915  
0.8977007052  
1.010686858  
0.7110912326  
0.2864856335  
-0.2186613226  
-0.3920162843  
0.5802477023  
0.3227233798  
-0.5311783471  
-0.5300536903  
-0.4626507749  
0.09339577561  
0.1709470918  
-0.6282086641  
0.1314110191  
0.3095055459  
-0.1555762553  
0.1064465846  
-0.1388264654  
-0.008875620263  
-0.09609588959  
-0.2919017371  
-0.5939824326  
-0.5589292088  
-0.5649656986  
-0.2520135992  
-0.3979968871  
0.1501054064  
-0.2559361293  
-0.3880648583  
-0.703124114  
-0.8964277605  
-1.204531759  
-1.621523289  
-0.9062490172  
-1.036037838  
-1.351451149  
-1.014624464  
-0.3356471601  
-0.5805303284  
-0.5262243398  
-0.4345045181  
0.1367489126  
0.443689359  
1.103317941  
1.751504592  
1.20974844  
0.146118317  
-0.5608933319  
-1.209773349  
-1.040430355  
-0.9340376256  
-1.403170176  
-1.107316937  
-1.035790465  
-1.102009334  
-1.148930282  
-0.3648152474  
0.4811872443  
0.8023798134  
0.2334242854  
0.4042203285  
-0.1288612476  
0.2036986927  
-0.029200977  
0.2356011087  
-0.07572219425  
0.3081039885  
-0.07078446701  
-0.4702393494  
-0.4567493212  
-0.2193034714  
0.1685507946  
0.2806022938  
0.02760789812  
0.3988455537  
0.7977864648  
0.397230136  
0.8232175819  
1.158344888  
0.5199911687  
0.9140373817  
1.043874417  
0.598868487  
0.6593410954  
0.6741257288  
0.9315872818  
0.7869578507  
0.7643034165  
0.3525167594  
0.4281402419  
0.06397507425  
0.3576971438  
0.1521744479  
-0.03421380592  
0.6090348516  
1.08849491  
1.962420593  
1.281571701  
1.700048895  
1.156762349  
0.9531120014  
1.097992189  
0.6513749962  
-0.01696556549  
-0.2070869251  
-0.2418234896  
-0.3410662691  
0.2533444191  
0.7761062792  
1.053080605  
0.8894105219  
1.171125819  
0.7485676179  
0.897810997  
0.3976694811  
0.4517609539  
0.5471195889  
0.6406047174  
0.3084260837  
0.5929823441  
0.8602281934  
0.8481131982  
0.4439304985  
0.07269937068  
0.2129523631  
0.3103020203  
0.08974098992  
-0.204137558  
0.1213530138  
-0.04193002256  
-0.133515175  
-0.3992187004  
-0.2486350304  
0.4753696966  
0.1759301046  
0.3300534391  
0.4155881861  
0.5495249222  
0.4366907346  
0.3944397249  
0.2778342982  
0.9894631351  
0.7535332497  
1.182906051  
0.3659646839  
0.2550060291  
0.6572343174  
1.113454294  
0.9897248599  
1.306478058  
0.5686952373  
0.6922747974  
0.48419421  
0.5367916625  
-0.06529555842  
0.1140214265  
-0.1279169539  
-0.3510884095  
-0.07171734141  
0.1031084969  
0.5206797083  
0.3314786394  
0.7452105665  
1.347206578  
0.8504307924  
0.9365888039  
0.4715575524  
0.3575158731  
0.3482638682  
0.02040509922  
-0.06618429558  
0.2714511543  
0.5236400792  
0.1290725065  
-0.1414614213  
-0.005294201818  
-0.2059500774  
0.2207237005  
0.1133407286  
-0.2153800635  
0.3295525464  
0.465917376  
0.4109266754  
0.668561747  
0.8497820199  
0.9485493455  
1.764992023  
1.778439187  
1.417684781  
0.6288929496  
0.3462486288  
0.09650800192  
-0.0301995804  
0.2989418547  
-0.2612158296  
-0.5325389047  
-0.5128133928  
-0.8011420898  
-0.691966415  
-0.6178451493  
-0.7669928546  
-0.8733275338  
-0.8628882908  
-0.8807585576  
-0.3833491312  
-0.5391646739  
0.003149272164  
0.4939978258  
0.633306174  
0.7213418541  
0.4068132868  
0.2736043676  
0.4630208768  
0.7132708459  
0.08426823438  
0.5720709183  
0.5726651656  
0.04142224465  
0.3388823832  
-0.05532688979  
-0.00833742007  
0.7429354627  
-0.1798771795  
0.3314683471  
-0.2614025763  
-0.2814206368  
0.2560482994  
0.3815601644  
0.746189869  
0.5417402221  
1.857589309  
2.044771946  
1.966892877  
3.018563003  
3.011417243  
3.042785242  
1.201608838  
1.030914895  
0.0442009686  
-0.5727945857  
-1.278442023  
-2.543771499  
-2.231324561  
-2.364605325  
-2.119023482  
-1.904762022  
-0.4930417771  
-0.2190601054  
-0.1919775218  
-0.700886948  
-0.3690480292  
-0.226770616  
-0.2256160264  
-0.5123038612  
-0.836509625  
-0.4871444352  
-0.8858334882  
-1.117934102  
-0.4602994451  
-0.2607449004  
-0.1087485734  
-0.1870590134  
-0.5155306971  
-0.01971702133  
-0.1131022237  
0.03698497901  
0.004147701615  
0.2540308292  
0.04389331929  
-0.3631456451  
-0.0826252439  
0.151687549  
-0.1025031961  
0.5805476221  
0.03120180549  
0.5940051795  
0.7420849903  
1.137932654  
0.9439302775  
0.9024014192  
0.287571125  
0.5470826255  
0.009516641663  
0.2083620814  
0.2434463519  
0.7040994924  
0.5072971243  
0.8163994601  
0.6334585911  
0.9126818276  
0.5877349729  
0.4500749627  
0.4444454158  
-0.1358204359  
0.4490106632  
0.6449248237  
0.7241148807  
0.3460933445  
0.9050965332  
0.8846099344  
1.3142871  
1.068203099  
1.222707456  
0.8458568661  
0.9444560698  
0.6060790514  
0.1698630641  
0.6837422955  
0.6696939465  
0.9050781398  
1.150225628  
1.671752238  
1.132472724  
0.3788353377  
1.014030242  
0.504230442  
0.6776017618  
0.4125780805  
0.2411854437  
-0.2026668895  
-0.1722792085  
0.03738658287  
-0.198485881  
-0.1352392017  
-0.3285387956  
-0.6703338728  
-0.1930150472  
-0.4522512294  
-0.4968285439  
-0.8448951733  
-0.2893555066  
-1.018501114  
-0.9439967033  
-0.4257318193  
-0.2656502704  
-0.01074156674  
0.09663915724  
0.3078930974  
0.731961178  
0.8350879975  
