1.727351548  
1.624868348  
1.555512455  
1.102145545  
1.036348146  
0.9782088834  
1.297021493  
1.329273612  
1.384770126  
1.746148066  
1.881966357  
1.781472226  
1.624464144  
1.778600127  
1.937632152  
1.891238995  
1.841563176  
1.490580411  
1.553630163  
1.576797481  
1.38090959  
1.363254523  
1.556405454  
1.568710918  
1.639957855  
1.647234915  
1.707520879  
1.903700161  
1.710679699  
1.660369934  
1.80752291  
1.438857833  
1.400979496  
1.027796268  
1.159038743  
1.153482105  
1.164985291  
1.140793334  
1.10773369  
1.334173777  
1.466943751  
1.332587547  
1.313107602  
1.215214783  
1.021744542  
1.068959371  
0.9163107918  
0.8867814874  
0.9530379522  
1.121614258  
1.006292019  
1.507067196  
1.408943138  
1.390267407  
1.177846549  
1.220613151  
0.9250209517  
0.5232943868  
0.4916214822  
0.6076371306  
0.6716401676  
0.5693038375  
0.5925817356  
0.462672936  
0.5844635448  
1.040778298  
1.004716348  
1.135830236  
1.200601197  
1.281666374  
0.9889631884  
0.9332833983  
0.9130115682  
0.5336087367  
0.5100307561  
0.459929335  
0.5559818022  
0.2495561527  
0.3355692492  
0.646459749  
0.4225297764  
0.1378683944  
0.0864123191  
0.2219682862  
0.08992129099  
0.03467991099  
-0.1894459095  
-0.2617532751  
-0.03956533373  
0.05953936799  
0.1538425765  
0.3964605641  
0.4840013789  
0.5436893498  
0.6449135275  
0.6983274547  
0.5851505814  
0.5856460527  
0.511307358  
0.4482754654  
0.4335391979  
0.4182779897  
0.3806839563  
0.4592417982  
0.2447026053  
0.05861851719  
0.1990253731  
0.2898385861  
0.2287231819  
0.3470506754  
0.4417517174  
0.4937206277  
0.6207690328  
0.664539031  
0.5349198392  
0.4921733879  
0.9101997161  
0.9319474234  
1.066264121  
1.311754966  
1.38925958  
1.805600745  
1.730544103  
1.758487995  
1.547467457  
1.4833551  
1.264149277  
1.287623867  
1.112770043  
1.296484805  
1.047133056  
0.9818281281  
0.9885297283  
1.046471627  
0.8739200922  
1.028350599  
1.071690098  
1.087666506  
0.9489284068  
1.165396858  
1.060759631  
0.933451907  
1.184263649  
0.9815424335  
1.155748533  
1.227789359  
1.343351186  
1.237270416  
1.065733984  
0.8946489426  
0.4324948005  
0.4902078973  
0.4998435105  
0.4490103192  
0.5160229114  
0.7238870699  
1.005203563  
1.369517431  
1.395744434  
1.377220481  
1.245664804  
1.173381009  
0.8775623236  
0.8973095495  
0.7141629655  
0.5896146269  
0.7604561398  
0.703651897  
0.6871559409  
0.7986583497  
0.8220656857  
0.9852771323  
0.9235526386  
1.082471986  
1.214065508  
1.182462081  
0.895458106  
0.5906392263  
0.2915708838  
0.2118443059  
0.01003782757  
-0.1014246273  
-0.6598731563  
-0.9230907558  
-0.5520234287  
-0.06417711501  
-0.02233106974  
0.2245586334  
0.2132782022  
0.03084767608  
-0.5616943301  
-0.6341334767  
-1.036442834  
-1.270532728  
-1.66426254  
-1.98590344  
-1.847733737  
-1.690807515  
-1.549466832  
-1.39121629  
-0.8311259191  
-0.7826902987  
-0.6610074448  
-0.8944744736  
-0.6054656634  
-0.6429099396  
-1.060135641  
-1.17497553  
-1.107932809  
-1.316577119  
-1.507994527  
-1.556289545  
-1.604725473  
-1.200298494  
-1.131542002  
-1.182650196  
-1.220642959  
-1.064196867  
-0.9449679438  
-0.9082827971  
-1.039925826  
-1.273628926  
-0.9760791423  
-0.6492992648  
-0.6111084952  
-0.686433988  
-0.4601147617  
-0.2936349298  
-0.06462600876  
-0.01855044894  
-0.2445428673  
-0.3986969833  
-0.3620080583  
-0.2255489347  
-0.4230029718  
-0.389223252  
-0.3741426272  
-0.4122163343  
-0.6521627981  
-0.64518591  
-0.8223194755  
-1.060320412  
-0.9432892432  
-0.7341587375  
-0.9408356046  
-0.8499419363  
-0.6230306688  
-0.5080741155  
-0.7083704645  
-0.6460172338  
-0.2433446863  
-0.1849271566  
-0.1221180022  
-0.2154126489  
-0.05613948044  
-0.2648914165  
-0.353356827  
-0.5120378772  
-0.5681109829  
-0.9401054178  
-0.7682430842  
-0.8092036796  
-0.7346746224  
-0.4454463516  
-0.5852233253  
-0.3284992501  
-0.1982820372  
-0.04557551559  
-0.115053038  
-0.1687016402  
-0.2897468839  
-0.2875453831  
-0.5217261629  
-0.3954217971  
-0.2200678305  
-0.02355545964  
-0.04309364882  
-0.08566107005  
-0.3398819845  
-0.09141286291  
0.1358392009  
0.1243917864  
-0.01372016262  
0.01907383007  
0.007744007347  
-0.05321055455  
-0.1138216819  
-0.3425590884  
-0.4838087386  
-0.2462177572  
-0.2404859707  
-0.403730295  
-0.4186003535  
-0.2234692101  
-0.3797380639  
-0.3009876852  
-0.6056508194  
-0.8251887185  
-0.7103090618  
-0.5602517093  
-0.5258749543  
-0.4671158898  
-0.2928907164  
0.1513881063  
0.4780838992  
0.5315441099  
0.1148669754  
-0.1259097982  
-0.1714342967  
-0.3753899731  
-0.7214846536  
-0.7355785326  
-0.9673274516  
-0.8947901581  
-0.662720315  
-0.8827385699  
-0.9157329538  
-0.7358077398  
-0.9187793079  
-0.9608110351  
-0.9793166929  
-1.174038073  
-1.13567149  
-1.165467638  
-1.101489974  
-1.098702019  
-0.7744270669  
-0.9587279209  
-1.011594387  
-0.7549178197  
-0.7864943432  
-0.8697271364  
-1.005218521  
-0.8384327872  
-0.9514605649  
-0.9245859476  
-0.9958249803  
-0.9950163731  
-0.8717264902  
-0.7362240759  
-0.618704583  
-0.4852142243  
-0.6750921226  
-0.7323590697  
-0.9393789983  
-1.096689149  
-1.077789386  
-0.921144866  
-1.088066241  
-0.6996651918  
-0.3623780882  
-0.1920003605  
-0.1325271642  
0.04516074714  
-0.07334810848  
-0.4015013857  
-0.1213521844  
-0.3186319871  
-0.8131599819  
-0.6996462163  
-0.5794356635  
-0.4921078886  
-0.3668644947  
-0.08948221699  
-0.2172083135  
-0.1110277158  
-0.3592844892  
-0.3568225968  
-0.3604624594  
-0.4238673325  
-0.2326483865  
-0.3391922776  
-0.1194150034  
-0.02653609031  
0.03658586536  
0.2426475764  
0.1094719705  
0.2565956185  
0.01102956341  
0.09032315899  
0.4084217063  
-0.002778260891  
-0.1313779543  
-0.1121540123  
-0.1201113302  
-0.3947354489  
-0.398561011  
-0.08950617579  
0.2125867271  
0.2763371871  
0.3127315617  
0.3546823821  
0.3771890981  
0.5656539457  
0.3257112944  
0.1241513791  
0.09112533205  
0.1228288913  
0.3203927266  
0.5840707184  
1.005988158  
0.930542799  
0.6586201194  
0.6060386983  
0.1374720681  
-0.2968984391  
-0.798152133  
-1.121425304  
-1.383560141  
-1.433842214  
-1.250477017  
-1.205378081  
-1.144561129  
-1.305687064  
-1.174845933  
-0.833732519  
-0.9707739837  
-0.8200513293  
-0.8355833698  
-0.8262587349  
-0.510462057  
-0.4723003533  
-0.6298730034  
-0.78979674  
-0.7219962191  
-0.6790154905  
-0.7314871176  
-0.9814876808  
-0.5741895777  
-0.6936897132  
-0.6391661247  
-0.4406614808  
-0.3097041884  
-0.0676718534  
0.03609253701  
-0.05294790684  
-0.1554107275  
-0.2329504482  
-0.01399020239  
0.1322698521  
0.2243249706  
0.3351816104  
0.4986567857  
0.4094122443  
0.4720202443  
0.3346011857  
0.1496627227  
0.158867567  
-0.04415720336  
-0.02167853018  
-0.1629077504  
-0.08777515228  
0.03252309351  
0.2137700079  
0.2459309755  
0.08190453982  
0.1548290443  
-0.334469108  
-0.2224800006  
-0.07081744109  
-0.08988165043  
-0.3324153568  
-0.1008331131  
0.2114598796  
0.5074465297  
0.4362212483  
0.4768740094  
0.4542584412  
0.4670341997  
0.3402768298  
0.3427166209  
0.5696394148  
0.4006833434  
0.2163311341  
-0.1740639672  
-0.334448126  
-0.1177959793  
-0.1767660658  
-0.4088855112  
-0.5726655342  
-0.583875047  
-0.6469336789  
-0.5566761727  
-0.4274941707  
-0.3214223527  
-0.05631490456  
-0.2581558952  
-0.3951272671  
-0.1203218266  
-0.4992660213  
-0.007348002258  
-0.02641927831  
0.2605461874  
0.4341902919  
0.2992218464  
0.1942982225  
0.04921704328  
-0.161651147  
-0.2417615847  
-0.60003327  
-0.6731465374  
-0.7560807104  
-0.8957523223  
-1.137767228  
-1.011993109  
-0.8860599823  
-0.7172428158  
-0.8549604177  
-0.5755359821  
-0.5979089293  
-0.4778919779  
-0.5799694702  
-0.40659185  
-0.4467094717  
-0.4410233252  
-0.3802972542  
-0.1160915992  
-0.1753222637  
-0.04965538464  
-0.3466350803  
-0.05197416993  
-0.2239566827  
-0.06698823937  
-0.1698052815  
-0.123416206  
-0.4313721518  
-0.4275779214  
-0.4291843663  
-0.3727732548  
-0.4214150466  
-0.4359529251  
-0.1990546402  
-0.2648001459  
-0.3113118451  
0.1068634583  
0.2050205512  
0.3962894391  
0.23006649  
0.3044197296  
-0.2378354007  
-0.3407319815  
-0.3435390157  
-0.47571034  
-0.4192020111  
-0.3024037379  
-0.5464646321  
-0.7903051074  
-1.098311798  
-1.826826264  
-2.109017652  
-2.131244364  
-2.395381787  
-2.600698707  
-2.587087597  
-2.268603452  
-2.255816934  
-2.172353385  
-2.060495603  
-1.942423783  
-1.635401371  
-1.550417222  
-1.462636454  
-1.399155076  
-1.184059377  
-1.072708236  
-1.031293888  
-1.167680387  
-1.01773508  
-0.5709068988  
-0.6348986474  
-0.5171127325  
-0.6710713958  
-0.465813116  
-0.2415049978  
-0.2059177578  
-0.1722331985  
-0.08170823453  
-0.02131916176  
0.1989192678  
0.5048371978  
0.8820960167  
0.8667594081  
1.148090225  
0.9622005735  
0.7980883364  
0.6338684572  
0.2558268275  
0.2174634945  
0.428924297  
0.443477912  
0.8603720498  
1.201743628  
1.340014782  
1.430467745  
1.440510432  
1.032012498  
0.7129466291  
0.3423082787  
-0.1679031149  
-0.2087600359  
0.5014683559  
0.3430197603  
0.3803020928  
0.3350058469  
0.2974578298  
-0.2030567095  
-0.08176544841  
-0.4207900507  
-0.5254215422  
-1.112192016  
-0.7876645742  
-0.9140039269  
-0.4814910661  
-0.1320353519  
0.1736198226  
0.2285014962  
0.4269321106  
0.2840864245  
0.1740148242  
-0.03986184397  
-0.3886136414  
-0.3856420349  
-0.4559031014  
-0.6892780323  
-0.9285003433  
-0.7129256778  
-0.8400187552  
-0.8020330379  
-0.7864327795  
-0.7005749175  
-0.1554554344  
0.2405884744  
0.2197194488  
0.3186490528  
0.3589591328  
0.5121479187  
0.4590730545  
0.2617255183  
-0.0005994998969  
-0.1512556283  
-0.2865044599  
-0.3372568167  
-0.4400875536  
-0.1708752468  
-0.1117101395  
-0.1077835072  
-0.163293412  
0.1100571362  
-0.0943820953  
0.0794018512  
0.2609049991  
0.06882708056  
-0.1204825849  
-0.186425967  
-0.4047150192  
0.02235543508  
-0.4623662224  
-0.2700291822  
-0.44494902  
-0.2828796274  
-0.4504979426  
-0.4170879732  
-0.1757167541  
-0.03528461897  
-0.05119664248  
-0.09104578212  
-0.05195086966  
0.004505237837  
0.1770817681  
0.3696580119  
0.5967191073  
0.4478079474  
0.5984743416  
0.284886757  
0.2021585418  
0.3667571754  
0.1120934048  
-0.09273350564  
-0.1378290907  
-0.1631061046  
0.2848889285  
-0.06472141637  
-0.3259088054  
-0.3558887075  
-0.4407209572  
-0.3905511149  
-0.596829381  
-0.5989386227  
-0.5300063772  
-0.5727271097  
-0.6843066256  
-0.743353307  
-0.7259768404  
-0.5084365065  
-0.6910421564  
-0.8688101552  
-0.8530357035  
-0.8903351501  
-0.7335383429  
-0.6948333946  
-0.5123985123  
-0.1806478621  
-0.2009811086  
-0.1208202401  
-0.2544646384  
-0.3034494126  
-0.1470852516  
-0.43471881  
-0.3121829722  
-0.194269176  
-0.1824354484  
0.02462098885  
-0.08198376803  
0.002636183395  
-0.1767061127  
-0.6752659927  
-0.3816188675  
0.07752365444  
0.1795863509  
0.6258482714  
1.036314668  
1.097866284  
0.7349617727  
0.03052346337  
0.1785515184  
0.1400947418  
0.2203420846  
-0.06218625869  
-0.3084551495  
-0.3393097012  
-0.8206970097  
-1.127578447  
-1.639206197  
-1.451304323  
-1.324954876  
-0.9815437387  
-1.064709426  
-1.168497491  
-1.087867986  
-0.8550008951  
-0.7450027471  
-0.8696850965  
-1.212047048  
-1.325109328  
-1.411264587  
-1.166195109  
-1.182331726  
-1.110442706  
-0.9428717322  
-0.6623575186  
-0.6198332306  
-0.307816708  
-0.3194751858  
-0.2510933334  
-0.2721302359  
-0.5158800445  
-0.1638790144  
-0.06638484559  
0.1132123837  
0.5555065713  
0.430971467  
0.5158766516  
0.4864602834  
0.3662663837  
0.1821138029  
0.197182352  
0.04227585651  
-0.06476412157  
0.008473279251  
0.1807455712  
-0.01363431098  
0.07638497804  
-0.2134223493  
0.1158088611  
-0.04491429398  
0.4250607093  
0.4854965148  
0.3268610657  
0.09718896086  
0.01237597996  
-0.346820151  
0.09510921734  
-0.1979393554  
-0.2934318971  
-0.4419569828  
-0.4122915139  
-0.515745263  
-0.3592187933  
-0.1526166932  
0.1437196688  
0.0780040694  
0.08755518642  
-0.06626941303  
-0.2470778069  
-0.7783177962  
-0.7110429197  
-0.5718574242  
-0.2058254471  
0.05887686336  
0.5030966717  
0.4748327326  
0.815053432  
0.4500822087  
-0.005644831709  
-0.424351953  
-1.141371114  
-1.182818188  
-1.514559726  
-1.730951331  
-1.744808271  
-1.693380176  
-1.752638204  
-1.730233124  
-1.48641105  
-1.214034335  
-1.077479718  
-0.8375111102  
-1.024417174  
-0.8386716732  
-0.5631555061  
-0.5709071874  
-0.4064890604  
-0.2979847158  
-0.6562587615  
-0.6817005224  
-0.3112759151  
0.04097879949  
-0.004531077309  
0.1336739342  
0.1957983202  
0.4035773716  
0.5422031977  
0.6419522799  
0.518318492  
0.248608058  
-0.06685792154  
-0.1619401661  
-0.4147682272  
-0.498317979  
-0.791708692  
-0.6649702186  
-0.4667830066  
-0.3800627402  
-0.2707538506  
-0.1907841608  
-0.02742936405  
0.1774061725  
-0.1538369111  
-0.1409495102  
-0.09801615567  
-0.298432564  
-0.1835251048  
-0.2424294101  
-0.2747297334  
-0.1234675299  
-0.06177281654  
0.2164234802  
0.77001934  
1.20102709  
0.9784518606  
1.207099862  
1.302050784  
0.935190972  
0.8334058611  
0.5411772089  
0.4092693768  
-0.06572262388  
-0.9204577203  
-1.029895106  
-0.8718525576  
-0.3595032104  
-0.5596146985  
-0.1441078463  
-0.1349553379  
0.0708481139  
0.05533526771  
0.1341109569  
-0.08957638857  
0.09710193915  
0.0925623816  
0.1964788173  
-0.4520044965  
-0.7828560426  
-0.4982726014  
-0.2939941199  
-0.1956814368  
0.01600121187  
0.2762907607  
0.06184301215  
-0.02945964031  
-0.5132779518  
-0.728643462  
-1.252623716  
-1.306680842  
-1.348862328  
-1.619309992  
-1.394886471  
-1.265352363  
-1.119547034  
-1.242154463  
-0.8569585892  
-0.6413801494  
-0.1928359783  
0.5861744186  
1.181565489  
0.9645846745  
-0.07231833028  
-0.513388414  
-0.2770095175  
-0.2300266911  
-0.3797078564  
-0.8761015046  
-1.024106173  
-1.259575975  
-1.147672758  
-1.044271761  
-0.8159970487  
-0.5525506597  
-0.2521495411  
-0.1967212347  
0.3259975219  
0.4071887187  
0.5472647376  
0.3730656373  
0.3149983767  
0.04223601079  
0.05621705302  
-0.1796135962  
-0.2795617185  
-0.1547972409  
-0.2018924891  
-0.4339583654  
-0.1653440893  
-0.2103115134  
0.1396488158  
0.1697513253  
0.3709956018  
0.4308127856  
0.4188243343  
0.1840360599  
0.4046903998  
0.3355690853  
0.5808662316  
0.7493261877  
0.8227890149  
0.9432194371  
1.113639731  
0.9057178474  
0.8524304611  
0.7503281856  
0.609902167  
0.4213129431  
0.1487489454  
0.1181325263  
0.5502049634  
0.6683421973  
1.199038918  
1.365517767  
1.687800843  
1.466522378  
1.393621327  
1.361071509  
1.082132493  
0.5664314244  
0.4913006317  
0.3375630789  
0.3184624446  
0.7956332154  
1.18666344  
1.405020074  
1.317444045  
1.324304349  
1.129483585  
0.6289032517  
0.3634741344  
0.2924860184  
0.3546351211  
0.3182542869  
0.4447661392  
0.7300943805  
1.004960644  
0.7632212166  
0.9140775719  
0.6242866608  
0.6496552397  
0.2403342798  
-0.1458553678  
-0.3699167852  
-0.39739127  
-0.2972277533  
-0.2916984794  
-0.2099969606  
-0.01622673381  
0.1919039531  
0.09408361033  
0.2877029894  
0.1952877919  
0.3163558946  
0.5107177541  
0.6080867614  
0.5214410419  
0.8116252304  
0.8455239465  
0.9032161003  
0.903571908  
1.145938879  
1.232853378  
1.429237585  
1.672949555  
1.63806771  
1.560807956  
1.323906498  
1.001677033  
0.7755764428  
0.2784265288  
-0.1638011046  
-0.3732880209  
-0.6028526233  
-0.5855526787  
-0.3273443968  
-0.1149031086  
0.2001207652  
0.7304839782  
0.5562010454  
0.3053521175  
0.4389237246  
0.3604001418  
0.4248179674  
-0.04612707538  
-0.0266085338  
-0.1710613483  
-0.09114454108  
-0.2752010004  
-0.2408378204  
-0.3942827153  
-0.3910143711  
-0.4360940633  
-0.4445577531  
-0.4623340245  
-0.5841994456  
-0.4140028896  
-0.2208200448  
-0.01912434137  
0.145091829  
0.4794632367  
0.9808890413  
1.473021404  
1.797598432  
1.805716534  
1.947627983  
2.128399562  
2.092594721  
1.659232385  
1.343279627  
0.8092902263  
0.3838348862  
-0.1247762205  
-0.2946842367  
-0.5278627488  
-0.8308387028  
-0.8354400852  
-0.8237196168  
-0.6195999832  
-0.3639820146  
-0.4257161949  
-0.3843362087  
-0.1282233121  
-0.07923964155  
0.3755702085  
0.3117642176  
0.4815444894  
0.4363283904  
0.6005123638  
0.3910475475  
0.4931968974  
0.3424110824  
0.5388157561  
0.4924190595  
0.3704196846  
0.3896791803  
0.1708349234  
0.4858652337  
0.2396437026  
0.2651430263  
0.01140569452  
0.004413533991  
0.1710149986  
0.2693906279  
0.6519648957  
0.8283631066  
2.256893262  
2.697761851  
3.316414361  
4.078039762  
4.19343364  
3.827620028  
2.555349636  
1.433839836  
1.612837734  
1.456874748  
0.6106412566  
-0.2021997034  
-0.7128586048  
-1.263043418  
-1.48805176  
-1.362402741  
-0.8280606003  
-0.3080574041  
0.1032623134  
-0.4417963539  
-0.05778763816  
0.6152501412  
0.3211638078  
0.2017008876  
-0.9378568509  
-0.4729431841  
-0.9959519627  
-1.15602147  
-0.9798705409  
-0.7868101603  
-0.4446244311  
-0.2376571598  
-0.1763618803  
0.005827663278  
-0.1311436256  
-0.4347745179  
-0.5770498779  
-0.7525531424  
-0.7741035083  
-0.877859881  
-0.8826846572  
-0.9691794511  
-0.8010542377  
-0.5888103757  
-0.09430765004  
0.05928641247  
0.1832985548  
0.08341498315  
0.1904763784  
0.0463751187  
0.2021843397  
0.02902818351  
0.08616524642  
0.2986616617  
0.461693778  
0.3881209081  
0.6850496151  
0.9608780888  
0.8761323692  
1.036265915  
0.6184305875  
0.6368719958  
0.7754878001  
0.7332827942  
0.7684337678  
0.4668334052  
0.6417025749  
0.4337446685  
0.7310267255  
0.954444206  
0.9496258541  
1.030865302  
0.9537506489  
1.037578581  
0.7711300668  
0.5973852888  
0.774106991  
0.8809629125  
0.9226977645  
1.204984293  
1.460819672  
1.373903307  
0.8223024227  
0.4335243598  
0.1702266094  
0.2107820723  
0.1719008741  
-0.3577796372  
-0.47264721  
-0.8838864029  
-0.6217849156  
-1.099229479  
-1.249275016  
-1.461278859  
-1.967366868  
-1.97498568  
-1.995382829  
-1.765989424  
-1.831210394  
-1.668967842  
-1.237898489  
-1.279537863  
-1.260707307  
-0.9935481465  
-0.6524106764  
-0.4214353877  
-0.105490724  
0.01241337158  
0.5416147782  
0.5501960712  
