1.889897247  
1.972375189  
2.146193103  
2.283906732  
2.434474191  
2.072570939  
1.432366228  
1.167577918  
0.9567052092  
0.8657451725  
0.8424287906  
0.4928118912  
0.61967402  
0.8280377561  
1.060494806  
0.9971907068  
0.7828240288  
0.3357997423  
0.4432007987  
0.5456237927  
0.8445148584  
0.8477390969  
0.5089840627  
0.2603007387  
0.02501543243  
-0.05486846489  
0.04361227968  
0.09285612874  
0.1391898389  
0.4249743527  
0.6705596086  
0.6492997581  
0.6970084854  
1.045166392  
1.051993273  
0.7666910531  
1.173776112  
1.039818993  
0.8341480506  
0.8419708628  
0.4841933249  
0.4046245548  
0.9449229739  
0.9733619951  
0.9862387967  
0.9767184426  
0.5062185396  
0.354759097  
0.7936404338  
0.5034947639  
0.6857616871  
1.062027072  
0.7113496089  
0.6193379341  
0.2929804066  
0.8302377886  
0.6256333036  
0.3325252606  
0.721586898  
0.9402140005  
0.8947193031  
0.4952802211  
0.3756288795  
0.2407050422  
0.2689102975  
0.4669989054  
0.2322211938  
-0.04031400797  
-0.1188947092  
0.2132784017  
0.3274339886  
0.0802681948  
-0.03314736545  
-0.1435463641  
-0.04256281567  
-0.3386060731  
-0.8843499169  
-0.9409270947  
-0.6529593312  
-0.5250860502  
-0.772523221  
-0.8895688294  
-1.067867833  
-1.043660175  
-0.8981231835  
-1.079481963  
-0.9815565794  
-0.7878370283  
-0.8148346011  
-0.7752327491  
-0.5008025969  
-0.798858612  
-0.6518046906  
-0.6168043036  
-0.6861156768  
-0.837707392  
-0.8061584955  
-0.8382362464  
-0.5502694728  
-0.6612659817  
-0.7013479901  
-0.4564828276  
-0.2477870885  
-0.1525098531  
-0.7978934647  
-1.014791451  
-0.6914181505  
-0.7732676999  
-0.7059123524  
-0.5621712412  
-0.2121044535  
-0.7662615236  
-0.4107687133  
-0.0919729156  
0.3331463794  
-0.02218566829  
-0.1444369063  
0.07809436406  
0.06664238277  
0.2736092687  
0.2563039364  
0.2288197942  
-0.02117790828  
0.2333498809  
-0.1979993363  
-0.380272061  
-0.5687169118  
-0.6282495239  
-0.4253673706  
-0.7701340774  
-0.6846703968  
-0.802690789  
-0.4608854288  
-0.4241956986  
-0.5052190676  
-0.3870491311  
-0.5273768659  
-0.3742759516  
-0.4873991379  
-0.3205666454  
-0.5690289622  
-0.4760675099  
-0.3058888089  
-0.4695576159  
-0.4852405207  
-0.2153967253  
-0.03700261749  
0.307030514  
0.5538307019  
0.199903086  
-0.218077864  
-0.3851257766  
-0.1917374555  
-0.1102548215  
-0.2294677748  
0.05025181017  
0.1568332631  
0.5637294706  
0.5029288685  
0.4355825374  
0.07072393374  
0.2608973614  
0.2458216509  
0.8423392936  
1.081020772  
1.233275092  
1.045852205  
0.8032458795  
0.5743274146  
0.4012003616  
0.6323850599  
0.6337150877  
0.4640811289  
0.2999418067  
0.2443872748  
0.6598658133  
0.5342768007  
0.4902440598  
-0.1987481157  
-0.1519423462  
0.5512353162  
0.6797517873  
0.3512692796  
0.1616901145  
0.2925645696  
0.04123171203  
0.1521083039  
0.03807041355  
0.06654225712  
-0.1782689583  
0.1866680624  
0.1705917576  
-0.07667208674  
0.03654681761  
-0.02010723806  
0.4260127394  
0.3346642151  
0.3438289604  
0.3916403956  
0.3360262439  
0.1750853654  
0.1652624913  
0.3943008004  
0.1857078454  
0.3354297925  
0.1110592596  
0.3168624703  
0.3107108622  
0.5361721692  
0.5212326664  
0.6915478966  
0.8225197987  
0.8215597148  
0.5976474371  
0.3101962399  
0.12528057  
0.1251522333  
0.3297400967  
0.8067379719  
0.7803102697  
0.0970682523  
-0.07220703664  
-0.2850374206  
-0.1858279382  
-0.1871452756  
0.05545627082  
-0.08697444186  
0.4698335392  
0.4529860956  
0.2176758487  
0.5435530884  
0.9866532093  
0.8205185323  
0.3617147742  
0.3045386779  
0.3820689656  
0.2070964951  
0.7468883502  
0.7917680572  
0.9440861442  
0.5784888949  
0.5012364548  
0.2298197447  
-0.01744137013  
-0.3774789643  
-0.1539038592  
0.1361171944  
0.3977067951  
0.4055987138  
0.9169508213  
1.078129552  
1.135017029  
0.4409697129  
0.2048003025  
0.3511772701  
0.4179538354  
0.1912601505  
0.59480188  
-0.2431944489  
-0.03224211118  
-0.1032131181  
0.1007663697  
0.3558735222  
-0.1252351082  
0.1466100676  
0.1665273955  
0.5926268306  
0.7023586389  
0.3109884048  
-0.02860695393  
0.156224088  
-0.01092140655  
0.04022907007  
0.2550073207  
0.3990560504  
0.1129624405  
-0.0898132628  
-0.1518729846  
0.01262687819  
-0.1763440256  
-0.1081998738  
0.192271257  
0.1885846156  
0.3262551083  
0.2762805351  
0.203553009  
0.09759794188  
0.1001160317  
-0.009695857325  
0.1762344994  
0.06001500137  
-0.3460054511  
-0.114956588  
-0.1653952829  
-0.3892889545  
-0.4446260028  
-0.2933786656  
0.0531960663  
-0.00145838713  
-0.01848609918  
-0.1157421067  
-0.1295067215  
0.007130103541  
0.7976126738  
0.8699522174  
0.7461075428  
0.658249143  
0.4111244966  
0.5495525678  
0.318833506  
0.3571659416  
0.50977292  
-0.02636411687  
-0.03403414026  
0.02521156498  
0.3472074129  
0.8915114796  
1.226931984  
1.158311758  
0.9423304129  
0.5929523566  
0.3309338759  
0.1586218053  
0.4528596607  
0.5261315572  
0.4656030939  
0.6231199025  
0.7309848042  
0.7140556737  
0.6593814275  
0.148408811  
0.2659290645  
-0.04840531494  
-0.2371650346  
0.253305673  
-0.02176308387  
-0.0680923097  
-0.3671535512  
-0.5626067184  
-0.7596425958  
-0.6770399679  
-0.5047420944  
-0.2674585944  
-0.2498556875  
-0.1331445191  
-0.4361232119  
-0.6917425072  
-1.008527601  
-1.160255045  
-1.231451882  
-1.023916155  
-0.1478594743  
-0.4394326898  
-0.6325231096  
-0.5315851771  
-0.8271014371  
-0.6726879532  
-0.5523789865  
-0.5655020975  
-0.5078751845  
0.3933911556  
0.4777489701  
0.07018787336  
1.430274543  
1.483388287  
1.213649327  
1.302761387  
0.8982496355  
0.6860488415  
0.3357108483  
-0.4003255683  
-0.1896324393  
-0.2512752534  
0.1348149171  
0.3860620687  
0.3873698486  
0.15220969  
0.433401981  
0.7914708108  
0.7891645886  
0.4740683196  
0.193654459  
0.456249641  
0.4636641804  
0.5243311605  
0.04080147405  
-0.03951447502  
-0.3848744125  
-0.3810768438  
-0.2126067007  
-0.1406194199  
0.3709381308  
0.3866300864  
0.4147286838  
0.4346062082  
0.5981321865  
0.3326488519  
-0.2035885752  
-0.02242331498  
-0.08628296095  
-0.3241246577  
0.1564075154  
0.08449419717  
0.1230339849  
0.2038878962  
-0.2992441685  
-0.4074095214  
-0.3685915097  
-0.3474999605  
-0.3062193939  
-0.5011106924  
-0.324544811  
-0.3169490654  
-0.1358884652  
0.2168405906  
0.1272116139  
0.06609963  
0.1879563793  
0.2145268333  
-0.08857753092  
-0.5035020812  
-1.153011559  
-0.8992999002  
-1.089871562  
-0.9862175863  
-1.053997241  
-0.7969328581  
-0.7678091029  
-0.6325152379  
-0.5481095799  
-0.4794934762  
-0.1584843477  
0.09893500517  
-0.406619208  
-0.4507206152  
-0.6548640023  
-1.187685428  
-1.118928281  
-1.184391886  
-1.402139782  
-1.150222775  
-0.8036659184  
-0.5862113786  
-0.7384557679  
-0.4586716482  
-0.5715246052  
-0.4946079221  
-0.610340321  
-0.7802195505  
-0.969963387  
-1.073542456  
-0.992616601  
-0.5145941472  
-0.0820103485  
-0.1330730321  
-0.387971717  
-0.259222938  
-0.4544658009  
-0.3507341715  
-0.6077124273  
-0.944222917  
-0.9273329234  
-0.947137227  
-0.8175132876  
-0.8082517439  
-0.5319552496  
-0.09460886757  
0.3676488456  
0.6014507198  
0.8769190906  
0.9964844982  
0.01727893255  
-0.1781981479  
-0.1747566735  
-0.03763180256  
0.1195504379  
0.7620824797  
0.3228208855  
0.5150162377  
0.2595966004  
-0.1828276249  
-0.515187867  
-0.2133260048  
-0.02158365289  
-0.06582489335  
0.02615257377  
-0.05514543841  
-0.4070226006  
-0.5336564114  
-0.7878903839  
-0.257544465  
0.6247331211  
0.9883799007  
0.4639146132  
-0.08098741089  
-0.3484723942  
-0.5114593919  
-0.5781931363  
-0.7330863594  
-0.7635321926  
-0.7473173709  
-0.769217241  
-0.4754314131  
-0.424036139  
-0.1195913337  
-0.3895221593  
-0.4790512144  
-0.7361532483  
-0.8327817172  
-1.131299548  
-1.004796144  
-0.7595577017  
-0.5430253867  
-0.4320770482  
-0.2288503773  
-0.09482628837  
0.03807577631  
0.4539086892  
0.4445899204  
0.9105139098  
0.8274145415  
-0.1816408999  
-0.09210441819  
-0.4750524901  
0.08861487207  
0.4074133413  
-0.2232982372  
-0.4140713743  
-0.2590642588  
-0.4265816673  
-0.3302781208  
-0.5470277563  
-0.514791362  
-0.3858916907  
-0.1814112256  
0.3815864272  
0.4800943308  
0.3681246803  
0.1075441597  
0.1373837935  
0.08321706975  
-0.02166554894  
-0.3499021045  
-0.2250921829  
-0.2237801892  
-0.3959292086  
-0.744874697  
-0.9456183118  
-0.9331789342  
-1.050703987  
-0.8622841193  
-1.049259343  
-0.7836492354  
-0.518185495  
-0.1332187853  
-0.3903454031  
-0.4692335741  
-0.3746682827  
-0.4304146883  
-0.1040090151  
-0.6936449217  
-0.6110816216  
-0.7027854097  
-0.7369823641  
-0.7327086319  
-0.5895937317  
-0.4408198226  
-0.5404348318  
-0.5372652263  
-0.7301455189  
-0.4740830897  
-0.08527138707  
-0.1767372744  
-0.1417262895  
-0.299194969  
-0.316873738  
-0.7435959613  
-0.5880325195  
-0.9875431254  
-0.7778267877  
-0.6410476829  
-0.1105159231  
-0.08998444551  
-0.3860540692  
-0.2820912669  
-0.4922524939  
-0.22269598  
-0.4861761468  
-0.2268620262  
-0.01275270046  
0.004197276308  
-0.3297927705  
-0.597426006  
-0.5938959692  
-0.5161154871  
-0.7390438028  
-0.7441654173  
-0.8202177919  
-0.6514585627  
-0.6724845523  
2.533003805  
1.665119511  
0.9251937695  
0.5470991517  
0.6344437182  
0.0396611427  
0.3961515529  
0.4908587821  
0.4081148128  
0.04007302926  
0.02510920788  
-0.01611575703  
-0.08543619151  
-0.5565216041  
-0.6215259221  
-0.675894767  
-0.438791547  
-0.2485730351  
-0.1330383132  
0.07687706401  
0.05688814506  
0.2015580313  
-0.03869738453  
-0.2597295463  
0.4442208795  
0.394472754  
0.3977705727  
0.6017326417  
0.5417601228  
0.7170222296  
0.7904188302  
0.5321831971  
0.1323316899  
-0.02413576954  
-0.08233987911  
-0.04894886054  
-0.01237767317  
-0.0007600504691  
-0.4779750302  
0.009613776231  
0.5732580809  
0.3458897973  
0.2115038546  
0.2294146134  
0.6281147191  
0.7926154222  
0.3686689863  
0.1485662595  
0.1077215227  
0.116887877  
0.06149778805  
0.2551278757  
0.1163686998  
0.16925363  
0.09958379833  
0.1741957521  
0.2894264057  
-0.06366604108  
0.02595540545  
0.4835195146  
1.045443335  
0.5558176491  
0.1013490999  
-0.2200046733  
-0.2207088812  
-0.3456447329  
0.1891443352  
0.001258760254  
1.051557014  
1.084863238  
1.146182256  
1.224744436  
0.6896687282  
0.3512422911  
-0.2037305794  
-0.1565213794  
-0.5850866242  
-0.8352238346  
-0.7180278609  
-0.592105769  
-0.5335732  
-0.4488414562  
-0.6052315585  
-0.3321569902  
-0.3307728635  
-0.1229072604  
0.03798066749  
-0.3708690228  
-0.2642499554  
-0.5017976787  
-0.5448250086  
-0.5633549593  
-0.592832268  
-0.6345944539  
-0.02368923142  
0.232339836  
0.08147032399  
0.07578430681  
0.09783614725  
-0.05767968374  
-0.308214667  
-0.5389202546  
-0.8032250884  
-0.7066569379  
-0.733078622  
-0.5192847422  
-0.7042931463  
-0.4164226085  
-0.3723056084  
-0.476580735  
-0.5222665094  
-0.2960529965  
-0.3343639003  
-0.2264579451  
0.2600535378  
0.00718534197  
-0.06315093542  
-0.2543039367  
-0.2068454601  
-0.4272407579  
-0.5540454033  
-0.3484545737  
-0.4557180565  
-0.1871992704  
-0.4037147016  
-0.4053402184  
-0.2546045317  
0.4453800758  
0.2901877615  
0.279488335  
-0.1201131788  
-0.2548442889  
-0.2485977301  
-0.4179286359  
-0.5521239416  
-0.6784129874  
-0.4621829729  
-0.1784656644  
0.1317760061  
-0.03670649038  
-0.1123432886  
-0.2492017801  
-0.1433254717  
-0.2991443511  
-0.4280837595  
-0.4768511306  
-0.4973094873  
-0.4111421623  
-0.4484141768  
-0.4413096673  
-0.1929021541  
-0.1403951785  
-0.213856282  
-0.1648793865  
-0.049094738  
-0.1435165266  
-0.2585447919  
-0.1079821416  
0.05561639897  
0.1212458058  
0.363953806  
0.2444880748  
0.2021779656  
0.3775334994  
0.2440441297  
0.2346111217  
0.2767746745  
0.04003320139  
0.2168377754  
0.3167959356  
0.5786305441  
0.33918797  
0.4069318116  
0.4705693295  
0.3657945503  
0.2076278396  
0.05863352425  
0.4028855827  
-0.1129179906  
-0.1023218962  
0.2105377885  
0.09621665795  
-0.113106918  
-0.3110524879  
-0.3959132213  
-0.2518382648  
-0.3580493066  
-0.5538283888  
-0.7439907188  
-0.5006402774  
-0.2133334797  
-0.4409058319  
-0.04391191049  
-0.3035905303  
-0.06150215192  
-0.380522856  
-0.4430383657  
-0.3341718255  
-0.33785371  
-0.4317510068  
-0.5014162237  
-0.5553973847  
-0.2656613573  
-0.3125652613  
-0.3417585434  
-0.2190018048  
-0.02257609955  
-0.08745704069  
0.2189698794  
0.05373732719  
0.0740076371  
0.2479443195  
0.09316420353  
0.1617387245  
-0.3243936692  
-0.4834408039  
-0.6190225227  
-0.6198889664  
-0.4115237529  
-0.4761253733  
-0.5987003436  
-0.5376260269  
-0.4868127747  
-0.3897521956  
-0.4221527518  
-0.5683315864  
-0.3061513977  
-0.0805604754  
0.2869214257  
0.2958598028  
0.3149671183  
0.559473415  
0.5331461083  
0.7167117861  
0.7027347365  
0.5329875157  
0.4106417958  
0.06288601992  
-0.2318584738  
-0.2762623322  
-0.366970498  
-0.08439665585  
0.05095587739  
0.215864882  
0.0836949696  
0.1388157019  
0.6171140125  
0.3065943023  
0.8077031476  
0.5499662105  
0.9526027918  
1.4506912  
1.679818622  
2.08424825  
1.944328693  
1.217968058  
1.600204391  
1.579516227  
1.658054061  
1.257144171  
1.318284486  
1.527634806  
1.148428714  
0.9182058253  
0.9608311456  
0.9103364715  
1.1219909  
1.167645952  
1.220513406  
1.029201728  
0.8661521171  
0.624076848  
0.06664654602  
-0.1991786573  
-0.3449987859  
-0.3940227092  
0.0064406104  
0.3295714326  
0.6623376919  
0.6910568373  
0.8259832147  
1.0086704  
1.141902144  
0.7205541811  
0.5155672855  
0.4316970723  
0.6400064275  
0.4755833062  
0.7023150878  
0.5214835742  
0.4432992128  
0.4579901008  
0.5011146957  
0.5266248436  
0.4415081411  
0.2698259771  
0.4001163119  
0.338526175  
0.4967586483  
0.6387627136  
0.5892428148  
0.641949892  
0.789748519  
0.9446436422  
0.4952789476  
0.4945655798  
0.4760678439  
0.3670494414  
0.8786256548  
1.343091833  
1.204600873  
1.219333861  
1.406908037  
0.8201619671  
0.6102049295  
1.027790267  
0.9174082719  
0.9358201155  
0.9077919732  
0.3909223694  
0.008182387436  
-0.332051159  
-0.509256634  
-0.2637066719  
0.1468900799  
0.4031789045  
0.2835326936  
0.04567832344  
-0.09271375237  
-0.261754859  
-0.3008714298  
0.1421504376  
-0.1601976298  
0.1070321601  
0.3935343712  
0.7500465267  
0.3346585224  
0.4184334838  
0.2608558632  
0.9649796041  
0.7520161698  
0.374631182  
0.1601842907  
0.1919609741  
0.3209366134  
0.6120555206  
1.141617263  
1.475626412  
1.375235429  
0.4464711528  
0.1834440279  
0.1791126578  
0.2789806961  
0.0681037238  
0.06817553997  
0.2580664903  
0.5915919838  
0.4397400864  
0.3978228189  
0.6017816847  
0.8822964823  
0.9315033032  
0.8583899964  
0.8551246782  
0.8649665074  
0.8828013986  
0.7564113166  
0.6489265606  
0.1937356454  
0.2397674487  
0.3283872943  
0.2393524611  
0.2319893096  
0.08875516525  
0.1736242955  
-0.01468444743  
-0.05615148025  
0.01321609862  
0.04982960577  
0.0735810919  
0.3172380893  
0.4520843658  
0.8122123859  
0.9590408305  
0.7032842624  
0.7351858188  
0.649952557  
0.494558657  
0.3061287944  
0.00198356085  
-0.1624196971  
0.231000079  
1.211100552  
1.057447678  
0.2385019302  
0.5837576175  
0.5256497837  
0.08099560106  
-0.3408205609  
-0.4708830652  
-0.6020998839  
-0.5265208683  
-0.7702967395  
-0.7842963523  
-0.7768005661  
-1.050802848  
-1.321423128  
-1.44396952  
-1.519212894  
-1.309570887  
-1.249284505  
-1.191461429  
-1.085775673  
-1.347748961  
-1.54647036  
-1.454100457  
-1.277324738  
-1.058506485  
-0.7618175371  
-0.717456229  
-1.062441332  
-0.9893347438  
-1.068791771  
-0.604500984  
0.291684286  
0.2687694455  
0.1998790164  
0.470994057  
0.4178271397  
0.3637923898  
0.08278451123  
-0.3591988372  
-0.4679080848  
-0.4318022024  
-0.4745117496  
-0.4711673244  
-0.8437558935  
-0.7383625614  
-0.4053911223  
0.2855760757  
0.1961202201  
0.18961446  
0.2083011702  
0.1100363327  
0.05544871784  
-0.392523183  
-0.2510727645  
-0.271423503  
-0.149066311  
-0.2635252376  
-0.3870296373  
-0.5344891286  
-0.5453627178  
-0.846677979  
-0.6653181649  
-0.5580884476  
-0.1854557972  
-0.17962804  
-0.2151893373  
-0.008911473888  
-0.06475650952  
-0.2728329566  
-0.696224071  
-0.7472875451  
-0.4763421161  
-0.5784008989  
-0.5919795664  
-0.7642526641  
-0.2383494813  
-0.1835521659  
-0.3709929873  
-0.4794828321  
0.04931915128  
0.303906444  
0.03051059412  
-0.3532149384  
-0.2721575866  
-0.3540338032  
-0.4596206916  
-0.5602568641  
-0.6211033582  
-0.8566511513  
-0.8388013626  
-1.022667353  
-0.9431483628  
-0.8802996613  
-0.8623217241  
-0.7657072981  
-0.3871821829  
-0.3526244432  
-0.2109336188  
-0.03198016316  
0.1672341258  
0.2157326758  
0.3861080966  
0.4226661162  
0.2968791926  
0.3265764608  
0.05477672591  
-0.3331457931  
-0.4699580128  
-0.4960900724  
-0.5898160064  
-0.4358283395  
-0.4443900469  
-0.1634451126  
-0.1721297493  
-0.2965937086  
-0.1447529289  
0.3127154933  
-0.01024546285  
0.265009752  
0.1996551181  
0.2357604025  
0.207032383  
-0.1813775822  
-0.5994831811  
-0.7011152348  
-0.7020804596  
-0.5343562675  
-0.4056449923  
-0.8347770175  
-0.8691119927  
-0.9206154734  
-0.7121692225  
-0.6124598622  
-0.3958098833  
0.1716431324  
0.001594131642  
-0.08363804913  
-0.2091614988  
-0.5329487592  
-0.4976026491  
-0.3797518511  
-0.4552907906  
-0.07453242937  
-0.09546422566  
0.1248141321  
0.2131474643  
0.1613470252  
0.128037516  
0.4014167934  
0.5207541067  
0.3137861776  
0.4677484031  
0.7490730544  
0.2277280609  
-0.04330060659  
0.1343991682  
-0.4437494693  
-0.1586533899  
0.1946567053  
-0.0383871523  
0.02941302991  
0.3262607747  
0.1923785565  
0.05553318615  
0.3194169474  
0.5457400837  
0.5820801332  
0.2456333544  
-0.192420278  
0.5290692347  
0.1913977217  
0.3532608151  
0.3609942705  
-0.1385088167  
-0.4536964475  
-0.7673585979  
0.07804989861  
0.7504865969  
0.539070756  
0.09897293951  
-0.4010090157  
-0.3369857271  
-0.5070193967  
-0.8648092164  
-1.207319757  
-1.320318444  
-1.355110791  
-1.178250936  
-1.085490913  
-1.065313006  
-1.011005353  
-1.359705424  
-1.691586598  
-1.811936342  
-1.693741327  
-1.788395524  
-1.68657266  
-1.417614241  
-1.318382528  
-1.26117898  
-0.9966290557  
-1.075342651  
-0.4588146639  
-0.2473599401  
-0.392324794  
-0.3820322722  
-0.8030718898  
