1.923403299  
1.613854308  
1.470249755  
1.76443128  
1.644918001  
1.339331864  
1.10100314  
0.5944822062  
1.146120992  
0.7529181444  
0.8123567109  
0.6663228538  
0.8715815853  
0.8220216934  
1.162828594  
1.380218897  
1.189358681  
1.006065532  
0.966202169  
0.9762701488  
1.047961384  
0.9951808074  
0.7910752069  
0.5861141919  
0.2972005998  
0.2772631302  
0.6752019725  
0.6629891908  
0.7188796226  
0.7476496812  
1.065866479  
1.27928902  
0.9636176835  
1.117973222  
0.993180826  
0.8064722196  
0.5712442024  
0.3720978926  
0.9401592296  
0.978268961  
0.7553382186  
0.6255885583  
0.7644040331  
0.9640602248  
0.9470257977  
0.9101570559  
0.2516047948  
0.3487876492  
0.8843357106  
0.7649782572  
0.7734083065  
0.668510759  
0.6360207519  
0.7047521167  
0.1424077209  
0.4495195808  
0.4710217615  
0.562016645  
0.4387611367  
0.5882041021  
0.6920938192  
0.7876533001  
0.6188645746  
0.8121657539  
0.750162392  
1.022956922  
0.9233449769  
0.8390330343  
0.8308281011  
0.9294378891  
0.9680733049  
0.846944789  
0.7580375694  
0.7984462487  
0.9579682869  
0.6442569344  
0.1007164722  
0.06678974729  
0.2948590009  
0.4838115486  
0.09787301586  
-0.04434117904  
-0.1043781638  
-0.2500260744  
-0.194118825  
-0.1717049353  
-0.1694683125  
0.1077099908  
-0.04272019581  
0.1781483422  
0.3994128644  
0.1099775066  
-0.02231980235  
0.1179113037  
-0.042312837  
0.1953675141  
0.03507302168  
0.2575366398  
0.347356075  
0.6492211209  
0.2603793427  
0.6388310559  
0.8025446281  
0.5577200824  
0.1432469837  
0.0307124944  
0.275816807  
0.4118078804  
0.2226628381  
0.09219128976  
0.8582774341  
0.4960644387  
0.9765303452  
1.160544826  
1.204389375  
1.311203915  
0.8276783334  
0.3257060259  
0.06428719572  
0.1738528394  
0.3061165254  
0.4063204373  
0.1547684685  
0.6344093387  
0.3922404232  
0.01665145644  
-0.2487762295  
-0.3484199694  
-0.3551279683  
-0.3386296287  
-0.1840905404  
-0.1616902531  
-0.08476946836  
-0.0895150001  
0.03899432073  
0.2012343626  
0.01013749016  
0.1281894446  
0.01027254452  
0.02787030285  
0.07823283757  
0.08161967779  
-0.1040245981  
0.1716605707  
0.2416839394  
0.2145349083  
0.283312623  
0.8241118413  
0.8423267371  
0.4273442539  
-0.1055350665  
-0.08175786178  
0.002530921168  
0.1590061205  
0.2540769722  
0.5203257778  
0.3953311426  
0.8493114769  
0.6663281217  
0.7337524358  
0.4126171746  
0.2881194356  
0.5441553615  
0.5511396167  
0.679794715  
0.9172613654  
0.9826182358  
0.7931346916  
0.9048351454  
0.5975819738  
0.6297652931  
0.603192381  
0.6935554057  
1.139560789  
1.125071894  
1.378388047  
1.569818621  
1.462677857  
0.8901403704  
0.6743131632  
0.6700324484  
0.6308983345  
0.2725383681  
0.1246686903  
0.3711724379  
0.2519101618  
0.4310230215  
0.5055364888  
0.3800393993  
0.5564827148  
0.4573561757  
0.4199677856  
0.1808264787  
0.1732456078  
0.1286054918  
0.5295864333  
0.5004216953  
0.5230205108  
0.5874450064  
0.4872115467  
0.2385283546  
0.1761514604  
0.01606968465  
0.05380899556  
0.02058928358  
-0.05226704627  
0.2382961386  
0.3294769342  
0.3098121445  
0.5964382156  
0.59254637  
0.4393225567  
0.4766181243  
0.383616394  
0.06748488972  
0.1682328934  
0.5517078993  
0.4412998605  
0.8464789872  
0.8152916347  
0.2663363121  
0.06733982113  
-0.1363974269  
-0.01816990136  
-0.05302183011  
0.2144060812  
0.1872575662  
0.6564291405  
1.233843835  
0.8960663477  
1.126785159  
1.049952113  
0.7211704511  
0.2908817007  
0.3577889674  
0.224833771  
0.4912941445  
0.6092007099  
0.6571560705  
0.743775256  
0.4790771873  
0.4021300212  
0.2568809265  
0.1141822994  
0.006431716556  
0.1672795363  
0.4801514269  
0.4407316138  
0.3555631499  
0.7898869522  
1.30750668  
1.200620318  
0.6125940202  
0.3683344181  
0.2863924137  
0.2891751421  
0.1329209962  
0.2532768023  
0.3867468356  
0.309912963  
-0.01859663528  
0.1024178176  
0.4850202337  
0.4252674425  
-0.03227631106  
0.1176159023  
0.3392680572  
0.4438577358  
-0.3583300581  
-0.7042251931  
-0.6925538015  
-0.4532364335  
-0.3774605078  
-0.08325199996  
0.2213324512  
-0.0344595813  
-0.2056088243  
-0.2484034069  
-0.3851430347  
-0.3469233515  
-0.5232011287  
-0.2006687278  
-0.04947177022  
0.06037432654  
-0.2833995192  
-0.2466546577  
-0.3662629286  
-0.2029388398  
0.04796487436  
0.2295155389  
0.07091639757  
-0.02622755649  
-0.1061306491  
-0.127257268  
-0.2223512431  
-0.3323195655  
-0.5394053857  
-0.2400938466  
-0.2592507507  
0.008708030729  
-0.1403455152  
-0.01005931649  
0.3061315978  
1.091841249  
1.009217221  
0.9617271727  
0.5050107029  
0.2254222502  
0.3604686804  
0.3291452878  
0.3616401237  
0.2887270189  
-0.1272244338  
-0.05762028897  
-0.2098968525  
0.2591871456  
0.4446530757  
0.9958094626  
0.8270928736  
0.5103101397  
0.4600640947  
0.03751669529  
-0.1907941767  
0.0350911396  
0.217449564  
0.1561118781  
0.2067292986  
0.444541913  
0.4521978205  
0.3009325906  
0.2055342881  
0.4517722952  
0.1461995317  
0.08880704359  
0.1950872896  
0.2366861244  
0.09963946287  
-0.3327595589  
-0.05693554709  
-0.08630570513  
0.1588537279  
0.1430925864  
0.257520143  
0.2548715179  
0.2437339114  
-0.00711902093  
-0.2349997242  
-0.4680375856  
-0.8605210567  
-0.9469934819  
-0.8207737567  
-0.3862403793  
-0.3166774566  
-0.4057247068  
-0.3048172772  
-0.4954387008  
-0.4299411928  
-0.2784574086  
-0.1439703865  
-0.3656027097  
-0.03455832499  
-0.2042030902  
0.2408048866  
1.020438459  
0.4949031114  
0.1748580959  
1.070509267  
0.8219281541  
0.6113452056  
0.120668931  
-0.2782888222  
-0.5271034352  
-0.3438830002  
-0.4624499035  
-0.2409572014  
-0.2314764345  
-0.2251826863  
0.3198378088  
0.5495616342  
0.5682805424  
0.1128544157  
0.2190765405  
0.2962921044  
0.2780390953  
0.1379854689  
-0.03908093159  
-0.1790112692  
-0.3040625908  
-0.2855544698  
-0.06193690444  
-0.06578964085  
-0.1773316187  
-0.06787377714  
-0.3396619432  
0.2163027872  
0.1593021699  
0.1881157426  
0.2286214878  
-0.2134586226  
-0.3516474946  
-0.358582042  
-0.1609618661  
-0.2660740586  
-0.2683779581  
-0.2284766318  
-0.523391436  
-0.9191177419  
-0.8690389321  
-0.7395093931  
-0.689679341  
-0.5549961774  
-0.2737109373  
-0.1871261963  
-0.210575605  
-0.58000702  
-0.4936303355  
-0.5126442054  
-0.6896329354  
-0.4181084222  
-0.5793418841  
-0.5981970776  
-0.8957947474  
-1.010894291  
-1.566566674  
-1.507000843  
-1.310435784  
-1.215769849  
-1.175303547  
-0.95888617  
-1.102860712  
-1.146342331  
-1.100437328  
-0.8068597312  
-0.859115104  
-0.8371923655  
-0.8533632888  
-1.024771742  
-1.012797021  
-1.153629234  
-1.305165543  
-1.340663177  
-1.179340868  
-1.034634576  
-1.213551054  
-0.8738232786  
-0.9380475712  
-0.5652562606  
-0.6638487111  
-0.9163480237  
-0.996942976  
-1.03925114  
-1.101891383  
-0.7699747821  
-0.1919200629  
0.1025258851  
0.06653877877  
0.05141696258  
-0.2473418018  
-0.2199151112  
-0.5814962763  
-0.9140422244  
-0.8386352079  
-0.8394415037  
-0.8339825441  
-1.051824905  
-0.7846032461  
-0.5007017261  
-0.1240997648  
-0.05441151019  
-0.2314440537  
-0.8446439566  
-0.9541664817  
-0.8522105212  
-0.3526210717  
-0.4984834493  
-0.2674612111  
0.3251433855  
-0.2223229856  
-0.3842085802  
-0.5118503029  
-0.7381932728  
-1.068236095  
-0.7237471018  
-0.5740049687  
-0.4977986557  
-0.1855942263  
-0.6304492899  
-0.7975621338  
-0.7612189658  
-1.2697934  
-0.7983099097  
0.1681234242  
0.2771504117  
-0.3240827102  
-0.3914793186  
-0.5960810973  
-0.7786548251  
-0.8037770933  
-1.037445032  
-0.9795069448  
-0.9041390253  
-0.9203038904  
-0.7126000395  
-0.8182753715  
-0.6386179139  
-0.9623808827  
-1.061372518  
-1.133091209  
-1.374336889  
-1.419847858  
-1.128882778  
-0.9584013206  
-0.7326696716  
-0.7342127775  
-0.7307040768  
-0.8206700859  
-0.9345510333  
-0.3462191716  
-0.3449237272  
0.009273903735  
-0.05593459751  
-0.5020767937  
-0.6991541435  
-0.9407365726  
-0.6956370046  
-0.8528219519  
-1.325876025  
-1.318441176  
-0.6413360474  
-1.008281666  
-1.209673249  
-1.102395268  
-0.9690747123  
-0.9242069218  
-0.7577528394  
-0.3264868535  
-0.4715741801  
-0.6170772432  
-0.4605554468  
-0.4430478868  
-0.6308019545  
-0.6086399922  
-1.131197495  
-0.9416389176  
-0.8651733631  
-1.159189136  
-1.225091934  
-1.212152188  
-1.317615763  
-1.312385693  
-1.12550862  
-1.155006128  
-0.8729544339  
-0.8032101318  
-0.6810709566  
-0.8155339243  
-0.6744662928  
-0.5449920394  
-0.6211362534  
-0.3455581128  
-0.4513510514  
-0.5464107915  
-0.669735985  
-0.5961529385  
-0.4922397634  
-0.7952416239  
-0.5110521176  
-0.6756377578  
-0.4800796479  
-0.7263679311  
-0.5591737136  
-0.2344819976  
-0.3787732635  
-0.4103340166  
-0.3595230603  
-0.4153684515  
-0.4999761601  
-0.6806934467  
-0.6876656512  
-0.7418018762  
-0.50968422  
-0.06377578776  
-0.3456850393  
-0.4079760544  
-0.8347754474  
-0.6682346067  
-0.4556562348  
-0.492584322  
-0.03918451496  
0.005678468417  
0.05116051885  
-0.2580449506  
-0.7657851317  
-0.8370594031  
-0.6035980425  
-0.8541718475  
-0.7760887143  
-0.9035951185  
-0.7952182764  
-0.3942531214  
1.04388522  
0.2532901965  
-0.7422470234  
-0.8531712516  
-1.134314145  
-1.368392125  
-0.9409031355  
-0.5901323743  
-0.09942086617  
-0.3151429732  
-0.2823803937  
-0.5120061253  
-0.7365424381  
-1.191040609  
-1.616427278  
-1.868792383  
-1.727423084  
-1.698984613  
-1.569302958  
-1.224451585  
-1.065694362  
-1.078306067  
-0.8861289098  
-1.227594496  
-0.8217082054  
-0.8419266528  
-1.049706976  
-1.003580984  
-0.8714109901  
-0.56551089  
-0.830820908  
-0.9232827477  
-1.016042013  
-1.260188259  
-1.14327273  
-1.125682142  
-0.9253707288  
-0.2958226252  
0.0994685951  
-0.1495110776  
-0.1026691014  
-0.2914489486  
-0.5034779654  
-0.3415745732  
-0.1200801522  
0.2153314387  
-0.294599065  
-0.5402208368  
-0.6967960124  
-0.6630372395  
-0.2555206183  
-0.3221417862  
-0.7097332256  
-0.6862816953  
-0.5148467368  
-0.4305269708  
-0.5054231365  
-0.4576773948  
-0.1994851242  
-0.1350905778  
0.01214053355  
-0.2211720614  
-0.5284272905  
-0.8688081705  
-0.9730906168  
-0.8055859238  
-0.6103178422  
-0.8056972438  
-0.2055903715  
-0.117185093  
0.5531675532  
0.6282827674  
0.2050532535  
0.07224223824  
-0.3775013918  
-0.4527083043  
-0.8597491564  
-0.9255156588  
-0.9312465035  
-0.8726047555  
-0.6451171392  
-0.5237743564  
-0.5878568692  
-0.506570933  
-0.4411715615  
-0.2288835147  
0.231096036  
-0.1311425713  
-0.2075295273  
-0.3949026516  
-0.6262796244  
-0.4509595376  
-0.4877786146  
-0.1861443833  
0.235715815  
0.5732989458  
0.3193751323  
0.5132840621  
0.3835160361  
0.5126698992  
0.0975693323  
-0.03093155336  
-0.311398027  
-0.3078979688  
-0.3203357369  
-0.1161606435  
-0.2688387427  
-0.06298385723  
-0.1006248576  
-0.1209422007  
-0.03640251203  
0.09738656798  
0.08684431828  
0.04002608191  
0.08175934545  
0.08521286297  
0.00639006691  
0.06034920994  
0.09903980171  
-0.1690675506  
-0.2162425351  
-0.1590733627  
0.01149623724  
-0.0827665803  
-0.1047152971  
-0.04923937498  
-0.02684054248  
0.5041465467  
0.5147213301  
0.5660918018  
0.2018038951  
-0.06606290283  
-0.03912243084  
-0.2490213056  
-0.3387396192  
-0.3603522076  
-0.2536167813  
0.1509011585  
0.22642379  
0.2882870856  
0.2609516362  
-0.1415374987  
-0.1033581126  
-0.1922033013  
-0.2427954401  
-0.2079471624  
-0.1236598449  
-0.03646410965  
0.03759892082  
0.196495276  
-0.001379371865  
0.05682151798  
-0.0287496865  
-0.2827543419  
-0.2911936261  
-0.04266802561  
-0.07014193554  
-0.02469542579  
-0.05410100688  
0.2026020425  
0.7285738616  
0.3568026991  
0.1685334124  
0.3176918526  
0.2979996116  
0.1956464713  
0.2413439055  
0.2191383535  
0.1842795907  
0.4026543547  
0.5306440001  
0.2738686105  
0.2596144049  
0.08906468908  
0.1311106542  
0.2807087436  
0.05117522791  
0.07457084584  
0.01274825373  
-0.08528263834  
0.09662343279  
0.2486324252  
-0.0915991854  
-0.1105866309  
-0.3865274969  
-0.4898534961  
-0.05873787619  
-0.4810639732  
-0.6611277877  
-0.6076916326  
-0.4465936428  
-0.298666124  
-0.1058538934  
-0.2893443026  
0.02193194341  
-0.2552519133  
-0.1141036309  
-0.2837446886  
-0.07541703575  
-0.004292834607  
-0.002379274196  
-0.1692414411  
-0.05843051789  
-0.3210643447  
-0.2990234889  
-0.1125398458  
-0.07207523776  
-0.0705636706  
0.05698643784  
-0.03373398369  
0.09942845741  
0.3077153173  
0.4602596679  
0.3573426785  
0.1688633072  
0.1816230093  
0.04942440603  
-0.2433061737  
-0.2741187122  
-0.3967978466  
-0.4140912296  
-0.2389953207  
-0.2871874772  
-0.05445948422  
-0.1117106712  
0.07248577921  
0.1986009905  
0.3482149851  
0.6629780256  
0.6506221143  
0.5551722876  
0.7311132487  
0.6765574747  
0.6982544557  
0.5707431975  
0.6737531708  
0.9309919878  
0.4827227593  
0.3743147973  
0.4747708523  
0.4104806298  
0.6424090542  
0.6222981271  
0.6712576141  
0.6924630668  
0.454731868  
0.845287948  
0.5187594662  
0.8583495493  
1.339137812  
0.8351409192  
0.7063653149  
0.9631365071  
0.5741025019  
1.008656911  
0.3402073338  
0.4649331751  
0.02190898812  
-0.2423268254  
0.0159879249  
-0.07344733192  
0.2962938028  
0.1825574227  
0.06393872143  
0.2930516363  
0.08843563314  
0.07046765943  
0.1727472159  
0.2135591644  
0.04219981714  
0.05141708682  
-0.1175794535  
-0.2685291018  
-0.3949727717  
-0.3017209153  
-0.5902869389  
-0.4492453639  
-0.2043435013  
-0.2447460484  
-0.09846815913  
0.2285842297  
0.3475078552  
0.3521824596  
0.3672592868  
0.2591284555  
0.3742999195  
0.4281627835  
0.4618156578  
0.2594753958  
0.1972617262  
-0.03994504824  
-0.1205717458  
0.09254463677  
-0.004868563308  
0.1639238284  
-0.1037451039  
0.1225090559  
-0.05716232411  
-0.1399849873  
-0.2457849535  
-0.08850532963  
0.07290004044  
0.1431805104  
0.4265561061  
0.2806188048  
0.5720181881  
0.2240289155  
0.3337244823  
1.061191756  
1.531987604  
1.330574825  
1.456767655  
1.708752781  
1.381266793  
1.572721504  
1.459235323  
1.428339615  
1.337855585  
0.9386289095  
0.3601985165  
-0.1394051646  
-0.2182576655  
-0.4301745906  
-0.1849628099  
0.2456621057  
0.3046524104  
0.1457326932  
-0.0269555323  
-0.3145465708  
-0.2502580192  
-0.2331823646  
0.2230252569  
0.09926052285  
0.4010991659  
0.618387515  
0.6466776199  
0.1262326908  
0.1238039691  
0.08218492002  
-0.03307941836  
-0.08826613733  
-0.06211319018  
0.1203009491  
-0.211213054  
0.03873305747  
0.165559486  
0.3116012774  
0.2484878947  
-0.3705506559  
-0.756280377  
-1.065763098  
-1.119985358  
-1.063721543  
-1.063733879  
-0.9057126157  
-0.8880835459  
-0.5688019821  
-0.6643186782  
-0.5377224172  
-0.2080659057  
-0.02003180658  
0.05215186648  
-0.04375958827  
0.007932932848  
-0.1081711781  
-0.07602740836  
-0.1053107351  
-0.1487582836  
-0.2691513088  
-0.2545700874  
-0.2564158122  
-0.1683567518  
-0.3628221898  
-0.2602302317  
-0.2290840245  
-0.1987644384  
-0.03590770732  
-0.1671817698  
0.2118419695  
0.4544641134  
1.115661205  
1.10545653  
1.766337143  
2.004546123  
1.43356846  
1.251791461  
1.106175721  
0.9814001677  
0.7429151881  
0.5759948291  
1.019875482  
1.309947183  
1.535390815  
1.44353097  
1.034967156  
0.8108860449  
0.2772240635  
0.1516704079  
-0.2316287367  
-0.009833654602  
-0.2067294971  
0.07187603431  
-0.2877656293  
-0.2338505874  
-0.1824044351  
-0.2520026464  
-0.6916020499  
-0.807450692  
-0.6818732582  
-0.5632177753  
-0.5108096372  
-0.3096553904  
-0.3333744513  
-0.4942281222  
-0.6720561551  
-0.7979303979  
-0.517187454  
-0.3716328675  
-0.103289596  
0.08307519287  
-0.08583553003  
0.05082606463  
0.02030088491  
0.228065273  
0.8209186984  
0.6005016031  
0.4076758728  
0.3700734519  
0.765225671  
0.6824652395  
0.7089530556  
0.2967422826  
0.1148524117  
0.3331604896  
0.5159243884  
0.158553859  
-0.03773408623  
0.1211158626  
0.4477945689  
0.8235174705  
0.7514942271  
0.6650260018  
0.558657566  
0.4742964506  
0.5521527817  
0.4016659438  
0.4262846079  
0.6515984423  
0.5581055886  
0.4642361106  
0.444921562  
0.2634801206  
0.4026682145  
0.1718332426  
0.1167302597  
0.20924513  
0.5770930207  
0.3135219587  
0.4127901646  
0.4859828438  
0.4981359476  
0.1812485665  
0.1625599645  
0.04221048213  
0.2759069645  
0.2220186936  
0.2867062081  
0.2399446421  
0.6869363769  
0.7568128019  
0.7154860431  
0.4916881137  
0.6989379979  
1.075480183  
0.7701889857  
0.4257273825  
0.5501540726  
0.511447019  
0.5898726246  
0.4394717592  
0.5882836224  
0.2052958422  
-0.01278655196  
-0.1273384765  
-0.155438959  
-0.2399502684  
-0.2741070207  
-0.3427445447  
-0.1578016122  
0.05799782971  
0.2616982173  
0.3922056584  
0.3984940245  
0.5330695706  
0.5221934998  
0.3948474887  
0.2998761722  
0.1374929714  
-0.04117743808  
-0.07070402788  
-0.09812957473  
0.1035883578  
0.01608859706  
-0.07231877909  
0.1115592734  
0.4309254776  
0.4305304463  
0.5788973703  
0.6933176144  
0.7034657486  
1.034357311  
0.8245293933  
0.4975692715  
0.4472633824  
0.7160419567  
0.304100002  
0.01896649825  
-0.1690798676  
0.00164994217  
0.1586095119  
0.04721916557  
-0.2744509176  
-0.2189418504  
-0.2427444967  
-0.1360919664  
-0.1835958536  
0.09104664728  
0.4320248799  
0.493815659  
0.3871705641  
0.5756171078  
0.4397436161  
0.6081605229  
0.6794508849  
0.7155207067  
1.094378184  
1.162651021  
1.235816553  
1.307294969  
1.275300446  
1.133355514  
1.679540984  
1.425855967  
1.180169422  
1.813804782  
1.577447629  
1.006430664  
0.4943199312  
0.03895096559  
0.1684415964  
0.3745218466  
0.2968803104  
0.1861269675  
-0.2707372128  
0.005352806206  
-0.1321569435  
-0.1612032607  
-0.1356522902  
-0.1139603518  
-0.1283217765  
-0.254447196  
-0.5518573235  
-0.3248948157  
-0.3675994242  
-0.145259525  
-0.2375991092  
-0.2900843721  
-0.3700721918  
-0.5651727651  
-0.3367341711  
0.3722487775  
0.1199245234  
-0.1544085426  
-0.2582960786  
-0.5636260834  
-1.020256682  
-1.051820683  
-1.216652673  
-1.173115129  
-1.34449182  
-1.161651534  
-1.242836755  
-1.249315924  
-1.124263133  
-1.871948149  
-2.162298371  
-2.329975929  
-2.202560313  
-2.297090834  
-1.978798215  
-1.756493147  
-1.643946116  
-1.723102516  
-1.450015071  
-1.701889878  
-1.302056876  
-0.9678636306  
-0.6125966653  
-0.9862664605  
-1.181532651  
