1.001667057  
0.9751617396  
0.4730843504  
0.8980802198  
1.024864467  
0.9757537374  
0.8539142831  
0.3290267407  
0.8486846994  
0.02753331886  
0.6299291783  
0.07850004747  
0.4612259973  
0.5327794757  
1.812595453  
1.301036838  
1.215185996  
0.9622015853  
0.8745024524  
0.6884047087  
0.9314677661  
0.7849659724  
0.5568479561  
0.3203926756  
0.1522953807  
0.2522051083  
0.3818180357  
0.5728644548  
-0.0003493510709  
0.6500927934  
1.206371494  
1.033587859  
0.7914564955  
0.8660063685  
0.5725811534  
0.8401164929  
0.3985933757  
0.04733091906  
0.7616978081  
0.4453858263  
0.3756729321  
0.1389677934  
0.04396774862  
0.897447656  
0.8796072153  
0.5894673068  
0.3880782359  
0.07283750719  
0.5261040927  
0.2853454585  
0.4224131149  
0.1298671572  
0.3022230634  
0.09232395671  
0.3614023415  
0.7997488839  
0.9435632672  
0.3854282978  
0.2104887963  
0.9055932869  
0.4974007764  
0.1240318198  
0.5171738847  
0.7258251188  
0.2789766924  
0.8148938284  
0.7930540811  
0.590094008  
0.4627541635  
0.819319355  
0.3143987045  
0.4826678924  
0.9129179721  
0.9923169749  
0.7870674782  
0.4538843388  
0.02961761597  
-0.666974719  
-0.317483596  
0.1977832308  
0.04353133488  
-0.102758853  
-0.2318132355  
-0.02800723854  
0.02598046214  
0.03215508731  
-0.2427967521  
-0.3234367082  
0.01215909359  
0.4554713923  
0.4739849993  
0.1501815927  
0.04846839057  
0.2595537616  
0.3701353948  
0.4388120633  
0.1326133689  
0.9758969851  
0.5516176186  
0.4290128281  
0.106581905  
0.3441832347  
0.4358045463  
0.548794933  
-0.3547423416  
0.2137808704  
0.3195283762  
0.007186358336  
0.2839305103  
0.6302416806  
0.8482812869  
0.5897656024  
1.114680311  
0.6465588279  
1.215356798  
1.038329759  
1.656823122  
0.03276275482  
-0.6349004156  
0.2616006532  
-0.1730524896  
0.006022893518  
-0.6263130932  
0.105159687  
0.03734883495  
-0.09796816602  
-0.3041140396  
-0.4451354588  
-0.4769756319  
-0.5964310108  
-0.1235334155  
-0.211991482  
-0.07607926476  
-0.1848394722  
-0.3421739079  
0.0137275418  
-0.4170763621  
-0.5022542907  
-0.1431163797  
-0.08820315182  
-0.4052920579  
-0.06849447161  
0.3752034044  
0.5169084109  
-0.03388785289  
0.2337735908  
0.3234221299  
0.5045271561  
0.6752628403  
0.2496317916  
-0.1850142769  
0.1636043561  
0.002403807486  
0.06330982079  
0.3079461504  
-0.1961185798  
-0.3553286132  
0.3826545177  
0.409510532  
0.5478978311  
0.5530019192  
0.262639318  
0.01632641325  
0.05519301851  
0.6249570626  
1.00921693  
0.7569388804  
0.4463853468  
1.072877658  
0.5611714097  
0.7391958172  
0.5357203132  
0.5741079507  
0.624241528  
0.0001366335514  
1.078060589  
1.063118417  
1.412750007  
1.115795122  
0.5352384236  
0.4482682375  
0.2154089382  
-0.4391360634  
-0.07500317442  
-0.01990928232  
-0.7282586551  
-0.0826550849  
-0.04015340799  
-0.01773012122  
-0.01089532351  
0.2471477291  
-0.1887397597  
0.102612519  
-0.2219496801  
-0.3184988571  
0.03531294955  
-0.02644639104  
0.4813584517  
0.2863810494  
0.01983218297  
-0.08428286091  
-0.05977951663  
-0.10140475  
0.04053570264  
0.01286634258  
0.2337335146  
0.6530023537  
0.02814164087  
0.1648537762  
0.3330332282  
0.9755792658  
0.5829586715  
-0.109206959  
0.2469079803  
0.1163401125  
-0.2030830063  
-0.1769146444  
0.009781516286  
0.4759714112  
0.534158932  
0.1826953021  
0.2453794471  
-0.5737151982  
0.02015741372  
-0.2505063396  
0.6782531886  
0.4352877099  
0.9143674726  
1.279948325  
1.105257499  
1.749910766  
1.309435603  
0.6866991358  
0.5961149167  
0.4009031069  
0.1760882837  
0.1439264632  
0.5432211656  
1.015093004  
0.2647966261  
-0.00429495926  
0.04890842229  
-0.06013300828  
-0.02196913779  
0.5384831958  
0.4670063207  
0.506614918  
0.4035021027  
-0.1926679677  
0.4220223702  
0.716191249  
0.6230548494  
0.6628239688  
0.1161617475  
0.3668702115  
0.005422462714  
0.2808063218  
-0.03757981521  
0.295276465  
0.4370579431  
-0.01937122372  
0.1586111857  
0.5395783748  
0.3614614012  
0.09706885426  
0.1194400969  
0.6323856947  
0.2907458199  
-0.3461343673  
-0.5720643204  
-0.3207957521  
-0.4282046777  
-0.394063901  
-0.2981305855  
0.01110395514  
-0.1764999285  
0.3887484125  
-0.2420662133  
-0.1141746664  
-0.4742022487  
-0.3726430175  
0.182136182  
-0.5360080567  
-0.2420118966  
-0.1432791546  
-0.1945164103  
-0.5521775915  
0.02047179865  
0.4730430192  
-0.1243266238  
-0.1094518432  
-0.1089443292  
-0.07998614753  
-0.7130369873  
-0.550348584  
0.3670887212  
-0.5343969333  
-0.2038658719  
-0.3317073123  
0.1379764575  
0.2129209318  
0.2614851228  
0.8695340668  
1.327842161  
0.3460958089  
0.3338278459  
0.3770767246  
0.8156828945  
0.5654825961  
0.0968100774  
0.3336233112  
0.5833391507  
-0.09593274529  
0.2301365477  
0.01670337578  
0.6865837163  
0.7616400053  
1.203155467  
0.9660227646  
0.4660057459  
0.612239394  
0.08411879926  
0.03828294614  
-0.3659409589  
0.04161962987  
-0.5777316905  
0.1975791592  
0.3281934488  
0.4883554878  
-0.05961020906  
0.3398542291  
0.8755642284  
0.39708968  
0.04154360762  
0.06899077994  
0.8146897508  
-0.1493119588  
-0.7646893973  
-0.07368780382  
-0.391336708  
-0.03712584835  
-0.1398324772  
0.03139887427  
-0.4231802903  
-0.2155359752  
-1.102891081  
-0.7464608947  
-0.9109415148  
-1.277923618  
-0.8723473379  
-0.6829101895  
-0.329736247  
-0.1565761019  
-0.2231701371  
0.2793785867  
-0.6433140177  
-0.5763527505  
-0.2841350967  
-0.9978502378  
-0.6026157967  
-0.2786151698  
-0.06193233586  
0.500243175  
1.974007416  
0.476453545  
0.3329680539  
0.8860576469  
0.3673613427  
0.0761441037  
-0.582862935  
-0.8711337023  
-0.48984395  
-0.3778272683  
-1.067526496  
-0.7748096295  
-0.7138387642  
-0.6551877374  
-0.1965067997  
-0.4264940807  
0.316182736  
-0.1914872585  
0.6651682328  
1.029058449  
0.4206373473  
0.05774554156  
-0.2611540799  
-0.8890545239  
-0.676365397  
-1.153122417  
-0.1535085686  
-0.4090552098  
-0.2000495046  
-0.3822244885  
-0.02390964307  
0.2933589866  
0.1296674546  
0.2543748264  
-0.1874234783  
-0.5207035957  
-0.6052409127  
-0.2937160469  
0.2568697005  
-0.2370929768  
-0.2308221875  
-0.4939954295  
-0.4494585399  
-1.049287089  
-0.8064209716  
-0.8109527349  
-1.056451125  
-0.8969711492  
-1.282805984  
-0.758329956  
-0.5672740694  
-0.005872688128  
0.255935596  
-0.06107789311  
0.2371005239  
-0.2062039825  
0.03512151646  
-0.515491283  
-0.7462892991  
-0.4031253199  
-1.33813448  
-1.014534196  
-0.5902927549  
-0.7330266522  
-0.1057590019  
-0.4800673882  
-0.9792796799  
-0.6682863775  
-0.4338015806  
-0.6190570172  
-0.3122672685  
-0.1337926032  
-0.8157372918  
-0.6391633343  
-0.8618251274  
-0.5521873623  
-1.048783457  
-0.8156902321  
-0.8849343433  
-0.6957695705  
-0.9087899465  
-0.7050275797  
-0.2054654469  
-0.2174827661  
-0.3204663762  
-0.8784294171  
-0.8393076591  
-0.7604653298  
-0.7211730729  
-0.2775236015  
-0.1376454941  
-0.007888830124  
0.03885119536  
0.0292417813  
-0.7245545293  
-0.3155796492  
-0.5118728714  
-0.6418612653  
-0.8907082756  
-0.5384389411  
-0.4910297849  
-1.052572507  
-0.7757661987  
-0.355524288  
-0.4605209114  
0.2431664925  
0.5240729404  
-0.2275006785  
-0.2772744603  
-0.258288669  
0.6350696835  
-0.1136848441  
-0.4351494841  
0.5624397364  
-0.649481008  
-0.3649223282  
-0.1906058722  
-0.8227054181  
-0.7429327709  
0.08749017068  
0.001910915767  
0.375985579  
-0.01018549505  
0.02984527609  
-0.4326797606  
-0.6391322464  
-0.567479098  
-0.3839242163  
0.4206418555  
0.3087234515  
-0.01800920158  
-0.5051292301  
-0.8513951664  
-0.9179348614  
-0.7337190297  
-0.8672899136  
-0.4943938485  
-0.7376016513  
-0.5959981757  
-0.8369300876  
-0.5123386044  
-0.5062484252  
-0.4112896415  
-0.6076375255  
-0.5317114159  
-0.7393622507  
-0.9568951998  
-0.4368390361  
-0.5787628105  
-0.8904187448  
-0.5011104215  
-0.6174254891  
-0.5418861084  
-0.6845012416  
-0.2034010757  
-0.04406806392  
0.7131992933  
0.04419450768  
0.3806796675  
-0.4989984184  
-0.5589866069  
-0.3721484058  
-0.7249815059  
-0.7160411082  
-0.8609388544  
-0.6765604174  
-0.3862306645  
-0.3414039337  
-0.5467426861  
-0.435080903  
-0.1596581592  
-0.2363736328  
0.6521295917  
0.1819471532  
-0.1791305211  
0.06720646223  
-0.13433545  
-0.1835926272  
-0.7119307921  
-0.8541497223  
-0.7226767401  
-0.4990997039  
-0.6041058174  
-1.060204873  
-1.259343262  
-1.110315781  
-0.5745895051  
-0.5983544834  
-0.943772817  
-0.1439256266  
-0.2444628401  
-0.2049986901  
-0.4046936806  
-0.2639539  
0.03082160994  
-0.3555842432  
-0.09844534533  
-0.5699206715  
-0.3897705851  
-0.5617063303  
-0.3871149667  
-0.5318231754  
-0.6041647434  
-0.03711620671  
-0.209139498  
0.09560759997  
-0.540162108  
-0.1144856618  
-0.2440254313  
-0.1425408544  
-0.2937982923  
-0.4569020445  
0.212927792  
-0.07272700722  
-0.3710969782  
0.1176587607  
-0.3312201603  
-0.1043846443  
-0.02944101575  
-0.05787543557  
-0.386778138  
-0.5414794119  
-0.5577569047  
-0.6850868858  
-0.3439033254  
0.1118814525  
0.3671932545  
0.2274074212  
-0.523897086  
-0.8329184797  
-0.6464400672  
-0.4368944885  
-0.9055626108  
-0.6017461191  
-0.551304053  
-0.7017234628  
-0.2673203107  
0.7109993866  
0.4481633056  
-0.5031845412  
-0.4669770988  
-1.186182856  
-1.354627618  
-1.056222155  
-0.7468645881  
-0.4967640273  
-0.5870588926  
-0.8581409019  
-0.4275013313  
-0.8322003254  
-1.59216828  
-0.7342168605  
-1.663224349  
-1.105283699  
-1.334166499  
-1.256932092  
-0.8312044704  
-1.072294349  
-1.035621405  
-0.8014065606  
-0.4745436039  
-0.5851485015  
-1.074954308  
-0.6924560643  
-0.9555997097  
-0.7764173569  
-0.9017354992  
-0.9079887503  
-0.9871467974  
-1.093692414  
-1.372605786  
-1.313251968  
-1.21096856  
-1.282084567  
-1.029206851  
-0.8520297118  
-0.6987906722  
-0.6772408724  
-0.3666334959  
-0.1817844924  
-0.04430658708  
0.2950491344  
0.5623583872  
-0.2569734317  
-0.96832546  
-0.1272169843  
-0.1925505279  
-0.3393454533  
-0.1767642757  
-0.0001651932141  
-0.6919548578  
-0.4211019001  
-0.3514189447  
-0.370325447  
-0.2624307474  
0.1988773522  
0.1963930244  
0.2354987587  
-0.1034783276  
-0.0719826967  
-0.3482150424  
-0.4883717018  
-0.442920056  
-0.4721960335  
-0.2729435643  
-0.7965739153  
-0.02814833945  
0.1377564223  
0.3205432357  
0.1628315974  
0.03277791495  
-0.1291685566  
-0.5820863643  
-0.8081202506  
-0.7074919835  
-1.020888709  
-1.142933669  
-0.9691467121  
-0.7146757481  
-0.7610572908  
-0.3211902132  
0.2438315737  
0.07771675555  
0.3132584301  
0.7411202201  
-0.1485839852  
-0.006367346534  
-0.81625743  
-0.423400682  
-0.4216745407  
-0.1783406444  
-0.106599116  
0.7609229219  
0.3552844752  
0.0163104837  
0.510522086  
0.2972422866  
-0.03075023535  
-0.03621999372  
-0.3075484815  
-0.7585756741  
-0.7277702527  
-0.2695260798  
-0.3216371047  
-0.1935621717  
0.1505648856  
0.6573715082  
-0.1846196679  
0.538869176  
0.15624268  
0.251712939  
0.6834228914  
0.07921811898  
0.1035957187  
-0.310382383  
0.5034123124  
-0.1358231842  
0.2277223397  
-0.05087857914  
-0.3909163109  
-0.1215646964  
0.009619125939  
-0.4276848562  
0.01684109038  
0.774596349  
0.5708890938  
0.6613154151  
0.01601266648  
-0.05277940505  
-0.2686157364  
-0.5911165523  
-0.3377560154  
-0.5296773093  
-0.5201573589  
-0.1740553774  
-0.1562266517  
0.09263549084  
0.1222525044  
-0.06734137176  
-0.09774168553  
-0.8476834048  
-0.3710163247  
-0.09785264368  
-0.2852266723  
-0.03036478612  
0.6169911956  
0.3006889476  
0.1665254241  
-0.1058821967  
-0.4611461467  
-0.2009337508  
0.02825060778  
0.03751513935  
-0.06488066293  
0.01803740739  
-0.5343331704  
0.1067718648  
0.3223123423  
0.2767079703  
0.3045174514  
0.5447742649  
0.3987854717  
0.3325988398  
-0.001943926683  
0.2701330391  
0.0400149535  
-0.1212191589  
0.9991549891  
0.3983620599  
0.6142185583  
0.5722305352  
0.276376647  
0.4140923466  
-0.2007421175  
-0.07612692429  
0.2601086707  
0.344234966  
0.09993452193  
0.3072756456  
0.3986261928  
0.1250917512  
0.1145378811  
-0.2794512546  
-0.3447471722  
-0.6806860986  
-0.6241874821  
-0.09160624952  
-0.694904711  
-0.3148338469  
-0.3786841218  
-0.2777877869  
0.03508828294  
-0.08384502831  
0.2010553476  
0.3282451172  
0.6153268678  
-0.1982731876  
0.2614744745  
0.07517506609  
-0.06358504659  
0.011198027  
-0.3526560071  
-0.5319972349  
-0.3592633337  
-0.6123629403  
-0.04534460626  
-0.1846790739  
0.04990851451  
0.2784943298  
0.7740662502  
0.5419774523  
-0.206369373  
-0.03783209934  
-0.3024519406  
-0.5931359114  
-0.06256348899  
-0.2645940857  
-0.2598395904  
-0.1431599145  
-0.2599436011  
0.1037898161  
0.4053017498  
0.2396787761  
0.2819740173  
0.3267981258  
0.2827988321  
0.1853279636  
0.3542217882  
0.1872741775  
0.2509536261  
0.4674029582  
-0.3148551676  
0.6666194303  
0.8204793568  
-0.04463611316  
0.1044694048  
0.08076316742  
0.04174325994  
0.01238988426  
0.2075493972  
0.03896635397  
0.5838733466  
0.1646578438  
0.2104502767  
0.1509196328  
0.5395891784  
0.9037446803  
1.152866413  
0.8689626072  
1.684067827  
1.378269165  
2.049372262  
0.6891848641  
1.207387039  
0.2927800358  
0.2076816179  
0.7508235033  
0.3335407822  
0.548105131  
0.7355197873  
0.3234018007  
0.7020041222  
0.590021732  
0.09979856945  
0.06067625043  
-0.2035324148  
0.213845934  
0.4560066654  
0.3063978675  
0.03135217601  
0.2748850812  
0.5083678963  
-0.1498834087  
0.5202739312  
-0.007349085755  
0.3615302756  
0.2351140161  
0.5052459963  
0.4529977891  
0.677298165  
1.000481055  
0.4773310575  
0.7130871107  
0.7914502353  
0.6221690557  
0.8208636935  
0.6148107483  
0.4106340045  
-0.01899594197  
0.2548013925  
0.1960452547  
0.39582886  
-0.4542173404  
0.2167282935  
0.238687329  
0.2113879813  
0.3921962268  
0.4578990921  
0.09125640962  
0.6191272912  
0.6267830685  
0.2185872307  
-0.2953144069  
0.236801087  
0.1958120728  
0.7420590712  
0.6774148059  
1.038380196  
1.35299493  
1.19237197  
1.460929522  
1.082563482  
1.330511185  
1.50573172  
1.386518415  
1.316603816  
0.006836108563  
-0.2549113873  
-0.4346151963  
-0.3972992846  
-0.2409549555  
-0.0278653147  
0.1462877695  
-0.4232433786  
0.137661193  
-0.4429913551  
-0.4669324368  
-0.329650156  
-0.2209973153  
0.04351452459  
-0.02860878413  
-0.1823164761  
0.0517194784  
0.5018162272  
0.3771057292  
0.3381069804  
-0.1869414543  
-0.4183135922  
0.1044683058  
-0.04326626165  
0.2202081377  
0.0256617561  
0.1954874437  
1.175380531  
0.9230854539  
0.6354670674  
-0.2136719567  
0.1585251628  
-0.04131245458  
-0.6667794226  
-0.2949517477  
-0.9777362846  
-0.3586748814  
0.06964791623  
0.0719529082  
0.1286861769  
0.4360532648  
0.479912995  
0.4093981094  
-0.02860554574  
0.1906161227  
0.03052405165  
0.1287815931  
-0.6526714066  
0.1830157312  
-0.02985144885  
-0.07975933565  
-0.2906531437  
-0.3099597009  
-0.6229229563  
-0.333357872  
-0.4314697373  
-0.3948880255  
-0.6419635824  
-0.5310476548  
-0.8430604709  
-0.5705256307  
-0.1038117029  
0.2498546206  
0.772880685  
1.362759024  
1.04975733  
0.9890906235  
0.8248197515  
0.8336885593  
0.2882845022  
-0.1698869014  
0.0273264458  
0.9501909367  
0.9000277791  
0.8952660143  
0.2497249955  
0.7750581426  
0.7286112909  
0.2455611543  
0.4876132586  
0.7956615506  
0.2213231497  
0.432186571  
0.1249149811  
-0.1984282292  
0.01123714403  
0.3268227201  
-0.08183069578  
0.1312711888  
-0.1354065386  
-0.01369644744  
0.2091072538  
0.1854194315  
-0.1560147516  
0.07233081341  
-0.12073018  
-0.0194534619  
0.4532279085  
0.7641309597  
0.6340115239  
0.2256049389  
0.6956506211  
-0.2171128788  
-0.2568882971  
0.2584680524  
0.6028512039  
-0.4879966943  
0.2605500037  
0.2781249236  
0.5235702091  
0.1331406539  
0.9011016756  
0.2860603207  
-0.2014526824  
-0.3171901198  
-0.2851346251  
-0.8007850132  
-0.5208223016  
-0.3903267177  
-0.1930931595  
0.7864278911  
-0.1041243705  
0.7025346414  
0.3520556639  
-0.05958919211  
0.3392531905  
0.2659613182  
0.1644330553  
-0.3134519691  
-0.1995471154  
0.03143879196  
-0.3653341321  
-0.2768864866  
-0.05454603625  
-0.2492354375  
-0.03345051584  
-0.07426449108  
0.1368022146  
0.02640158994  
0.4120759582  
0.5417155077  
0.08375780072  
0.003415858044  
-0.2118141258  
-0.2607998877  
0.162798335  
-0.4658130334  
0.4749303598  
0.2556390221  
0.05156021287  
0.08868398555  
-0.134269239  
-0.268784344  
0.3630480077  
0.5646261576  
0.9349191095  
0.06107208092  
0.1576221357  
0.3532021687  
-0.09530435261  
0.2604097821  
0.3857985928  
0.05882573485  
-0.0008270720556  
-0.1764462552  
-0.03167063325  
-0.5469463617  
-0.2703371913  
-0.2709377298  
0.322006471  
0.410607126  
-0.1040919249  
0.2012677421  
0.761858419  
0.2753961137  
0.7910098543  
0.4756126822  
0.5023352066  
0.1302684343  
0.1614440323  
-0.03714438916  
-0.1605884591  
-0.8970744456  
-0.4329486007  
-0.5815676944  
-0.2971313065  
-0.05464645168  
0.3988523493  
0.3281369689  
1.367188049  
0.7685298703  
1.237392792  
0.2867725259  
0.3643520918  
0.7487980261  
0.2121259339  
-0.4044000278  
-0.2933082861  
-0.05593295674  
-0.1553233542  
-0.3196339719  
-0.3395709374  
-0.4180225105  
0.07548153517  
0.0517766767  
-0.0009951657725  
0.7843067057  
0.4200548218  
0.3641276099  
0.07305475902  
0.6607460684  
0.591985063  
0.2789324737  
0.7316051966  
0.7458874412  
0.3895531458  
0.8324353801  
0.9957023861  
1.088136609  
0.6617504325  
0.9304218953  
0.6737944716  
0.8483770074  
1.173044398  
0.5967646139  
0.5896155263  
0.1480561158  
-0.3177393033  
-0.1951796684  
-0.05085149701  
-0.3633346333  
0.1298705244  
0.2056985039  
0.02742679595  
-0.2559933471  
-0.4787943813  
-0.6649783593  
-0.4289724857  
-0.9043604911  
-0.3244916562  
-0.4350718678  
-0.2606777938  
-0.8035512401  
-0.3397289992  
-0.5938591491  
-0.4584964077  
-0.1452715353  
-0.007650039025  
-0.3149848219  
-0.249743393  
0.2370421719  
0.6065918122  
0.2677644253  
0.09807554722  
0.0933216568  
-0.272401493  
-0.3342363601  
-0.77219506  
-1.147017588  
-0.8215401929  
-1.352991849  
-0.9824929522  
-1.269339407  
-1.140687259  
-0.7217895983  
-1.747449261  
-1.168581966  
-1.322776006  
-1.474454398  
-1.652260743  
-1.281043537  
-1.428209939  
-0.8817808516  
-1.495210153  
-1.304041717  
-1.24948152  
-0.3374213677  
-0.06929912995  
-0.4845967459  
-0.2919306191  
-0.5164669972  
