0.2253257108  
0.3274228663  
0.6581614575  
0.4534347907  
0.7861026149  
0.3879850047  
-0.2418465571  
-0.4701006553  
-0.2313192883  
-0.1223999303  
-0.05019384305  
-0.2069968975  
-0.5415083184  
0.2590063102  
-0.05674508213  
0.2421263543  
-1.081829559  
-0.5189556565  
-0.7699420059  
-0.2815112059  
-0.6232295078  
-0.1835847467  
-0.3245539509  
-0.5903070043  
-0.2901627871  
-0.3306585793  
0.05095664162  
0.03262653294  
0.2728919734  
0.671015473  
0.6812265393  
0.9318453781  
0.6236648087  
1.037962856  
0.8267540706  
1.357163655  
0.9149384872  
1.077289745  
0.8883769364  
0.1013042486  
-0.086243622  
-0.1322431508  
0.536214091  
-0.03033085207  
0.4900958034  
-0.08456536427  
-0.3923796175  
-0.3694841816  
0.2388811983  
-0.2857715102  
0.08292552726  
0.1801555888  
-0.2731240474  
-0.1753786253  
-0.7899830563  
-0.34907064  
-0.1470009722  
0.3745738892  
0.4791116204  
0.8535840652  
0.9281628257  
0.4349583379  
0.01018947901  
-0.8461270091  
-0.2986739189  
-0.4426881993  
-1.3074997  
-1.588000594  
-1.891036624  
-1.774085821  
-0.6451700406  
-0.7399717437  
-0.3948151111  
-0.5903642585  
-0.8912602619  
-0.9276889013  
-1.849577652  
-2.006872582  
-2.063677987  
-2.146232293  
-1.81377988  
-1.475418308  
-1.393779524  
-1.684160393  
-1.356253354  
-0.9897282055  
-1.157477892  
-1.178263136  
-0.7558389481  
-0.8607187527  
-0.8061690719  
-1.14398662  
-0.9919072754  
-0.9330997542  
-0.8540008528  
-0.8885610996  
-0.8042759599  
-1.29263305  
-0.9808247967  
-0.7642361676  
-0.9560750495  
-1.344265169  
-0.7232804614  
-0.8169206342  
-1.178002783  
-1.385338942  
-1.370067171  
-1.066568244  
-0.8889470027  
-1.106358858  
-0.6159818561  
-0.5892953413  
-0.154699691  
0.6578801723  
0.6387671699  
0.7054444871  
-0.1042413479  
-0.02823293333  
-0.005639460001  
-0.2534658397  
-0.200001692  
-0.3211123148  
-0.7735452599  
-0.8776214107  
-0.5069109391  
-0.6245808462  
-0.9561864318  
-0.6300282029  
-0.8505238581  
-0.9557305759  
-0.8897691891  
-0.5670612669  
-0.658293907  
-0.5763896225  
-0.1161112215  
-0.2290704013  
-0.5517348388  
-0.1401549337  
-0.8240684173  
-0.5166725506  
-0.6349546519  
-1.071074342  
-0.6707795218  
-0.4845419495  
-0.3301171114  
-0.775959302  
-0.7047762726  
-0.3786515105  
-0.1577934761  
-0.3017430013  
-0.3073068668  
-0.1680721151  
-0.1257184231  
0.3689836625  
-0.2139699562  
0.1151162997  
0.2298809724  
0.07823579385  
-0.2575866472  
-0.1603179907  
-0.5500183614  
-0.8052879688  
-0.4907665724  
-0.2381100391  
-0.2929889035  
-0.6680126141  
-0.5919340573  
-0.7092347994  
-0.2350973591  
-0.4872138362  
-0.3689102726  
0.1176031222  
-0.1088266738  
-0.0935317759  
-0.3470449647  
-0.5730493748  
-0.9135641815  
-0.5131446347  
-0.879122564  
-0.5988843472  
-1.113005175  
-0.5785556788  
-0.3616169818  
-0.5341361574  
-0.1553170353  
-0.1349750377  
-0.354167247  
-0.3702295874  
0.02932805167  
-0.4095405032  
0.1301622123  
-0.3454020957  
0.2581050816  
0.3829620208  
0.3798041735  
0.1569665529  
0.1896357404  
0.1977764797  
-0.2130563915  
-0.1810808555  
-0.9271572896  
-0.1576022862  
-0.06731828803  
0.2063031779  
0.2424030537  
0.2940900331  
0.4296828195  
0.451350143  
0.5288661884  
0.4983911696  
0.08849204221  
-0.3376744471  
-0.1279985532  
-0.1115650409  
0.03043983791  
0.1198759751  
0.5416899661  
-0.2108155353  
0.3993437399  
0.2459442575  
-0.1598427214  
-0.6861057936  
-0.4062367793  
-0.4081177933  
0.1487077278  
0.2802009199  
0.01464410639  
0.2389779912  
0.1925693416  
-0.05799729441  
0.478775792  
0.6414871441  
0.9321903327  
0.2157235927  
0.0406122421  
-0.5267357801  
-0.2790106043  
-0.3897186925  
0.1493311984  
0.4827217373  
0.4515610895  
-0.01517313325  
-0.2158128537  
-0.1507067074  
-0.8016096628  
-0.5368028283  
0.1716286332  
0.7154805725  
0.621887331  
1.170679359  
1.051121914  
0.4698411119  
0.06782248306  
-0.4572717956  
-0.7669183202  
-0.1119663431  
-0.1243845192  
0.3712129673  
0.2405622117  
0.3153342514  
0.1079196598  
0.3782714645  
0.5570053248  
-0.0256173927  
-0.4542771826  
-0.8701916948  
-0.1103824827  
0.7550716428  
0.3469405466  
0.1841645576  
0.2083599466  
0.5593658676  
0.2910132727  
0.4236389278  
0.05601886832  
-0.04778117784  
-0.7405204972  
-1.122364567  
-1.025661882  
-0.7343053972  
-0.6389593514  
0.07668371112  
0.2337311509  
0.2133124291  
-0.07039875504  
-0.4389907343  
-0.726000507  
-0.7357556838  
-1.063921612  
-0.3269348113  
-0.4751685402  
-0.4533601122  
-0.2022404114  
-0.1286115145  
0.1107684507  
-0.4644717093  
-0.4594674025  
-0.6070174902  
-0.514322812  
-0.106271828  
-0.2990595733  
0.3513084644  
1.222076274  
1.170052107  
1.362298858  
1.440174107  
1.084008732  
1.131965027  
0.5298419353  
0.3754345462  
-0.3643867026  
-0.4426596232  
-0.2579944609  
-0.2886534381  
0.212579342  
-0.2870853384  
0.6446196381  
1.399583349  
1.114707321  
1.023237935  
1.021389093  
0.5870625803  
0.3737549744  
0.4154263937  
0.4804152717  
0.2938383194  
-0.003260068902  
0.3177307854  
-0.1506241932  
-0.2394833594  
0.004992325012  
0.3268375085  
0.4120636927  
-0.03057173948  
0.1334257665  
-0.08112438374  
0.1839269379  
-0.3202724782  
-0.2103114171  
-0.40005553  
-0.2454264348  
-0.1165470738  
-0.09806304956  
0.1548132979  
-0.4050802196  
-0.8703003775  
-0.8217222657  
-0.8958758782  
-0.7571225997  
-0.9747517645  
-0.503230105  
0.007378559397  
-0.7976219527  
-0.7034582958  
-0.7069043858  
-1.559551268  
-1.504223527  
-1.113016371  
-0.8931812871  
-0.9423649304  
-0.3332634658  
-0.1912283283  
-0.3387236679  
0.9505471487  
1.273100965  
0.4731051795  
0.5148107727  
0.1525433851  
-0.01982050944  
-0.06389851646  
-0.1465998457  
-0.2655818682  
0.5247552844  
0.6393191093  
0.6692630663  
0.5099520283  
0.13264861  
-0.007542889106  
0.006196046971  
0.05155017153  
0.09317732146  
0.3059773375  
0.2800977606  
0.0543630116  
0.7110085894  
1.128690051  
1.026883944  
1.45261205  
0.8509344429  
1.082200162  
0.8821366173  
0.6176327036  
0.4846246854  
0.5448587313  
0.5240914625  
0.6461213428  
0.5508368903  
0.2236376853  
0.9231855281  
0.8972995935  
1.04889371  
1.440990765  
1.120273903  
0.7859830655  
0.8111894369  
0.6307601577  
0.259112587  
0.5642381477  
0.2239086622  
0.5094577127  
1.030171063  
0.7554843901  
0.8194114778  
0.2962702269  
0.1961081756  
-0.173342678  
-0.6828546676  
-0.8095927677  
-0.3199855755  
0.2189787041  
0.6709810138  
0.1702830952  
0.6970887829  
-0.01648270038  
-0.08023324932  
-0.09416880686  
-0.02962844124  
-0.3872473883  
-0.6346230778  
-0.5142306332  
-0.4959153106  
-0.66124433  
-0.6525131838  
-0.4358560848  
-0.556272348  
-0.3069405844  
-0.5686947576  
-0.4862559802  
-0.6367800215  
-0.449009864  
-0.4612324636  
-0.7578233497  
-0.39542233  
-0.6391641267  
-0.1119072612  
-0.2446902177  
-0.0638782288  
-0.2711850754  
-0.08693880049  
-0.1790712574  
-0.02291654794  
0.1346207649  
0.642421471  
0.8227726781  
0.5429117335  
0.1332757469  
-0.494139152  
-0.7835594735  
-0.8371489851  
-1.478897395  
-0.985130751  
-1.075468958  
-0.721822936  
-0.5833207941  
-0.8842572129  
-1.131769472  
-0.8329902421  
0.05751330242  
0.2680865023  
0.8487431884  
0.9911700136  
0.9114367389  
0.934100529  
1.125724835  
1.404872697  
1.43245003  
1.78452334  
1.287771062  
0.9498414797  
1.099950006  
0.5079590967  
0.3100588991  
0.9869656606  
1.395782633  
1.288396268  
1.668235525  
2.023259193  
1.805115721  
1.42783129  
1.358970995  
1.699032151  
2.159098338  
2.076486768  
1.675374255  
0.572048377  
0.01549946159  
-0.5007633544  
-0.9659768527  
-0.4499097853  
0.158621023  
0.1696018994  
-0.08261134463  
0.3286156966  
0.5591968797  
0.3287158405  
0.1749839939  
0.02595895702  
-0.2413472503  
-0.1499244111  
0.3200555921  
0.3456435372  
0.6062495035  
0.461211673  
0.593042752  
0.8610177326  
0.4674968371  
0.3783314524  
0.4815441383  
0.7837897999  
1.041410901  
1.532088813  
0.6983095394  
0.6748595745  
0.1931186595  
0.68948181  
0.8100333046  
-0.01527621103  
0.2957574622  
0.6507936886  
1.099148818  
0.8918720399  
0.9760098406  
1.044720925  
0.9565176947  
1.313587833  
1.29245771  
1.35564058  
1.236438179  
0.2309726933  
0.3971740264  
0.1162524305  
0.07731959816  
-0.3729193752  
0.2167468045  
0.3367509648  
0.08530182038  
0.172958517  
-0.1500304412  
-0.0835540368  
0.2014131164  
-0.1820289072  
0.1800103093  
0.4061294031  
0.2031601614  
0.5901738271  
1.080022275  
0.4702951165  
0.5094132765  
0.7400394106  
0.428055694  
0.1333938819  
-0.0504065791  
-0.1265145217  
-0.6599669774  
0.04768999384  
-0.5859666837  
-0.3643450458  
-0.008054235434  
-0.1119425299  
0.3152413286  
0.3136084191  
0.6073639271  
0.371415361  
0.4198710642  
0.3571171369  
-0.1128114497  
-0.2469657516  
-0.2591598365  
0.1128892824  
-0.2590844923  
-0.08106658747  
0.3244609729  
0.3228801712  
0.1898015409  
0.337107487  
0.1048701201  
-0.1388763587  
-0.2087632183  
0.3799956531  
0.4293036722  
0.6011482207  
0.3698478785  
0.3401717833  
0.525710639  
0.9259667294  
0.492398353  
0.2541274934  
0.5086624528  
0.5440691834  
0.3355820695  
3.457903555  
3.736278583  
1.907590718  
2.247401558  
0.9966339936  
-0.03536936084  
0.0604252452  
0.3774087792  
-0.3247618531  
0.1847567207  
0.1238064748  
0.04951513775  
-0.0012817109  
-0.1857759959  
0.01538149655  
-0.1879833893  
-0.3923099167  
-0.2916498956  
0.0504777181  
0.1335664176  
0.196799993  
0.5484127365  
1.120766814  
0.828710083  
1.392625157  
1.058151264  
0.8814597882  
0.6366719227  
0.6063731028  
0.4475411136  
0.4813855188  
0.166023707  
0.3999522077  
0.342463054  
0.2918404012  
-0.44384306  
-0.1732603945  
-0.0667947771  
-1.003896308  
-0.5457643569  
-0.3439492616  
-0.325953905  
-0.3674012607  
-0.1178717808  
0.8187503888  
2.013499984  
1.986962009  
1.339232045  
0.7576660402  
0.6315642076  
-0.2643964175  
-0.4132776709  
-0.7134399692  
0.2594771013  
0.6452653791  
0.3741160954  
0.7270013593  
0.5709490232  
0.1288545949  
-0.3682661228  
1.017923864  
0.5708130745  
0.2702661161  
0.2146267878  
1.176859879  
1.313443107  
1.202470914  
0.6303434088  
1.320516151  
0.4853482555  
0.5525959553  
0.4702938558  
0.5311650446  
0.5509891887  
-0.2677313447  
0.3020535989  
-0.7532915561  
-0.6308694217  
-1.057049908  
-0.8113363806  
-0.6769302349  
-0.5012917461  
-0.2773977215  
-0.005229188286  
0.3318902212  
0.7140327468  
0.4326086162  
-0.1776028814  
-0.04535914599  
-0.1419839111  
-0.1923763159  
-0.2691383398  
-0.05714163315  
-0.06422405449  
0.3962808657  
-0.2053923673  
-0.9242825217  
-1.292055718  
-1.537123967  
-1.472248765  
-1.062025617  
-0.6164193031  
-0.6768933705  
-0.3304801823  
-0.167239257  
-0.2092367634  
-0.2679603655  
-0.3748381148  
-0.2140061514  
0.04883347462  
-0.02536739335  
0.4339572477  
0.6279281179  
0.6418655178  
1.000153923  
0.8349001229  
0.794064798  
0.8558070067  
0.2342842835  
-0.3116425647  
-0.178858123  
-0.2626365957  
-0.3423853667  
-0.4676104536  
-0.4856398428  
-0.5084008418  
-0.3688581816  
-0.2640130215  
-0.3518228901  
-0.086385541  
-0.5429990799  
-0.3082874286  
0.1422311733  
-0.1789278939  
-0.175627757  
-0.4825867714  
-0.5406730363  
-0.4763350505  
-0.3116028648  
-0.5346346966  
-0.4522812007  
-0.717053476  
-0.3303522483  
0.07741206383  
-0.164807594  
-0.3083687126  
-0.1504155395  
-0.1210021961  
-0.5375948661  
-0.6974239479  
-0.9149876194  
-0.9760560957  
-0.7671605938  
-0.1901703782  
-0.3120662767  
0.1017107729  
-0.2398003984  
0.01587368299  
-0.009309343707  
-0.2367154734  
0.1541338208  
0.1493897718  
-0.3002700512  
0.07833156238  
0.06326100492  
0.6250487198  
0.5475460627  
0.6252165467  
0.6463338977  
0.6159793505  
0.3206568576  
0.5095651382  
0.2986865437  
-0.09047469954  
-0.1380866119  
-0.06062446354  
-0.05155368691  
0.3861828099  
0.27046317  
0.6645007083  
1.021465603  
0.7476203896  
0.9079454311  
-0.04175054478  
0.1030160033  
0.4659707712  
0.5551736016  
0.7031796805  
0.2980601581  
0.4831378995  
0.5522532439  
0.6181504485  
0.330659658  
0.2057382509  
0.4560844188  
0.2150284248  
-0.07286359872  
-0.02744630363  
0.04512642282  
-0.4221525763  
-0.6123278821  
-0.5554151517  
-0.8974182937  
-0.153330206  
-0.679535352  
-0.4386415768  
-0.3998857878  
-0.4410265258  
-0.2716008393  
0.04194199563  
0.2509666484  
-0.0812779005  
-0.4987588265  
-0.6929805599  
-1.454834925  
-1.096718479  
-1.451161212  
-1.120327783  
-0.9455585657  
-0.6466350768  
-0.888505633  
-0.5438583783  
-0.6657928095  
-0.4195963255  
-0.2945279599  
-0.7330963732  
-0.6314549982  
-0.4377449716  
-0.2661616021  
-0.5216574798  
-0.6564458028  
0.2882281729  
-0.008594477318  
0.6794542032  
-0.199320163  
0.4648076214  
0.4110363773  
0.3637718497  
-0.6315869337  
-0.4880645287  
-0.2952264869  
-0.6871580355  
-0.3864457095  
-0.554946623  
-0.1646624264  
-0.3235391742  
0.03383032645  
-0.5483265257  
-0.07921916563  
-0.07105960071  
0.1332865185  
1.797647512  
1.820235975  
1.825686719  
1.129814949  
-0.1581413258  
0.2522688496  
-0.5651065155  
-0.3577077122  
-0.5603354784  
0.2294969641  
0.1469237051  
0.08087474192  
0.1206160488  
0.08768993677  
0.2310317693  
-0.1986550978  
0.1985386622  
-0.2539721452  
-0.0134228521  
-0.3212374195  
0.0908003111  
-0.1365311628  
-0.1833899641  
-0.555968163  
-0.4095889983  
0.2346209707  
0.3364868413  
0.6132632081  
0.8258721894  
0.9429949915  
0.5589243719  
0.8741960634  
0.8581105415  
0.2447736942  
0.4199189777  
0.5015880992  
0.3151437794  
-0.07653662056  
0.003765751426  
-0.3374460948  
-0.4870964948  
-0.1041952206  
-0.2591332045  
0.2957368602  
0.1402454524  
0.2282657212  
0.2694577362  
0.298607422  
0.3464857259  
0.1794136402  
0.1432432037  
0.2058870808  
0.02595330533  
-0.1644323795  
0.04868051259  
-0.2387353367  
-0.1793854595  
0.2792471652  
0.2534812541  
0.03974106076  
-0.3855316055  
-0.1499484943  
-0.5524877407  
-0.7274181153  
-0.5873821354  
-0.8627484122  
-0.406365159  
-0.638023097  
-0.4462778032  
-0.407599737  
-0.8729703275  
-0.8350974285  
-0.631584317  
-0.2631368816  
0.300234192  
0.3159124343  
0.3516404231  
0.02666467598  
-0.2955303182  
0.06436796261  
-0.1864129113  
-0.3834157106  
-0.7791063586  
-0.1762684788  
0.4783891027  
0.2494111821  
0.7108247384  
0.8367157232  
1.513838363  
0.4650809166  
-0.0149279698  
-0.4652708488  
-0.3810396381  
0.3305680509  
0.3149925462  
1.122748568  
0.8292338175  
1.464896456  
0.6185529551  
0.007365340857  
0.06613976921  
0.1308639212  
0.1584282078  
-0.1213155068  
0.02240063526  
0.1732868175  
0.14466442  
0.5659343759  
0.5861774498  
0.5213155177  
0.9979902235  
1.222701404  
1.19253074  
0.935947105  
0.8153762637  
0.5530114257  
0.2551438173  
-0.3315231204  
-0.9112207382  
-0.8493404636  
-1.100796071  
-1.041120607  
-0.6277172929  
-0.4051052894  
-0.3829563387  
-0.9378629447  
-0.9762810177  
-1.107339413  
-0.3208757697  
-0.7600421613  
-0.8488248333  
-0.5261816011  
-0.566842914  
-1.063486123  
-0.6624991723  
-0.7112052416  
-0.4356827638  
-0.7040171256  
-1.755314332  
-1.572521559  
-1.430150954  
-0.5130637538  
-0.5594112364  
-0.2965631883  
0.3137348648  
-0.1500318196  
-0.1060502689  
0.1864741313  
0.3040596581  
-0.3205892594  
-0.3663592905  
-0.04108082242  
-0.5418240568  
0.121124089  
-0.2266065047  
-0.262304952  
-0.8333582435  
-0.7696581185  
-0.8348573014  
-0.3907191431  
-0.448552792  
-0.3503867044  
-0.05083634601  
-0.4377727232  
-0.791507578  
-0.8719800136  
-0.8311468149  
-0.4881834997  
-0.6042710167  
-0.6539183605  
-0.9022175871  
-0.7926974759  
-1.436295466  
-1.139657236  
-0.455031995  
-0.726941265  
-0.8385720073  
-0.6249054935  
-0.5661586152  
-0.7282156539  
-1.214756924  
-1.185789146  
-1.072307596  
-0.7042023173  
-0.03137456938  
-0.465831392  
-0.379542056  
-0.2982698978  
0.4260856851  
0.4083210264  
0.06405935525  
0.008396773923  
0.5097161589  
-0.08507610586  
-0.1924101309  
-0.4615460236  
-0.3681794623  
-0.2856431944  
-0.539294844  
-0.5294567692  
-0.433834755  
-0.4900895856  
-1.028483224  
-0.4655754917  
-0.9022531912  
-0.7584927021  
-0.4591129039  
-0.3133094796  
0.1583788489  
-0.0247261726  
-0.01693747522  
-0.2104315626  
-0.4912376874  
-0.2782209935  
-0.4571045904  
-0.1033380374  
-0.02830107441  
0.2032137225  
0.4740830587  
0.3169194353  
0.1406079412  
0.2158726758  
0.3484758933  
0.6113653189  
-0.2060780225  
0.005486950596  
0.1701395788  
0.3000956997  
0.3324974758  
0.6757145217  
0.4261601173  
0.7385386143  
0.05637078698  
0.4511500359  
0.7000268657  
0.8562720734  
0.7036854496  
1.081186809  
1.337582847  
1.094681363  
1.643830663  
1.29324023  
1.096856853  
1.325789332  
0.962646372  
0.8782179816  
0.4709166111  
0.101507224  
0.2625475226  
-0.1988160583  
-0.473317526  
-0.6175606596  
-0.1925649279  
-0.5839195032  
-0.1564019494  
-0.02217270873  
-0.05824981374  
0.6179747561  
0.8407864216  
1.146324629  
1.070974701  
0.9079319197  
0.1485190764  
-0.02115668122  
-0.05124884771  
-0.1554764442  
-0.9128913257  
-0.9724325948  
-0.9204466134  
-0.4611249069  
-0.9388022645  
-0.7120504306  
-0.7387639039  
-0.7013349643  
-0.3529545344  
-0.4997132741  
-0.1144811662  
0.1379509765  
-0.2114894775  
-0.4757888339  
-0.3488092847  
-0.6085202497  
-0.7699707475  
-1.140248294  
-0.73403982  
-1.095177787  
-0.8655304502  
-0.8138769567  
-0.7679306597  
-1.005415789  
-0.4753643035  
-0.2548146334  
-0.2409551876  
-0.07334977638  
0.008181630003  
0.1093127552  
-0.296336624  
0.5163377923  
0.794910431  
0.5933135238  
1.337142268  
1.132625541  
0.6205504408  
0.6001774743  
-0.3631990459  
-0.5248356761  
-0.2905341729  
0.4299245007  
0.834912975  
0.1266291502  
0.1679023095  
1.412253804  
1.071894348  
1.284818972  
1.141265621  
0.6631146762  
0.7591101511  
0.3090645743  
0.193921473  
0.01722441651  
0.5834346362  
0.4496261899  
-0.3585689447  
-0.2154243998  
0.1240614987  
0.1752456757  
0.08631413838  
0.1985015116  
0.5536530241  
0.02785421853  
0.293353089  
0.05878105218  
0.44946359  
0.6285848602  
0.3787162836  
0.1173518252  
0.2859199557  
0.1460765848  
0.1444728506  
0.2822923553  
0.3040914807  
0.3821080172  
0.5495182794  
0.1043432564  
0.4109657285  
0.8219716551  
0.5457015734  
0.3592431656  
0.005338974283  
