1.061512363  
0.7317872765  
0.7679384706  
1.31123151  
0.9812711993  
0.573094324  
0.1249951134  
-0.0970300739  
-0.01415631589  
-0.1276368005  
0.4765758818  
0.1346048192  
0.2120774231  
0.6392726687  
0.8227433024  
1.631050512  
1.164000933  
1.122617963  
0.7306587409  
0.4513388614  
0.4750344838  
0.5463532364  
0.03293742953  
0.08600170608  
-0.1232916914  
-0.1972210105  
0.04802786098  
0.1710296195  
0.4744127637  
0.692707757  
0.9619479  
0.8920355644  
0.6614996951  
0.5938932507  
0.8808514367  
1.089519266  
0.1596893964  
0.4129427584  
0.76853911  
0.3627287448  
0.4842092943  
0.1407151299  
0.1259539825  
0.6982376652  
0.9489076137  
0.9453723648  
0.2474166029  
0.2410351032  
0.4764231755  
0.2824711657  
-0.003098217184  
-0.3875873616  
0.1760002562  
0.4612808518  
0.2145564763  
1.029167597  
1.269917425  
0.6030363252  
0.2514043549  
0.4065820369  
0.1238337458  
-0.07042316998  
-0.1934291358  
-0.5643537911  
0.01342111211  
0.9255896712  
0.6359735612  
0.5549265363  
0.3734930471  
0.6204941834  
0.5395699123  
1.226578349  
1.0846891  
1.051288939  
0.450100773  
0.1660690669  
0.06141326897  
-0.255437264  
-0.9485404587  
-0.2886458277  
-0.4766368101  
0.1242302065  
-0.4042093844  
-0.4323887496  
-0.1469810678  
0.05870254905  
-0.06484359243  
-0.08262795019  
0.2580091412  
0.2157486394  
0.4152347013  
0.09803406593  
0.03600785147  
0.3333277553  
0.3024890242  
0.4113594963  
0.4601236414  
0.559545713  
0.3861166978  
0.4023094424  
0.9468331183  
0.001475725898  
0.03253358517  
0.2835639943  
-0.08011041847  
0.5305693437  
0.7272256249  
0.4859110768  
0.04825661907  
-0.1929027948  
0.48970887  
0.09979677224  
0.5316331456  
1.467672528  
1.214951662  
0.7721568928  
1.402103556  
0.4265326746  
-0.04955552967  
-0.1683973843  
0.1516856621  
-0.06884497946  
-0.07216948591  
-0.1358322514  
-0.4689960066  
-0.1237869616  
-0.0612494891  
-0.4578941126  
0.103130693  
-0.4424067507  
0.09163613047  
0.02591652508  
-0.2879069226  
-0.02176479021  
-0.4784643705  
0.0281164681  
-0.2375660726  
-0.08437191497  
0.2406351565  
0.7450543523  
0.1823242395  
0.1708082875  
0.1740685327  
0.4290545116  
0.2106584696  
-0.1558034092  
0.06029247626  
0.3278771072  
0.2052236068  
0.2887536878  
-0.02862711507  
-0.4912755433  
-0.272511519  
0.1275209772  
0.2656807224  
0.8349769591  
-0.2401614616  
-0.1203144864  
0.2624134986  
0.1538844016  
0.1609006329  
0.3232363511  
0.1523018113  
0.2546612694  
0.6744249131  
0.7366433074  
0.722687478  
0.2846928676  
0.6154696776  
0.7528271454  
0.3299207938  
0.6820142573  
0.3807537083  
1.06334944  
0.2047366675  
0.6242501843  
1.356773811  
0.8544950944  
0.7360577545  
0.1180847114  
0.5935491755  
0.2317893886  
0.5262493748  
0.1144601586  
0.669151009  
0.169648792  
0.3798840262  
0.6311553613  
0.3742065446  
0.5132436262  
0.5640380156  
0.07005825473  
0.08989763218  
0.4535808291  
0.6345242656  
0.7095886179  
0.9063118154  
0.8530520255  
0.6442578407  
0.6448083983  
0.654512765  
-0.2791905982  
0.3134097131  
0.4901705538  
0.01542590639  
0.2136904205  
0.685087469  
0.7912513573  
1.236727422  
0.9198614095  
0.6724570454  
0.911676319  
0.3275908045  
0.224182293  
0.01443262796  
0.3096711435  
-0.07557973866  
-0.3370439343  
0.4333227784  
0.245349859  
-0.1084797184  
0.003412974691  
-0.2950433237  
-0.3560789052  
-0.40599141  
0.3633186922  
0.2580856043  
1.335047595  
0.570546152  
1.078130183  
1.742535065  
1.186761441  
1.289362513  
0.768981157  
0.9399852532  
0.1699927634  
0.8520507287  
0.483814831  
1.272284609  
1.154050238  
0.5236777463  
0.6206556248  
0.0735257274  
0.1053268932  
0.2934325624  
-0.03415211285  
0.07143223134  
0.4514070703  
0.1461105457  
1.366197034  
1.314076796  
0.9698383054  
0.8050629998  
0.4987705367  
0.3401199789  
-0.02797831005  
0.1091067314  
0.3235157206  
0.1077200675  
0.3872648134  
-0.1288683857  
0.05651789838  
0.4312579982  
0.1141507167  
0.0559544264  
0.1865545079  
0.5117328391  
0.2124179083  
-0.3023111464  
-0.5194602826  
-0.1637670431  
-0.1839290461  
-0.2506174954  
-0.7507355556  
-0.1014885496  
-0.3374389349  
-0.1009401469  
-0.3020986567  
-0.05266620161  
-0.4208525936  
-0.4799814991  
0.4619714273  
0.3406659493  
0.1702022711  
0.2473517189  
0.1521768847  
-0.3039202669  
-0.121548462  
0.1052662458  
-0.1346453761  
-0.3421163264  
-0.7911184853  
-0.5384709083  
-0.1986404291  
-0.5939077442  
0.06754341024  
-0.4668033747  
-0.1802041759  
0.05883976972  
0.3848757044  
-0.3262773944  
-0.2155885825  
0.3721136978  
1.353570464  
0.695521085  
0.5827005685  
0.6132029793  
0.346656736  
0.4681495539  
0.2120815267  
0.5619593604  
0.1595194336  
0.02847247  
0.1635806505  
0.06732114464  
0.3351134387  
0.7985949739  
1.561727158  
1.053910016  
0.4480849018  
0.7868002337  
0.1099833832  
0.705753737  
-0.078711695  
0.2094904262  
-0.08341452145  
0.2563362728  
0.5732307956  
0.5254169235  
0.6252873472  
0.4994790644  
0.6046193423  
0.4962561301  
0.4059130572  
0.3574018308  
-0.2579985705  
0.1381031912  
-0.6277346391  
-0.272567298  
0.1812438503  
0.232429087  
-0.105259005  
0.1327181015  
0.1841550926  
0.1619942058  
-0.3504481016  
-0.3333518944  
-0.7484625447  
-1.156252926  
-0.6411908194  
-0.08398159437  
-0.1155210547  
0.7235330538  
0.2589407969  
0.1028434569  
-0.5175618014  
-0.1157968438  
-0.1633255059  
-0.7571325705  
-0.8921564986  
-0.6994538511  
-0.5705541142  
0.677687241  
1.591994454  
-0.000712349085  
0.7119591571  
0.7780091514  
0.3944331551  
-0.2117914307  
-0.8111076275  
-1.036716814  
-0.9429770018  
-0.6206365732  
-0.6614187612  
-0.6205398364  
-0.1236920063  
-0.5974859153  
-0.151460203  
0.007393792517  
0.7920756753  
-0.06039572739  
0.2662264726  
0.9494915509  
0.3734615599  
0.08163498395  
-0.6834211215  
-0.8456773438  
-0.7704125788  
-1.032797113  
-0.5778767233  
-0.2600974267  
-0.596382813  
-0.220488117  
-0.1672299473  
0.03102565531  
-0.3276685046  
0.4476111453  
-0.5595654721  
-1.041555857  
-0.7375816953  
-0.4761842272  
-0.2830773945  
-0.6974280986  
-0.4617151499  
-1.101312253  
-0.5754985501  
-0.5730812227  
-1.369061247  
-0.5605717716  
-1.085282912  
-0.7164358031  
-0.6983079554  
-0.7068666497  
-0.290304676  
0.2676329609  
0.5205249939  
0.08163531444  
-0.2750714299  
-0.5645520896  
-0.6082505285  
-1.169958136  
-0.6147204448  
-0.8776476691  
-1.208114537  
-1.020116244  
-0.9458640144  
-1.124921938  
-0.6123005051  
-0.6787004124  
-0.8928797602  
-0.3992070211  
-0.7528767564  
-0.4250226081  
-0.3138672536  
-0.149858856  
-0.4767353684  
-0.8535403089  
-0.669481512  
-1.057501886  
-1.486272823  
-1.071558913  
-0.7485449654  
-0.6881234923  
-0.7387701145  
-0.1780935005  
-0.2159862021  
-0.1193111884  
0.005364452274  
-1.102137531  
-0.5860033674  
-1.120438321  
-0.7134545116  
-0.4284890979  
-0.0002185444081  
0.4179602806  
0.183239827  
0.07657675649  
-0.0311930369  
-0.2693450447  
0.05239701805  
-0.4315713116  
-0.4565556563  
-0.5000116893  
-0.913923043  
-1.014407232  
-0.8381472197  
-0.038049751  
0.2524211604  
0.4252358445  
0.1418333998  
-0.6934674799  
-0.01874139137  
0.1443254215  
0.4511929407  
-0.04223810768  
-0.4873146441  
0.01319309101  
-1.15876548  
-0.9486902814  
-0.6916180915  
-0.4807753028  
-0.8381364375  
-0.3006814956  
-0.09861899666  
-0.3937226441  
0.2209945547  
-0.2965141974  
-0.4369253359  
-0.6347521331  
-0.639352379  
-0.08662237025  
0.09031861517  
0.5356736313  
0.3818376945  
-0.6929219558  
-0.6547841127  
-1.245703857  
-1.056192888  
-0.5633346749  
-1.198480445  
-1.015515933  
-0.8199025741  
-0.5826514269  
-0.4886300575  
-0.5759010565  
-0.7388626867  
-0.3021478664  
-0.535126028  
-0.7364322188  
-1.412415882  
-0.7718637605  
-1.195978125  
-0.8675075117  
-0.09692342622  
-0.6706129636  
-0.3769131765  
-0.3082110956  
-0.1450665262  
0.07058642815  
0.4800280177  
0.3463449548  
-0.1898837064  
0.0429742774  
-0.5338902169  
-0.3114721211  
-0.7169523042  
-0.4669768561  
-1.197360689  
-0.8687466746  
-1.026464194  
-1.096862566  
-0.8876335192  
-0.6294781473  
-0.3641494523  
-0.6512844886  
0.2385571558  
-0.1934220549  
-0.03450136135  
0.1825445281  
0.5284809507  
-0.5275862775  
-0.5006812366  
-0.9341804751  
-0.7745947546  
-1.381113275  
-0.7015246957  
-1.042173165  
-1.224488937  
-1.199659264  
-0.8514646745  
-0.5326374401  
-0.7147461868  
-0.4001576309  
-0.4552891532  
-0.3076711572  
-0.02765125017  
-0.1637532876  
0.001503479384  
-0.2796964806  
0.203402079  
-0.7234487298  
-0.1197538351  
-0.6265435804  
-0.1517131296  
-0.5923907944  
-0.6563434296  
-0.1132785523  
-0.6204237144  
-0.6708517835  
-0.4924748215  
-0.338837487  
-0.06543863601  
-0.27462907  
-0.2121782806  
-0.1797777815  
0.264889341  
-0.4011893815  
-0.592992236  
-0.3682736764  
-0.08017981468  
0.2242900146  
-0.2467123597  
-0.3594416076  
0.06797361508  
-1.131563315  
-0.6068880094  
-0.4935231426  
-0.7920151398  
-0.0007221606935  
0.2674885222  
-0.1519066749  
-0.6327539474  
-0.5130456445  
-1.134432858  
-0.3821444495  
-1.231053899  
-0.8443631349  
-0.7983330596  
-0.5083697852  
-0.2011918944  
0.3503307447  
0.440942747  
-0.5302657311  
-0.4212053083  
-0.9675772771  
-1.392683311  
-1.276756873  
-0.6589995603  
-0.5257263761  
-0.5347025347  
-0.5077444224  
-0.4392179845  
-1.233216716  
-1.559008554  
-1.179191583  
-1.10096905  
-1.061101265  
-0.6536521339  
-0.9229219338  
-0.9645640562  
-0.6218923234  
-0.4646875083  
-0.5752284793  
-1.236888447  
-1.171025271  
-0.7290731148  
-0.8031142663  
-0.08125213547  
0.1543455597  
-0.7050113447  
-0.4469557141  
-0.6865495675  
-0.7937010256  
-1.471923236  
-1.412066822  
-0.7978078004  
-1.097680072  
-0.7033688844  
-0.9249455938  
-0.7576267769  
-0.2782678685  
-0.40854241  
0.1302937631  
-0.06922584021  
-0.1035185403  
-0.0593365521  
0.2585434869  
-0.1893597674  
-0.1441409078  
-0.02211855555  
0.133200023  
0.04843488831  
-0.05040377306  
-0.3390503542  
0.2267006778  
-0.3648673479  
0.001501261519  
-0.04786353491  
-0.5753697485  
0.02444777909  
0.1216543554  
0.1397395473  
0.1991020997  
-0.5947837458  
-0.01025822352  
-0.2353663162  
-0.05791605194  
-0.1567702827  
-0.2337176035  
-0.07689439265  
0.5035978066  
0.664686245  
0.2368751001  
-0.02127021492  
-0.2113144652  
-0.5829327182  
-0.5280944607  
-0.718478382  
-0.4988806094  
-0.6073727128  
-0.7920518297  
-0.2875765583  
0.02466469405  
-0.03361637886  
-0.03551786272  
0.04000984814  
0.6390574068  
0.6975309633  
0.424564531  
0.2356475641  
-0.3998742479  
-0.3672300076  
0.06788660248  
-0.4408250082  
0.1748147778  
0.836338936  
0.6168700989  
0.3971337486  
0.6480039632  
0.4170158944  
0.404829316  
0.3416469642  
-0.332502994  
-0.004732564919  
-0.1031847535  
0.4728800567  
0.08872648056  
0.2848143111  
-0.0009739212089  
0.258628122  
-0.03197257525  
0.3760976447  
0.3323024305  
0.399655031  
0.1163740451  
0.1766779033  
0.520480636  
0.4282776232  
0.2846977867  
0.3376529134  
0.3185932315  
0.01068468068  
-0.4042745748  
0.04685190356  
-0.03249380226  
-0.5630883067  
-0.1353169221  
0.6033703046  
0.47998685  
0.4208616897  
-0.009546509975  
0.1554124773  
-0.09125172033  
-0.1702858728  
-0.3289277171  
-0.171538469  
-0.2372853452  
0.05114639953  
0.1187673234  
0.5048329957  
0.2992171496  
0.2707619884  
0.1477873941  
-0.04106336911  
0.2219138874  
-0.144601304  
-0.1838353233  
-0.1175360481  
0.1025343418  
0.4947471234  
0.3235758186  
0.4358640091  
0.02365248317  
0.3297580609  
0.09135957583  
0.1936812917  
-0.06883891166  
-0.04332720373  
0.2510255436  
0.5800209387  
0.6160520735  
1.057993258  
1.258171478  
0.7852291165  
0.7151321916  
0.05069011396  
0.8122948913  
0.1875111436  
0.5117357386  
-0.0663430414  
1.073364327  
0.8932674068  
0.7830488919  
0.9312233018  
0.340039125  
0.4616843243  
-0.1808835599  
-0.165007718  
0.1046097246  
0.1003932681  
0.544356951  
0.4423643301  
0.5258107961  
-0.05041091927  
0.07127560129  
-0.5569203481  
-0.2789987089  
-0.5256309557  
-0.4232469655  
-0.07679112202  
0.2971463783  
-0.1065005065  
0.2481160086  
-0.09993375303  
0.04722486548  
-0.2368304351  
-0.1620373861  
0.3255645847  
0.5446624578  
0.4445151314  
0.4034380286  
-0.1561651987  
-0.463800236  
-0.5029738297  
-0.808674856  
-0.289595254  
-0.1339284585  
-0.1692862062  
0.1343763344  
-0.1025987278  
0.3726144457  
0.2933791604  
0.6884635236  
0.3031832718  
-0.1030286901  
-0.4313250099  
-0.1231793637  
-0.3442712421  
-0.6265282476  
-0.7494435768  
-0.6718327862  
-0.6662738184  
-0.8175431885  
-1.148898749e-05  
-0.2456957797  
-0.276810454  
0.2432673119  
0.28891094  
0.4445213078  
0.5225066353  
0.496669989  
0.4940287095  
0.3728530008  
0.509190411  
0.4325357234  
0.5711141409  
-0.2919386515  
-0.4226516133  
-0.2772415952  
-0.264554403  
-0.5696214784  
-0.3683584672  
-0.03243953974  
0.1540153309  
-0.09953228012  
0.280699858  
0.666457595  
-0.09024751581  
0.1308852738  
0.4539016393  
0.4904720233  
0.5113620575  
1.515293428  
1.240468129  
1.321992322  
0.8755709252  
1.104074731  
0.4072472608  
0.4966181391  
0.1309639279  
0.08376099746  
0.7849229467  
0.6461507914  
-0.04634932908  
0.4253553241  
0.2204756508  
0.5706187944  
0.5956921278  
-0.07443188429  
0.431378324  
0.05912568039  
0.1082439586  
0.4987887817  
0.2993436872  
-0.1007819499  
0.2377605706  
-0.2515196083  
0.2813216203  
0.3972437748  
0.9992754726  
0.9500494148  
0.5628778506  
0.7822782464  
0.9168370407  
0.9332474293  
0.972573801  
0.4786299122  
0.4639262135  
0.7119587163  
0.3283195082  
0.2360275099  
-0.1165235548  
0.3573029755  
0.0811180147  
-0.04122731319  
-0.3480643076  
-0.08448046319  
-0.3123669727  
-0.2124613334  
-0.08058064669  
0.4337141208  
-0.0331731879  
0.5800830268  
0.08396320551  
0.1357701262  
-0.1059617554  
-0.1862598155  
0.229627199  
0.8974038077  
1.209505743  
0.8957315905  
1.293507787  
1.176166909  
0.940415824  
0.8731033671  
1.166088686  
1.264210665  
1.394178975  
1.016516378  
-0.02959650693  
0.02967628757  
-0.04992872281  
-0.7522347506  
-0.5290898594  
-0.2371009213  
-0.02158709571  
-0.6547095092  
-0.1779214475  
-0.7723326482  
-0.3539046634  
-0.4684826514  
-0.1486387708  
0.1050359922  
-0.114773497  
0.7323179756  
0.4344910918  
0.3683661066  
0.7864375507  
0.4650751337  
0.005892294444  
0.02588917621  
0.2283496961  
-0.2797536282  
0.0420197214  
-0.298533116  
0.2729385277  
0.8336857628  
0.8197275941  
0.394060523  
-0.3854577524  
-0.4210774192  
-0.3014263107  
-0.5828031859  
-0.6464581706  
-0.5038707316  
-0.5898080127  
-0.1757592184  
0.359885847  
0.5151176384  
0.8051171976  
0.8233013017  
0.5267530143  
0.5689598723  
0.3043982439  
0.2190605033  
0.2789444534  
0.1784951494  
-0.251693555  
0.3251060373  
0.1254573643  
0.3387615554  
-0.5081920278  
-0.6770909487  
-0.2340083815  
-0.4557373655  
-0.3651723579  
-0.2730640299  
-0.3388168941  
-0.5507616163  
0.09341404654  
0.3301750514  
0.978086388  
1.528957638  
1.560324801  
1.605160906  
1.387879879  
0.9547510225  
0.9935734685  
0.7122986019  
0.1023025015  
0.0964778305  
0.3062375619  
0.7519795917  
0.7778467414  
0.1636395652  
0.5397324455  
0.1866601544  
0.1395542416  
0.2682527587  
-0.5149855926  
-0.2536426676  
-0.1472039772  
-0.3742769793  
-0.7913076909  
-0.5307444954  
-0.6136237446  
-0.2836969924  
-0.4578427371  
-0.4443224797  
-0.1893991399  
-0.3396942447  
-0.5733743069  
-0.5431557355  
-0.3668197725  
-0.3319742879  
-0.6653547738  
-0.2253655438  
0.05827565048  
-0.2622161224  
-0.1437781869  
-0.07248668956  
-0.3410903661  
-0.5466962915  
-0.1495915651  
0.4158402513  
-0.1892135175  
0.006171742443  
0.907577923  
0.8584936701  
0.7203297894  
0.874319879  
0.08057778219  
-0.2417986997  
-0.4137098407  
-0.227446902  
-0.6252594028  
-0.3516506606  
-0.1517491711  
-0.2437005521  
0.3561088657  
0.5140755495  
0.9323430875  
0.5338852984  
0.2905438284  
0.4330967646  
0.5810644316  
0.2653382077  
-0.04838799703  
0.1773742151  
0.06115557365  
0.03224145434  
-0.2351689216  
0.529026733  
-0.0273336287  
0.05764526314  
0.3013328915  
0.1376913652  
-0.07882885744  
0.4420796181  
0.4841521333  
0.5064860045  
-0.181639849  
0.3245657256  
-0.07616238704  
-0.1186357797  
-0.1243442736  
0.1229392667  
-0.1189362255  
-0.02459352557  
0.3244950783  
0.541620928  
-0.01082428363  
0.6023220454  
0.5768533758  
0.6468865091  
0.5608466143  
0.809561197  
0.3173495583  
-0.1539411249  
0.2359198118  
-0.3308275822  
-0.6788934997  
-0.2822025325  
-0.6133115624  
-0.2115765889  
0.006864130543  
-0.09744460499  
0.02399448584  
0.5781296496  
0.2518662837  
0.6393413176  
0.5462409349  
0.9765834651  
0.5442043472  
0.6868109395  
0.8221536318  
0.7921109346  
0.7818264367  
0.4975368185  
-0.1538719943  
-0.7311778889  
-0.9157193161  
-0.4706505011  
-0.3067643617  
-0.01101622015  
-0.08581181709  
0.7103013729  
0.4423300552  
0.9047542578  
0.9206352228  
1.078505383  
0.6318859094  
0.1629992933  
0.3681505594  
0.4992653409  
-0.1145363755  
-0.5502642735  
-0.4828872128  
-0.1570475043  
-1.05154224  
-0.6124346583  
-0.6264641705  
-0.1301398852  
-0.2112700311  
-0.2771791186  
-0.1434600901  
0.3698616821  
0.2727210481  
0.04269617095  
0.6773048137  
0.3426205739  
0.4484945141  
0.5435081668  
0.4081224951  
0.6529985542  
1.225713922  
1.381181728  
0.9481879171  
1.244818232  
1.591425711  
1.03445483  
1.26186615  
1.078056365  
0.6589495774  
0.2375266269  
-0.06014723161  
-0.470164313  
-0.1430753184  
-0.4401540984  
-0.173438455  
0.1220107613  
0.03613670196  
0.04438543676  
-0.4974311779  
-0.8419168564  
-0.6162514974  
-0.4204935331  
-0.5864669219  
-0.2476182258  
-0.6409554661  
-0.3073971888  
-0.4035581753  
-0.1133610109  
-0.2348287587  
-0.3794391352  
-0.06593579368  
-0.7652966808  
-0.7728974831  
-0.7331722269  
-0.02575353342  
-0.03747815142  
-0.7149601973  
-0.668617642  
-0.4771898314  
-0.8508142217  
-1.191538113  
-1.096707413  
-1.873261269  
-1.048674973  
-1.730177537  
-1.545793685  
-1.756054281  
-1.908099949  
-2.19249505  
-2.225374212  
-2.554467284  
-2.344983219  
-2.089175158  
-2.413890979  
-2.286619788  
-2.323834788  
-1.453912073  
-1.593147521  
-1.728928794  
-1.580936192  
-0.8637443336  
-0.3971777506  
-0.8079605846  
-1.144758901  
-0.948185023  
