0.2850619125  
-0.6579458809  
-1.481947489  
-1.619886022  
-1.491453583  
-1.665327924  
-1.496432813  
-1.332069316  
-1.047624227  
-0.9818391864  
-0.7363848804  
-1.028197848  
-0.8308297379  
-0.9374604657  
-1.056895807  
-0.9924588338  
-0.91906135  
-0.926310702  
-0.9858679286  
-0.8325737459  
-0.6549930504  
-0.4033343821  
-0.3315210764  
-0.4840176135  
-0.7051389129  
-0.406362217  
-0.393108303  
-0.7419592827  
-1.300066981  
-1.35090526  
-1.161359878  
-0.6875517064  
-0.4006077777  
-0.598668461  
-0.3504529007  
-0.5540663701  
-0.9214667155  
-0.9393936888  
-1.262961608  
-1.313045406  
-1.014773467  
-1.03547011  
-1.220644212  
-1.028113173  
-0.8129264083  
-0.5764620868  
-0.2905249397  
-0.06880044572  
-0.3624658525  
-0.4649522238  
-0.3548377187  
-0.7112541269  
-0.7538264951  
-0.7949921773  
-0.5268815123  
-0.1700880087  
-0.6163897775  
-0.719948719  
-0.7395245173  
-0.9189105091  
-0.7448217611  
-0.7820708834  
-1.235171734  
-1.19943624  
-0.9483874002  
-0.7156259167  
-0.9567686883  
-0.9197651794  
-1.434554951  
-1.52258549  
-1.175366454  
-1.170440455  
-0.9243855248  
-1.059857364  
-1.175561148  
-1.069775001  
-0.7447221034  
-0.7505196719  
-0.4220258867  
0.01670389849  
-0.2900234213  
-0.2963138507  
-0.2729513505  
0.01236439045  
-0.6108156281  
-0.1868704412  
-0.8209516362  
-1.553582622  
-1.114801822  
-1.330394009  
-1.077387546  
-0.416670953  
-0.1973132461  
-0.1255469434  
-0.1289085537  
0.2217132486  
0.5604836979  
0.7113644829  
0.2016947528  
0.04146811857  
-0.2863122859  
-0.01540347821  
0.2369996211  
0.003842075036  
-0.2122865401  
-0.2185606961  
-0.07530886197  
-0.1770719749  
0.3553643591  
0.584271807  
0.6898794497  
0.6634571407  
0.6064076651  
0.9261639825  
1.045720396  
0.9623029353  
1.213409269  
1.05791099  
1.120663761  
1.133333756  
1.103040669  
1.012456607  
0.449320909  
0.7830746702  
0.5502508932  
0.3355407515  
0.002546933831  
-0.494239708  
-0.6224335485  
-0.5688461758  
-0.6315893708  
-0.2550385556  
-0.7850225036  
-0.7549467741  
-1.025715501  
-1.127317034  
-1.540513727  
-1.386750857  
-0.8646963728  
-1.03873236  
-0.5169647689  
-0.7279931565  
-0.6313217679  
-0.664622523  
-0.494045785  
-0.2110556914  
0.5518195061  
-0.0910112524  
-0.02712078474  
-0.4129583977  
-0.09469703545  
-0.4823855597  
-0.6694745947  
-1.140405466  
-0.8790134855  
-0.9305067146  
-0.7956428314  
-0.6104339728  
-0.903766893  
-0.9180243589  
-0.7869446576  
-0.7983495464  
-0.9506251606  
-0.8953248712  
-0.6350310253  
-0.5939555602  
-0.3541438262  
0.1802778757  
-0.1876971983  
-0.3061906444  
-0.232623004  
-0.1385196984  
0.0620171194  
-0.3600252286  
-0.09418041013  
-0.1588673468  
-0.007491149923  
0.1373421167  
0.02829050399  
0.5300675645  
0.531294513  
1.012624704  
1.248046322  
0.8528044056  
0.6402097041  
0.8889773458  
0.6438962324  
0.4705506273  
0.513375611  
-0.07345776455  
-0.04821635166  
0.1152780473  
0.6178805653  
0.5532990079  
0.3123842114  
0.4483409283  
0.6436456248  
0.6429668771  
0.6660779813  
0.3925623212  
-0.1294522281  
-0.4429959558  
-0.1313839963  
-0.2794328839  
-0.6137607571  
-0.2391811435  
-0.2128198412  
0.01798129731  
0.2453786063  
0.05776811839  
0.2572012532  
0.6568341153  
1.029215648  
0.8926037936  
0.8504773188  
0.8870127032  
1.397246082  
1.010342782  
1.137832487  
0.9887634741  
1.331743558  
1.588434081  
1.542020864  
1.478737855  
1.445487155  
1.795847936  
1.810233435  
1.852913766  
1.361706634  
1.242894593  
1.273842955  
1.116138372  
0.8559251376  
-0.02506287272  
0.01880347258  
-0.4109236966  
-0.3332205261  
-0.07246984323  
-0.3930709163  
-0.9885359022  
-0.1397507113  
0.1829691047  
0.292241313  
0.2161944118  
0.1865383685  
-0.1017573796  
-0.04939910234  
-0.05653308102  
0.01971155813  
0.0309910808  
0.007131843515  
-0.07169058029  
-0.1894730246  
-0.1324582758  
-0.3428541934  
-0.4734269054  
-0.4460405455  
-0.3577528947  
-0.3527518841  
-0.7168754613  
-0.2844931572  
0.2397228393  
0.6864089128  
0.5473860756  
0.2279276278  
0.2531009441  
0.3618436182  
0.02090411483  
-0.006880538318  
0.06878994164  
-0.04367985755  
0.1507765648  
0.6392365382  
0.7232454528  
-0.01825475243  
0.06063652163  
-0.248115137  
0.1497472116  
-0.1244997668  
-0.2088116632  
-0.5200934241  
-0.1654087486  
-0.007428350417  
0.2991135837  
0.3855652297  
0.3198591529  
0.4070471167  
0.606697683  
0.8116657727  
0.8374365234  
1.105964239  
0.7412100471  
1.031927119  
0.7584743766  
0.9564144711  
0.6008543234  
0.4157368889  
0.1783931793  
-0.4526528386  
-0.1636765287  
-0.8558095133  
-0.7369916757  
-0.380615105  
-0.7765705663  
-0.5533652538  
-0.4725966688  
-0.5407359862  
-0.2368435892  
0.1941019271  
0.5568951408  
0.4654360438  
0.7336955593  
0.4447208864  
0.6791203533  
1.169130257  
0.9843396615  
1.416377891  
1.4315416  
0.7432090738  
0.6530431893  
1.251629875  
1.118057434  
0.9171061528  
0.7203342699  
0.300867956  
0.03432261937  
-0.5059799248  
-0.7893412331  
-1.282480547  
-1.151034781  
-1.456582905  
-1.603226862  
-1.819552246  
-1.746081552  
-1.228474811  
-1.119924452  
-0.8788672017  
-0.3591393582  
-0.7396693084  
-0.4553781846  
-0.1850795011  
-0.4346942872  
-0.8047541456  
-0.8067190626  
-1.117961133  
-1.224319036  
-1.023876025  
-1.129324688  
-0.8092082083  
-0.6811302833  
-0.08154583171  
-0.2316086453  
-0.1641170017  
-0.1973697527  
0.0188106736  
0.1252989285  
0.3276773675  
0.102392475  
-0.01720792792  
0.1006711724  
0.4461853795  
0.3859605525  
0.1938339276  
0.2812916779  
0.5687060363  
0.6936892717  
0.6352727144  
0.4757861955  
0.6426501747  
0.7098866328  
1.380460636  
1.070803946  
0.9220816213  
0.8938979758  
0.852442905  
0.8114524388  
0.6828567623  
0.02209019462  
-0.2270516853  
-0.4877261737  
-0.6466168928  
-0.3435516654  
-0.8844664973  
-0.03857453923  
0.1614574344  
0.462561593  
0.448908762  
0.07903286769  
0.3579397113  
0.473759152  
0.5869121662  
0.3860337529  
0.056975671  
0.2690663925  
0.2545338095  
0.5598031383  
0.6628431978  
0.4963337426  
0.7267778916  
1.084544209  
1.247308152  
1.288405279  
0.7767565725  
0.3322183218  
0.03831182289  
-0.1108873903  
-0.1346302337  
-0.9818322288  
-0.9590425063  
-1.064871136  
-1.159284688  
-1.489199904  
-1.033258152  
-0.99350867  
-1.035676943  
-0.6310212073  
-0.4230403396  
-0.4823025767  
-0.1351523322  
-0.07868279613  
-0.2608518575  
-0.2173966236  
0.08639066997  
0.1883160628  
-0.00878859128  
0.4104563121  
0.3498361772  
0.9263447958  
1.069576477  
0.8991492362  
0.4576760931  
-0.08708916819  
-0.006900328057  
-0.3972312498  
-0.9405564771  
-0.7208198051  
-0.6934227118  
-0.7151657156  
-0.8198071544  
-0.7855738682  
-1.240287891  
-0.6418860315  
-0.3555744411  
-0.6853582419  
-0.7472613009  
-0.6192175903  
-0.7864679455  
-0.6851875401  
-1.037216187  
-0.6464883007  
-0.8154112983  
-1.067062618  
-1.118697659  
-0.6477385684  
-0.8747060315  
-0.6809487831  
-0.2744664873  
-0.5207372621  
-0.169578438  
0.4032099138  
0.08091720513  
0.5249933521  
0.9437786241  
0.9381389466  
1.325105431  
0.5790329558  
0.7819150971  
0.7467629594  
0.9554643769  
0.8703693871  
0.578548239  
0.6142648949  
0.7786379083  
1.203670689  
0.9193455357  
1.250810084  
1.38230841  
1.41924769  
1.387223688  
1.482260608  
1.450902667  
1.423076729  
1.146433458  
0.8053586763  
0.5121860624  
0.4987516825  
0.4856189467  
0.7679688381  
0.8189369143  
1.145097639  
1.227016479  
1.523600377  
1.415277447  
1.396065185  
1.186269403  
0.9489129711  
1.063970715  
0.8367054701  
0.2618334827  
0.2987289892  
0.1503057353  
-0.4626334765  
-0.1173658464  
-0.3595527738  
-0.1414024484  
0.3433029156  
-0.3697765507  
-0.2107684049  
-0.2830852273  
0.009673757534  
0.3532749584  
0.03700358392  
-0.05827722393  
0.1092812446  
0.6268699332  
0.1727369269  
0.4980628575  
0.1959873701  
0.4309660783  
0.1159854847  
0.04174895753  
0.2548541482  
0.1066070689  
0.2282778165  
0.4695537642  
0.486722552  
0.25919697  
0.6885887108  
0.9504731528  
0.9860234647  
1.533352795  
1.424176841  
1.115916245  
1.4616609  
1.830150376  
1.514330763  
1.029790911  
1.196627633  
1.18651915  
1.040940422  
1.169079489  
0.6305776247  
0.4185985806  
0.09525985783  
0.07410933995  
-0.567590342  
-0.7331190346  
-0.951578399  
-0.7019872899  
-0.69307427  
-0.6282760845  
-0.6194191388  
-0.3500252063  
-0.2758879288  
-0.1327670853  
-0.6546963185  
-1.464720011  
-0.9361091066  
-0.8847264604  
-0.3617611966  
-0.6576139373  
-0.2235057208  
-0.3655910589  
-0.0002226475097  
0.395825781  
-0.3428345533  
-0.7303224504  
-0.4452611142  
0.3659984353  
0.2517811449  
0.02403228497  
0.3529936104  
0.6713805072  
0.7512210387  
0.9523549166  
0.7270555561  
0.3103008437  
0.7438000054  
0.7030539457  
1.38267533  
0.6976285445  
0.9113957046  
1.124944303  
1.681895128  
1.319614454  
0.6622406687  
0.4789492852  
0.5774677593  
0.1145640185  
-0.03537720634  
-0.2839972756  
0.5290803034  
1.018527529  
0.3693531005  
0.06038269592  
0.2508125377  
0.4148552079  
0.08673910462  
-0.3237162493  
-0.1166833058  
1.447875078  
1.250028957  
0.5959684147  
0.1465654434  
0.04413606461  
0.4016743141  
0.3837405652  
-0.2994023472  
-0.3527353777  
-0.30260072  
-0.4959756505  
-0.6787536599  
-0.6891991652  
-1.01781452  
-1.044067873  
-0.6743159224  
-0.4535693044  
-0.1996656142  
-0.3583037115  
0.4657769958  
0.4424109373  
0.3804775975  
1.012941719  
0.3261782922  
0.6927784687  
0.3160575405  
0.5478134468  
0.480405867  
-0.1086574612  
-0.499883111  
-0.5813706764  
-0.1604793867  
-0.1659626548  
-0.01521872869  
-0.3299327216  
-0.3369952156  
-0.5529254229  
-0.5120846314  
-0.9123278583  
-1.367835936  
-1.39398147  
-1.002885179  
-0.5489287966  
0.1037622408  
-0.2339377412  
-0.3446510596  
-0.5126782045  
-0.2759185014  
-0.2570548916  
-0.4326963158  
-0.5446543583  
-0.2324117624  
-0.437695195  
-0.4486165746  
-0.6491591353  
-0.520838681  
-0.628267954  
-0.3165581502  
0.3109937018  
0.1652029792  
0.08134000653  
0.6434853352  
0.8766402933  
0.9689486511  
0.9513597369  
0.4116387164  
0.4833240436  
0.968039955  
1.443353533  
1.142334695  
0.24879736  
0.09211619381  
-0.1485087259  
-0.2224877842  
-0.6319941789  
-0.7823058111  
-0.8998309062  
-0.543708677  
-0.1448548051  
-0.1217305426  
-0.238677573  
-0.3325474987  
0.2272234504  
0.07203070205  
0.2624845958  
-0.07865455066  
-0.2124817416  
-0.09802259208  
0.2569417558  
0.4015039433  
0.4115044633  
-0.3470916307  
-0.1228062289  
0.05716231716  
-0.4999284236  
-0.4565132135  
-0.6571225233  
-0.4978709595  
-0.6120474364  
-0.6436496406  
-1.025052121  
-0.7938470179  
-0.3775631826  
0.469269139  
0.3852258311  
0.5795642557  
0.4001037223  
0.9505400748  
0.840658056  
0.6263359355  
0.8997260851  
0.8101031534  
0.3476095891  
0.2487930238  
0.007756824174  
0.5343124891  
0.5724754284  
0.3984580643  
0.6275765633  
0.3812761336  
0.6425494596  
0.7075120127  
-0.04057962964  
-0.01578259528  
-0.3907201769  
-0.3049612463  
-0.08178922252  
-0.4929121406  
-0.4154757479  
-0.9412238461  
-0.5614799351  
-0.5687680762  
-0.9219288333  
-0.7084110106  
-0.5444117453  
-0.4500164016  
-0.07816870503  
-0.4010260003  
-0.2397662988  
0.08263269542  
-0.1176171839  
0.4472466425  
0.3958793124  
0.2065501965  
0.2822127874  
0.5478231129  
0.3244464822  
0.4786634019  
0.6646895194  
1.300458973  
1.084260813  
0.4011644017  
0.7422088128  
0.1051344246  
-0.007159215799  
0.3085754448  
-0.1253525715  
0.1201998833  
0.592038086  
0.8012869225  
0.9156680636  
0.5202910931  
0.9840169273  
1.041214528  
1.752023544  
1.49316314  
1.261725544  
0.9003724594  
1.095038707  
0.8418078422  
0.4509802961  
0.415201968  
0.2550597576  
0.3377192735  
0.4040629238  
0.2305913862  
0.4735939371  
0.3353094566  
0.604706416  
0.4421685622  
-0.05452443539  
-0.2535974609  
-0.52766909  
-0.7640569851  
-0.642386065  
-1.101755877  
-1.110337218  
-1.105165415  
-0.8975776665  
-0.5724871186  
-0.5142028766  
-0.7434844294  
-0.5653436858  
-0.4147127549  
-0.1649470599  
0.1082289868  
-0.5120528149  
-0.0802606766  
0.009724891732  
0.02666592287  
0.1713360035  
-0.4514253763  
-0.5744635466  
-0.6278283243  
-0.2624745978  
-0.1653709073  
-0.8958217343  
-0.4336405199  
-0.3924481021  
0.1526550929  
-0.182305237  
0.2365608963  
0.4529956444  
0.7483185651  
0.4593520929  
0.2093534468  
0.05368255862  
-0.06981809208  
0.3092184132  
0.5738687599  
0.4356211378  
0.7256735947  
0.7252354644  
1.227850403  
1.428801008  
0.5499339612  
0.5846165389  
0.1943692778  
0.1505608353  
0.185531882  
-0.204758573  
-0.3804103138  
-0.215735364  
-0.3230215961  
-0.26193492  
0.1437662582  
0.06584336574  
-0.183297329  
0.2454659841  
0.03350981493  
0.4351842453  
0.4306920805  
0.6082331998  
0.2612687534  
0.03010966113  
0.1549939063  
0.9544687462  
0.3895316774  
0.5245059524  
0.2441266529  
0.6650326055  
0.3888415377  
-0.08025640961  
-0.3737459115  
0.004203442184  
0.2048550599  
0.2446869645  
-0.2231908252  
0.1839393062  
0.131548435  
0.6864446616  
0.8076394683  
0.2504139777  
0.4671878936  
0.2098954104  
0.1948257049  
0.176230264  
-0.2210179404  
0.1336823697  
-0.1392063686  
-0.07776491919  
-0.1736464229  
-0.5050998148  
-0.2508269252  
-0.3434710932  
0.23097846  
-0.08794101556  
-0.4749318397  
-0.3849359829  
-0.08933440518  
0.2835314504  
-0.5916935525  
-0.4896984411  
-0.1498872396  
0.4844060004  
0.5247061201  
-0.3687609526  
0.005642787936  
-0.2178396543  
0.2828138178  
0.2919964836  
-0.01817875795  
-0.3500680385  
-0.6963611481  
-0.9116612206  
-0.7209631374  
-0.9880650726  
-0.8895492955  
-1.118467676  
-1.083033173  
-1.111554154  
-0.8470067833  
-0.7545394382  
-0.8709744824  
-0.4828389982  
-0.7777284359  
-0.4681921611  
-1.248476415  
-1.157538181  
-1.447708407  
-1.568376431  
-1.240567284  
-0.9953281093  
-0.9695723021  
-0.4934081299  
-0.256010525  
0.102396536  
0.691958059  
0.6053713051  
0.4952103938  
0.2952691137  
0.02167631706  
-0.2075995764  
-0.258719083  
-0.8027778229  
-1.022279992  
-1.17052516  
-1.232960148  
-1.107194028  
-1.404322467  
-1.084851902  
-1.296069954  
-0.9184761429  
-1.112678802  
-0.5621785773  
-0.5493402073  
-0.1903253589  
-0.2493684214  
-0.1492635242  
-0.298636521  
0.02840644371  
0.2704107493  
0.3708920623  
0.1191168189  
0.1983003237  
0.3898867972  
0.3768536625  
0.3660735537  
0.3803614586  
0.3070457615  
0.1642932899  
0.3752434438  
0.4753962511  
0.1630946845  
0.07954638276  
0.191218666  
0.4581006547  
0.7291335657  
0.9800063884  
1.152225782  
1.445925457  
1.27907562  
1.44312805  
1.325459806  
1.255429276  
1.331053234  
1.464650021  
1.108946804  
1.384080078  
1.345460496  
1.190494864  
1.357401708  
1.607811446  
2.157283097  
2.054840652  
1.724523301  
1.999026047  
1.696562074  
1.518889431  
1.384607072  
1.39752685  
1.129771529  
0.6374123089  
1.184887649  
0.6704038453  
0.1119094761  
0.5630788766  
0.7149429164  
0.9664534901  
0.4187154491  
0.3699630034  
0.1049863598  
0.4719791054  
0.03934244276  
-0.03247314737  
-0.3179655042  
0.07812517769  
0.3149032162  
0.4956870975  
0.582203384  
0.3586862674  
0.6650031609  
1.292786828  
1.213046254  
1.017405033  
1.106225043  
0.7533044847  
0.5029462047  
0.2240216933  
0.8657827682  
0.3422971634  
0.4888517395  
0.756496431  
1.004048939  
0.7794608245  
1.047365084  
0.8274163251  
1.468067745  
0.8833049333  
0.6236075362  
0.5399741203  
-0.1301007786  
0.137898318  
-0.7189665779  
-0.6265110806  
-0.5603953015  
-0.5243001062  
0.07510497872  
0.1752768333  
-0.1829875718  
-0.06519081048  
0.1388867753  
0.666831314  
0.1226973975  
-0.3519561189  
-0.42240571  
-0.4289611381  
-0.3966076648  
-0.666485066  
-0.7755421517  
-1.369032781  
-0.8227040169  
-0.7157580487  
-0.4785054249  
-0.5899566689  
-0.8993098346  
-0.5632611803  
-0.651633381  
-0.2215367184  
-0.03290277875  
-0.0138629825  
-0.1604414561  
0.3566733876  
0.3919017717  
0.5954717731  
0.04393379302  
0.02758266407  
0.09127510094  
0.1837798323  
0.6306647016  
0.3575032063  
0.4561248269  
0.2161281352  
0.04420458471  
1.046218104  
0.8004230254  
0.9346608526  
0.2812701942  
-0.1065929391  
1.180690882  
1.311499542  
0.7907962586  
0.5941180831  
0.7898731556  
0.6922586951  
0.5769893854  
0.8358127755  
0.7159046739  
-0.02665516233  
-0.1537265449  
0.2843478006  
0.004658084658  
0.04654326585  
0.05694385635  
-0.2928605338  
-0.01041426057  
0.4950923503  
0.4691347866  
-0.03206437678  
0.5400417493  
0.2544848494  
0.2131510574  
0.878530804  
0.6000873087  
-0.3292788709  
-0.5880833176  
-0.671191475  
-0.4663759035  
0.01468302061  
-0.3144637055  
0.008724108359  
0.3257129137  
0.5769638911  
0.6420344863  
0.2704503864  
-0.3013883044  
-0.7547061949  
-1.64827757  
-2.124514385  
-2.347124683  
-2.437769936  
-2.081761351  
-1.515079994  
-1.220200751  
-0.9216165174  
-0.2564321417  
-0.2387945929  
-0.1793375409  
0.3096596122  
0.9549822753  
0.9485884651  
0.3738039951  
1.176716958  
1.142296864  
1.858234408  
1.8749395  
1.08027596  
0.8853167168  
0.6538100961  
0.6645332059  
0.3218091797  
0.2615317362  
-0.4383284606  
-0.2275041387  
-0.6780077851  
-1.188447954  
-1.930225069  
-1.611261415  
-1.38844952  
-0.971329597  
-0.5404899127  
-0.06837322775  
-0.08578203783  
-0.3315036998  
-0.5349695442  
-0.4315841265  
-0.3572940163  
-0.4074490011  
-0.4845499396  
-0.4736939154  
-0.8958307335  
-0.5752128722  
-0.8238016957  
-0.9462709278  
-1.516115278  
-1.194687574  
-1.41636001  
-1.637579417  
-1.051246396  
-0.7354229826  
-0.7253152428  
-0.670896229  
0.3192913462  
0.9823140012  
0.5350681971  
0.4010335148  
0.7474813322  
0.8070917337  
1.127647894  
0.5603869796  
-0.00338926488  
0.05131809616  
0.3879719903  
0.2615198865  
-0.2125680465  
-0.5741162797  
-1.281450299  
-1.774563091  
-1.84191739  
-1.928420356  
-1.942024939  
-2.163056936  
-1.592485952  
-1.258727095  
-1.287910463  
-1.792868018  
-1.071428918  
-1.7966136  
-2.01262263  
-1.614856428  
-1.090906156  
-1.025260255  
-1.425891165  
-0.8801628832  
-0.5299181745  
-0.7615073679  
-0.8163304783  
-0.2252777059  
-0.05838923761  
0.6165087778  
