1.988409372  
1.075486738  
1.380609082  
0.673570424  
0.2018729998  
0.4227627951  
-0.08681557091  
0.07040163171  
0.2340110669  
0.03237693363  
0.4013341417  
-0.2995660604  
-0.4118669666  
-0.662915463  
-0.4921934825  
0.117325132  
-0.09407139795  
-0.09836411348  
-0.1677733718  
0.1783490701  
0.07680641261  
0.1582254874  
-0.05903159332  
-0.6820218214  
-0.8192929129  
-0.4502556952  
-0.4307587218  
-0.2430558252  
-1.084805929  
-0.9782780607  
-0.09184874044  
0.05721379843  
-0.2950750049  
-0.568269748  
-0.7355756459  
-0.9288339926  
-0.5615251264  
-0.9534375153  
-0.3273250902  
-0.6075310228  
0.05937197244  
-0.4254265963  
-0.7764506281  
-0.4504690852  
0.003675118595  
-0.07260963126  
0.0336733181  
0.07135822879  
-0.03149069328  
-0.214670105  
-0.2732800175  
-0.1693218904  
-0.05647230297  
0.006798183377  
-0.003987157249  
-0.03512219588  
-0.4908547108  
-0.3531445847  
-0.02158829643  
-0.3998760314  
0.05476266474  
-0.5501435782  
-0.380595416  
-0.4286641848  
-0.2261424307  
-0.1451724656  
-0.2333450603  
-0.3258345591  
-0.9259221044  
-0.4790122835  
-0.113515649  
-0.1230828602  
-0.2798283728  
-0.6436485743  
-0.7642750874  
-0.2965996673  
0.002947255817  
-0.1855972818  
0.2362125012  
0.6792211816  
-0.04473643397  
0.242734184  
0.1674988121  
0.5417915134  
0.04334857649  
-0.06497787727  
0.5952324927  
-0.339823207  
-0.1379057272  
-0.3229652175  
-0.4338585263  
-0.1235250905  
0.3292110073  
-0.2029237116  
-0.5388581009  
-0.02800192792  
0.1383707408  
0.7083090879  
0.2698619329  
0.639606044  
-0.1769362862  
0.2434118717  
0.3152143028  
0.5012220978  
-0.059588402  
-0.4393899224  
0.241882771  
0.06915125081  
0.2701454078  
0.03661068989  
-0.04530317364  
-0.203608188  
-0.2233102441  
-0.1815376604  
0.1236873143  
-0.2754114648  
-0.0259552378  
0.1351448318  
0.2634013982  
-0.03716892918  
0.06286483771  
-0.2366292728  
-0.7104079645  
-0.1268705077  
0.1888314358  
0.4986934247  
0.7128865106  
0.4070942215  
0.3333747381  
0.5166946641  
0.1184685375  
0.2868160831  
0.06663338806  
-0.308105343  
-0.6856164616  
-1.027127934  
-1.325665887  
-1.02930602  
-0.6034890906  
-0.8022144428  
-0.5552957629  
-0.6859217213  
-0.6187737395  
-0.1087649331  
-0.2145819231  
-0.1103572909  
0.1777841643  
-0.5366399184  
-0.08993768321  
-0.1309859095  
-0.5014863828  
-0.3124745267  
-0.3582145326  
-0.3687886379  
0.03102864086  
-0.2105368939  
0.1211864085  
-0.06614904057  
-0.6980413286  
-0.3263416959  
-0.4964749188  
0.06654560376  
-0.231340706  
-0.9287924413  
-0.6752466362  
-0.6985619098  
-0.8180179143  
-0.245449  
-0.6972541715  
-0.6708338737  
-0.7074123797  
-0.4688086016  
-0.4863406042  
-0.9367401983  
-0.6207639126  
-0.8843325296  
-0.2976065958  
-0.4629381812  
-0.9110866063  
-0.5715450989  
-0.6588011754  
-0.6856587995  
-0.4468453568  
-0.7315207237  
-0.6802779744  
-0.3812761611  
-0.3586951186  
-0.2107211282  
-0.2971174052  
-0.8312415673  
-0.4887737072  
-0.6989665706  
-0.5319618601  
-0.4313268857  
-1.023881606  
-0.8304487279  
-0.6388728948  
-0.7308622746  
-0.5812496239  
-0.8486444365  
-0.7341393719  
-1.029634721  
-0.6170362956  
-0.4235460218  
-1.26210703  
-0.8183928743  
-0.7372497617  
-0.5788958099  
-0.3084079094  
-0.8758218195  
-0.522809953  
-0.5272228845  
0.08650332967  
-0.4828764561  
0.2249473012  
-0.3500134953  
0.05167750797  
-0.1557264827  
-0.772947385  
-0.2785207356  
-0.3952021211  
-0.1296307089  
-0.5260000011  
-0.5693614114  
-0.3622569125  
-0.2509242914  
-0.1865009054  
-0.1932993842  
-0.04162274846  
-0.1471339961  
-0.2953653868  
-0.2606755537  
-0.07459678309  
-0.7758422594  
-0.7283499508  
-0.7140123589  
-0.5291169333  
0.2584140754  
0.1624805316  
-0.2660557152  
0.2080279227  
0.596924276  
0.453125039  
0.4220743939  
0.1148508921  
-0.08250578404  
-0.2060809702  
-0.3702889812  
-0.6694468838  
-0.3031392204  
-0.1879750805  
-0.3032566295  
-0.4603037547  
-0.2668356518  
-0.3517406736  
0.09761132357  
0.6127722463  
0.6322788158  
0.2837061369  
0.09058432494  
-0.2929344261  
-0.5299395535  
-0.5997018455  
-1.072097466  
-0.9075467222  
-1.320701245  
-1.138346142  
-0.8211410519  
-1.059928806  
-0.6893568958  
-0.3177511454  
-0.3255104767  
-0.3342293848  
-0.1493087002  
-0.62748695  
-0.7858609683  
-0.2583968897  
-0.2126847755  
-0.06324108432  
-0.7847996908  
-0.5301707836  
-0.1813100885  
-0.3231691736  
-0.4965087396  
-0.5845541814  
-0.7962568867  
-0.652867939  
-0.5969498034  
-0.2292723815  
0.1650439002  
0.3370904633  
-0.3489909241  
-0.1098952777  
-0.2021860277  
-0.08080133102  
-0.06467281732  
-0.2058490939  
-0.09535988185  
-0.5027705049  
0.1449523523  
0.3349275148  
-0.4047806403  
-0.631501109  
-0.1153944086  
-0.1780153216  
0.01930918884  
-0.002995208722  
0.2055761165  
0.3729660105  
1.135526133  
0.7062227552  
0.1937819845  
-0.07330466554  
-0.2487507778  
0.6227605702  
0.2857966956  
0.4707468015  
0.603383732  
0.2381321354  
0.2284987511  
0.5606008938  
0.4739751298  
0.1136778108  
-0.3448729046  
-0.4845069953  
-0.8901501912  
-0.800808289  
-0.7304987942  
-0.2654424608  
-0.1855423898  
-0.3093469855  
-0.2465968309  
-0.2931569973  
-0.2354925035  
0.2614432887  
-0.2989488036  
-0.1369813757  
0.09321291689  
-0.09245487326  
-0.08813760478  
-0.04847533614  
0.03027956655  
-0.05911803504  
0.112589894  
0.3005807309  
0.01325654703  
0.01905755049  
0.1456612995  
0.3270954035  
0.393375759  
0.8942816799  
0.9567904449  
0.6382844523  
0.7284444833  
0.4954547231  
0.2598938597  
0.6770881833  
-0.1275604714  
-0.1432444742  
-0.3640824406  
0.01860385601  
-0.8042177514  
-0.3954199912  
-0.1657095419  
-0.2634255593  
0.08429022187  
-0.1199416844  
-0.1582491339  
-0.2161893289  
-0.246921243  
-0.2365105991  
-0.3653616255  
-0.7872826008  
-0.6054017736  
-0.8522355526  
-0.7359095994  
-0.7833325517  
-1.048489756  
-1.010337797  
-0.93489016  
-0.2790737563  
-0.1666045902  
-0.8549285037  
-0.1031143416  
-0.4630426546  
-0.02549174507  
-0.7409438348  
-0.5546381936  
-0.6600325259  
-0.6081839274  
-0.2835918967  
-0.224705286  
-0.6532894938  
-0.1088916514  
-0.5128972525  
-0.4019558142  
0.01845463195  
-0.379344423  
-0.317411105  
-0.3654047855  
-0.1923250346  
-0.5489720739  
-0.2166906295  
-0.1318742005  
0.398569949  
0.3495139602  
0.2410952615  
0.2520970338  
0.4690441881  
0.9276286755  
0.3825290036  
0.79880333  
0.5665898232  
1.180957741  
0.3484133746  
0.5152603791  
0.3364380527  
0.06647068175  
0.858688507  
0.2490040587  
0.2332514885  
0.2638497298  
0.3528783063  
0.7917677943  
0.4174614752  
0.5373034533  
0.5731450078  
0.3845057504  
0.8870387583  
0.6198181494  
0.9116445518  
0.4986679831  
0.5866386189  
0.2256718535  
0.05484548148  
0.1401126889  
0.02371520312  
0.1115924951  
-0.03884139737  
0.03056841302  
0.01148647698  
0.06242068095  
0.3896271706  
-0.03083437254  
0.4267593573  
-0.2754406587  
-0.01507136438  
-0.01372220514  
-0.4054166912  
-0.02153927409  
0.004498786387  
0.1316466962  
0.4248699945  
0.5936038966  
0.1532227832  
0.5488668758  
0.3091307959  
0.5126712187  
0.5592126613  
0.9698268581  
0.7021124368  
0.875956072  
1.310733709  
1.331873412  
1.192040406  
0.2947258285  
0.2389204446  
-0.09535580095  
-0.02449147401  
0.3815065333  
-0.4300464011  
-0.320764547  
-0.3585248022  
0.135227495  
-0.1564531256  
0.06633792774  
0.532319851  
0.9634612095  
1.140843648  
0.234941583  
0.8380121846  
0.6582591687  
0.7101616644  
0.766402788  
0.8760126637  
-0.0112960113  
0.3517025429  
0.6107745385  
1.071119517  
1.215777269  
1.023548069  
1.290760576  
1.028607839  
0.8240052908  
0.6163090041  
0.2342372158  
0.7945749879  
0.4633228324  
0.6485280638  
0.8001264704  
0.5757298132  
0.8139820906  
1.261767777  
0.9175737015  
1.234352223  
1.33109414  
0.5490958993  
1.498670436  
0.9589503933  
1.384824398  
0.738772472  
0.4607886864  
0.4624328117  
0.142492819  
0.04829526965  
-0.1147255938  
-0.3104358646  
0.1010249239  
0.3331255278  
0.5091434499  
-0.473414691  
0.08834862899  
-0.008482467921  
0.0798359709  
0.6884230522  
0.3757117193  
-0.04156240812  
0.1506677433  
0.589361669  
0.7859905143  
1.051030497  
1.055626103  
0.8831825774  
1.647568701  
1.608101113  
1.746203629  
1.270376673  
1.270264736  
1.010534378  
1.523491234  
1.576467972  
0.5937558651  
1.212911875  
0.9798149535  
1.388465734  
0.4599022496  
0.2747859809  
0.4243997637  
0.2951849481  
-0.105073513  
-0.3358917607  
-0.1419357842  
-0.4730032067  
-0.4850883677  
-0.2996970962  
0.1504696066  
-0.6773574548  
-0.3283030988  
0.03282860759  
0.1375468278  
-0.8034387721  
-0.4336932705  
-0.9580519412  
-0.4928853596  
-0.0320039929  
-0.9480265863  
0.06784045453  
-0.4488745685  
0.2309682702  
-0.06963095132  
-0.2521049322  
0.007282412991  
0.09268452725  
0.2042051719  
0.6983753491  
-0.10197708  
-0.3047011034  
0.3244839425  
0.6550635195  
1.106491663  
0.5016840845  
1.435246535  
0.64534203  
1.118542183  
0.763602622  
1.069135543  
0.7664620674  
1.098633608  
0.8956856312  
0.6443033143  
0.6212257427  
0.5352172157  
1.308392494  
0.3114623642  
0.3655400904  
0.880738982  
1.504967428  
1.38818158  
0.7900889713  
0.864181932  
1.953924498  
1.709761397  
1.153285985  
0.7974430939  
0.828912365  
0.8031430091  
0.7898300221  
0.7635527681  
0.9997720978  
0.9596740709  
1.243930346  
1.202903304  
1.150852304  
0.9220425798  
0.8354445948  
0.9627851418  
0.8881476115  
0.9099988107  
0.6102161268  
0.5900006759  
0.5062755366  
0.4208721585  
0.8077397586  
0.6026924425  
0.7793384059  
0.4409559394  
0.151386614  
0.6037431207  
0.2595921737  
0.4197982051  
0.1010488917  
0.4020980468  
0.5806339169  
0.6830891832  
0.2192064133  
0.4598231181  
0.6833187112  
0.9217167587  
0.9528507895  
0.8999546396  
0.9752547366  
1.295851262  
1.424976206  
1.386673577  
1.139720873  
1.399779184  
1.138872581  
1.122683558  
1.281310406  
0.9375558704  
0.8001208517  
0.6038298778  
0.5491443134  
0.6528016978  
0.5265474956  
0.7087427793  
0.8006295466  
1.247050627  
1.166082801  
0.9781226169  
0.7452710676  
0.7386668572  
0.5778354076  
0.5372700195  
0.06268778903  
0.06252921019  
0.06767100805  
0.2411482233  
0.4671614018  
0.3283759812  
0.2306708237  
0.2632487242  
0.3733411255  
0.6511912748  
0.6317080692  
0.3185456586  
0.7187309054  
0.4928087724  
0.9615562862  
0.5491653653  
0.5492363452  
0.3717057165  
0.4485758312  
0.5544296098  
0.6795607367  
0.6007469894  
0.659424151  
0.4167461975  
0.7046603783  
1.106098917  
0.7059699164  
0.7196063933  
0.9835963133  
0.9920768563  
0.7311273703  
0.9726216648  
0.9349999723  
0.7049515664  
0.8996342174  
0.6263235352  
0.4689578222  
0.2155506912  
-0.1016723749  
0.2264737413  
-0.07891820738  
-0.1896975425  
0.06837248329  
0.2329840451  
-0.03646112267  
0.1047303263  
0.1133339253  
0.3663108675  
0.2287362473  
0.3368004826  
0.05815190329  
0.2613840065  
0.102803797  
-0.1893390502  
0.05436475776  
0.03904881081  
0.08434082928  
-0.007325548747  
-0.1473856363  
0.1765983599  
0.1548582956  
0.2527052639  
0.3827596618  
0.1963574853  
0.1776356293  
-0.01875234122  
0.005241685313  
0.2473593642  
-0.04408180212  
0.2538570415  
0.2808245127  
0.4946696736  
0.6133580313  
0.52708851  
0.8261980356  
1.003805924  
1.015497681  
1.305727489  
1.125201003  
1.4108999  
1.442699494  
1.854141287  
1.212187874  
1.240783595  
1.008076258  
1.01883087  
0.6944953431  
0.3963634316  
0.6099467931  
0.4714055358  
0.7050630072  
0.7143135185  
0.5543835012  
0.9254536404  
0.8302245214  
1.376636115  
1.230029251  
1.1978365  
1.445580752  
1.291151931  
1.37922496  
0.7055621818  
0.7006961279  
0.2517118823  
-0.04869889657  
0.03207793865  
-0.5491900744  
-0.2368817425  
-0.4858798176  
0.1816200091  
-0.2061353119  
-0.2759814924  
0.1709343896  
0.2739991661  
0.4812477108  
0.3597810897  
0.2306561732  
0.1297976858  
0.2346381247  
0.3319811014  
0.2305755349  
0.1496817768  
0.4189417214  
0.4008264985  
0.4526558413  
0.691985809  
0.7338476232  
0.698763828  
0.8839088767  
0.8632853886  
0.9064068647  
0.6883993069  
0.7831015611  
0.7459417022  
0.8357967729  
1.112435661  
0.7186762371  
0.3641901789  
0.5160937034  
0.2555208036  
0.5172391555  
0.2025482527  
0.05490573109  
0.08370317935  
0.05939404521  
0.3241847778  
-0.02636866583  
0.2069936301  
0.1619232247  
0.5108798426  
0.4433380503  
-0.04634700743  
0.2290415743  
0.2426554856  
0.2873187002  
0.6943977137  
0.3767775978  
0.6765724247  
0.9453393031  
0.8862072111  
1.332111154  
1.129418144  
1.173691302  
1.116233837  
0.699629304  
0.5787850838  
0.2922480058  
0.5330159567  
0.5547199609  
0.520287169  
0.5081911618  
0.6906675563  
0.5502365941  
0.7330754199  
0.8826683723  
0.95972152  
0.8799103852  
0.9848152498  
0.7596390089  
0.902848785  
1.086639732  
0.8507299091  
1.322405858  
0.6943687129  
0.6817434298  
0.4956843439  
0.6441284521  
0.3795801709  
0.1829676522  
0.2046105379  
0.1965732386  
0.237084232  
0.362489461  
-0.007187053391  
0.2285411554  
-0.008667398416  
0.05169522452  
0.02792264119  
-0.1695571254  
-0.1477746285  
-0.3539182877  
0.1378910454  
-0.2924158174  
-0.2069281478  
0.04895978361  
0.03123009719  
0.4262663058  
0.1797073082  
0.222875277  
0.6300338392  
0.2822961989  
0.57687531  
0.384891438  
0.4518463965  
0.5317186337  
0.856589155  
0.9489556416  
0.08360348477  
-0.1255640073  
-0.1634387206  
0.2937353213  
0.2585590687  
0.1565474304  
0.06565091641  
-0.1105507641  
0.1370437968  
0.03506445011  
-0.3412888818  
-0.8769645107  
-0.9706243316  
-1.310389315  
-1.231527264  
-1.407572026  
-1.361122443  
-1.57195616  
-1.631232676  
-1.457493665  
-1.196461001  
-0.9316157357  
-0.9757723971  
-0.8804617432  
-0.9112299734  
-0.967291007  
-1.248330725  
-1.103329514  
-0.8811830377  
-0.8753784412  
-0.6873744225  
-0.6773992809  
-0.7670090148  
-0.7581853479  
-0.4721230899  
-0.4199263522  
0.4791537637  
0.4075118758  
0.002649078796  
0.03902361786  
0.09665562667  
0.1819962678  
-0.3609438542  
-0.402413928  
-0.4580364044  
-0.665603535  
-0.7596883962  
-0.6507432122  
-0.7682169754  
-0.4832821394  
-0.5609690825  
-0.186135476  
-0.3286276912  
-0.2984527702  
-0.4165495418  
-0.1069694713  
-0.2225970951  
-0.4885290593  
-0.3511017528  
-0.05744698426  
-0.03598953649  
0.06636056228  
-0.01300551069  
0.1418635114  
0.203422301  
0.4095819307  
0.5108213014  
0.3207259204  
0.1076731111  
0.2944022995  
0.4580447077  
0.5594605778  
0.4974358987  
0.6546734862  
0.5945978067  
0.6377719062  
1.007479518  
0.8034450363  
0.9953414667  
1.433607871  
1.163679021  
1.401349266  
0.8665386318  
0.7702417553  
0.5738442355  
0.535480608  
0.631777536  
0.6466186789  
0.7028186145  
0.4482648463  
0.7092348036  
0.7870206558  
1.123832573  
0.8405544841  
0.82849306  
1.066479714  
0.8807166733  
1.012248307  
0.3643201513  
0.5017572542  
0.1417816545  
0.07506948136  
0.35532963  
-0.2183972222  
-0.2691764698  
-0.002898865681  
0.3048720323  
-0.05299243783  
-0.01737835926  
-0.0286373238  
0.1793634869  
0.4399698836  
0.2371777712  
0.1409107904  
-0.01784701146  
0.3110143913  
0.5866700238  
0.6844246602  
0.3496509778  
0.4038595259  
0.3212770118  
0.3984719452  
0.3359710753  
-0.08553492839  
0.2978605483  
0.4212439025  
0.1949120541  
-0.03571598164  
0.2849423659  
-0.01222161455  
-0.02238675769  
0.4566691687  
0.8712857515  
0.5137224279  
0.900678368  
1.105402635  
1.132987143  
1.043872825  
0.4562693527  
0.1881543069  
-0.19087294  
-0.2904470434  
-0.7237119035  
-0.9502347471  
-0.7438787451  
-0.890381438  
-0.1159553789  
-0.4751272606  
-0.3424495649  
-0.1478405982  
-0.3645550721  
-0.04873048896  
-0.3136262463  
-0.7759203927  
-0.6575267264  
-0.5238683001  
-0.8647847398  
-0.4498679561  
-0.6856879813  
-0.7453840929  
-0.2039845748  
-0.2989575809  
0.01483705523  
-0.002739877025  
-0.07026508799  
0.06788304258  
0.1329316882  
0.3619767676  
-0.1424399136  
-0.2513575545  
-0.4621183278  
-0.5309099861  
-0.5982237866  
-0.6654195448  
-0.8551546895  
-0.290089016  
-0.4411607407  
-0.3998497932  
0.09117462874  
-0.2613253633  
-0.2338364508  
-0.3189958809  
-0.07796127549  
0.2935633782  
-0.1720329819  
-0.3475539287  
-0.03578362111  
-0.4065970177  
-0.022183877  
-0.1209069233  
-0.4876136393  
-0.6311620723  
-0.06475334637  
-0.5764286765  
-0.7256850707  
-0.1905171303  
-0.4585230215  
-0.8326244935  
-1.231766496  
-1.101722086  
-1.86156012  
-2.102864169  
-2.28225669  
-2.146648478  
-1.689482273  
-0.9623085971  
-0.9042598351  
-1.195380133  
-1.379149815  
-1.43572864  
-1.377283384  
-1.43697691  
-1.551263542  
-2.39220276  
-2.088794631  
-2.345451946  
-1.993522715  
-1.460587837  
-1.767979149  
-1.637127257  
-1.556785845  
-1.634677513  
-1.626879979  
-1.739032375  
-1.869741693  
-1.909384214  
-2.229077621  
-2.031554191  
-1.920920517  
-1.843830354  
-1.603349652  
-1.342952725  
-0.9651458575  
-1.095749431  
-0.6606183556  
-0.9130866261  
-0.6794860906  
-0.7263721642  
0.01708668866  
-0.3828842665  
-0.5057907735  
-0.3849604499  
-0.4486432744  
-0.05379996108  
0.1341791619  
-0.2388512962  
-0.2175263837  
-0.06811629212  
-0.314459798  
0.1046161774  
-0.4132426795  
-0.5584111522  
-0.8780234004  
-1.729987388  
-1.847808556  
-2.039236368  
-1.655633411  
-1.835227491  
-2.230711659  
-2.050256828  
-2.138134245  
-2.143557494  
-2.016835434  
-2.152198313  
-2.104363033  
-1.818165857  
-1.638461756  
-1.75391099  
-1.582038903  
-1.77833393  
-1.387417627  
-1.009349051  
-0.7222963293  
-0.5475640018  
-0.6903369032  
-0.7775826683  
-0.9279142093  
-0.6627325775  
-0.6842718823  
-0.6357326816  
-0.8878502768  
-0.6626617031  
-0.6913881396  
-0.8788611952  
-1.080995458  
-1.034566612  
-0.8923292072  
-0.4520880084  
0.05566185459  
-0.5635821866  
-0.02610601277  
0.06262348804  
0.2822373964  
-0.09516701728  
-0.4254798009  
-0.7988517255  
-1.41196521  
-1.917349058  
-1.706254141  
-2.154210084  
-2.217281552  
-2.089251462  
-1.945490437  
-1.954214824  
-1.771183998  
-1.128298855  
-1.530870352  
-1.694670685  
-1.507437761  
-1.164348057  
-0.9118237264  
-0.9911570416  
-0.7137834112  
-0.7939274192  
-0.7341425998  
-0.3131848673  
0.09163582185  
-0.1212775165  
0.3119954769  
