-0.8431000921  
-1.064927636  
-0.8967305623  
-0.6747569024  
-0.9267823803  
-0.6532007835  
-1.057705193  
-0.6802093266  
-0.2246584445  
-0.4098566694  
-0.3702864459  
-0.4633612425  
-0.4070820644  
-0.132508907  
0.2276743642  
0.9048412076  
-0.2546680859  
-0.04285514552  
-0.4378901328  
-0.2958238608  
-0.7141585615  
-0.7070643044  
-1.120249314  
-0.2985367185  
-0.555633787  
-0.7288463688  
-0.3909381344  
-0.2657057036  
-0.4293439759  
-0.5727401608  
-0.3028407311  
-0.6121319368  
-0.6792798761  
-0.1121995886  
-0.1085267227  
-0.001404798258  
-0.2217772929  
0.2287849509  
0.40063172  
0.3483484835  
0.2325492039  
0.1062982669  
0.1043406134  
-0.1704404378  
-0.1357659552  
-0.32388128  
-0.1779288171  
-0.1337716922  
-0.2171040543  
-0.3920100107  
-0.6275744899  
-0.1197795299  
-0.08503981173  
-0.5692177915  
-0.07644728149  
-0.3921759267  
-0.2816191509  
-0.3598272136  
-0.2602476903  
-0.9327590163  
-0.4531051831  
-0.5361288297  
-0.2336588923  
-0.3138160201  
-0.5839638477  
-0.640867573  
-0.3842377826  
0.08934913806  
-0.2468346565  
-0.009848785147  
-0.1393773443  
-0.1983023919  
0.1129334247  
-0.120677248  
-0.4672204017  
-0.1343978092  
0.01015248984  
-0.4684100495  
-0.5706957256  
-0.5385363738  
-0.9230202273  
-0.4048696274  
-0.7057669338  
-0.6839660827  
0.1060627126  
-0.2926347036  
0.06583415795  
-0.4291809718  
-0.4942961623  
-0.2848831995  
-0.7659886223  
-1.234873306  
-0.8352622741  
-0.7231918449  
-1.012381184  
-0.4574048585  
-0.4130370638  
-0.8487867567  
-0.7587825206  
-0.2372540222  
0.411215721  
0.027722862  
0.5711847273  
0.3841995825  
-0.4070317768  
-1.053484211  
-0.7354417133  
-1.043769622  
-1.051468013  
-1.348139083  
-1.15679247  
-1.735811239  
-1.918681576  
-2.145807162  
-1.988433056  
-1.688054544  
-1.431930497  
-1.592733744  
-1.512840284  
-0.8125324587  
-0.7484946149  
-0.7755556989  
-0.8385180484  
-0.4431454169  
-0.3450506932  
-0.1619428941  
-0.2320493786  
-0.5989835495  
-0.2892031788  
-0.331933009  
0.4315048822  
-0.155741537  
-0.0354099282  
0.4607349893  
0.9644559225  
0.414371563  
0.4505096856  
0.8541386298  
0.1770407903  
0.5411627569  
0.9620503116  
0.7395952822  
0.6613108108  
0.9039196513  
0.2920698876  
0.06149548895  
0.1140473187  
0.2492000902  
-0.01147227959  
-0.08201004615  
-0.09291805714  
0.4095833348  
0.4855656401  
0.3660463702  
0.213654522  
0.3796454857  
-0.157676142  
0.3277625364  
-0.03933496538  
0.2163805056  
-0.5637756195  
0.197739685  
0.02835087811  
0.5218086471  
-0.0008802206433  
0.532372402  
0.7199058671  
0.4411890907  
0.5045785918  
0.5215309369  
0.4545707188  
0.3466021925  
-0.01589804025  
0.3922346177  
-0.4514112402  
-0.8520527108  
0.004176070969  
0.1143684109  
0.1956017433  
-0.5402470862  
-0.7774422328  
-0.9225972073  
-1.397239191  
-0.8847268326  
-0.9598587027  
-1.170146899  
-1.70307195  
-2.386218397  
-2.479329174  
-2.379558731  
-2.529878481  
-2.716057396  
-2.0968913  
-1.357425797  
-1.463849834  
-0.9487032878  
-1.270274562  
-0.03416138918  
-0.1406239991  
-0.3673029301  
0.002203642876  
-0.02352983772  
-0.2601966272  
-0.7635529794  
-0.8966045335  
-0.7151388998  
-0.5821591402  
0.3663912823  
0.2042347193  
0.7804386421  
-0.2962548133  
-0.45581056  
-0.4782108004  
-2.334920323  
0.2110463894  
-0.1884641378  
0.09846717317  
0.214370343  
-0.6451543511  
-3.038941615  
0.2941081499  
-0.6447615327  
0.2176254767  
0.2146367897  
0.6497494453  
0.2207935292  
0.5109431853  
0.6202064561  
0.8093781492  
-0.1303556434  
-0.3140616246  
0.2716868142  
-0.03173983604  
-0.3557021259  
0.3330763109  
0.3945760699  
0.1127323007  
0.6053420218  
0.2112839676  
0.317349045  
0.4122673705  
0.09473162714  
0.6230362395  
-0.2904257632  
0.3937018411  
0.2537412701  
0.3207021309  
0.1523613158  
0.3336140364  
0.0002561017676  
0.1931966247  
0.07848587911  
0.1505565478  
0.008185649731  
-0.1342767513  
0.1394947347  
0.1522076649  
-0.124855242  
-0.03162291588  
-0.4463965289  
-0.2439426656  
-0.3536574348  
-0.6829955734  
-0.5785207194  
-0.7012800463  
-0.3293096044  
-0.2298423328  
-0.4333408319  
-0.4054848757  
-0.2398560666  
-0.2716291116  
-0.2076522065  
-0.05013863155  
-0.05734155739  
-0.5488421723  
-0.01657040969  
-0.4119177534  
-0.2830875433  
-0.4507267629  
0.1823466009  
-0.1510791578  
0.0866774836  
-0.09676095699  
-0.1270277507  
-0.03064231502  
0.1746837894  
0.1367499283  
0.4538597482  
0.0930748257  
-0.1350792015  
0.3561251664  
-0.2090350904  
0.003092199381  
-0.5009400465  
-0.447966243  
-0.3772303981  
-0.3570460936  
-0.2747058233  
0.2461574426  
-0.2735428645  
0.2232582384  
-0.02332482799  
0.1783881508  
0.2126959391  
0.1669649937  
0.0147193925  
-0.200578764  
0.5845203761  
2.047187896  
2.785234413  
2.284162726  
0.4117515069  
0.9213996766  
0.7121275613  
0.7492873163  
0.4560914843  
0.3882592282  
0.2294039975  
0.4600151273  
-0.1445753836  
0.252942595  
0.02416301252  
0.1646978127  
0.02241106813  
0.3367269177  
-0.3811119051  
0.1389665973  
-0.3886644368  
0.2489880606  
0.4081259851  
0.1988200359  
0.4023126533  
0.5727952368  
1.05639557  
0.8366142547  
0.4660423245  
0.785349121  
0.8782843481  
0.6449655461  
0.9383408822  
0.3654972937  
0.9004224782  
0.8423499765  
0.824555869  
-0.09608691265  
0.3779972494  
-0.02332128521  
-0.03614784425  
0.3171650927  
-0.04110636759  
0.3690084433  
0.1576649102  
0.5390959324  
0.5426329077  
0.3590780293  
0.2161639871  
0.06129373226  
0.6001702961  
0.3652223597  
0.3509838108  
0.3518481812  
0.6715294215  
0.7441662607  
0.3853953985  
0.4409774128  
0.550548058  
1.138382773  
1.043543533  
1.183029901  
0.314267766  
0.2249681247  
-0.15502472  
-0.1509556018  
-0.1062136403  
-0.0805762243  
-0.3738988106  
0.1330784568  
-0.0793135082  
-0.0835369065  
0.1756016857  
0.2439303651  
0.2253887174  
0.07649176227  
0.1701251312  
0.2342740702  
0.8012021018  
0.7979331796  
0.5407250912  
0.5309251048  
0.2452801751  
0.7759095604  
0.2667417242  
0.327326567  
0.1656381268  
0.1551749198  
0.09717684978  
0.8407526713  
0.3260274963  
0.8502668259  
0.9094564549  
0.7119708483  
0.6052642391  
0.3132276765  
0.2586672466  
0.664929545  
0.4617541173  
0.5425264288  
-0.46487233  
-0.3451103536  
1.202074119  
1.416062392  
0.4104534028  
-0.2021135784  
1.017968215  
0.205158174  
1.040099543  
0.5815425111  
0.2844945885  
-0.5104419461  
-0.8835478296  
-1.456510812  
-1.516310965  
-1.570746592  
-1.277259019  
-0.9994600494  
-0.9764488907  
-0.8043932474  
0.09544221555  
0.05271146225  
0.04599611039  
0.2233168126  
1.066586166  
0.4452481824  
1.01364236  
0.4205334458  
1.017048377  
0.4011952574  
0.4390507813  
0.6495617633  
0.5385450678  
0.78254241  
0.8871157675  
0.9902047131  
1.377136268  
0.8833239509  
0.7599964694  
1.006785945  
1.190699687  
1.544791938  
0.5643915229  
0.9374611501  
1.135827123  
0.9782636629  
1.547216589  
1.723336165  
1.181650316  
1.643715473  
1.297393594  
0.8346126133  
0.3016017298  
0.4449677152  
0.8014676894  
0.637888653  
0.8872486539  
0.1613517683  
-0.1752846564  
0.3517722823  
0.6133920893  
0.5323145866  
0.3336607301  
0.03000941308  
-0.1065307296  
0.04584843428  
0.4109406742  
0.03776125514  
-0.2074650564  
0.1415596395  
-0.3080172796  
0.0402331278  
-0.1370804256  
-0.2445993871  
-0.4606415761  
0.02061933078  
-0.5417216153  
0.1482504277  
0.1597299062  
0.5000471279  
-0.1879453987  
-0.09822722618  
0.1931398455  
0.0005863784548  
0.4363625409  
0.633907677  
0.18913413  
0.2342132019  
0.2234043192  
0.451034049  
0.3642086072  
-0.1911743062  
0.2105895112  
-0.006907710178  
0.02478812659  
0.1296401061  
0.1910604117  
-0.08807166588  
0.2896502373  
0.1296707067  
-0.01510078059  
0.374778435  
0.03140900432  
0.3962812782  
0.1533041366  
0.01225239442  
0.03298804846  
0.4386300736  
0.5719450928  
0.2462472714  
0.5943662624  
-0.004611136238  
0.469989451  
0.5357866408  
0.6387270579  
0.6155084172  
0.18817686  
0.6991916286  
0.144048384  
0.1259825213  
0.4933924772  
0.2659441745  
0.2312583655  
0.4076052219  
0.1065738611  
0.1804375887  
0.1277154711  
-0.2052075024  
0.4563900677  
0.3068536045  
0.6961444698  
0.7259989055  
0.756591077  
0.4911416163  
0.5055709196  
0.4631945343  
-0.03801071941  
0.108363891  
0.0185354561  
0.1164341686  
0.495777309  
0.03820701427  
-0.2681974635  
0.1210632896  
0.1312482718  
-0.08711324353  
0.6429520556  
0.4685641895  
0.4374784285  
0.463391821  
0.1011203712  
-0.1813697116  
0.1093638421  
-0.1036108531  
0.08150224065  
-0.667213308  
-0.1151072862  
-0.3741797736  
0.2713237165  
-0.3092601406  
0.04118945774  
-0.3031055712  
0.1103286761  
0.4613935478  
0.4783091292  
-0.1542662046  
0.2253868879  
-0.07160880412  
0.3772576171  
0.1208814383  
0.02578695067  
-0.3201429182  
-0.4415878376  
-0.1249576324  
0.3874535639  
0.6596611413  
0.5790328825  
0.9938453705  
0.7439837045  
0.2807447975  
0.5937326519  
-0.2028503082  
-0.801778418  
-0.53682994  
-0.9472516794  
-0.9653869709  
-0.9720540766  
-0.8527602213  
-0.5185839163  
-0.8735336547  
-0.3190160593  
0.1021590395  
0.4138415483  
-0.446777621  
-0.2910671297  
-0.1502618017  
-0.05931103043  
-0.3239605368  
0.1538572312  
-0.02711343658  
0.08985033349  
-0.02267317749  
0.3254589592  
-0.004457786341  
0.1605843905  
0.08253707482  
-0.003087019041  
-0.1999873389  
-0.07216882289  
-0.0753363486  
-0.08534919149  
0.1075604782  
0.08612099275  
0.02004289607  
0.300493311  
0.2907592762  
0.3835798324  
0.4104163934  
0.2031041714  
0.2729769769  
-0.2392503626  
0.1161691644  
-0.01512125668  
0.3982579329  
0.347683652  
-0.02047394531  
0.327159601  
0.09674120716  
0.3371004997  
0.04258247279  
-0.2639542372  
-0.1275726398  
-0.09976669467  
-0.2184610301  
-0.351091706  
-0.2053038667  
-0.1851123338  
0.03806489928  
0.2596377507  
0.5693995778  
0.5611144737  
0.4615817171  
0.1843744932  
-0.3155504047  
-0.2458126022  
-0.5081534088  
-0.2618177445  
-0.3616612138  
-0.3453743448  
-0.5234883672  
-0.2361280365  
-0.1532326969  
-0.02613152399  
-0.1008357956  
0.2476797242  
-0.2731811255  
-0.04670574183  
-0.106776872  
0.09877657411  
0.1733491812  
-0.09820637332  
-0.1530344442  
-0.1116545508  
-0.09234476123  
-0.3225432702  
-0.2688706857  
-0.4067314048  
-0.6190536647  
0.08569668513  
-0.07415668377  
-0.2308961127  
0.4857506603  
0.06933308694  
0.1325943186  
-0.2321994511  
-0.1380712587  
-0.2165578573  
-0.2099331889  
-0.2048094015  
-0.2320597817  
-0.3913800303  
-0.6348763007  
-1.335384906  
-1.403388586  
-1.417122681  
-1.594057085  
-1.467605685  
-1.105444617  
-0.8741190052  
-0.7449499605  
-0.6751868447  
-0.3356410125  
-0.09043671362  
-0.1097395003  
-0.2831744818  
-0.3235034783  
-0.1488446016  
-0.08738407111  
-0.3580884227  
-0.1670363443  
-0.2342001271  
-0.1365262185  
-0.255373351  
-0.3480088717  
-0.002523290865  
0.03315985716  
-0.1572647023  
0.06827410001  
-0.3101169775  
-0.4336566677  
-0.805921163  
-0.285345368  
-0.3276420153  
-0.628456843  
-0.5039994206  
-0.4734026406  
-0.1641292919  
0.1112229392  
-0.284959842  
-0.008067352341  
-0.04822155662  
0.1580735371  
-0.06847854957  
-0.09322339646  
0.03233194215  
-0.02078741523  
-0.1911753843  
-0.0852283815  
-0.1787733303  
0.1036057394  
-0.01458847561  
-0.09408897711  
-0.1599288228  
-0.1659433191  
-0.1340593293  
-0.09811574288  
-0.07088892273  
-0.05151594627  
0.2331356232  
0.3626230463  
0.005282813897  
0.7530855224  
1.384452536  
0.5764989695  
0.2273801999  
0.1977770044  
0.100552083  
0.008333920827  
-0.3797574481  
-0.1574537641  
-0.5017704462  
-0.2453221802  
-0.6003967908  
-0.3688897901  
-0.3278151021  
0.03855949909  
-0.1762278955  
0.0827537117  
0.02012532363  
-0.122965044  
0.2384085508  
0.3093353884  
-0.2609758585  
-0.3540672044  
-0.2286190373  
-0.2866287526  
-0.1524902605  
-0.1584119934  
-0.09378733506  
-0.1445246355  
0.1100646995  
0.2081281072  
0.1033851225  
0.09906356392  
0.008995817576  
-0.305917883  
0.1870943268  
0.238679434  
-0.146390516  
-0.05877648529  
-0.1087845553  
0.05809577909  
-0.3752415747  
-0.09608349754  
0.06309239193  
-0.1170149897  
0.3374519813  
0.3273853918  
0.309632239  
0.3989761721  
0.3204278491  
0.8256466671  
0.5052092837  
0.4692700621  
0.1601345213  
0.4848930064  
0.1759423635  
0.3642355351  
0.2009179939  
0.05865304233  
0.2381092656  
0.286025269  
0.5302825655  
0.4925699047  
0.05033420906  
0.3228342694  
-0.08536828959  
0.2762430487  
0.04566173677  
-0.1000469923  
0.06900334637  
0.1142711339  
-0.05717509803  
-0.08721422213  
-0.02789717063  
-0.02245117426  
-0.09626206238  
-0.1123137859  
0.1493131535  
0.4076121072  
0.2981223707  
0.3867478467  
-0.3427031076  
0.06189360053  
-0.4060443975  
0.1295291595  
-0.7872422381  
0.5543167254  
0.5886249544  
-0.3112721325  
-0.2633239771  
0.1566811304  
0.2226810161  
-0.0476894422  
-0.1424145724  
-0.2794801239  
-0.9899604813  
-1.285706276  
-0.74524515  
-1.120629852  
-1.134676025  
-1.195472099  
-1.111719427  
-1.362541086  
-1.277731463  
-1.375318013  
-1.352235992  
-2.173206499  
-1.58255489  
-0.5897405115  
-0.385125208  
0.101324772  
0.1003380665  
0.6568862032  
0.1007142439  
0.2131592598  
0.9945308167  
0.653991817  
-0.07030652906  
-0.6733989858  
-0.404732768  
-0.552938837  
-0.9706897834  
-0.7846100882  
-0.6162687867  
-0.4882357647  
-0.6417156973  
-0.5187071853  
-0.7021661734  
-0.9495517934  
-1.014689931  
-0.8574254294  
-0.8464767384  
-0.7478410525  
-0.801874061  
-0.4356962604  
-0.2490238494  
-0.5626212543  
-0.2882542646  
0.648213588  
-0.07909977256  
0.1145892916  
-0.3521595594  
-0.2995599647  
0.1457827566  
0.9872146234  
0.8247991877  
0.4338412632  
-0.08261578975  
0.004862964064  
0.3337221507  
-0.08151395665  
0.3145413822  
-0.3404040236  
-0.4557442015  
-0.8990453261  
-1.089266255  
-1.338726738  
-1.368313828  
-1.508541364  
-1.119801253  
-1.147041602  
-1.201603146  
-1.024998264  
-0.451974717  
-0.5096352713  
-0.05051223449  
-0.1723200732  
-0.09218333971  
-0.04018756689  
0.2216541905  
-0.02908071728  
-0.2289717303  
0.205513324  
0.2139026893  
0.1957922244  
0.7445913971  
0.397001357  
-0.03939315963  
0.2879504878  
0.4331444486  
0.06354156767  
0.2448198825  
0.1872419658  
-0.2253621921  
-0.1411918479  
-0.3239245452  
0.03092283904  
-0.4339945542  
-0.2570472546  
-0.2327422137  
-0.2491614241  
0.4558516715  
0.2526831285  
0.4227358289  
0.3760941538  
0.05192940343  
0.3163650391  
0.08698130641  
-0.03334566087  
0.1159569057  
-0.03390783469  
0.1692911196  
-0.2717822743  
-0.2497110483  
0.0003554793203  
0.09907140339  
-0.1460681633  
0.2030978037  
0.2778543608  
0.3879319644  
0.1882698778  
-0.05475472614  
-0.07786204745  
0.2609908915  
0.02225907293  
0.02567616096  
0.5876188081  
0.2549081104  
0.7657370969  
0.0491268221  
0.4971626138  
0.2708726336  
0.4315581648  
0.03337928721  
0.5306791818  
0.7149516275  
0.548878901  
0.6324204436  
0.111442177  
0.03276217273  
0.5699426884  
0.1695773288  
-0.6335387391  
1.874464982  
2.501690472  
2.143320616  
3.399335575  
3.033822406  
3.176264472  
4.111540354  
3.051756444  
3.491535642  
3.193067233  
2.888232404  
1.729333917  
1.601106236  
0.4944171011  
1.222569428  
1.368513603  
1.597950835  
1.174870278  
1.471458449  
1.623872645  
2.122687959  
1.974173634  
2.486656986  
1.769520119  
1.508600176  
1.501012229  
1.675976783  
1.516042003  
1.366717938  
1.887407999  
2.685471407  
1.831008626  
1.785132477  
1.660087369  
1.148213942  
0.9048942246  
0.7586810363  
1.418818608  
2.467116589  
2.422432273  
2.292225771  
1.649299199  
1.576513409  
1.020827192  
1.116511976  
1.142304448  
1.15314004  
0.9497397937  
0.8940901933  
0.4599481497  
0.1155530016  
-0.4824742918  
-1.654500761  
-1.866470034  
-2.134725954  
-2.585575979  
-2.133370473  
-1.814186714  
-0.1780236181  
0.7878739344  
0.6310240179  
0.3019344594  
0.4103105195  
0.7117876736  
0.1035400712  
-0.2433293783  
-0.4206581123  
-0.2655523903  
-0.03968946875  
0.06827876865  
0.4289557346  
0.5561235627  
-0.04372814785  
-0.07647598971  
-0.3254574013  
-0.4542457396  
-0.4324125124  
-0.2154778701  
-0.3660783086  
-0.4590314372  
-0.5711468647  
-0.1797094191  
0.06369249209  
-0.02975844215  
-0.1536809513  
-0.1855101476  
0.01423928315  
-0.2948056766  
-0.3431593081  
-0.3915430406  
-0.3485134236  
0.2257868029  
0.3230399349  
0.4719024571  
0.1482120064  
0.2708755063  
-0.02210886016  
-0.1669526104  
0.01793750595  
-0.2716143108  
-0.4129923018  
-0.1975423833  
0.06832968746  
-0.3337373809  
-0.3726559107  
-0.2422509675  
-0.07358028023  
-0.2002424885  
-0.4003922904  
-0.1361746015  
-0.357269623  
-0.118152093  
-0.5145175267  
-0.2699693061  
-0.1931015195  
0.2251230099  
0.6491504401  
0.06526018001  
0.586311328  
0.1247813868  
-0.08286547064  
-6.962181886e-05  
0.1282699259  
0.06813560529  
0.1595040422  
0.3617006462  
0.04302383589  
0.3282320577  
0.4372412588  
0.516369852  
-0.3098386367  
-0.7457488394  
-0.004253936208  
-0.3109588218  
-0.2499355983  
-0.1948364646  
-0.09813302298  
-0.2426995526  
-0.1710929529  
-0.6801029566  
-0.7595132434  
-1.056563002  
-0.4980107173  
-0.2856637635  
-0.1376240344  
0.3066319821  
0.2031933618  
0.1198469991  
0.2700291062  
0.3820334177  
0.227610233  
-0.0369336433  
-0.299126209  
-0.1982937602  
-0.04579500587  
-0.1310913023  
-0.5211661554  
-0.2413833538  
-0.8112021755  
-0.5664728584  
-0.6477781572  
-0.6427148694  
-0.7751050212  
-0.7607281387  
-0.6931334251  
-0.3429767589  
-0.3342836269  
-0.5001424196  
-0.5361106181  
-0.3131087087  
-0.6941564693  
-0.7940221824  
-0.6530107295  
-0.2782131514  
-0.3900011805  
-0.7811285783  
-0.5629429673  
-0.6069507135  
-0.8579195816  
-0.4346380416  
-0.2572940964  
-0.5209069472  
-0.1590736466  
-0.2573215601  
-0.3908776386  
-0.5257473401  
-0.8032464374  
-0.6352700193  
-0.7122694557  
-0.1961698023  
-0.2456795715  
0.1141271598  
-0.2505768718  
-0.05396548547  
-0.3999090676  
-0.5855430404  
-0.6725052876  
-0.4810720345  
-0.6020336027  
-0.3322280733  
-0.9764482886  
-0.693175691  
-0.7856487846  
-0.4650261534  
-0.9114249868  
-0.3733201095  
-0.0988945063  
-0.1392645721  
-0.3047877456  
0.001160471531  
-0.2167785325  
-0.1436216551  
0.01345386087  
-0.3945462519  
-0.6113746529  
-0.4912423399  
-0.277826816  
-0.5300016128  
-0.5805509807  
