2448.820994  
2448.770328  
2459.123243  
2451.508189  
2454.11683  
2449.732287  
2443.951169  
2445.469823  
2458.494163  
2459.953959  
2451.289368  
2462.775708  
2461.904188  
2468.123578  
2460.758307  
2479.062707  
2458.812271  
2454.577039  
2453.982467  
2451.380624  
2451.375444  
2447.350373  
2443.377004  
2447.834081  
2453.103828  
2447.265147  
2461.336575  
2454.418656  
2453.832893  
2462.149056  
2455.117039  
2447.682811  
2450.929096  
2457.326163  
2468.201102  
2455.786195  
2458.973599  
2460.703976  
2461.9624  
2466.422309  
2466.603944  
2453.015734  
2459.617202  
2456.060009  
2460.742482  
2451.878347  
2447.803655  
2448.278454  
2449.570903  
2445.132828  
2448.004033  
2457.997735  
2447.152626  
2466.538176  
2463.685425  
2448.429756  
2458.934406  
2453.117921  
2454.684501  
2448.502667  
2451.895533  
2446.897064  
2463.993334  
2450.455728  
2439.656231  
2457.663576  
2450.142448  
2460.234604  
2461.331128  
2456.617765  
2459.061981  
2454.538627  
2462.042766  
2458.092312  
2449.635038  
2452.871867  
2447.841344  
2453.960947  
2445.333851  
2448.685125  
2442.64019  
2453.281788  
2452.358127  
2448.828923  
2459.812128  
2461.250093  
2472.168906  
2461.920282  
2462.804025  
2449.258063  
2455.22682  
2446.026441  
2448.750539  
2450.623323  
2445.596063  
2452.134673  
2454.6936  
2449.082598  
2441.352997  
2453.801641  
2460.215692  
2479.482543  
2477.234244  
2483.056805  
2458.3585  
2452.70246  
2445.617043  
2451.906327  
2438.498116  
2438.419626  
2425.683624  
2429.455408  
2420.243509  
2430.409288  
2420.577476  
2422.599076  
2434.67733  
2436.361634  
2434.060104  
2439.815884  
2446.967665  
2444.899506  
2451.475154  
2444.001942  
2460.323543  
2456.3791  
2449.551053  
2464.877988  
2468.589467  
2467.806773  
2479.093235  
2481.142673  
2466.765519  
2478.401083  
2477.518763  
2477.469317  
2466.796992  
2464.05458  
2475.252579  
2468.978371  
2486.254272  
2478.509794  
2475.707114  
2461.501676  
2467.372748  
2463.71985  
2466.759202  
2463.29854  
2465.360035  
2467.496625  
2460.492659  
2465.662469  
2470.696656  
2457.83904  
2453.123289  
2471.200485  
2459.338476  
2464.464043  
2459.860276  
2467.713772  
2448.866684  
2463.971544  
2460.998613  
2469.180428  
2471.411107  
2465.855855  
2479.577598  
2480.750975  
2472.431385  
2459.498283  
2474.145717  
2463.443311  
2464.343663  
2443.297117  
2432.000049  
2419.589691  
2447.465565  
2464.871345  
2461.103711  
2451.510438  
2447.945337  
2434.122426  
2442.305872  
2429.325466  
2436.098465  
2441.243447  
2424.672853  
2420.189303  
2407.212863  
2408.925178  
2409.636641  
2427.848472  
2420.472975  
2415.148287  
2430.985056  
2434.922807  
2428.450827  
2450.369654  
2449.931567  
2454.331131  
2453.481354  
2455.591751  
2472.694159  
2449.686749  
2455.162371  
2447.541393  
2445.313703  
2472.225301  
2472.754924  
2486.332727  
2461.313845  
2460.053443  
2505.73631  
2490.890453  
2473.31935  
2471.569197  
2479.063478  
2470.41102  
2455.469004  
2445.805075  
2467.664889  
2441.864518  
2473.48992  
2474.75323  
2479.111054  
2479.03358  
2479.686882  
2465.666178  
2462.315921  
2460.347776  
2471.15732  
2453.989908  
2462.252994  
2470.958652  
2471.02373  
2479.711779  
2480.454352  
2467.014016  
2468.352574  
2476.840681  
2480.118449  
2476.647359  
2479.282355  
2456.733793  
2473.932454  
2477.938548  
2468.941152  
2468.717721  
2479.573826  
2481.889722  
2472.034153  
2480.802512  
2479.461607  
2472.542996  
2479.217634  
2479.391054  
2477.23011  
2470.750472  
2469.711078  
2466.995437  
2463.58657  
2465.806738  
2457.523358  
2457.427034  
2459.718578  
2452.762211  
2466.417349  
2463.579898  
2462.308777  
2475.479773  
2459.833193  
2466.181612  
2462.532105  
2471.407175  
2478.582561  
2470.949127  
2467.544719  
2464.473638  
2458.257434  
2468.490528  
2467.729547  
2460.163385  
2453.171347  
2460.47473  
2475.821741  
2467.010763  
2468.435249  
2469.907687  
2466.295308  
2464.00155  
2457.979392  
2456.908895  
2453.469191  
2451.353455  
2445.319276  
2461.488098  
2454.877229  
2461.768147  
2452.408583  
2458.402097  
2464.302788  
2469.569129  
2464.01247  
2459.271582  
2462.760664  
2474.405231  
2456.078442  
2432.838773  
2437.384391  
2427.179166  
2437.719549  
2467.925566  
2462.3244  
2458.92217  
2460.361555  
2470.236278  
2471.484865  
2465.210761  
2465.603769  
2442.063476  
2456.126049  
2456.123549  
2462.511571  
2447.355394  
2448.07949  
2454.311042  
2452.179801  
2456.48229  
2456.773969  
2454.206756  
2455.935093  
2465.515041  
2470.732775  
2474.908334  
2475.13828  
2473.473528  
2463.039699  
2475.415887  
2466.03014  
2464.215978  
2471.718572  
2483.966376  
2470.027817  
2463.80969  
2452.40513  
2453.889659  
2460.113756  
2458.783958  
2448.931792  
2453.664653  
2449.347217  
2455.008364  
2470.153411  
2449.724867  
2453.433758  
2467.3182  
2460.188324  
2465.257797  
2465.798844  
2450.437433  
2458.450985  
2466.155492  
2470.001638  
2458.747423  
2466.956969  
2465.96393  
2470.05614  
2477.336488  
2471.477733  
2471.581281  
2459.466682  
2448.592804  
2456.231933  
2451.32792  
2462.402333  
2460.014221  
2450.757263  
2446.302076  
2445.078816  
2451.876627  
2456.180686  
2455.35648  
2458.002829  
2461.762506  
2471.248161  
2465.983374  
2464.517167  
2467.779764  
2475.877452  
2468.476337  
2456.457089  
2455.526078  
2453.167906  
2462.567701  
2456.260806  
2469.35317  
2467.127951  
2461.403701  
2471.369149  
2470.959105  
2473.533858  
2478.041589  
2481.11708  
2455.478334  
2480.437074  
2454.114299  
2461.141152  
2452.461314  
2419.170861  
2468.45085  
2491.627366  
2469.740053  
2459.464056  
2476.805964  
2471.575844  
2478.319685  
2472.503544  
2462.543741  
2444.740805  
2431.738154  
2427.993945  
2416.275432  
2414.49095  
2424.211311  
2415.12557  
2431.153855  
2444.464205  
2443.339216  
2447.048562  
2463.017602  
2463.831125  
2464.882636  
2472.282797  
2464.784061  
2470.150845  
2462.572149  
2479.112901  
2470.878611  
2469.861631  
2476.112783  
2453.055533  
2476.451741  
2481.400513  
2471.982997  
2477.647247  
2471.943485  
2476.34375  
2482.5837  
2476.728335  
2467.730604  
2475.411972  
2479.118719  
2462.749418  
2454.988561  
2445.739791  
2447.32905  
2446.905101  
2452.434439  
2466.81701  
2457.95008  
2453.108224  
2456.562071  
2446.169034  
2450.736916  
2451.053628  
2449.342102  
2445.142986  
2464.731138  
2477.996806  
2457.857819  
2448.787122  
2451.797429  
2443.935411  
2446.761266  
2455.420635  
2448.003794  
2447.664096  
2439.460216  
2435.308398  
2433.838655  
2439.092669  
2442.61194  
2440.791771  
2450.584223  
2451.677607  
2462.29765  
2467.561048  
2447.457453  
2448.390241  
2456.557869  
2457.449782  
2458.939919  
2460.568707  
2455.915512  
2456.643542  
2454.51912  
2461.439693  
2457.773021  
2455.219088  
2456.39899  
2460.834667  
2454.992176  
2453.649082  
2451.497634  
2450.377656  
2465.019022  
2450.90601  
2450.040965  
2455.625539  
2451.93113  
2447.449375  
2466.177627  
2458.433592  
2443.750423  
2447.959303  
2459.066343  
2442.343902  
2449.477003  
2444.394701  
2457.240713  
2452.070143  
2468.375411  
2464.353984  
2458.965273  
2454.666725  
2456.317149  
2461.019701  
2458.960328  
2446.672768  
2449.763039  
2451.529857  
2460.017017  
2459.16955  
2457.455252  
2452.288892  
2451.25762  
2456.575416  
2458.980678  
2457.908695  
2470.552099  
2461.920707  
2460.610884  
2463.719141  
2459.810644  
2451.901637  
2448.755026  
2462.237747  
2451.893444  
2448.538618  
2450.743174  
2457.605942  
2458.199998  
2464.090933  
2461.831932  
2461.12858  
2470.489906  
2465.154993  
2455.152027  
2446.626721  
2451.090875  
2453.853353  
2453.661375  
2451.36338  
2448.977659  
2459.573947  
2458.825697  
2449.104076  
2453.398861  
2437.485048  
2462.602688  
2463.772706  
2461.702565  
2463.033473  
2459.103272  
2464.939652  
2451.639908  
2451.429178  
2456.172983  
2435.78086  
2436.179036  
2443.611435  
2473.273549  
2459.38282  
2469.736994  
2461.408459  
2472.461565  
2460.403316  
2457.705581  
2458.282634  
2437.321453  
2437.935449  
2431.814231  
2428.540258  
2432.413364  
2439.149435  
2435.693604  
2444.137137  
2447.66916  
2461.249187  
2465.112991  
