2922.917909  
2927.989096  
2926.76416  
2918.871095  
2917.227306  
2924.334959  
2922.185468  
2924.622504  
2921.567545  
2928.20033  
2927.804614  
2929.459828  
2928.001496  
2925.462231  
2933.110698  
2934.938769  
2932.94068  
2933.323977  
2932.793316  
2939.899733  
2937.871379  
2933.230918  
2930.574247  
2929.556494  
2928.743321  
2925.445422  
2929.186666  
2928.75222  
2918.899372  
2923.758114  
2922.112614  
2927.473121  
2920.534422  
2921.15537  
2922.789534  
2927.910186  
2927.13126  
2926.764729  
2915.681533  
2921.132701  
2925.207905  
2908.507355  
2914.316548  
2912.473775  
2918.271694  
2925.437848  
2928.384793  
2930.625018  
2933.119814  
2931.612762  
2934.306991  
2928.79744  
2927.035163  
2921.705839  
2919.566624  
2920.190103  
2915.815126  
2911.446668  
2913.740732  
2916.314735  
2918.913344  
2916.867358  
2919.252584  
2920.548681  
2920.231488  
2921.912663  
2929.239824  
2925.550735  
2924.200335  
2923.890774  
2932.719994  
2922.718692  
2919.902191  
2927.649984  
2919.307728  
2909.325966  
2911.057068  
2910.504015  
2915.269023  
2919.690864  
2919.841594  
2917.519156  
2920.126792  
2917.043345  
2923.220746  
2920.28345  
2923.42018  
2914.859353  
2910.69204  
2909.837703  
2902.272729  
2896.5389  
2898.087512  
2903.071991  
2905.813089  
2907.856802  
2907.28689  
2919.305811  
2923.111566  
2929.616152  
2923.173185  
2927.604326  
2923.662722  
2918.030727  
2913.831959  
2915.679514  
2914.138047  
2924.119812  
2915.8698  
2913.773281  
2914.871333  
2912.34095  
2913.103267  
2916.150801  
2920.217643  
2914.037406  
2917.214111  
2914.692748  
2917.191899  
2915.433527  
2913.17036  
2916.431962  
2917.472665  
2914.228901  
2918.823319  
2917.885493  
2921.280027  
2924.583154  
2919.069918  
2919.258251  
2907.913422  
2919.332785  
2917.600538  
2923.999422  
2921.24738  
2912.523353  
2918.140809  
2913.054911  
2914.487349  
2918.621709  
2908.681729  
2910.709047  
2913.607301  
2916.024082  
2917.646964  
2916.997497  
2920.045241  
2921.585283  
2939.75601  
2958.674265  
2938.239558  
2927.026286  
2923.117551  
2926.764175  
2923.339467  
2924.515051  
2921.314362  
2914.06522  
2915.704225  
2908.280299  
2916.017967  
2923.280453  
2922.08882  
2926.350248  
2926.38785  
2920.570932  
2919.880441  
2925.386382  
2929.20094  
2921.985843  
2920.522133  
2918.309652  
2916.661016  
2915.537404  
2909.625232  
2913.100424  
2915.582732  
2913.014453  
2917.114098  
2914.782912  
2919.249982  
2914.727975  
2915.107566  
2921.403311  
2922.03518  
2918.359956  
2915.911216  
2915.284531  
2918.639684  
2913.94567  
2917.949103  
2917.761437  
2916.364012  
2922.539691  
2919.830322  
2925.131725  
2927.279316  
2924.749671  
2928.410316  
2929.159335  
2931.635078  
2927.331183  
2924.578148  
2928.685581  
2927.317029  
2922.655429  
2925.623962  
2925.368717  
2922.643598  
2921.772315  
2919.772855  
2918.992191  
2919.25068  
2917.985766  
2917.87793  
2915.595728  
2922.617419  
2926.075306  
2919.913099  
2924.159735  
2923.243981  
2913.509137  
2926.770511  
2918.632978  
2923.16174  
2926.255732  
2925.09456  
2933.622756  
2928.08025  
2919.168562  
2932.580144  
2923.520637  
2930.696232  
2902.610298  
2922.365721  
2936.189505  
2925.542243  
2928.652839  
2928.784895  
2933.461771  
2925.135189  
2931.285906  
2924.055831  
2916.286764  
2901.832546  
2906.961714  
2913.647851  
2919.822174  
2916.029609  
2909.489943  
2910.86397  
2918.16917  
2902.30059  
2902.602271  
2889.074504  
2889.10899  
2909.261921  
2919.076549  
2918.339996  
2914.037176  
2923.746319  
2909.51193  
2914.739764  
2950.397497  
2938.479922  
2925.513785  
2912.527951  
2908.891019  
2912.988757  
2916.181709  
2910.521294  
2912.298521  
2909.943924  
2911.996722  
2912.422502  
2907.092806  
2904.156163  
2906.337436  
2907.421821  
2910.718603  
2903.659251  
2901.520611  
2907.206775  
2904.409399  
2913.580197  
2906.655171  
2925.600123  
2930.274356  
2918.352769  
2913.204458  
2917.130107  
2919.853034  
2924.523412  
2928.484435  
2921.145817  
2924.742432  
2922.261293  
2926.272939  
2924.591241  
2918.21086  
2915.520505  
2915.927344  
2908.848908  
2904.045513  
2906.543262  
2907.066858  
2899.830326  
2900.751692  
2903.007552  
2907.4818  
2910.833669  
2913.156298  
2917.97235  
2918.949271  
2918.613827  
2923.017951  
2922.266528  
2916.444854  
2914.742629  
2923.279591  
2925.66251  
2926.090777  
2932.231313  
2933.899159  
2925.998482  
2933.500716  
2929.362427  
2932.040741  
2930.846132  
2924.765068  
2922.181759  
2921.260004  
2918.217728  
2919.690378  
2920.890223  
2909.862488  
2911.114654  
2908.76828  
2923.121435  
2920.703793  
2923.742049  
2925.805837  
2925.000594  
2924.29753  
2929.006665  
2924.499313  
2923.263528  
2915.81942  
2921.301871  
2921.175492  
2908.994143  
2911.984455  
2917.195689  
2920.110503  
2917.492372  
2922.552212  
2927.674338  
2919.855596  
2921.368726  
2921.53799  
2920.193898  
2914.357396  
2916.922314  
2917.433396  
2939.999409  
2934.172675  
2921.991186  
2917.224288  
2914.855894  
2916.556687  
2924.72078  
2920.722168  
2929.733192  
2919.346707  
2936.480435  
2936.215515  
2929.339404  
2920.209569  
2925.437555  
2920.451725  
2921.325367  
2956.786728  
2978.175611  
2969.350258  
2994.100886  
2989.074944  
2990.222048  
3005.037802  
2991.545753  
2992.956245  
2987.401746  
2984.48772  
2961.249019  
2966.066155  
2935.869582  
2949.716374  
2945.69387  
2948.375974  
2949.230993  
2954.034142  
2960.179674  
2956.631342  
2958.425895  
2958.198278  
2949.150237  
2955.079094  
2951.461356  
2953.700444  
2958.424406  
2960.122997  
2981.407885  
2983.757651  
2971.677758  
2970.351203  
2968.00556  
2949.166857  
2942.203538  
2933.671665  
2944.23553  
2952.589297  
2955.781181  
2960.745356  
2959.310141  
2965.212501  
2954.024701  
2945.858977  
2948.928258  
2949.34103  
2950.345112  
2947.38881  
2939.248012  
2934.637666  
2916.448086  
2881.0648  
2896.232352  
2882.863153  
2875.06371  
2878.257618  
2895.057146  
2922.849368  
2942.934789  
2942.318959  
2938.754987  
2930.561006  
2936.148456  
2935.374369  
2937.107682  
2937.47667  
2931.021164  
2934.434602  
2936.902061  
2933.411723  
2933.25486  
2930.062267  
2930.559881  
2925.616347  
2926.461409  
2921.139031  
2931.344545  
2926.262307  
2924.286897  
2924.372712  
2930.070667  
2930.957769  
2925.187245  
2924.372598  
2922.05146  
2921.676397  
2927.318032  
2923.942705  
2923.734498  
2924.507852  
2937.801628  
2941.448351  
2943.069267  
2942.727857  
2941.938842  
2953.495206  
2948.941884  
2947.505414  
2936.970982  
2943.346452  
2941.550188  
2936.299486  
2939.362561  
2928.340357  
2938.240858  
2932.389852  
2930.229126  
2928.081178  
2919.145224  
2919.406033  
2918.372375  
2928.590724  
2930.212662  
2930.893322  
2927.992776  
2937.662589  
2924.790217  
2929.907184  
2926.462864  
2930.265176  
2924.582247  
2926.897467  
2928.857416  
2935.014194  
2937.967979  
2920.353465  
2931.175728  
2925.055682  
2927.215278  
2906.733578  
2900.411647  
2921.623528  
2916.458734  
2913.634179  
2914.232825  
2915.935901  
2923.509963  
2920.612958  
2914.491204  
2908.34698  
2914.921993  
2916.13278  
2931.185674  
2935.611044  
2930.429714  
2929.28658  
2922.377699  
2926.094535  
2931.451328  
2924.288928  
2918.157369  
2914.378002  
2915.216908  
2924.53059  
2919.407898  
2923.794342  
2915.150813  
2910.475581  
2909.947197  
2914.189223  
2917.658047  
2914.722383  
2911.497535  
2913.566605  
2913.205608  
2912.618287  
2919.699024  
2922.008695  
2916.119871  
2919.258082  
2907.487084  
2917.058319  
2915.155247  
2916.343043  
2910.49248  
2913.690409  
2913.940972  
2921.166086  
2924.008986  
2924.153498  
2925.130451  
2924.809321  
2923.433672  
2922.866252  
2919.328056  
2922.940565  
2914.059862  
2918.504567  
2918.512993  
2924.746796  
2928.225809  
2923.570539  
2925.700428  
2920.297525  
2923.098548  
2929.542521  
2922.284748  
2926.173748  
2918.226636  
2915.569826  
2911.944356  
2910.694704  
2916.759878  
2914.081555  
2919.552057  
2923.943746  
2924.647494  
2922.894172  
2927.631857  
2925.221192  
2924.57075  
2932.907622  
2927.772249  
2920.703597  
2920.186474  
2919.304658  
2911.739958  
2919.656122  
