0.2076584714  
-0.2004642841  
-0.4392649449  
-0.4833889206  
-0.5836664867  
-0.3799353829  
-0.5191277878  
-0.72399508  
-0.8254416283  
-0.07358643353  
-0.1852279012  
-0.4548398733  
0.1501677106  
0.08161148761  
0.5390424597  
2.127586401  
1.251117381  
-0.146619292  
-0.1531215755  
0.0111648193  
-0.3341241603  
-0.3610899229  
-0.4976693665  
-0.3647416774  
-0.3611529507  
-0.4355996344  
-0.3634787898  
-0.2322936208  
0.1332160536  
-0.3015476862  
-0.4960186321  
-0.5463828027  
-0.4990627798  
-0.1564632955  
-0.4675122501  
-0.5464996206  
-0.6658461478  
-0.5159878521  
-0.1464892323  
-0.502219131  
-0.5713134055  
-0.7546072697  
-0.7825784376  
-0.6848915126  
-0.7587744529  
-0.8568639185  
-0.8906236797  
-1.033351242  
-1.096788629  
-1.142069346  
-1.06581698  
-0.8712837407  
-0.7920946264  
-0.738404742  
-1.010320529  
-1.018222559  
-0.7775407936  
-0.9933214772  
-1.009782958  
-1.191944754  
-0.9978657861  
-0.9986042372  
-0.7199170403  
-1.270648366  
-1.083533325  
-0.9967687256  
-1.246302641  
-0.9740510177  
-0.8285690169  
-0.9976675625  
-0.6535698641  
-0.9406346755  
-0.5814489131  
-0.4958316736  
-0.5343555795  
-0.5969096235  
-0.7265888052  
-0.6943416658  
-1.048172742  
-0.8719324189  
-0.9340994661  
-0.9439045807  
-0.84201808  
-0.6569063311  
-0.5570796469  
-0.3258597109  
-0.4877843602  
-0.6557161073  
-0.7484339928  
-0.782894296  
-0.8641869516  
-1.304493177  
-0.78108577  
-0.8890389182  
-0.9068520123  
-0.7246940464  
-0.7117941946  
-0.6028015354  
-0.9528903354  
-0.5339651545  
0.3125049677  
0.0932648113  
0.6662460012  
0.8878815359  
-0.02739335879  
-0.3122011751  
-0.4942731923  
-0.6844092676  
-0.9406698643  
-0.7126084623  
-1.097371029  
-1.164388912  
-1.430304815  
-1.583990122  
-1.445462101  
-1.52653178  
-1.094529248  
-0.7609639077  
-1.134333272  
-1.112175711  
-1.189964798  
-1.133396692  
-1.047118349  
-0.7071188174  
-0.9128880105  
-0.7448324658  
-0.8915115809  
-0.4425765637  
-0.1003693367  
0.4821531389  
0.2402045339  
0.7329426209  
0.4146463097  
0.880875154  
0.8949498064  
1.131846483  
0.7799919953  
0.9852688332  
1.301423071  
1.025723039  
1.446443908  
1.088190835  
1.042297408  
0.8945740061  
0.6694064601  
0.8322154009  
0.4547069525  
0.4477626774  
0.5556413078  
0.5626843304  
0.4453914256  
0.8687980064  
0.9039741968  
0.9063632538  
1.021117033  
1.093243342  
0.7427635289  
1.067120009  
0.8369831488  
1.012619772  
0.3322731101  
0.8613990576  
1.124835824  
1.550528826  
1.592924672  
1.412994802  
1.526279604  
1.657431732  
2.055279521  
1.536848488  
1.149578332  
0.7697949924  
0.7506058974  
1.157886446  
0.4557529245  
-1.066125839  
-0.839382927  
0.1323813874  
0.668081198  
0.2226504366  
0.1949423354  
-0.1007059199  
0.1157883487  
-0.09017252422  
-0.5634406146  
-0.8766336648  
-1.168859845  
-1.850415112  
-1.972605759  
-2.107393299  
-2.266460864  
-2.038583034  
-2.406481077  
-2.057416482  
-1.997709341  
-1.59461114  
-1.77182531  
0.03258471486  
0.2726296907  
-0.5633927684  
0.07426982052  
1.107363616  
1.023972604  
-0.4504258001  
-0.3442613288  
-0.2313668873  
-0.7508418885  
0.6359087783  
0.4014529775  
1.070249295  
0.7176499729  
0.986558874  
0.7307093524  
0.1781143987  
0.1794912712  
0.1445205634  
0.5427033799  
0.6138003535  
1.707593279  
-0.1180589895  
2.107450389  
1.606998082  
1.861499057  
2.348303391  
2.367958748  
2.072014116  
1.88175002  
1.649616168  
1.59440495  
1.254298084  
1.070433129  
0.875641459  
0.7349392515  
0.6840669354  
0.8404797884  
1.089911135  
1.099589948  
0.884370443  
0.73083526  
1.143776334  
1.571969228  
0.8738487078  
0.7226116936  
0.4645311581  
0.4840635137  
0.5166664514  
0.6766614451  
0.4576966297  
0.4969964379  
0.63752144  
0.7640354905  
0.9383761331  
0.9950475188  
0.5441904305  
0.8252672707  
0.6823337335  
0.3481965949  
0.4930700641  
0.2126609221  
-0.02721312658  
0.1071249708  
-0.1192429956  
-0.1814209168  
-0.1927941708  
-0.3651918738  
-0.2839406542  
-0.2237986459  
0.034461318  
-0.04451208796  
-0.1501066883  
0.02159301394  
0.02803536127  
0.1176566935  
-0.04543512882  
0.1172120273  
-0.1009220951  
0.0343050435  
0.1965830442  
0.1805687799  
0.1047241237  
0.372406757  
0.348805879  
0.5002644248  
0.1952448418  
0.5129484676  
0.7179768977  
0.593275787  
0.2748487432  
0.01550810358  
0.004614522175  
0.1879936996  
-0.03392466293  
-0.1029627651  
-0.08817675876  
-0.2284013621  
-0.4720294463  
-0.3997043155  
-0.4397934658  
-0.2070278005  
-0.5756589832  
-0.2085874151  
-0.2049676672  
-0.01433168728  
-0.02771253571  
0.2141630342  
0.05323256484  
-0.2527586571  
0.1439559202  
0.5433118993  
0.2334312526  
0.4626892826  
0.7697343704  
0.4388831139  
0.5083912326  
0.3833836305  
0.7930718817  
0.6549881693  
0.3137675805  
0.1909542189  
0.08664569877  
-0.05373896857  
0.06361165825  
-0.2461319517  
-0.4831623452  
-0.01624900765  
0.1358812086  
0.02910307269  
-0.03532512575  
0.003477198493  
0.07561583684  
0.1710084082  
0.2291465421  
0.474514857  
0.4133882184  
0.3920731305  
0.2835801463  
0.3460443211  
0.2997949497  
0.7189453025  
0.8207847535  
0.7133621989  
0.7256924745  
0.3777669681  
0.5250577696  
0.3461909838  
0.1555110884  
0.242988374  
-0.1457540657  
0.01894999092  
0.01545684476  
-0.1069804148  
-0.1124727718  
-0.02832237613  
0.1376616762  
-0.1962707953  
-0.04047768602  
0.1287290931  
0.2170470705  
0.3518865938  
0.3577204157  
-0.05863548417  
0.1836058015  
0.4036449427  
0.4067695315  
0.7932497886  
1.208177856  
1.244188263  
1.76688958  
1.421338538  
0.8387522392  
0.2568778015  
-0.124214377  
-0.2028338081  
-0.2813013387  
-0.3007391478  
-0.3271332684  
-0.2408070596  
-0.7045334239  
-0.6214136068  
-0.3818799999  
-0.1793485544  
-0.1904655764  
0.01470589923  
-0.05506327093  
0.2094514837  
0.2109297218  
0.4009317542  
0.02711040378  
0.2707652974  
0.09804603283  
0.2488821931  
0.1134657201  
0.08417639196  
0.04085821363  
0.1439504363  
0.3149226867  
0.4797250864  
0.2686398251  
0.3811194658  
0.4225284992  
0.6618285392  
0.9750391558  
0.5793926411  
0.165717698  
0.5768667268  
0.3434952105  
0.6803426646  
0.2856775857  
-0.6223324996  
0.7847052875  
1.649499747  
2.257425994  
0.9629607782  
1.118047753  
0.8522959017  
0.9591186198  
0.4322397043  
0.1994006172  
-0.3617416419  
-0.6220112403  
-1.32012891  
-1.770080566  
-1.866751122  
-1.659886116  
-1.561122323  
-1.243022297  
-1.056764805  
-0.7929771019  
-0.6364494201  
-0.4209069279  
0.1891747461  
0.1060944073  
0.2671500972  
0.2564055785  
0.5385755072  
0.4305462984  
0.5534359305  
0.2806361678  
0.7352508567  
0.4151117912  
0.5948966671  
0.7625086429  
0.5993838424  
1.184904096  
1.237719452  
0.8211730724  
0.9745651567  
0.9153920943  
1.308067285  
0.685102498  
1.031410933  
0.7023128166  
0.655875109  
1.045556663  
0.4983080883  
0.2332824798  
0.1986014502  
0.5930272846  
0.9389916653  
0.1457614652  
0.2323604466  
0.3438358356  
0.4595278737  
0.2040948073  
0.0943003811  
-0.2540555624  
-0.1245685712  
0.2434871775  
0.1893046736  
0.1897220649  
-0.1591383562  
-0.2327143229  
-0.4035467398  
-0.2362598091  
0.05496432474  
-0.007022459326  
0.06462397978  
-0.3200380856  
-0.476501218  
-0.4435144458  
-0.6357938913  
-0.7520272416  
-0.5494868137  
-0.8019561329  
-0.8090635667  
-0.7991283463  
-0.6925105845  
-0.9125097178  
-0.9326681511  
-0.8637848954  
-0.5759531667  
-0.3888705619  
-0.2936793362  
-0.2864758566  
-0.2858871964  
-0.03389872694  
0.2849822327  
0.1836808299  
-0.06576951077  
-0.1841912724  
-0.2619386406  
-0.337192619  
-0.4031019662  
-0.6292282037  
-0.4608380155  
-0.3777373412  
-0.494404091  
-0.2720525248  
-0.1174504579  
-0.5035262001  
-0.4071289468  
-0.2623626208  
-0.3625773326  
-0.8654268045  
-0.3596178621  
-0.34551198  
-0.2196547655  
0.1593415698  
-0.3756612444  
-0.03833125312  
0.1562291226  
0.3147099263  
0.2245441995  
-0.02629291052  
-0.1953691582  
0.1160901112  
0.2017271644  
0.2206839858  
-0.03600092876  
-0.2586531161  
-0.1381524742  
-0.5684772984  
-0.2647693289  
-0.5368888205  
-0.5913871935  
-0.1563778277  
-0.3721871233  
0.04116410998  
0.1960446344  
0.3754848496  
0.3734822414  
0.5353966673  
0.04218639453  
-0.04839809322  
-0.09177305542  
-0.2532899445  
-0.3360053232  
0.04817408812  
-0.1706075875  
-0.6787340732  
-0.7921777102  
-0.4640559751  
0.03348258459  
0.08058820043  
0.2217430443  
0.2631020388  
0.2065691043  
0.02670039796  
-0.01180486187  
0.1265583717  
-0.11442202  
-0.2390342046  
-0.3224398879  
-0.4067737447  
-0.2981303723  
0.05920823213  
-0.2530371514  
-0.1193449886  
-0.2002258247  
0.1714519343  
0.2101302695  
0.3281401314  
0.05459377643  
-0.4395716325  
-0.1902940664  
-0.3624198093  
-0.5002956907  
-0.3460279  
-0.4380030103  
-0.268244229  
0.3448832584  
0.3803892271  
0.6307411397  
1.459401269  
1.129160066  
0.608904119  
0.4497396467  
0.2595140794  
-0.236464102  
-0.6913314777  
-0.6530945538  
-1.273969608  
-1.368471316  
-1.252762251  
-1.573311384  
-1.429673464  
-1.422293368  
-0.9665717932  
-0.4866791436  
-0.07232663491  
-0.2638342331  
-0.3780866562  
-0.4117292209  
-0.5195232578  
-0.4217266935  
-0.4356052886  
-0.3757771674  
-0.4148890195  
-0.4219873847  
-0.3533488437  
-0.4178942574  
-0.3710983029  
-0.4179261543  
-0.5391623776  
-0.4040458917  
-0.4738758717  
-0.4806991501  
-0.4792136806  
-0.4198650127  
-0.372761913  
-0.3779804944  
-0.4828819025  
-0.5063718594  
-0.4779504101  
-0.4761836887  
-0.4913521325  
-0.5174323715  
-0.5812039523  
-0.6862782896  
-0.5385751269  
-0.425269388  
-0.3273731488  
-0.5283160233  
-0.4821220832  
-0.3454047551  
-0.2879163444  
-0.2815250432  
-0.4235636882  
-0.3623606174  
-0.3670671754  
-0.2482287078  
-0.3934853385  
-0.2784844922  
-0.1948649894  
-0.0124597546  
0.1315243142  
0.05621557632  
0.1171861113  
-0.007240434973  
-0.08162803641  
-0.1952029497  
-0.2678767844  
-0.5048820051  
-0.439799751  
-0.5741981254  
-0.3866777823  
-0.4586624243  
-0.5107308347  
-0.3984191071  
-0.5192508277  
-0.3821538588  
-0.2860877547  
-0.3973703251  
-0.5179185971  
-0.2126091205  
-0.1823358434  
-0.2184152989  
-0.369340256  
-0.3743237914  
-0.4899205653  
-0.4575371399  
-0.3901750821  
-0.3180416105  
-0.1983635336  
-0.3932549339  
-0.3917262403  
-0.5098008801  
-0.4067469742  
-0.1809519749  
0.06698268613  
-0.3304777003  
-0.3258004015  
-0.3568272862  
-0.3805012895  
-0.3781801063  
-0.4687930807  
-0.527503199  
-0.6876587019  
-0.779279812  
-0.9100627207  
-0.852561635  
-1.087093392  
-1.123947291  
-0.9539481189  
-0.9183679635  
-0.6818177545  
-0.4961543404  
-0.4861541132  
-0.4633610001  
-0.4231378582  
-0.5430879569  
-0.6923754505  
-0.6083615393  
-0.5611713044  
-0.8937458752  
-0.7856476058  
-0.5504585486  
-0.4334129025  
-0.5310787543  
-0.6481226164  
-0.549476709  
-0.5015096695  
-0.4248345237  
-0.376157875  
-0.2532800532  
-0.332293247  
-0.4736600424  
-0.4127610313  
-0.6128517352  
-0.653304325  
-0.5660837544  
-0.5464584339  
-0.5166078734  
-0.5073271409  
-0.4212781052  
-0.4087432998  
-0.3248814255  
-0.2527476015  
-0.1354603942  
-0.08185792785  
-0.3850964474  
-0.1924702454  
-0.2130622737  
-0.2209413131  
-0.3058827382  
-0.3888386405  
-0.2287783744  
-0.3737484378  
-0.2000957134  
-0.3075567709  
-0.4149987545  
-0.4242909376  
-0.4389701168  
-0.3239046365  
-0.2319055933  
-0.04321011908  
-0.1331702892  
-0.1603109542  
-0.04797711342  
-0.005524175176  
-0.1544220111  
-0.2738612744  
-0.3999881362  
-0.4075060177  
-0.2751171319  
-0.4015078143  
-0.5192757655  
-0.5669684907  
-0.4823288848  
-0.4690651559  
-0.5377820538  
-0.523955223  
-0.4894882183  
-0.2751485271  
-0.1989843668  
-0.1811741477  
-0.290726401  
-0.3100633844  
-0.2683895087  
-0.3935224056  
-0.4241373654  
-0.4054591416  
-0.2739007133  
-0.4102826721  
-0.3359580649  
-0.2515817693  
-0.2011583546  
-0.09320849521  
-0.1077269863  
-0.008705828564  
-0.005567314071  
-0.411226046  
-0.379841572  
-0.4259715256  
-0.279413678  
-0.4416169518  
-0.5261795157  
-0.5383527386  
-0.3199901808  
-0.3685548164  
-0.3603768299  
-0.3259159343  
-0.4413486729  
-0.3005723217  
-0.176001385  
-0.1848330096  
-0.1925798001  
-0.2036369758  
0.03585508867  
-0.07362193585  
-0.03328588987  
-0.1050648544  
-0.4131731658  
-0.4471897358  
-0.1658881743  
-0.1403930826  
-0.2491662281  
-0.2226739006  
-0.1424666265  
-0.04733609413  
-0.07399261514  
-0.1628141444  
-0.2083091414  
-0.2583512205  
-0.2696957759  
-0.3376763204  
-0.2874574797  
-0.4066088044  
-0.5240269994  
-0.4758634956  
-0.4186115686  
-0.3678971948  
-0.306435145  
-0.2542415477  
-0.4044216133  
-0.2596321842  
-0.03415624164  
-0.005096700872  
0.02474572719  
-0.5091879639  
-0.611365715  
-1.166650096  
-1.160047422  
-0.8694736421  
0.07478918881  
-0.08853149975  
-0.3789451238  
-0.1612150875  
-0.06474764245  
-0.03434949137  
0.0714074719  
-0.08972875265  
-0.2770144147  
-0.3891968086  
-0.6842143555  
-0.5825271581  
-0.8498719723  
-1.049308641  
-1.130889773  
-1.11170134  
-1.207311636  
-1.039511223  
-1.133584891  
-0.9173019473  
-1.20244165  
-1.010781108  
-0.523525968  
-0.3410818119  
0.03810050159  
-0.05919733106  
0.02730866144  
-0.4235751831  
-0.5005492551  
-0.2013585647  
-0.1260193793  
-0.4186717599  
-0.7846118833  
-0.9163269704  
-0.9939060577  
-1.001125122  
-0.8137324434  
-0.8617452738  
-0.9049501066  
-0.863835861  
-0.9617653087  
-0.930800627  
-0.959894879  
-0.8708932904  
-0.9746171498  
-0.7968785875  
-0.6490970654  
-0.7191385963  
-0.5491581639  
-0.5810629527  
-0.714270999  
-0.4020007121  
0.1252503431  
0.2772316995  
0.1392395863  
-0.08207939721  
-0.4921423107  
-0.2266764225  
0.2441888583  
0.1423984144  
0.04442685079  
-0.0259169266  
-0.4027718705  
-0.1416453664  
-0.1370237431  
-0.2548004836  
-0.2595903228  
-0.5001311507  
-0.8240325785  
-0.9462658695  
-1.243066143  
-1.197582755  
-1.312170198  
-1.282925794  
-1.117915572  
-1.018622584  
-0.8560727348  
-0.8941829489  
-0.7338106852  
-0.5338835175  
-0.5493979026  
-0.4555371297  
-0.4145216431  
-0.309493071  
-0.3381202069  
-0.4159305476  
-0.01632107695  
0.09587557905  
0.1135449324  
0.03636008481  
-0.01792005442  
-0.2295884933  
-0.170675257  
-0.2538322235  
-0.2030053401  
-0.3922337834  
-0.2881125765  
-0.2625363239  
-0.4093623109  
-0.3782167831  
-0.3391604942  
-0.4644598439  
-0.3761975025  
-0.3771838767  
-0.2046617954  
-0.06752285533  
-0.2390786499  
-0.2154127042  
-0.3058072865  
-0.3125351181  
-0.2330576464  
-0.1847765898  
-0.2399303947  
-0.3411358312  
-0.3966709724  
-0.2574695722  
-0.4051906689  
-0.4418871738  
-0.1753908339  
-0.01522804237  
-0.1793054252  
-0.1945181608  
-0.1923734143  
-0.3437504432  
-0.2980299745  
-0.4092178483  
-0.2970556041  
-0.3486971375  
-0.4070310049  
-0.3890904305  
0.08735358722  
-0.01367148488  
-0.07028941875  
-0.2192362263  
-0.2003723955  
-0.209043528  
-0.1570124052  
-0.3477320371  
-0.2511116961  
-0.3056856936  
-0.2235169507  
-0.1260942436  
-0.2074593743  
-0.3267098266  
0.04175852617  
0.1830648455  
1.22262129  
2.907590758  
4.202373159  
4.910356542  
4.997562727  
5.392008417  
4.696835736  
4.675465015  
4.317966213  
4.043435848  
3.738767292  
3.926050663  
3.105965867  
2.620688761  
2.0874768  
2.09864688  
2.058704757  
2.204487159  
2.227205309  
2.324268749  
2.492878491  
2.621890095  
2.478603901  
2.292600906  
1.965280624  
1.593218348  
1.874130689  
1.917135322  
1.930456369  
2.051215094  
1.835425586  
1.764000905  
1.820533604  
1.875174047  
1.713807577  
1.580074566  
1.359160763  
0.9165889451  
1.388737059  
1.922699797  
2.156471752  
1.850752398  
1.594215017  
1.454711097  
1.43720231  
1.287766172  
1.360839701  
1.166972079  
1.186093684  
1.054914067  
0.7105711589  
0.5764691902  
0.3927465024  
-0.4114213141  
-0.08252950861  
-0.2673948811  
-0.2770433566  
0.06634662127  
0.31867891  
0.6749818556  
1.027291591  
0.8757092053  
0.8314090079  
0.7991056893  
0.7773196673  
0.5264834646  
0.5356140597  
0.3924916751  
0.3553808777  
0.3278618451  
0.4981526078  
0.578376402  
0.530324868  
0.2052774363  
0.2046087274  
0.1281128802  
0.01662153654  
-0.0166699394  
-0.02817826475  
0.1120255798  
0.09764507569  
0.1016999648  
0.1302214073  
0.1800473393  
0.1941653573  
0.1966326713  
0.1904436704  
0.002883961105  
0.2525986209  
0.07166054665  
0.2692176671  
0.130725923  
0.4645639283  
0.69747098  
0.7843159974  
0.6285503117  
0.3671874341  
0.775551475  
0.8801237524  
0.736468434  
0.4347729177  
0.480021844  
0.6571929446  
0.7513212962  
0.6728202654  
0.4191260041  
0.5263937782  
0.482867734  
0.4455858029  
0.4934419852  
0.3047996905  
0.2629253918  
0.4411852801  
0.2926969995  
0.3016641007  
0.5975449456  
0.6355157977  
0.623265174  
0.4751052392  
0.7025693586  
0.4377526999  
0.3939498199  
0.3683275038  
0.2644795172  
0.2215243845  
0.6795521529  
0.7864435101  
0.2308863362  
0.4651709482  
0.6057414579  
0.7237049673  
0.5277586561  
0.3828441385  
0.4904107049  
0.1968559275  
0.07219698011  
0.157142172  
0.1487995218  
0.1508914484  
0.04936716071  
-0.1487326957  
-0.2469779805  
-0.4067816837  
-0.07771163168  
-0.20324546  
0.2164100701  
0.1387510631  
0.1284536573  
0.02144507158  
0.2397743683  
0.2138973436  
0.2184082098  
0.1277573022  
-0.08042636661  
-0.09588426538  
0.09371485334  
0.1398056613  
-0.06547132838  
0.1342025755  
-0.3450092918  
-0.2466017829  
-0.09630846242  
-0.1925373953  
-0.2771180079  
-0.3091913451  
-0.1684400123  
-0.344663092  
-0.218786522  
-0.06583428749  
-0.02200547982  
-0.06843378555  
0.01113539669  
-0.03476491786  
0.02575808623  
0.1944826071  
0.1564113207  
0.05900821251  
-0.2333361109  
-0.2694777716  
-0.3575316038  
-0.3693438905  
-0.2008320379  
-0.1870342961  
-0.2317717174  
-0.2555058576  
-0.3072379135  
-0.1808000419  
-0.290808834  
-0.2447505814  
-0.2585163065  
-0.1927776661  
0.03588613853  
0.3101077799  
0.1663472859  
0.15287337  
-0.1309344101  
-0.1192047237  
-0.07086085791  
-0.01120588709  
-0.04198672701  
-0.1026964906  
-0.2487957373  
-0.2037060468  
-0.1393923958  
-0.07412594351  
0.03458414101  
0.08442404538  
0.1091471028  
0.1142617596  
0.1287764178  
0.2108970749  
0.2908950256  
0.1150273178  
0.02069654859  
-0.04039785111  
0.175382449  
0.01685943236  
-0.03304988882  
0.003186207682  
-0.2088402192  
