-0.3921519374  
-0.5635769077  
-0.7707824855  
-0.7401917238  
-0.789154677  
-1.06394822  
-1.056124667  
-0.9567123662  
-0.9267656521  
-0.8407111007  
-0.4537836967  
-0.4487125419  
-0.313141841  
-0.1803234767  
0.2076154099  
1.049067454  
0.3790909556  
-0.4166718127  
-0.4550464652  
-0.4499335286  
-0.8337155556  
-0.8787556073  
-0.8639828271  
-0.9116971739  
-0.8346449137  
-0.8365504627  
-0.8697207198  
-0.6430685629  
-0.630424104  
-0.6930320175  
-0.8746295791  
-0.6892722883  
-0.7693230814  
-0.3416271349  
-0.01181724294  
-0.2979562378  
-0.2169908716  
-0.3599717372  
-0.268905954  
-0.3814686998  
-0.4137385805  
-0.548284406  
-0.6184574271  
-0.6275144864  
-0.8189114377  
-0.7608537266  
-0.8651819324  
-0.8990521662  
-0.8772373611  
-0.8525019492  
-0.5789434265  
-0.7100270688  
-0.6935172543  
-0.7689133737  
-0.7492337471  
-0.7811966061  
-0.7747328817  
-0.7061701881  
-0.724973865  
-0.7200585581  
-0.6860369478  
-0.662391936  
-0.5435802778  
-0.7503133773  
-0.722545759  
-0.6202869226  
-0.954630008  
-0.7683826055  
-0.7649829262  
-0.9122077411  
-0.6609345886  
-0.6767547368  
-0.4663566293  
-0.6153304868  
-0.5832634274  
-0.6374756392  
-0.728043273  
-0.8206711022  
-0.9390130917  
-0.9824114265  
-1.007416512  
-0.997434356  
-0.7424376655  
-0.9327869032  
-0.6126179928  
-0.5727243431  
-0.712209281  
-0.6360916028  
-0.8442444959  
-0.9021307024  
-1.036921803  
-1.130018758  
-1.002715175  
-1.062896844  
-0.993404229  
-1.035108983  
-0.8204232082  
-0.6901840061  
-1.066115044  
-0.3547351626  
0.1834208064  
0.1895849358  
0.5317321705  
0.3598284968  
-0.4445555556  
-0.8167172495  
-1.087192023  
-1.120228497  
-1.117326191  
-1.27461104  
-1.345739837  
-1.390142479  
-1.609894607  
-1.689840505  
-1.65193067  
-1.715262446  
-1.236593987  
-1.145897446  
-1.457556017  
-1.143037584  
-1.280874458  
-1.110358949  
-1.106429229  
-0.8216151599  
-0.840248087  
-0.7994103171  
-0.8608667213  
-0.5304016765  
-0.7940491311  
-0.09850835943  
-0.0436530899  
-0.4495472791  
-0.06087719671  
-0.2941573723  
0.5391967265  
-0.239882005  
0.2826303534  
0.5002075609  
0.4744397189  
0.1987203729  
0.4267386219  
0.3779820589  
0.4269875365  
0.1855998409  
0.1011316124  
-0.2560364185  
-0.1254702082  
-0.200984446  
-0.01318855039  
-0.2452972951  
-0.1780462258  
-0.1556143893  
-0.0978926973  
0.1042872796  
0.09937025765  
0.2715763482  
0.09825042614  
0.07817397573  
0.1091352925  
0.09305255872  
-0.3519011767  
0.23798633  
0.3198940615  
0.5793387126  
0.3549925564  
0.4611744948  
0.3178051349  
0.2555806672  
0.5698120707  
0.4905765574  
0.03085394807  
-0.07142031981  
-0.2681583534  
-0.1673121638  
-0.7742822828  
-1.615533079  
-1.427192685  
-0.4724631518  
-0.1038145238  
-0.4886575117  
-0.5090794003  
-1.107501186  
-0.9214040905  
-0.8903926475  
-0.9938158054  
-0.8109733456  
-0.9175047347  
-1.187602124  
-1.643347684  
-1.868940073  
-2.121008016  
-2.222045717  
-2.328699307  
-1.985476397  
-2.22897084  
-1.792595295  
-1.819983721  
-0.7261825847  
-0.437062224  
-0.9078338573  
-0.5162857632  
0.2592715745  
0.1779669185  
-0.7314537315  
-0.8349950476  
-0.5204761765  
-0.9832579779  
0.2840568263  
0.1023757717  
0.5407143965  
0.01761019044  
0.5824857395  
-1.597398379  
-2.180737902  
-0.2765245376  
-0.6520675821  
-0.02950601138  
-0.1534621383  
0.9206929518  
-0.2695414899  
1.996379366  
0.9404943469  
1.200220486  
1.227519297  
1.533973259  
1.194148735  
1.268783975  
0.9461927383  
0.9194832734  
0.7655456072  
0.5055227269  
0.2752889896  
0.4793550654  
0.4565109488  
0.5484608918  
0.6160673966  
0.6251494125  
0.3620956631  
0.4269578153  
0.6593584223  
0.7849199053  
0.5486637428  
0.4462983356  
0.2814891683  
0.1988965646  
0.3221726322  
0.5078689856  
0.3672600655  
0.1586163953  
0.2276667717  
0.4884120136  
0.4704755827  
0.6204936567  
0.2903771041  
0.6320771947  
0.4890223061  
0.3993156683  
0.1983396912  
0.2344857355  
-0.09645693998  
-0.009378686286  
-0.1097023274  
-0.2009413838  
-0.378797198  
-0.4761779403  
-0.4170310055  
-0.3500630817  
-0.3116274859  
-0.300642672  
-0.1047518831  
-0.1143285702  
-0.08447487218  
0.1004765405  
0.08116737095  
0.1972184844  
0.1193115147  
0.2037886167  
0.1589517318  
0.0705824398  
0.2398729957  
0.1797571404  
0.2491509543  
0.3703583761  
0.1720750479  
0.317880392  
0.3323159412  
0.3417481683  
-0.03938456413  
0.04011254913  
-0.1706968559  
0.008837935743  
-0.1201377719  
-0.2269486769  
-0.1688677301  
-0.2749973251  
-0.2982167169  
-0.2997731218  
-0.2488797321  
-0.3778219717  
-0.4503371686  
-0.2789270596  
-0.1482129088  
-0.09516652839  
0.02734756057  
0.02538973357  
0.2924917645  
0.2154705852  
1.470775999  
2.26978855  
1.931486729  
1.834241473  
0.963449356  
0.6552571536  
0.6145936678  
0.8150515452  
0.7233943627  
0.9399045437  
0.6837967051  
0.6425441615  
0.3425198368  
0.3448917176  
0.09450410752  
0.1759770589  
-0.01882331012  
-0.01339621087  
0.2012499468  
0.05157663314  
0.122241732  
0.3259822111  
0.331381811  
0.4087153237  
0.5609828911  
0.5751978954  
0.6126231583  
0.5596367619  
0.6887696963  
0.6890782901  
0.707162334  
0.9030184844  
0.7509623457  
0.8489389246  
0.817304945  
0.6091078858  
0.4873372599  
0.2582309934  
0.4725626859  
0.2984090207  
0.1574892639  
0.1917811972  
0.1416136081  
0.2862755309  
0.4091781819  
0.5190650686  
0.5577036694  
0.4220392656  
0.5949443164  
0.6340658088  
0.5420939828  
0.5621017323  
0.3861030106  
0.3711314488  
0.3677146641  
0.5746488169  
0.6865261693  
1.093885233  
1.040386325  
1.363563555  
1.69101272  
1.396369996  
0.9490287271  
0.3462337166  
0.02708032058  
0.2503524461  
-0.03076353809  
-0.06685022574  
-0.1583519328  
-0.2028914014  
-0.3130033512  
-0.2291550872  
-0.1389848559  
-0.008993369565  
-0.1775507803  
0.06500497011  
0.116360158  
0.2270896293  
0.2408293509  
0.3880350891  
0.3360395288  
0.2229920132  
0.3532268515  
0.319333201  
0.1890823244  
0.1750352083  
-0.01354903357  
0.1568278557  
0.1077252785  
0.2015823296  
0.1634078595  
0.558070037  
0.6079812795  
0.7463204885  
0.7409919616  
0.6029186911  
0.4603375659  
0.4833275698  
0.4849947188  
0.8062984772  
-0.06612702392  
0.0583850147  
1.118027458  
1.31611585  
1.612788375  
0.8341228303  
0.7792833786  
0.05457079594  
0.2526913938  
0.007859778052  
0.0601057492  
-0.2899480025  
-0.3944264606  
-0.9922327224  
-1.237086531  
-1.504283708  
-1.453013961  
-1.288735581  
-0.9466958505  
-0.6262850487  
-0.3747856468  
-0.3772449413  
0.009924088179  
0.5439378382  
0.5949757847  
0.7341874278  
0.7599094103  
0.7844782742  
0.8524348509  
0.9585723955  
0.8701870671  
0.9222596905  
0.9409010406  
0.8294436177  
1.080727437  
1.108121828  
1.410619543  
1.416769022  
1.162650663  
1.216248634  
1.301656372  
1.422621827  
1.021683522  
1.336729988  
1.005636225  
1.314574862  
1.929920611  
1.207326222  
1.308368688  
1.25340929  
1.319305447  
1.467020266  
0.7038506127  
0.7948488578  
1.078988755  
0.8114964041  
0.6085822544  
0.3902908886  
0.1188915053  
0.3531334761  
0.6222367749  
0.4364645186  
0.172557993  
-0.0008502858294  
-0.10054488  
-0.05203819069  
0.2924812458  
0.1899122054  
0.256931787  
0.07135442197  
-0.04371080428  
0.0180962531  
-0.03168297367  
-0.1764004849  
-0.1860196003  
-0.2974165991  
-0.1792298292  
-0.1609489647  
-0.2429990041  
-0.05040674717  
-0.2731709482  
-0.3263656278  
-0.2376395605  
-0.09016616852  
0.07156260169  
0.09464705571  
0.173016638  
0.283066099  
0.5947485017  
0.6468964951  
0.6519152024  
0.3781621629  
0.3350884293  
0.2025674519  
0.2766714689  
0.1050424039  
0.004700189944  
0.1098886801  
0.2573631619  
0.1891142434  
0.3018982943  
0.1587203379  
0.2366038412  
0.006662428715  
0.01015712653  
-0.02931951774  
-0.04255771258  
0.1022446272  
0.2855058129  
0.1457605493  
0.182281696  
-0.09391461163  
0.2546220652  
0.2968497126  
0.3222588824  
0.3017010292  
0.2733108307  
0.3814288157  
0.4487368755  
0.5714499443  
0.6153738074  
0.2741702547  
0.3714633119  
0.3452923083  
0.2902967258  
0.206846426  
0.1326421961  
0.08859511857  
0.4237981141  
0.3936121711  
0.6303758984  
0.6935371434  
0.7179825162  
0.8358572271  
0.8012815468  
0.5808108243  
0.4482762635  
0.5922434076  
0.3233551091  
0.2031667342  
0.4499034524  
0.1134067994  
0.009235810047  
-0.03868079739  
-0.04357920764  
0.4171703015  
0.3323843983  
0.6156733491  
0.6368324788  
0.7207578983  
0.7251656683  
0.5913835242  
0.8294325249  
0.6032475417  
0.5396329045  
0.3456305061  
0.3780216822  
0.4969736288  
0.5657752537  
0.4337619573  
0.4896919302  
0.2994099096  
0.540792946  
0.7416325814  
0.7714602047  
0.4442574108  
0.2856861979  
0.2699062249  
0.3293815546  
0.02091322871  
0.1955420457  
0.1274994892  
0.02526228305  
0.4460495177  
0.7064638716  
0.7504536828  
1.12785583  
0.6689816045  
0.2778066662  
0.2765921687  
0.06981436557  
-0.3630437467  
-0.7587975993  
-0.8719731755  
-1.135874978  
-1.386153808  
-1.267118308  
-1.391772436  
-1.201020548  
-1.067325969  
-0.9712790021  
-0.4464068211  
-0.06644820963  
-0.187758218  
-0.2107003196  
-0.05522136606  
-0.2494994033  
-0.1986550271  
-0.1867794676  
-0.005267503542  
-0.046605474  
-0.007369194097  
-0.07120198189  
0.005929013178  
-0.0634971068  
-0.154548409  
-0.2172025933  
-0.1682269716  
-0.1244073505  
-0.04640033486  
-0.1440435809  
0.01911181497  
0.05999307602  
0.0816943755  
0.1019011341  
-0.0798676487  
0.04044505235  
-0.03862488084  
-0.1202320874  
-0.1354994323  
-0.291125077  
-0.2567524677  
-0.04783355351  
0.03086614655  
0.06461397383  
-0.03813713748  
0.04124296852  
0.05139459826  
-0.01414235688  
0.0987801606  
-0.07522224031  
-0.08136796021  
-0.08415972467  
-0.08893916744  
-0.33107021  
-0.2335469577  
-0.1042994286  
0.1196980396  
0.2515049722  
0.45728232  
0.3974742015  
0.2461231228  
0.2447506292  
-0.001772430038  
-0.0653577934  
-0.2960062679  
-0.1877057953  
-0.2762710864  
-0.1200688795  
-0.2000833369  
-0.2351104372  
-0.08693376499  
-0.0440331722  
0.04351882041  
0.03745738461  
-0.1424213794  
-0.1169719732  
-0.1006389278  
-0.07440152659  
-0.008818081822  
-0.1289119907  
-0.2426464821  
-0.1977916777  
-0.1572721458  
-0.1356462364  
-0.1249832826  
0.1484643104  
-0.153067482  
-0.04359872045  
-0.2013446389  
-0.1386287954  
0.1101929946  
0.2486771285  
-0.1392359603  
-0.2718381245  
-0.2911396747  
-0.2196922421  
-0.1567454677  
-0.1289679992  
-0.3438287133  
-0.4872621951  
-0.693393981  
-0.5756283125  
-0.735964377  
-0.8479060515  
-0.8801351161  
-0.8109413462  
-0.735349744  
-0.7011710559  
-0.5869970634  
-0.4185380199  
-0.2653503902  
-0.1483971402  
-0.2833678978  
-0.2444345507  
-0.2658880173  
-0.29611304  
-0.3355037044  
-0.3715580599  
-0.08916470555  
-0.1820827385  
-0.1326345569  
-0.2648495096  
-0.2149250017  
-0.08530421512  
-0.007159182927  
-0.01215211103  
0.03100737084  
-0.02925934355  
-0.1087450936  
-0.2243595399  
-0.2887494095  
-0.2549208386  
-0.2498552684  
-0.2518858912  
-0.3116243037  
-0.1888431398  
-0.09241961877  
-0.08522794495  
-0.09507501523  
-0.009166862291  
-0.03008916423  
-0.06280290187  
-0.1364930615  
-0.05892789982  
-0.01092642574  
-0.002187858947  
0.004839942171  
-0.1445172605  
0.03068132712  
-0.04871896032  
-0.1300349969  
-0.1214787333  
-0.3001674919  
-0.3405550528  
-0.1809874742  
-0.1472509433  
-0.03420339826  
0.07708658046  
0.08728919708  
0.1305085397  
0.5246082813  
0.8459870893  
0.4154038507  
0.1301947149  
-0.01988649861  
-0.001551667494  
0.05429169509  
-0.05597883731  
-0.2867694768  
-0.288341522  
-0.5118029538  
-0.5497908382  
-0.4441627452  
-0.3396253769  
-0.3421938434  
-0.07778561832  
0.0996270748  
-0.01274653945  
-0.1722737739  
-0.05626595221  
0.04732655911  
-0.08448883632  
-0.2237252874  
-0.1901543566  
-0.1502636814  
-0.2862815768  
-0.1709518396  
-0.1205523084  
-0.1154018562  
0.01528875912  
-0.005192539755  
0.1283618175  
0.1579247673  
-0.05313440769  
-0.1133487242  
0.03893853384  
-0.08023958105  
-0.2061915186  
-0.3115229638  
-0.2172976592  
-0.2253185717  
-0.2665353582  
-0.1640701366  
-0.1085570135  
-0.2138294438  
-0.103749065  
0.00724357831  
-0.02336223976  
0.1415997522  
0.09074959393  
0.1717314775  
0.1703406557  
0.2740379378  
0.03966004712  
-0.09311578399  
-0.08070501317  
0.06281040814  
-0.01208222384  
-0.05122423777  
0.01438244735  
0.2055772248  
0.1613436017  
0.2268097701  
0.02349243995  
-0.00237611029  
-0.08117442371  
-0.1566623186  
-0.1108981198  
-0.08965005044  
0.02355031163  
-0.1908125344  
-0.2182769682  
-0.1593074717  
-0.2580554187  
-0.2085684671  
-0.06710517023  
-0.2023935968  
-0.106544714  
0.01609310269  
0.0007710609849  
-0.1280878916  
-0.2438739879  
-0.1139724108  
-0.608994203  
-0.3271317703  
-0.8871154869  
-0.1094791669  
0.0120240286  
-0.3960241405  
-0.2962827754  
-0.2101673823  
0.005301896903  
0.08504568578  
-0.0125688429  
-0.04175691492  
-0.04212964576  
-0.3949876428  
-0.2991915358  
-0.5424655078  
-0.6417466523  
-0.7401442663  
-0.8427595231  
-0.8361257851  
-0.7444214364  
-0.9009885972  
-0.7605964572  
-1.487544507  
-1.324305791  
-0.6564460815  
-0.4337178014  
-0.1114645024  
-0.08257534521  
0.09461580511  
-0.3987846231  
-0.2147005123  
0.3955918526  
0.1791590829  
-0.3353973354  
-0.6035127979  
-0.8255580156  
-0.8899013541  
-0.8276186634  
-0.8406858348  
-0.6896602524  
-0.448451151  
-0.3668681272  
-0.6164418398  
-0.7235300546  
-0.593061547  
-0.6702907187  
-0.6930708564  
-0.5982318798  
-0.5202544844  
-0.5755207992  
-0.4005167576  
-0.4193996107  
-0.42069136  
-0.1674830454  
0.3789797197  
0.3521840932  
0.2550679404  
0.04407323295  
-0.3676216238  
-0.08295722233  
0.309875872  
0.1186538478  
0.04286961007  
-0.1814199954  
-0.2772009245  
0.007544054966  
0.04196600368  
0.1128967634  
0.07850268303  
0.08469200733  
-0.2881666497  
-0.6548317789  
-0.8748402996  
-0.9729380221  
-1.029184727  
-0.9213559557  
-0.8006986305  
-0.6513657034  
-0.5089796334  
-0.3996866637  
-0.3393642804  
-0.2747308903  
-0.2386514936  
-0.1606701967  
-0.1718763553  
0.03580008449  
0.00529064937  
-0.1666607174  
0.1904823112  
0.2035388491  
0.2794726093  
0.2838737796  
0.1522976568  
0.06894117291  
-0.01638116883  
0.01292376839  
0.02772723365  
-0.07705027333  
-0.1356310916  
-0.1430851674  
-0.2185184018  
-0.2138747163  
-0.1704214049  
-0.2731587285  
-0.2613786891  
-0.156181408  
-0.03210211033  
0.0035460217  
-0.03295137409  
-0.00356616189  
0.01320025058  
-0.01740090186  
0.04267880338  
-0.1083619561  
0.01926145838  
-0.04676499066  
-0.1855163386  
-0.003094441089  
-0.1547148457  
-0.2527417716  
-0.08473436098  
-0.03652362593  
-0.04105256318  
-0.003260617378  
0.05964580953  
-0.003304333475  
0.02475453167  
-0.02089731184  
-0.03707122215  
-0.1591894738  
-0.1792067171  
-0.1415894638  
0.384830583  
0.3981957948  
0.1554475673  
-0.1384193021  
0.1647161914  
-0.0009650123778  
0.1758798162  
0.06440420098  
0.2859308601  
0.07669189531  
0.2088845237  
0.455663504  
0.4230463202  
-0.04162905002  
0.4403634814  
0.295662738  
0.4553674467  
1.961546239  
2.714396893  
2.65872363  
3.255411941  
3.344532178  
2.876802715  
3.330843372  
2.721698983  
2.572195516  
2.1993279  
2.307496707  
1.432947462  
1.566776855  
0.7797002959  
1.137344203  
1.06975607  
1.290045738  
1.293302018  
1.326255893  
1.493700042  
1.753574815  
1.760266634  
1.689856574  
1.313813982  
1.09431829  
1.0919694  
1.195279716  
1.262699805  
1.287807509  
1.758730461  
1.867369894  
1.403255328  
1.493199612  
1.308555118  
1.124628382  
1.02432156  
0.7411241163  
1.134799888  
1.62792889  
1.77099946  
1.581690042  
1.30595147  
1.348777057  
1.084947717  
0.9052504217  
0.9619992416  
0.9301701397  
0.924281783  
0.9117379242  
0.6027617666  
0.4256417729  
-0.05700072432  
-1.267189984  
-1.299444617  
-1.584958369  
-1.728843501  
-1.620782877  
-1.349927002  
0.04246512189  
0.8639705221  
0.4896289191  
0.2923855518  
0.03407611443  
0.1765885299  
0.00787520797  
-0.04906552889  
-0.2218865971  
-0.1899089249  
-0.05839144645  
0.1482500369  
0.1484195864  
0.07676600209  
-0.2489102922  
-0.2442211179  
-0.3705245875  
-0.4250667649  
-0.3054781514  
-0.2821618948  
-0.3403373441  
-0.3258287371  
-0.3153902351  
-0.1689234573  
-0.1352055942  
-0.1967565326  
0.01188480537  
-0.1844452624  
-0.2939052937  
-0.1416652711  
-0.1919096284  
0.008261429991  
-0.237693785  
0.2836505891  
0.3443648793  
0.3811325745  
0.1966470093  
0.1728823096  
0.5376267826  
0.3859423483  
0.2895645594  
0.01243498412  
0.0580167258  
0.1509937567  
0.1101791119  
0.157081621  
0.0640658386  
0.1900967484  
0.2527178405  
0.1529147361  
0.1991868035  
0.1304880026  
0.0666459924  
0.09111743995  
0.1591278221  
0.04648259103  
0.2362372469  
0.2650489799  
0.3539163662  
0.2288921403  
0.3424712465  
0.16966948  
0.04937483725  
0.131066502  
0.1373695441  
0.06025970375  
0.340562651  
0.6232164621  
0.06822608354  
0.1316547113  
0.3330175084  
0.3954456224  
-0.1146364575  
-0.2462850771  
-0.0354686132  
-0.1652124706  
-0.2118641103  
-0.2355853744  
-0.2393031334  
-0.2295401053  
-0.2222861607  
-0.457540212  
-0.5343849414  
-0.6300741202  
-0.3539272227  
-0.339484544  
-0.007726415391  
0.07952062296  
-0.07267764255  
-0.1207259094  
0.1949529975  
0.1582385008  
0.08869243032  
-0.06761784057  
-0.209871606  
-0.1749020948  
-0.06470386079  
-0.09094987139  
-0.2208988627  
0.04670728757  
-0.3723724038  
-0.2924491614  
-0.3303760156  
-0.4063724856  
-0.3294520842  
-0.3891306089  
-0.3854584993  
-0.3922678219  
-0.3192074315  
-0.1641575816  
-0.05344284383  
-0.1537447039  
-0.1738564938  
-0.4114551426  
-0.275738478  
-0.1066428774  
-0.1746681087  
-0.3733907421  
-0.5109648313  
-0.5216848091  
-0.5468810655  
-0.4423451954  
-0.4404941916  
-0.3834340013  
-0.3330980671  
-0.2724528727  
-0.3456822195  
-0.2797290285  
-0.33522235  
-0.3887437061  
-0.4389214182  
-0.2271043841  
-0.1652051633  
0.09239784649  
0.03185312064  
-0.08779161198  
-0.1630609962  
-0.2600960619  
-0.2228478034  
-0.240979535  
-0.381551239  
-0.3872135245  
-0.4168281072  
-0.3637788285  
-0.5005341728  
-0.3372664829  
-0.2602298339  
0.0845916078  
-0.06257432788  
-0.007906493916  
-0.08873449111  
0.2368153154  
0.1679095207  
-0.09789948842  
0.03172744967  
-0.2305779226  
0.1639044895  
-0.1938811614  
-0.3366992526  
-0.3446666877  
-0.4589062425  
