2899.651118  
2895.918916  
2897.624134  
2902.953411  
2897.338541  
2902.873474  
2894.911658  
2901.250466  
2912.311608  
2907.194905  
2908.59288  
2909.253139  
2909.289944  
2914.606329  
2921.353302  
2936.574471  
2912.236382  
2915.852345  
2907.486811  
2911.075289  
2902.270737  
2902.184905  
2894.801495  
2911.664526  
2905.475358  
2902.02476  
2910.442161  
2911.990045  
2906.780761  
2906.147807  
2910.38535  
2903.906089  
2901.626087  
2915.969343  
2916.861465  
2919.234224  
2913.115183  
2922.205701  
2925.113535  
2924.71999  
2922.135593  
2920.42368  
2918.577089  
2914.532523  
2914.129031  
2911.232752  
2914.8986  
2915.472758  
2913.997769  
2911.409809  
2904.935402  
2915.54208  
2915.473058  
2906.301474  
2916.062773  
2909.423439  
2912.695426  
2909.958768  
2911.477274  
2898.162122  
2909.107114  
2907.492558  
2912.512723  
2911.532166  
2905.468743  
2904.586921  
2909.544071  
2918.535794  
2911.867845  
2917.824601  
2914.995126  
2913.773662  
2918.692835  
2916.273576  
2909.377652  
2914.729043  
2917.188049  
2907.592884  
2905.23984  
2906.507864  
2898.969001  
2908.230219  
2901.991979  
2904.013339  
2921.752371  
2911.612663  
2918.787932  
2909.217106  
2907.234701  
2911.843187  
2901.720269  
2891.618416  
2898.884883  
2901.618186  
2896.933385  
2906.152855  
2909.104218  
2901.476493  
2902.383907  
2914.196592  
2927.792666  
2919.267843  
2930.021733  
2925.703424  
2910.008472  
2895.891023  
2902.305807  
2895.561299  
2896.452004  
2889.167594  
2893.434255  
2881.850999  
2876.672077  
2872.033193  
2875.079806  
2880.900767  
2888.143862  
2885.002879  
2885.711818  
2899.882172  
2901.688354  
2901.837553  
2898.53621  
2907.770615  
2909.094055  
2912.741459  
2911.939221  
2905.522503  
2911.13463  
2910.980533  
2927.463124  
2913.862355  
2917.943831  
2927.809113  
2938.664064  
2926.435978  
2927.950015  
2934.866533  
2921.729584  
2929.741453  
2937.708827  
2932.107223  
2930.467688  
2936.602737  
2921.616569  
2919.560522  
2919.662933  
2921.611809  
2915.929514  
2915.694777  
2916.390837  
2926.979692  
2926.905006  
2924.157605  
2922.921191  
2924.684403  
2914.383704  
2924.77385  
2916.880929  
2922.000344  
2906.954632  
2922.478835  
2919.559515  
2929.091965  
2918.51926  
2929.791537  
2933.64922  
2925.740148  
2928.59933  
2929.235496  
2927.379118  
2923.760324  
2917.42204  
2924.956789  
2909.883007  
2899.855657  
2917.148048  
2918.61833  
2922.738617  
2906.488463  
2902.465353  
2898.229527  
2888.603579  
2898.891969  
2897.997821  
2893.215833  
2881.318263  
2866.935928  
2864.632383  
2867.21099  
2863.196474  
2859.890632  
2872.883993  
2888.776198  
2885.133526  
2897.628693  
2890.010959  
2916.050831  
2913.957335  
2908.668892  
2917.080705  
2916.857039  
2912.267761  
2900.26436  
2898.767239  
2903.550234  
2904.344698  
2925.882339  
2920.588169  
2932.707027  
2910.919587  
2908.919888  
2906.514273  
2867.03081  
2922.860442  
2913.512271  
2920.40841  
2922.84487  
2903.663106  
2855.537588  
2923.358697  
2903.31578  
2922.634046  
2922.271131  
2932.211492  
2922.056774  
2930.169888  
2930.668374  
2934.815939  
2915.737193  
2913.387551  
2922.726993  
2917.088675  
2911.378285  
2924.658599  
2925.473402  
2921.685128  
2932.123107  
2922.639806  
2925.20091  
2926.099243  
2920.351452  
2931.999606  
2913.895684  
2927.336197  
2923.598691  
2925.871638  
2921.262393  
2925.69567  
2918.955573  
2921.998634  
2919.901791  
2922.411824  
2918.885665  
2916.586936  
2921.566197  
2922.232268  
2915.689063  
2918.276943  
2908.735227  
2912.651094  
2912.07385  
2904.142865  
2906.274962  
2903.25061  
2912.048265  
2913.231607  
2909.265975  
2909.932752  
2911.643718  
2912.388179  
2913.289649  
2917.884793  
2916.94088  
2907.242862  
2917.40453  
2909.37192  
2913.068425  
2909.208202  
2922.649295  
2915.338926  
2920.889344  
2917.010031  
2915.406402  
2917.603269  
2922.099184  
2921.599096  
2927.70672  
2920.408655  
2915.811702  
2926.107093  
2913.838127  
2918.542956  
2908.151994  
2909.309419  
2909.683069  
2911.659737  
2912.572091  
2922.596652  
2913.013723  
2923.330718  
2916.795897  
2920.638665  
2922.800822  
2922.14247  
2917.276917  
2912.971082  
2930.445856  
2962.088272  
2976.644653  
2967.675517  
2927.252148  
2937.987545  
2933.517315  
2934.667297  
2927.524903  
2926.028806  
2923.553622  
2929.515833  
2916.985053  
2925.258832  
2918.091062  
2921.327448  
2919.310459  
2925.976572  
2911.541462  
2921.719302  
2910.021481  
2924.807418  
2927.984728  
2922.942734  
2926.330933  
2929.517366  
2941.433868  
2936.70371  
2929.083244  
2934.799492  
2937.700699  
2932.401684  
2938.405822  
2927.407085  
2937.15953  
2935.869165  
2934.987626  
2916.412112  
2927.427386  
2918.042657  
2917.597923  
2926.118503  
2918.924221  
2926.517383  
2922.576662  
2929.35766  
2930.32854  
2926.366048  
2924.900754  
2920.509369  
2931.056153  
2926.586799  
2926.178949  
2926.675825  
2933.837562  
2934.669488  
2928.200157  
2928.241256  
2930.911481  
2943.015928  
2941.997657  
2944.013724  
2925.366286  
2923.286268  
2916.144238  
2915.190973  
2916.761602  
2917.731851  
2910.90338  
2920.667643  
2916.783176  
2916.414774  
2921.908034  
2924.364231  
2923.61848  
2920.171065  
2923.875965  
2923.499575  
2934.155076  
2934.625312  
2930.137451  
2929.992973  
2923.33555  
2935.052911  
2923.947963  
2926.841966  
2921.092835  
2920.73737  
2920.404749  
2935.117413  
2925.519854  
2937.301375  
2938.606468  
2933.440404  
2932.232217  
2924.682499  
2923.704759  
2932.341183  
2928.43628  
2930.706303  
2908.035297  
2909.622498  
2944.194571  
2948.441193  
2927.910263  
2916.308491  
2940.420972  
2922.621475  
2940.777458  
2930.162825  
2925.034367  
2908.073215  
2900.918728  
2888.260401  
2886.580671  
2885.14592  
2892.491797  
2897.33547  
2897.558326  
2901.147646  
2920.389185  
2919.035489  
2919.707822  
2922.840157  
2939.767558  
2927.036007  
2939.367653  
2928.994917  
2941.176761  
2928.160369  
2928.373677  
2932.161644  
2929.792606  
2935.278665  
2937.30014  
2939.678993  
2947.795902  
2937.581701  
2935.278006  
2941.033633  
2943.985707  
2951.23085  
2930.508656  
2939.832923  
2943.029874  
2938.509794  
2951.851918  
2954.862395  
2944.329133  
2952.630351  
2945.622142  
2937.77454  
2925.830085  
2928.978874  
2936.062613  
2931.823603  
2938.053243  
2921.750033  
2916.431517  
2925.687985  
2931.488549  
2928.703759  
2926.465329  
2919.084599  
2916.87071  
2919.889462  
2926.907946  
2919.909315  
2915.081716  
2922.752562  
2912.988035  
2919.566355  
2916.240323  
2913.772361  
2909.63347  
2920.654901  
2908.980257  
2920.969796  
2922.39506  
2929.265062  
2914.85539  
2916.513928  
2922.847547  
2920.116962  
2926.949741  
2932.274844  
2924.521268  
2924.015654  
2923.480117  
2928.495205  
2925.657268  
2915.004753  
2922.946689  
2919.551636  
2919.851348  
2921.206396  
2923.162255  
2917.775848  
2925.126099  
2921.649148  
2918.784583  
2927.227081  
2919.717647  
2926.564779  
2921.644265  
2919.665387  
2919.350083  
2928.825163  
2930.648709  
2923.250227  
2930.964437  
2920.128768  
2928.754863  
2931.584639  
2933.126395  
2931.049145  
2922.157292  
2934.011272  
2921.441564  
2920.90163  
2929.924673  
2924.856084  
2924.387938  
2928.207866  
2921.686109  
2922.019087  
2922.016445  
2915.880417  
2929.027111  
2924.935705  
2933.486957  
2932.88962  
2934.818817  
2929.682183  
2929.380571  
2929.363755  
2919.087305  
2921.341992  
2918.798646  
2921.234105  
2929.735829  
2921.370073  
2914.275881  
2921.172659  
2921.162257  
2917.269902  
2931.709164  
2928.792478  
2927.474636  
2928.206386  
2921.418214  
2915.182806  
2922.147555  
2915.985398  
2921.018621  
2906.106023  
2916.663387  
2910.811888  
2924.275664  
2911.211862  
2918.134884  
2911.589101  
2920.357694  
2928.628102  
2928.474773  
2915.816945  
2923.179518  
2916.792377  
2926.426429  
2920.950059  
2919.177461  
2911.93987  
2909.137933  
2915.578161  
2927.506291  
2932.919324  
2931.09612  
2940.175672  
2934.370073  
2924.532912  
2931.124368  
2913.223699  
2901.370805  
2906.905739  
2898.028336  
2896.943866  
2897.790026  
2899.537335  
2907.856684  
2900.448618  
2910.062921  
2919.796523  
2926.63627  
