0.7362310689  
0.3199243005  
0.3095556178  
0.1058541432  
0.2074531726  
0.1641704025  
0.132708207  
0.06756868442  
-0.1496696285  
-0.2391459165  
-0.01829469319  
-0.545562212  
0.004337513807  
-0.005134287086  
0.01860878234  
-0.147376761  
-0.1335103681  
-0.2220341815  
-0.05989114881  
-0.07172063545  
-0.2348970401  
-0.04470136275  
-0.1632603772  
-0.1620687237  
-0.3912703962  
-0.3140585608  
-0.2384756402  
-0.1260628574  
-0.08774644837  
-0.00142150324  
-0.09675574581  
0.1941251084  
0.2358931592  
0.08753096958  
0.04347922226  
0.1385112426  
-0.09854586423  
0.03387960447  
0.1109687029  
0.1210241625  
0.1038445931  
0.08568557643  
0.3042985221  
-0.03609724562  
0.02844908485  
-0.02947449771  
-0.02275867445  
0.1601255901  
-0.2180486431  
0.07545345011  
-0.01366666629  
-0.1183732716  
-0.1166062957  
-0.1580374542  
-0.3140328014  
0.1900148532  
-0.2701079583  
-0.2652214608  
-0.4628181408  
-0.04554089262  
-0.2049175251  
-0.1102440606  
-0.06538052131  
-0.3258816782  
-0.4321207076  
-0.2364836996  
-0.3946322862  
-0.3974415551  
-0.3660570342  
-0.3330603202  
-0.4668429454  
-0.3324349022  
-0.3911438803  
-0.2020849418  
-0.2877653691  
-0.06914216423  
-0.07284299793  
-0.1979902719  
-0.5092245106  
-0.3669985436  
-0.7754971088  
-0.2379305165  
-0.3964436597  
-0.5478363069  
-0.435876953  
-0.1087451124  
-0.3510557883  
-0.2045737025  
-0.2745848382  
-0.2388349325  
-0.1328985606  
-0.1374014801  
-0.8812936161  
-0.4879356223  
-0.3705585505  
-0.5469798777  
-0.6760693629  
0.2340768493  
-0.4798901617  
0.2070800704  
-1.960186806  
-1.636862565  
-0.778395539  
-0.6345433282  
-2.19649211  
-0.2883423872  
0.2896727695  
-0.08377433121  
0.5108783273  
0.4457842575  
0.4147963621  
0.4873488074  
0.3443820159  
0.1166929643  
0.4712386335  
-0.08173739126  
0.4747135399  
0.2078349009  
0.2494408201  
-0.08823050237  
0.4388839653  
0.09804085135  
0.7703588896  
-1.389714912  
-3.291882213  
-3.231963063  
-3.647394775  
-2.085349027  
-1.518175183  
-0.94968683  
-1.421415106  
-1.540180842  
-1.390476346  
-0.8445041468  
-1.244844365  
-1.166275325  
-1.380831586  
-1.55989755  
-1.638840987  
-1.738047225  
-1.807976784  
-1.730682829  
-1.098688506  
-1.107568824  
-1.147137956  
-1.266923028  
-1.414850084  
-1.569320015  
-1.38606857  
-1.112671346  
-0.9481224703  
-0.5158709009  
-0.8386593429  
-0.825515846  
-0.862823189  
-0.6755505011  
-0.6553396214  
-0.4635025673  
-0.4774708801  
-0.6863214024  
-0.832599851  
-0.5918204101  
-0.8932471909  
-0.3226829339  
-0.7669587294  
-0.6583159804  
-0.4981666578  
-0.46155975  
-0.3296148533  
-0.6040742375  
-0.8964010492  
-0.4682864692  
-0.2025575045  
-0.7810801715  
-0.649989233  
-0.2854837269  
-0.1618720339  
0.02782415553  
-0.07982419226  
-0.1094065168  
-0.5226710085  
-0.5291334227  
-0.704685864  
-0.03755521735  
-0.5682423391  
-0.5934818448  
-0.840403145  
-0.6639390034  
-0.6892212782  
-0.3909602174  
-0.5943376277  
-0.4770268102  
-0.4376523168  
-0.6617264381  
-0.5339635152  
-0.5005497881  
-0.2944856006  
-0.6778162968  
-0.554468327  
-1.050558651  
-0.6243395243  
-0.5166537908  
-0.3207192772  
-0.3176135316  
-0.1300757521  
-0.4578891436  
-0.4759959928  
-0.3864069694  
-0.1607849141  
-0.4131826633  
-0.09087731024  
-0.3557310101  
-0.2875445724  
-0.3573978109  
-0.2842034567  
-0.2323615892  
-0.1275858646  
0.01074277299  
-0.2291463017  
-0.2665998572  
-0.1195488146  
-0.3171531169  
-0.2722933395  
-0.370182785  
-0.1438876671  
-0.03850193784  
0.1843488732  
0.1146832107  
0.4320876283  
0.2724918784  
0.1836450105  
0.2440068652  
0.228762389  
0.3640506  
0.3930390599  
0.2632163785  
0.3141979676  
0.09218452316  
0.03838561391  
0.2593676641  
0.1554303995  
0.1466304321  
0.1021594211  
0.2133435187  
0.3836206351  
0.4243137785  
0.2246711765  
0.191162185  
0.3990787145  
0.5471465854  
0.2965517364  
0.3854305847  
0.5167882489  
0.3309185244  
0.6461693652  
0.4547404294  
0.4182171755  
0.5856394073  
0.7805892247  
0.6971837886  
0.5736703547  
0.6373736429  
0.6928489807  
0.8675584057  
0.6376160929  
0.822033663  
0.5642886946  
0.6202478682  
0.4754054312  
0.4344879915  
0.260029475  
0.6891795337  
0.3483962336  
0.3784745653  
0.2700235658  
0.7432508963  
0.4945679417  
0.01072276322  
0.03924065847  
0.3313706775  
0.3488385516  
0.3703055022  
0.128800161  
-0.1695544802  
0.0006734473075  
-0.04383451969  
-0.1995566882  
0.04807951747  
-0.1820911904  
-0.2799249168  
-0.1690073259  
-0.03080814824  
0.01423942122  
-0.04568100455  
0.05925448216  
0.1602221307  
0.04981404764  
-0.1579260668  
-0.04683966413  
-0.07095147389  
0.07694276614  
-0.6455091943  
0.1387850316  
1.614571854  
0.6629978216  
0.8825984629  
0.7348263132  
0.725413388  
0.3876357495  
0.5045918466  
0.7910600107  
0.8256574001  
0.6992741753  
0.6065915556  
0.6552780775  
0.8542821416  
0.7917097341  
0.8767991289  
0.7584115578  
0.8415822655  
0.8410920067  
0.9309754305  
0.7676778082  
0.5815459  
0.5615946247  
0.5650786084  
0.5552454887  
0.5474502785  
0.4973060435  
0.6769901385  
0.8844382184  
0.856297131  
0.6970590974  
0.9041292187  
0.7028844308  
0.4931400762  
0.3907285519  
0.7176062236  
0.5600818507  
0.6229278706  
0.5756854515  
-0.04195591073  
0.3327916235  
0.6475427593  
1.08608652  
0.9853643177  
0.4867938752  
0.6810529835  
0.4430543657  
0.3019660405  
0.4351265464  
0.3900400161  
0.2616328267  
-0.08200022234  
-0.2336618328  
-0.09972361052  
0.426284379  
0.1254692142  
0.4114575833  
0.4196807538  
0.6938933435  
0.6196982462  
0.6483286871  
0.6737059782  
0.5665944116  
0.5664048739  
0.3396298937  
0.4459880358  
0.5880894666  
0.6988168403  
0.7683259027  
1.31618495  
0.7491962885  
0.7634011143  
0.8506090743  
0.3084245984  
0.5985800296  
0.5816584107  
0.7659009439  
0.4879679695  
0.5212688542  
0.4801767501  
0.36745521  
0.2867189108  
0.3779787417  
0.2973539563  
0.3202427584  
0.5571205869  
0.6483042274  
0.6697435936  
0.8730594294  
0.9586014045  
0.8194937785  
0.4248206946  
0.2923548644  
0.316405665  
0.1550365695  
-0.04111298901  
-0.0006058160122  
0.1421867314  
-0.009210422708  
-0.06574259968  
-0.06831583587  
0.143582123  
0.4052539001  
0.2954061611  
0.3766633407  
0.5239713037  
0.3086432124  
0.2745399812  
0.493403612  
0.6046432406  
0.5074075294  
0.5074039478  
0.4097915911  
0.3343933606  
0.3129518368  
0.4071298759  
0.03632476228  
-0.1376410965  
0.2632481226  
0.5292299945  
0.7817911425  
0.5207845961  
0.3007708834  
0.5023440703  
0.3055494998  
0.3648854373  
0.3502052325  
0.393108443  
0.2025170127  
-0.0355666199  
-0.4356034327  
-0.581946713  
-0.4144901018  
-0.1741581284  
0.2369290852  
0.09732867079  
0.04463982913  
0.2474847187  
0.5008185654  
0.5842960711  
0.471781927  
0.5104159548  
0.7553088203  
0.7793761115  
0.8809004294  
1.12363608  
1.068808279  
0.9515370377  
0.9260426941  
0.9560049226  
1.128767505  
1.108475878  
1.137335744  
1.326130405  
0.7808493288  
1.104706437  
1.206280578  
0.3397947728  
0.4472749495  
0.5374674374  
0.3825971516  
0.4985905476  
0.7123651872  
0.1686821007  
0.2910316274  
0.2431706259  
0.3767236525  
0.1445482803  
0.3315527877  
0.5123031757  
0.3574533051  
0.4953979489  
0.6253688066  
0.5932083204  
0.4000274733  
0.5219883502  
0.4904164609  
0.6869741188  
0.6654720459  
0.2988528296  
0.2162038167  
0.3828727599  
0.491697288  
0.5052704335  
0.6691572539  
0.8358469109  
0.606183014  
0.5761309536  
0.4188252804  
0.4458227449  
0.6791295732  
0.2831166224  
0.5420961352  
0.09141231188  
0.2216937525  
-0.04675672379  
0.0955224483  
0.1192741618  
0.3995808792  
0.2984251448  
-2.625963645  
-2.970645243  
-2.822517566  
-2.808015687  
-4.621427269  
-3.809196654  
-3.122429975  
-1.839602644  
-1.645692919  
-0.8521017507  
-1.176256146  
-1.279687339  
-0.4390078806  
-0.8284376609  
-0.2165545211  
-0.6273296741  
-0.5205515492  
-0.3780635139  
-0.498690688  
-0.7045950135  
-0.6895110471  
-0.9185007489  
-0.5370949691  
-0.3940609888  
-0.5089859246  
-0.3462752132  
-0.3668838575  
-0.2903231339  
-0.310742364  
-0.2632045036  
-0.1572871801  
0.1257617927  
-0.1015551894  
0.2856130139  
0.1944597766  
0.3343418877  
0.2662017371  
0.3948263271  
0.4874254002  
0.1605567408  
0.294294084  
0.2193780921  
0.2074320915  
0.1230330871  
0.1750630249  
-0.07238006958  
0.09201448462  
0.08925783962  
0.4485141604  
0.5438848745  
0.2956628939  
-0.1680110162  
0.3140643353  
0.413912992  
0.3036179439  
0.4611093904  
0.3678242533  
0.4575460751  
0.4647396023  
0.4398068217  
0.4267966462  
0.3303862592  
0.3627803885  
0.3792875513  
0.4706339806  
0.4354101048  
0.5176365574  
0.3935541698  
0.5554380452  
0.4116806069  
0.4754255703  
0.54443216  
0.6053440327  
0.482676459  
0.4312921681  
0.6980718796  
0.8591125141  
0.7597210632  
1.071038909  
0.412344607  
0.7214552618  
0.2679656707  
0.240234067  
0.3103035128  
0.2333070465  
-0.1135866527  
-0.3007051801  
-0.2352251609  
-0.4061907664  
-0.7275322717  
-0.4773587144  
-0.5751164527  
-0.5515742454  
-0.6490510662  
-0.6991641361  
-0.7556758244  
-0.5898153139  
-0.4427820543  
1.86475775  
1.295398426  
1.458316466  
0.9207066026  
1.189941887  
1.011435633  
0.66326448  
1.279662596  
1.029698098  
1.309733861  
1.342326886  
1.623801972  
1.332776403  
1.440102278  
0.8709817097  
0.9140346806  
0.9932467002  
0.3404502361  
0.8330881967  
0.2041273345  
0.2082580665  
0.3850352846  
0.6696525255  
0.2301768182  
0.3586532171  
0.8025687174  
1.081926792  
0.9285868707  
0.2836952361  
0.8592095944  
0.9993870814  
1.086118924  
0.9304048005  
0.8367694434  
0.3400916377  
-0.2111953825  
-0.5588845119  
-0.2832740491  
-0.2939287317  
-0.2245846154  
-0.3933162659  
-0.6623858066  
-0.7138072105  
-0.6801179219  
-0.5698694929  
-0.5520138656  
-1.32205969  
-1.578679544  
-1.586415859  
-2.079201397  
0.1947183644  
-0.4018662604  
0.24681139  
0.2841144041  
0.009042777598  
0.04434569386  
-0.4219153586  
-0.4900732181  
-0.1719773431  
-0.9295857102  
0.01587777053  
0.6606273444  
-0.1331533796  
-0.4768235017  
-0.8363605334  
-0.4696294338  
-0.3821689764  
-0.4188149504  
-0.8409968344  
-0.6363242302  
-0.9177080628  
-0.9305555741  
-0.7684763689  
-0.6482685793  
-0.5266277099  
-0.5911454915  
-0.4764710199  
-0.5375033957  
-0.7638520102  
-0.4006394979  
-0.6085414087  
-0.4199278197  
-0.4166119332  
-0.2640425495  
0.6261935282  
-0.6835340047  
0.461993361  
0.04321198001  
0.06041164814  
0.156014569  
-0.08802007805  
0.02519499413  
0.1765745868  
0.2971964118  
-0.07341985375  
0.02688349618  
-0.2857732848  
-0.8582802002  
-0.7308971529  
-1.016709927  
-0.8054308779  
-0.8872217464  
-0.1508829594  
-0.3668083726  
-0.6103011845  
-0.4880513794  
-0.06505591088  
-0.439116277  
0.2166574291  
0.1379597808  
1.627222976  
2.740576944  
0.6958030888  
0.3799066843  
0.5082940616  
0.5990311379  
0.5785009255  
0.6290367824  
0.1428603185  
0.184285838  
0.4196356305  
0.5097284284  
0.8533023913  
0.3404754149  
0.6194794195  
0.6996310416  
1.195272694  
0.6492620363  
0.5609730326  
0.6414013674  
0.903486723  
1.01610314  
0.7048112354  
0.6631294746  
0.7059306036  
0.6710817732  
1.430430875  
1.537540629  
1.282211925  
0.7113728659  
0.3430568402  
-1.136928816  
-0.001803783464  
0.9188407389  
0.4733208469  
0.2021065799  
-0.5304528494  
-1.986051446  
-0.1307804347  
-0.2603849918  
-0.2800941435  
-0.4199026751  
-1.179666317  
-1.333470192  
-1.877248855  
-1.958655288  
-2.064922575  
-1.989350288  
-1.911344994  
-1.252502135  
-1.451894375  
-1.696070135  
-1.427335704  
-1.398487137  
-0.7087083121  
-0.7213401141  
-0.7470426719  
-0.4599204342  
-0.439740205  
-0.2260253925  
0.165269173  
0.0526365293  
0.2292492815  
0.5349552754  
0.746537558  
0.6978852385  
0.7630389256  
0.6785504907  
0.6192746304  
0.625523432  
0.1621371765  
0.1950855274  
0.1627497202  
0.3375751066  
0.04512600277  
0.2138882313  
0.3923744135  
-0.04483556743  
0.0986823188  
0.0810647156  
0.2606051974  
0.132226116  
-0.06067067167  
-0.3455645401  
0.1351915444  
0.2886158786  
0.3107437676  
-0.1241573984  
-0.2916324095  
0.09902323187  
0.02673452521  
0.2667813367  
0.07575899185  
-0.1326766714  
-0.2320025222  
-0.04102551153  
-0.7257155128  
-1.071088707  
-0.6468053989  
-0.3910237986  
-0.5171987916  
-0.533482008  
-0.7999367869  
-0.4701830581  
-0.3722015585  
-0.1712477453  
-0.02125733455  
-0.431080686  
-0.5133020764  
-0.3080712957  
0.01028379275  
0.1393789852  
-0.03679576806  
0.242646808  
0.1752637783  
0.3245022006  
0.3277012394  
0.2674465999  
0.2368244261  
0.5073223157  
0.8208268187  
1.278026152  
1.012145734  
1.187986653  
0.6175961717  
1.462560148  
0.9755254279  
0.8019853899  
1.24027271  
1.295915789  
1.514334324  
0.9914912126  
0.5286271033  
0.4423752866  
-0.2084058486  
-0.6867837329  
-0.3796125572  
-0.04300876862  
0.0811163647  
-0.2838820154  
-1.089898294  
-0.4870025529  
-0.3667049996  
-0.3269570473  
-0.1514426201  
-0.3651263915  
-0.4544014367  
-0.6592438772  
-0.8060376255  
-0.8706952114  
-0.8729646161  
-1.098106688  
-0.9959639661  
0.07771994129  
-0.07290263213  
-0.7200940742  
-0.7042614018  
-0.2499911833  
-0.296940177  
-0.119139538  
-0.1060916197  
0.1400200992  
0.1608608328  
0.4134251076  
-0.2448677833  
-0.2652503593  
-0.1373616268  
-0.2811396654  
0.2712477805  
0.1489296799  
0.5386376505  
0.6565654496  
0.7027835518  
0.7873146317  
0.5851714877  
0.4475028726  
0.3760094759  
0.218201236  
0.1884183634  
0.4751188379  
0.3341213581  
0.4240364661  
0.1919519992  
0.2189218747  
-0.05255588148  
0.0939095462  
0.191456606  
0.4998241147  
0.2102244875  
-0.08357981194  
-0.2226797645  
0.9981201871  
0.3443412677  
0.07193807395  
0.2905424681  
0.09359350501  
0.4286732613  
-0.4070528805  
-0.4320716286  
-0.9521250357  
-0.7927371482  
-1.353266966  
-1.326670763  
-1.263461075  
-1.121898923  
-0.8927644318  
-0.9756298125  
-0.7718544345  
-0.226876546  
-0.2570747699  
0.01752946163  
0.08524763396  
0.3320348199  
0.6940212981  
0.8588487913  
0.5756661235  
0.5647294882  
0.2640602183  
0.3668897733  
0.06390734726  
0.1867951799  
0.34977426  
0.01198920954  
-0.3545892169  
-0.1756720238  
-0.5372720545  
-0.4598017807  
0.1410231039  
-0.3254860288  
0.07976042916  
0.2337070119  
-0.1097912852  
0.005669244198  
0.3403619958  
0.6902215304  
0.1025125907  
-0.05117084685  
0.08167808094  
0.1521878773  
0.03454559513  
0.1855805776  
0.4290942394  
0.2205345538  
0.3715515364  
0.8371159016  
0.8218955187  
0.966991034  
1.049786866  
1.826397942  
1.252214474  
0.9631622998  
-0.7111090398  
-0.6909553285  
0.318465604  
0.2827681425  
0.4430014032  
0.4332887072  
0.4158857745  
0.2987365677  
0.3349887488  
0.296380641  
-0.1404806782  
0.1752814709  
-0.050283498  
0.2599345151  
0.4221594585  
0.500831404  
0.6372198902  
-0.302252183  
-0.3421053434  
-1.230870039  
-0.6560794929  
0.4139177987  
0.2018748941  
0.05538178554  
-0.2751617278  
-0.178290595  
-0.04484513002  
-0.05339676126  
-0.4719348832  
-0.6618794547  
-0.8140658359  
-0.5841879489  
-0.7051086061  
-1.230757828  
-1.455379555  
-1.956909793  
-1.375984626  
-1.168380587  
-1.237805457  
-1.059124364  
-2.295962471  
-1.018814642  
-1.3090039  
-1.337914372  
-0.8232516695  
-0.2574989522  
-1.199076084  
-1.476445629  
-1.679494241  
-1.286054292  
-1.292330875  
-0.6395833182  
-0.3532358632  
-0.1806489175  
-0.103120618  
0.2494996844  
0.1805500602  
0.1857040438  
0.1385929727  
-0.1609359016  
-0.4603568443  
-0.1134510462  
-0.6562160723  
-0.250838954  
-0.4373903155  
-0.2762691691  
-0.2684128949  
-0.3098248931  
-0.4243079851  
0.2704651088  
0.072690974  
0.08020400328  
-0.1526808353  
0.4787457397  
0.6122629929  
0.7071429194  
-0.01715668043  
0.7122972662  
0.1660383342  
2.18560009  
1.557565219  
0.1104641677  
0.4149954717  
-0.2457962292  
-0.007064331531  
-0.2772541653  
0.1755320099  
0.01514083525  
0.1866624981  
0.217191878  
0.5793717131  
0.1681952143  
0.05950184015  
-0.4323179037  
-0.3987174183  
-0.607414095  
-0.6441402722  
-0.8192105212  
-0.5560222597  
-0.414764254  
-0.391463764  
-0.1709786413  
-0.2609510952  
-0.555863829  
-0.3403444562  
-0.5729264019  
-0.5461240445  
-0.5244388156  
-0.1764819225  
-0.4657819228  
-0.4940435412  
-0.4559342141  
0.1680337113  
1.024687007  
1.553442314  
1.537984009  
1.282504057  
1.023914654  
0.9774191668  
0.9044019797  
0.7078224728  
0.3932833308  
0.2355181606  
0.2706308271  
0.1532308548  
0.1568320774  
0.1148937019  
0.1864916383  
0.5053773832  
0.4163417852  
0.6343216502  
0.4285738706  
0.2371014638  
-0.01838801713  
0.2628033594  
-0.007329745443  
-0.2122676199  
-0.2804320835  
0.3674917122  
0.1900852497  
-0.09984646613  
0.06647498591  
-0.5826783462  
0.0481808293  
0.3040980949  
0.428541943  
0.452634159  
0.8070581799  
0.2676371876  
0.3748725841  
0.3328539027  
-0.2852485117  
-0.4832231955  
-0.3949020771  
-0.4689089377  
-0.3169995521  
-0.242583697  
-0.2553270888  
-0.6640157365  
-0.480271758  
0.004559996219  
-0.176998478  
-0.595451696  
-0.369103427  
0.4034649895  
1.04586897  
1.338631087  
1.149984826  
0.990140807  
0.633257965  
1.149289633  
0.6593939146  
0.9417369118  
0.2701064072  
0.07125988591  
-0.4571648203  
-0.6730219573  
-0.6298538122  
-0.7159648147  
-0.7271286905  
-0.507168974  
0.2003203151  
0.07154184872  
0.6007084586  
0.7265250649  
1.07425664  
1.225157429  
1.289947426  
1.460317487  
0.9862268861  
1.180690749  
0.7776453837  
0.4399464838  
-0.08135305569  
-0.6057194031  
-0.7388150341  
-0.2482871668  
-0.3242245525  
-0.7800007601  
-0.2895143657  
-0.5341007649  
-0.5360789709  
-0.248809222  
-0.32909251  
-0.2756546781  
0.3980135487  
-1.03848128  
-1.168375579  
-1.204285177  
-1.721013851  
-1.780375608  
-1.756058016  
-1.24926441  
-1.245494291  
-0.2537172279  
0.2433200762  
-0.200078862  
0.04947007837  
0.1432327559  
-0.06241031189  
0.472718489  
0.1383337249  
-0.0690550304  
-0.573230814  
0.7841955189  
0.6537834826  
0.07661981313  
-0.01225317808  
-0.03846845761  
0.1466517281  
0.19962064  
0.8794282079  
0.3953533731  
0.5078257758  
0.4103610559  
0.2946983447  
0.18587041  
0.2667866343  
-0.07814144319  
