0.6739898267  
0.4436654835  
0.691333223  
0.8401805805  
1.217394098  
1.086139347  
1.230385979  
0.792631887  
0.7152479575  
0.5674159505  
1.012634298  
0.1484212384  
0.8586924157  
0.8349627813  
0.7918016678  
0.5530192857  
0.5458416739  
0.8843097821  
0.4461060575  
0.2569369063  
0.04322923747  
0.1708236201  
0.2033058784  
-0.1280973181  
0.03735073957  
-0.08350656335  
0.4657084237  
0.2046823319  
-0.2349221048  
-0.03953360872  
0.1032876265  
-0.1682213794  
0.2439682668  
0.1835974902  
0.21848202  
0.14404216  
0.2482827286  
0.07654824689  
0.05308741819  
-0.003718653719  
0.2634351426  
0.5313590595  
0.3286533416  
0.2701239633  
0.4396973652  
0.114163687  
0.2954593691  
0.8192548672  
0.3677570149  
0.03441455159  
0.5584647907  
0.7019402834  
0.5392846091  
0.5331307086  
0.1663430384  
0.7375845933  
0.5284010208  
0.4470246664  
0.7201032243  
1.012307143  
0.5349497583  
0.8273397972  
0.2662045132  
0.06522143577  
0.2448610234  
0.02636062126  
0.03648086742  
-0.1270778644  
-0.07365300205  
0.09418117501  
0.2818191447  
0.5540071679  
0.5284701978  
0.3376080248  
0.2741509026  
0.2537640321  
-0.05091415218  
0.1649959157  
-0.2010375673  
0.1223456252  
-0.3298089957  
-0.1349538512  
-0.2370331494  
-0.4819491289  
-0.4549506502  
-0.2170330588  
0.1001962449  
0.3310553501  
-0.02176581445  
0.3333207477  
0.4060025012  
0.681911029  
0.07234936356  
-0.05181673899  
-0.1191340927  
-0.06703067917  
-0.005422951021  
0.5814559934  
0.6599900165  
0.5116840954  
-0.1573076126  
-0.9237786804  
-0.1344754056  
-0.6490203916  
0.0651293293  
0.6012303594  
0.7754038357  
0.8571796098  
0.8771876852  
1.59844195  
1.131430039  
1.369834484  
0.6815281376  
0.4138216297  
0.4731456614  
0.2151778882  
0.006441037349  
0.1503175617  
0.1032578496  
-0.2976975656  
0.2016178562  
-0.2124192759  
0.2354944152  
-2.555181242  
-4.736997748  
-4.741054662  
-5.174290342  
-1.345095258  
-0.6635980557  
-0.5997464223  
-0.5366269295  
-1.044719363  
-1.595115707  
-1.684136713  
-1.76567001  
-1.942156344  
-2.412163485  
-2.295560927  
-2.620760805  
-2.879006153  
-2.425347268  
-2.101301566  
-2.193141537  
-2.047853994  
-1.90893315  
-2.148568361  
-1.644408805  
-1.522137711  
-1.115557296  
-0.8185748876  
-0.4964141336  
-0.4351611888  
-0.8138916848  
-0.6220558676  
-0.7549069963  
-0.6004358859  
-0.2895064308  
-0.5486445034  
-0.4733180393  
-0.6209358983  
-1.014362457  
-0.684798184  
-0.7479667538  
-0.5254137065  
-0.9185714099  
-1.11263616  
-0.6020394032  
-0.5081432568  
-0.3975483516  
-0.5517266754  
-0.3167757894  
0.1133496144  
0.107320874  
-0.06318436471  
-0.08917685834  
0.007803488865  
0.3257765621  
0.2392129639  
0.4598095715  
0.1190776662  
-0.1171375413  
-0.1557823821  
0.3773389103  
0.5600470473  
-0.2036137516  
0.2175841988  
0.09107396367  
-0.1627543188  
-0.05080730634  
-0.08786664961  
-0.1416101433  
-0.4154631163  
-0.675190141  
-0.5111567463  
-0.2450404703  
-0.04086258582  
0.2938812143  
-0.1400891166  
0.0404507879  
-0.6074206862  
-0.9603678688  
-0.9368277395  
-0.7813017373  
-0.9430673592  
-0.5868534117  
-0.757165908  
-0.2966432305  
-0.2754963362  
-0.5688787917  
-0.4395449999  
-0.5312837467  
-0.674402392  
-0.853554177  
-0.803388378  
-0.8082891596  
-0.4543490116  
-0.5298678919  
-0.8508722266  
-0.4796791914  
-0.750490752  
-0.5974514341  
-0.4471723005  
-0.6451788984  
-0.1967625836  
-0.5474452123  
-0.4063600915  
-0.4003435554  
-0.1969329812  
0.4114234695  
0.4325465834  
0.6337396627  
0.5591685105  
0.8776207613  
1.007271388  
0.7466666913  
0.7958115492  
0.5644031249  
0.3361607997  
0.534769703  
0.4886858062  
0.4051386583  
0.1700001816  
0.3924066818  
0.1323371012  
0.2488588506  
0.188800089  
-0.1623002345  
0.07889337461  
0.1035912074  
0.0374726623  
-0.05295988469  
-0.3980877109  
0.09930590594  
0.2811852293  
0.5134455404  
0.1482268265  
0.1477581388  
0.4248586418  
0.4931295015  
0.6144619825  
0.5257656623  
0.2872720447  
0.4986872054  
0.04604064753  
0.1057633618  
0.6908364234  
0.816771893  
0.8117406544  
0.5475358819  
0.5522872288  
1.014374321  
0.4509075932  
0.7644900097  
0.5396114901  
0.6155342233  
0.2636679249  
-0.07641750927  
-0.2479250398  
-0.4843716231  
-0.4164497653  
-0.3099056442  
-0.428011949  
-0.540027344  
-0.4447024663  
-0.08320150568  
0.2723545666  
-0.06891615003  
-0.2088779912  
0.08781327191  
-0.4852708013  
-0.2991655972  
-0.9141490356  
-0.8639748958  
-0.4438788314  
0.03231470044  
-0.1827696804  
0.2318126332  
0.3190929336  
0.1052650728  
-0.1798318019  
0.3034175138  
-0.6119368585  
-0.6969131678  
1.19682836  
-0.04404483243  
0.2748075141  
-0.01918639301  
-0.07146314387  
-0.1440473724  
-0.06363166346  
0.319119605  
0.4477855254  
0.177251155  
0.5592710092  
0.5007110638  
0.5387059381  
0.7082566249  
0.6660320657  
0.6841660906  
0.7915032052  
0.9324796325  
0.7748579657  
0.7433092023  
0.9196492763  
0.9472405676  
0.4268641073  
0.5982904192  
0.1809769493  
0.5595168088  
0.5920669412  
0.4537976923  
0.5064110423  
0.5915886797  
0.6442500312  
0.3861942449  
0.2796510541  
0.1636450348  
-0.05452211803  
-0.04635766971  
0.09104243501  
-0.1828384882  
-0.8267455506  
-0.4306043792  
0.4722375282  
0.6863145956  
0.6444472626  
-0.06512914345  
0.02003179107  
-0.09801725183  
0.2275585122  
0.3365383266  
0.04312075743  
-0.4668398316  
-0.2527336214  
-0.2656376177  
0.2110194568  
0.04030422104  
0.1730212006  
0.1296841944  
-0.02775747182  
0.1590387782  
0.2454879097  
0.5785891236  
0.9449513146  
0.7694585608  
0.1620886742  
0.03733380345  
0.2928028183  
0.2549276758  
0.3867458734  
0.241705626  
0.2847440241  
0.2976840093  
0.4758046223  
0.3244837917  
0.1887692457  
0.3200514601  
0.06429827224  
0.2674411161  
-0.2795731949  
-0.477994493  
-0.2268481895  
0.1667579205  
-0.01617868587  
-0.3038911154  
-0.08339425205  
0.2267499138  
0.3537284777  
0.1708095613  
0.578965791  
0.6901471159  
0.6207371467  
0.5950219986  
0.1441983498  
-0.003834239921  
0.2696106205  
0.1594004152  
0.1842952866  
0.07686712233  
0.2310963796  
0.3222579084  
0.1885289011  
-0.1993321858  
-0.1877322434  
-0.1319117101  
-0.1659263152  
0.1996071315  
0.1366348744  
0.02889969004  
0.2858641371  
0.3602261637  
0.3329224596  
0.1088779482  
0.5729616215  
0.6019813695  
0.9427504728  
0.177914345  
-0.1724880284  
-0.1795376921  
-0.2882296706  
0.494614419  
1.098260727  
1.383606728  
0.7129061543  
0.2722006262  
0.08283770597  
-0.2671148358  
-0.3569875027  
-0.4460632359  
-0.281362034  
-0.3457347818  
-0.9371793882  
-1.164112681  
-1.395596041  
-1.107427772  
-1.030008784  
-0.2421055926  
-0.01115285968  
-0.1979375132  
0.02329905581  
0.4588485458  
0.2125055304  
0.03276415331  
-0.4014418578  
-0.5043109331  
-0.4439786532  
-0.6309042026  
-0.6581735609  
-0.6211871473  
0.1074876827  
0.01862310202  
0.3670831313  
0.4394193099  
0.633698064  
0.7615186521  
0.8984728712  
0.6710334833  
1.238424542  
0.8641984001  
0.7663712937  
0.6926266956  
0.8984279113  
0.8643146556  
0.796494699  
0.9922530466  
0.6533769545  
0.7382236959  
0.4396621139  
0.5856708913  
0.619982734  
0.3133684636  
0.7544573936  
1.009669195  
1.190976817  
1.23337884  
1.058600118  
1.10436734  
1.173761473  
1.138338687  
0.6913372388  
0.9544905108  
1.009939034  
1.051967359  
0.9236063036  
0.5661781056  
0.7896593708  
1.045414929  
1.214361183  
0.9838487535  
0.8370428418  
0.6327622453  
0.5457157362  
0.3731861709  
0.5698683255  
0.2852565287  
0.55770128  
0.8057909244  
0.7389175866  
0.5284687554  
0.6987088581  
0.6123784152  
0.4619085985  
-2.140670711  
-2.291823889  
-1.894852633  
-1.656457483  
-3.881428985  
-2.804049675  
-1.745142787  
0.2856856551  
-0.2764585224  
0.1815686677  
-0.6683883295  
-0.8282830806  
-0.6622682544  
-0.7276153327  
-1.114174753  
-1.244114334  
-1.363976495  
-1.148463025  
-1.377597362  
-1.834736152  
-1.030929822  
-1.325987031  
-0.7154659552  
-0.5079831525  
-0.4384482827  
0.0520052068  
-0.1520457375  
-0.2195315348  
-0.2174531576  
-0.1695890022  
0.1716751448  
0.2640931948  
0.2741195967  
0.4855874516  
0.6225534121  
0.6686604265  
1.376226176  
0.9732290456  
1.008999572  
0.7222949233  
0.7973929707  
0.3019067601  
0.6503203596  
0.4880936169  
-0.02717638522  
-0.08023195191  
0.02430507927  
0.2106454095  
0.8092841  
0.5287206243  
0.4447804787  
0.2903207404  
0.3126555016  
0.3527903543  
0.2883502246  
0.3877977127  
0.6223536367  
0.2823578483  
0.06816319549  
-0.189197796  
0.304359649  
0.5372401016  
0.2479119625  
0.1940885011  
0.355547244  
0.8916219327  
0.6574562301  
0.5480752542  
0.08422156866  
0.06478672139  
-0.1035818058  
-0.05340589491  
0.03217758198  
-0.198655981  
-0.1826171467  
0.552363053  
0.8454444726  
0.9681016721  
0.5094228767  
0.08841254594  
0.1436597252  
-0.6132402967  
0.3885204441  
0.5264978229  
0.6583969184  
-0.02679400106  
-0.9515933974  
-1.286315094  
-1.090796046  
-1.273402208  
-1.245954652  
-1.37367339  
-1.363730526  
-1.364788197  
-1.268105416  
-1.562438123  
-1.686018011  
-1.647305952  
0.2823561818  
0.109432842  
0.2834448468  
0.4777674743  
1.011683981  
0.9306072791  
0.7358043298  
0.564320498  
1.122125931  
0.6833362007  
1.192243994  
1.315003583  
1.169072834  
0.371891931  
0.9036399318  
0.9410562142  
1.406058512  
0.6013159694  
1.682267461  
1.351301863  
0.918446789  
0.9237343226  
0.8804153767  
0.2476205471  
0.772438818  
0.8480345619  
0.9399484208  
0.4923429806  
0.2305127475  
0.5034307235  
1.250199588  
1.098596433  
1.370776344  
1.084714194  
0.6281066622  
0.2630432268  
0.2263746795  
0.311674928  
-0.09178901977  
0.138997835  
-0.5055998988  
-0.7520784702  
-0.9557139359  
-0.7809213186  
-0.4924525833  
-0.9841114851  
-1.05281288  
-1.557784011  
-1.861811308  
-2.179517836  
-0.4005722594  
-0.3784031679  
-0.4189492312  
-0.5529427996  
-0.8536767775  
-0.4539940948  
-0.8300953208  
-0.73052241  
-0.1846802838  
-0.001902639788  
1.875798923  
2.197050404  
1.325356816  
0.7562762744  
0.5158822273  
0.3654507926  
0.08431616723  
0.1960276096  
-0.9964404322  
-0.9104571905  
-1.396963947  
-1.709092455  
-2.069562464  
-1.875901691  
-2.669938692  
-2.051137618  
-2.10615801  
-1.947338455  
-1.578971072  
-0.9181410794  
-1.258865273  
-0.8665746895  
-0.6567822462  
-0.3002442981  
-0.2262161492  
-0.318356575  
0.5652855911  
0.6002324634  
0.1374743182  
0.2372022677  
0.2760054866  
0.3700558315  
0.2045932496  
0.09402414763  
0.09368150829  
0.1798121813  
0.3003951892  
-0.5575790444  
-0.04027533875  
-0.1494875587  
0.4158070324  
0.09266056684  
0.5624413091  
0.5847884262  
0.7801657523  
1.083354883  
1.154810257  
0.372208735  
0.3148471741  
0.6107568493  
0.8677866244  
0.4675983785  
0.06973669382  
0.103599458  
0.2254029316  
0.03574572869  
0.2041911232  
-0.3331647315  
0.4560169376  
0.1586357389  
0.2295751773  
0.4133136617  
0.5433123506  
0.2994196241  
0.614723642  
0.1970628293  
0.4783654794  
0.1754810954  
0.7441202833  
0.7599085304  
0.9560617254  
0.8222735521  
-0.02317652048  
0.4610258631  
-0.08649618364  
0.5599340922  
1.167826957  
0.5449993289  
-0.01418703386  
-0.3878379452  
-0.673627337  
-0.7847911333  
0.4238806486  
1.590163209  
1.617449563  
0.7988737248  
0.561178855  
-0.04286568901  
-0.5861240424  
-0.5942072556  
-0.1843379219  
-0.7274723675  
-1.684211147  
-1.010200907  
-1.504694588  
-1.474465022  
-0.7991888136  
-0.9639072866  
-1.198271127  
-1.317499854  
-0.98114649  
-1.135121651  
-0.9032863491  
-1.014716676  
-0.1286955391  
-0.1862967198  
-0.1641450842  
-0.06606733694  
-0.3022407534  
0.4093701343  
0.1055768423  
0.5132679627  
0.5833240292  
0.6038049779  
0.4422783606  
0.29085704  
0.08123341229  
0.2872826013  
0.6376749444  
0.4272913104  
0.06602449014  
-0.04262862018  
0.1631912837  
0.2112962377  
-0.1568185604  
0.2279605665  
0.5026614976  
1.030166904  
0.009779009719  
0.678366407  
0.9500917679  
0.3746235191  
0.8036981027  
1.501245895  
0.7337459353  
0.8989048951  
0.6957675803  
0.8836097053  
1.083455793  
1.039216321  
0.6623021001  
1.026840075  
0.3990037087  
0.1189502517  
0.3336226008  
0.3065955869  
-0.2856392491  
-0.3929592425  
0.43440045  
-0.1693371018  
-0.509609761  
-0.2547471327  
-0.3573597922  
-0.4447850876  
-0.3376904305  
-0.3534482596  
-0.3142600313  
-0.206125358  
-0.5896885405  
-0.2162337644  
-0.01984760267  
-0.8469602463  
-0.5055648187  
-0.4230781637  
-0.1755311457  
-0.07401386724  
0.2721596296  
0.6043990023  
0.311182565  
0.2189606629  
0.3044950991  
0.07881600983  
0.08154866001  
0.2595932208  
0.3079220884  
0.7815369664  
-0.6566418016  
-0.733586243  
0.7073708847  
0.2371341289  
0.9271813492  
0.9371633714  
0.2736073558  
-0.12172418  
-0.3719606712  
-0.1763357794  
0.6452851261  
0.6517590478  
0.9024841513  
0.6748604517  
0.1854255791  
0.5503346433  
0.7654611325  
0.5870087298  
1.376297305  
1.068083247  
1.132901167  
0.5818163567  
-0.1361919211  
-0.1706033612  
-0.2252651943  
-0.1356067094  
0.3241320688  
0.7995628502  
0.2801735413  
0.02266627591  
0.2125769482  
-0.5890552351  
-0.6073234765  
-0.7851015264  
-0.3751605564  
-0.4396266063  
-0.9250782471  
-0.806648334  
-0.7524410897  
-1.076803241  
-0.5307488676  
-0.8330906187  
-0.8529678484  
-0.4904424439  
0.1308862172  
0.2546539456  
-0.6391371413  
-0.2756563447  
0.06187616094  
0.1633820268  
0.2138585463  
0.3116675185  
0.1778295488  
-0.01018992288  
0.3711885408  
0.01905133061  
0.6590550274  
0.2034830148  
0.8418407791  
1.019234746  
0.7671668907  
1.039337807  
0.8097624783  
0.5163364204  
0.7278840576  
0.3492059961  
0.3494860343  
0.6001595333  
0.9002538526  
1.028227217  
0.7494320759  
0.09385237103  
-0.02220161894  
0.01130218462  
-0.1259716328  
-0.1613690918  
0.2496441145  
-0.1234384567  
-0.1258066743  
-0.1559963057  
-0.7860136821  
-0.3171299741  
-0.1834748978  
-0.4134266025  
-0.2826584689  
-0.6108068845  
-0.4125574902  
-0.04909025374  
0.2499548026  
-0.2899684091  
0.4986283969  
0.4947820743  
0.5089779935  
0.5970328404  
0.4312558285  
0.4739102754  
0.7557682956  
0.8177428664  
-0.1853299668  
-0.5007334744  
-0.6026798703  
-0.1243048475  
-0.3819653237  
-0.2545180916  
-0.6767922615  
-0.821564262  
-0.1147922453  
-0.1182612361  
-0.4077025596  
-0.4941083212  
-0.3421665614  
-0.1784524613  
-0.2238186223  
-0.7266668278  
-0.6029284586  
-0.5005460083  
-0.460281569  
-0.3916037666  
-0.5060193427  
0.02221176615  
0.5319868535  
0.5918239227  
1.128416754  
0.4163061613  
0.9620304092  
-0.3319627432  
-0.2831971484  
-0.01239353311  
-0.1063506686  
0.8697349285  
0.1668536276  
0.3672064431  
-0.4325074533  
-0.04176661116  
-0.5593000994  
-0.3493766982  
-0.4759580596  
-0.4354842104  
-0.2999268622  
-0.09668412034  
0.01025361249  
-0.4791665388  
-0.7789535478  
-1.7344809  
-1.331701707  
1.226096846  
1.654710693  
1.764294509  
0.9546655525  
0.4625118033  
0.1214158894  
0.1308207799  
0.0062422613  
-0.5726458116  
-0.07786960901  
-0.7689654886  
-0.9743186353  
-1.733454024  
-1.480685871  
-1.885176451  
-1.504620734  
-1.665196303  
-1.314781785  
-1.404430207  
-0.6186622431  
-1.6048068  
-1.238810553  
-0.420936572  
-0.1172260623  
-0.08993256984  
0.4095210707  
0.1322749126  
-0.02605816596  
0.04910356314  
-0.2081124864  
0.2090158324  
-0.02316607581  
0.4929597689  
-0.2537994653  
0.02561336168  
0.1275696439  
-0.4069070349  
0.4488784456  
0.3576269945  
-0.1538471682  
-0.001849590423  
-0.1871021325  
0.002440959058  
0.4051874874  
0.0209193862  
-0.1286411264  
0.007726338116  
0.1749639507  
-0.0272603034  
0.2941180842  
0.2895615251  
0.06881784304  
0.6889611893  
0.7357933721  
0.6224474964  
0.05578889348  
-0.2532355224  
0.04458389204  
0.9810300768  
0.676387423  
0.8295333185  
1.053967895  
0.4962811622  
-0.1038760795  
-0.4602306116  
-0.727289185  
-1.348198838  
-0.8507087631  
-0.3715373615  
-0.2595391752  
-0.6800140442  
-0.6700848557  
-0.5361492023  
-0.6095910955  
-0.4931958139  
-1.275422652  
-0.6348103573  
-0.542396328  
-0.3517898683  
-0.357084561  
-0.04667190712  
-0.03974428109  
0.005404301969  
0.2394151852  
0.2726086818  
0.131978476  
-0.04066257079  
0.264714715  
0.5414099077  
-0.1883074155  
-0.3381192702  
-0.1409079157  
0.5318079235  
0.8215235947  
1.836516517  
1.118519487  
1.22027279  
0.8511325496  
0.3916537353  
0.9326956315  
0.5175180637  
0.02479143961  
0.09890030649  
-0.4041857926  
-0.3232724534  
-0.4951807548  
-0.4248252098  
-0.4854542957  
0.04778659593  
-0.5378350587  
0.1072258466  
0.1202361582  
-0.2759870157  
-0.4968504592  
0.1473956625  
-0.1951275301  
-0.1748904399  
-0.3745600306  
0.05309439378  
-0.2214540066  
0.4759573207  
0.1830721064  
-0.4406970358  
0.2972090077  
0.5674077594  
0.1345456029  
0.7324537454  
1.112932793  
0.2443387311  
0.5198767831  
-0.1025998233  
-0.2310965573  
0.319342876  
0.2916857083  
0.1343247511  
0.06497500794  
0.04668535269  
-0.1481312019  
0.2816071085  
0.6441955496  
0.2753778109  
-0.1654422061  
-0.173788934  
0.2335730853  
0.6732950037  
0.8530252384  
0.6812363704  
0.3415527759  
-0.06667595935  
0.005615602459  
-0.1242353391  
-0.3755224088  
-0.3058029009  
-0.9878294257  
-0.548760461  
-0.2328683592  
-0.5738208803  
-0.7602203081  
-1.383743988  
-0.939260205  
-0.6450439053  
-0.8369229668  
-0.6781811594  
-0.1530426899  
-0.1838769778  
0.2029602918  
0.550347798  
0.710071327  
0.4472944578  
-0.1848010212  
-0.444061264  
-0.01688857078  
-1.031201671  
-0.8358633878  
-0.9669547435  
-0.2515247101  
0.6553296346  
0.7932548145  
0.3853241301  
-0.3669679947  
-0.4061164715  
-0.8593238244  
-0.527921435  
-0.599736162  
-0.4090959837  
-0.2004088374  
-0.4355125281  
-0.2947133151  
-0.2097744147  
-0.2458301028  
-1.176200406  
-1.382275585  
-1.701119797  
-2.126777709  
-1.529905056  
-0.9527276535  
-1.352518454  
-1.62378579  
-1.008380639  
-1.433131893  
-0.5874206305  
-0.6831983314  
-0.1390635203  
-0.05361742228  
0.3502831656  
-0.06885947549  
-0.2894638222  
0.01998577561  
0.4095849665  
0.04766328595  
0.5106303631  
1.004261248  
0.1197477595  
0.8833999961  
0.8652619022  
1.073606583  
0.8793093593  
1.062400826  
0.148074279  
