1.668948068  
1.49959526  
1.437543183  
1.377886861  
1.375654507  
1.422310942  
1.370197081  
1.212391541  
1.014216115  
1.117087246  
0.9582950754  
0.8358102933  
0.8901251968  
0.9026358429  
0.9036297297  
1.016127051  
0.9433912902  
0.8552678011  
0.9429121588  
0.9493797957  
0.6006803088  
0.6322293722  
0.4515083171  
0.5749388352  
0.4928613133  
0.590765027  
0.3871811671  
0.550983567  
0.3205310637  
0.3745750623  
0.313398912  
0.1790056761  
0.4724292418  
0.2895717509  
0.310655439  
0.3794787446  
0.3524757033  
0.269988585  
0.4113596225  
0.3883386657  
0.4327485614  
0.4155870716  
0.6324412955  
0.5010756586  
0.6434908267  
0.4008805741  
0.576767821  
0.6043954046  
0.5317506817  
0.538090268  
0.6666527598  
0.6941449101  
0.7667006733  
0.9118671852  
0.8336820966  
0.9676291025  
0.7207832532  
0.5758096528  
0.8899172114  
0.9712632803  
1.125300097  
1.071078747  
0.6353823522  
0.5281670847  
0.2724590217  
0.2172555572  
0.2290709768  
0.248196436  
0.185459568  
0.1871572575  
0.2168809996  
0.5686884457  
0.5178447255  
0.4514224365  
0.3594922685  
0.2349942706  
0.2043024768  
0.02444769093  
-0.02461764933  
0.1059001496  
-0.2265884564  
0.07289777874  
-0.1069396614  
-0.2989657607  
-0.1226619573  
-0.04143605253  
0.09859792899  
0.2771902412  
0.1891557621  
0.4456672955  
0.5992949456  
0.6786361409  
0.681841194  
0.791060226  
0.5086014343  
0.5555912462  
0.6638509408  
0.9516351438  
0.934804267  
0.7930519256  
0.4155572526  
0.4201832132  
0.6081870276  
0.3757325859  
0.4877866709  
0.9765804841  
0.9382967775  
0.962351245  
0.9384837832  
1.102217481  
1.125552565  
0.9906804937  
1.05719678  
0.7818226106  
0.8546770679  
0.5690823909  
0.4187756629  
0.4837982011  
0.4022824723  
0.1145350224  
0.2615490535  
0.1333700801  
0.2139179729  
-1.416385524  
-3.210600292  
-4.07482991  
-3.635297226  
-1.875610527  
-1.215541134  
-1.14661755  
-1.255306999  
-1.315670924  
-1.642357048  
-1.445719816  
-1.686783086  
-1.698539845  
-1.930367841  
-2.034018  
-2.264712501  
-2.404994357  
-2.52522825  
-2.50497545  
-2.579041877  
-2.623370351  
-2.56840476  
-2.445729354  
-2.309799013  
-2.302990537  
-2.118664043  
-2.006953898  
-1.76163351  
-1.169816586  
-1.145640032  
-1.007261121  
-1.131186573  
-1.027934848  
-0.9060093906  
-0.8711263909  
-0.7866230959  
-0.9558400755  
-1.197313479  
-1.082417811  
-1.220658576  
-1.091451178  
-1.208377641  
-1.045895922  
-1.041164531  
-0.822353558  
-0.7761062715  
-0.9453188828  
-0.9321360288  
-0.8863558091  
-0.7202978689  
-0.7611867398  
-0.8183288079  
-0.4363466925  
-0.03667266715  
0.05859732924  
0.3923887964  
0.7321961384  
0.4854306593  
0.3268351618  
0.5836114563  
0.8536705271  
0.6447907445  
0.4860085796  
0.3481933176  
0.2838244086  
0.2109397657  
0.369452428  
0.5271838183  
0.2447388415  
0.259325507  
-0.1586191325  
-0.03308025168  
0.2695266112  
0.2840160344  
0.186080257  
0.06907718529  
-0.242985438  
-0.4337562201  
-0.5903474025  
-0.5540545766  
-0.6110204555  
-0.691053165  
-0.7867994159  
-0.6139819772  
-0.5020318554  
-0.5248007662  
-0.6136963953  
-0.7242525289  
-0.7432112874  
-0.6801162403  
-0.6350454477  
-0.6306748042  
-0.6651465945  
-0.730019157  
-0.7151083083  
-0.8094035121  
-0.7545532946  
-0.8588327127  
-0.8060652012  
-0.7912668946  
-0.7542055134  
-0.7473997415  
-0.6553457379  
-0.4651722291  
-0.4438788473  
-0.3741722934  
-0.2857386592  
-0.06698697689  
-0.04095171667  
0.1153482868  
0.1888087236  
0.2414025668  
0.1821530321  
0.1536698149  
0.1185845415  
0.1970329479  
0.2548266467  
0.2560331003  
0.4205120133  
0.4093716789  
0.3926367136  
0.520970906  
0.5934577828  
0.4332200952  
0.5417864638  
0.5783769972  
0.533939236  
0.607264748  
0.5526769876  
0.4625990666  
0.5737359749  
0.5646452376  
0.4328989846  
0.6528612482  
0.5892204885  
0.6191771319  
0.6634718259  
0.6779975941  
0.5598515462  
0.5078005813  
0.5109520063  
0.4246288189  
0.7112532673  
0.711781545  
0.6820150543  
0.688860654  
0.7757665871  
0.6263066832  
0.7178951424  
0.6660253765  
0.7769540251  
0.728973812  
0.8243235413  
0.5215011198  
0.08639843425  
0.2504907159  
0.4402276869  
0.5039899909  
0.714441443  
0.6158815741  
0.3170825124  
0.2659342529  
0.126651599  
0.1031115982  
0.02203594626  
-0.1045716031  
-0.2646940684  
-0.2375761586  
-0.4012326026  
-0.4544985978  
-0.5030072609  
-0.2454248947  
-0.2449174774  
-0.2005267563  
-0.1629093186  
-0.1217381378  
-0.3136680301  
-0.03002921693  
-0.4587014711  
0.006791924349  
0.6386556504  
0.5175195758  
0.7158232725  
0.613281689  
0.1834764027  
0.1068880635  
0.2771419192  
0.3200854447  
0.4077137928  
0.3092320254  
0.2254988757  
0.3009747963  
0.355645536  
0.3933799505  
0.3094871136  
0.4436371103  
0.5367490138  
0.5990932508  
0.6449102213  
0.5046788821  
0.6107834309  
0.4990159671  
0.5211537632  
0.680187804  
0.6358744709  
0.6937255597  
0.6878855807  
0.6083471243  
0.7434146679  
0.7124307512  
0.8853419105  
0.7016263292  
0.5347259579  
0.6151249348  
0.548833819  
0.5830537803  
0.5518395714  
0.4606332961  
0.002708934626  
0.3907655904  
0.9611603581  
1.259320375  
1.586430905  
1.289013126  
1.059926301  
0.8213980842  
0.8096821916  
0.5992270691  
0.2548489394  
0.07089252355  
-0.1035494033  
-0.3655509693  
-0.3249325629  
-0.2026235357  
-0.3335955493  
-0.1939424301  
-0.2714928542  
-0.2341061578  
-0.3313959687  
0.03830215949  
0.2378872166  
0.05745668558  
-0.1425212842  
-0.4180885408  
-0.4371000715  
-0.5605607212  
-0.3675400058  
-0.1856767264  
0.1469004481  
0.196053255  
0.3196877107  
0.1585043414  
-0.03731686058  
0.01767392596  
-0.009315320332  
-0.09382316823  
-0.1246695517  
-0.2047048452  
-0.32288316  
-0.5115513644  
-0.3969114746  
-0.2578977868  
-0.2597965507  
-0.2378151133  
-0.05601044053  
0.215502213  
0.1723675937  
0.4844329561  
0.6470628192  
0.6301331496  
0.3180806773  
0.3909818028  
0.4413279992  
0.07751217579  
0.1362180555  
0.1660929292  
0.285855687  
0.2001216155  
0.0588246559  
-0.2916510745  
-0.2708387823  
-0.2007742919  
-0.2752197678  
-0.3052457032  
-0.2514422249  
-0.301618504  
-0.3044457433  
-0.2101585412  
-0.233739517  
-0.3519822888  
-0.2245927755  
-0.2161930439  
-0.1357031484  
-0.1456203143  
-0.3646858801  
-0.5442781128  
-0.6351409665  
0.1190070434  
0.5663461067  
0.7523098617  
0.5009941389  
0.2941496144  
0.003148186549  
-0.147962748  
-0.3218581549  
-0.3744100542  
-0.4265812795  
-0.6841057455  
-0.8846330093  
-1.022638562  
-1.089810165  
-1.060906625  
-1.016168587  
-0.9274255902  
-0.926460645  
-0.8818166636  
-0.9574752403  
-0.8695520055  
-0.8667524475  
-0.8010902058  
-0.7061154775  
-0.7827068196  
-0.6276730181  
-0.6894304425  
-0.4675386717  
-0.5103657879  
-0.339960476  
-0.2376841423  
-0.06265952339  
0.02534733746  
0.1375899198  
0.3065936039  
0.6085284902  
0.4702020726  
0.6896857182  
1.197061213  
1.085319323  
1.03417798  
1.542805826  
1.436365243  
1.330444687  
1.21722767  
1.047967821  
0.9074634497  
0.8881269132  
0.8518890261  
0.9517981423  
0.5883567064  
0.7073152401  
0.5979099004  
0.7540711893  
0.9205646695  
0.9576456524  
0.7306300467  
0.6223004483  
0.7142696715  
0.6690372482  
0.5112427415  
0.3987902425  
0.3964461314  
0.557725195  
0.4568181648  
0.3760891132  
0.6426945903  
0.4578241926  
0.2205630425  
0.4263605045  
0.3377398507  
0.5054961545  
0.4863873796  
0.3480366353  
0.3597607542  
0.3375368451  
0.4979553773  
0.2989128872  
0.33352771  
0.09690784363  
0.1789634691  
0.117696195  
-1.523257222  
-2.265007255  
-2.372418829  
-2.591436347  
-3.955202136  
-4.144233546  
-3.139613987  
-1.311796609  
-1.07220125  
-0.7764650688  
-0.7361329222  
-0.3716526751  
0.06544235107  
-0.3833099841  
-0.5816940944  
-0.6609472783  
-0.9843395979  
-1.032850459  
-1.209189971  
-1.335206647  
-1.293953566  
-1.518241274  
-1.283737545  
-1.262568499  
-1.232370163  
-1.069890646  
-1.033530424  
-0.9824803656  
-1.078939149  
-1.161079746  
-1.003409864  
-0.8343426378  
-0.5685391705  
-0.2397618421  
-0.1233921106  
-0.06686699131  
0.3684329722  
0.4967387685  
0.4442943576  
0.3282655457  
0.3540534359  
0.1971510057  
0.3239521552  
0.02397934081  
0.004450899884  
-0.1997246932  
-0.2615323009  
-0.262548881  
0.1670063138  
0.3262168766  
0.243809794  
0.4047785425  
0.9195215607  
0.2894356453  
0.4716841409  
0.5361487027  
0.7107211613  
0.5801975548  
0.2212651863  
0.08404245528  
-0.06108836835  
0.01121389667  
-0.03187734929  
0.03390953443  
0.1149673739  
0.2530575272  
0.4003938929  
0.347694038  
0.3867297438  
0.2049107689  
0.02789899809  
0.005616662581  
0.02143176886  
-0.08624282358  
0.00576554543  
0.4490461352  
0.2273087884  
0.3554220347  
0.2129876699  
0.3397597689  
0.6228011429  
0.2976377129  
0.9470464  
0.9522588396  
1.016799266  
0.5691889295  
0.2918112499  
-0.09586873773  
-0.1525759377  
-0.4729737144  
-0.3847995901  
-0.8723156807  
-0.6461773476  
-0.5773924493  
-0.8314116006  
-0.9340480624  
-1.244034454  
-1.440588967  
1.356402803  
1.088223767  
0.9156217625  
1.001431123  
1.046573118  
1.091910899  
1.0231828  
0.9222489661  
0.8053948896  
0.6820663078  
0.8452250839  
1.153798965  
1.011115951  
1.300023452  
1.140977612  
1.269797696  
1.376843454  
0.817410865  
1.231767169  
1.132707512  
1.191811253  
1.016081832  
0.7371250308  
0.5285070913  
0.3847784973  
0.3524336366  
0.6581639911  
0.387420587  
0.2195486395  
1.037441731  
1.494806333  
1.739742284  
1.605522035  
1.603923613  
1.15864474  
0.8667942719  
0.813937804  
0.6933851888  
0.4463089889  
0.3690916456  
0.01059900509  
-0.2947495311  
-0.6001770267  
-0.5748401222  
-0.7477962911  
-0.999756369  
-1.297627463  
-1.77772207  
-2.615936496  
-2.102678343  
-0.1964317751  
-0.7020308008  
-0.4623886124  
-0.3001704289  
-0.5102569078  
-0.4405100008  
-0.9326008075  
-1.065808172  
-1.191132049  
-0.6333572021  
1.365779388  
1.867931004  
1.641282166  
1.086882128  
0.7029694582  
0.5428281229  
0.4182388377  
0.2262078448  
-0.06047690609  
-0.5495666955  
-0.7670396498  
-0.9855150221  
-1.523335365  
-1.538661595  
-1.949383647  
-1.933671372  
-2.012052343  
-1.937157546  
-1.987805399  
-1.74995923  
-1.69432053  
-1.661795557  
-1.753790552  
-1.013157098  
-0.7987756606  
-0.9485919182  
-0.4800809343  
-0.2217743428  
0.3027103157  
0.112922491  
0.3638461589  
0.3395610535  
0.660007494  
0.9548816587  
0.6822918069  
0.8363542495  
0.794895358  
0.3879170316  
0.4781154977  
0.5188184184  
0.9355171439  
1.344446232  
1.303252935  
1.105842515  
1.079645623  
1.521784995  
1.733525182  
1.386757285  
1.198016871  
1.081366435  
1.513409821  
1.636308312  
0.8741602153  
0.6398899706  
0.7237495976  
0.6055027589  
0.8396593966  
0.4686115982  
0.3633102875  
0.4971487608  
0.2893210136  
0.379060399  
0.3907212782  
0.4793363753  
0.5115405333  
0.4299596974  
0.8183515229  
0.6033083278  
0.6231533475  
0.3941722993  
0.5919156147  
0.7661739903  
0.4601951052  
0.2209076486  
0.03916002058  
0.2696204492  
0.93957593  
0.4995577639  
-0.3048995512  
-1.213623333  
-0.7621655667  
-0.8761555658  
0.3527458712  
1.11668387  
1.132690842  
1.04357454  
0.9385136185  
0.565385092  
0.3216639923  
0.1237704179  
0.02982288336  
-0.06208167288  
-0.6140103672  
-0.8566633071  
-1.264248866  
-1.253856569  
-1.327039823  
-1.221547681  
-1.431961568  
-1.321002624  
-1.587370433  
-1.253914529  
-1.399178206  
-1.031642542  
-0.7416646645  
-0.5941404166  
-0.2601995079  
-0.3053645619  
0.01688078563  
0.2240495061  
0.3804863113  
0.4916874235  
0.6767253313  
0.8070516431  
0.6777117634  
0.6257980068  
0.7502754202  
0.5622660249  
0.5216926363  
0.658564313  
0.4003238222  
0.4480541216  
0.5279891749  
0.527030705  
0.3567908035  
0.6560518016  
0.5469445371  
0.631770341  
0.6861967144  
0.5970255982  
0.6948074218  
0.8338273265  
0.775925364  
0.889441867  
0.9985182337  
0.9019226259  
0.673677974  
0.7943740903  
1.034065556  
1.084955437  
1.2052264  
1.28957836  
1.17274157  
1.170746205  
0.8362012822  
0.8532174279  
0.631663522  
0.8051843047  
0.8319724496  
0.821420437  
0.7370570211  
0.8875604053  
0.7717463984  
0.5849526045  
0.589117423  
0.3326184957  
0.4651497065  
0.3458932082  
0.138497606  
0.2886277035  
0.4860419187  
0.2038165671  
0.7003849346  
0.61388729  
0.5011992603  
0.6206609281  
0.6501006874  
0.6804611144  
0.7410920523  
0.872358732  
0.9315554983  
0.811118268  
0.7326944133  
0.8351346545  
0.9482458626  
1.083956861  
0.07485696678  
-0.04698594633  
1.174006517  
0.7496674931  
1.085782629  
1.121744676  
0.9429842271  
0.1788490299  
-0.5249733799  
-0.9646592598  
-0.1721585688  
-0.1097453233  
0.1929662376  
-0.1088049127  
-0.4634843871  
-0.055448455  
-0.2185694037  
-0.09460504572  
0.5573293271  
0.387004233  
0.4753872145  
0.4271921661  
0.1477079641  
-0.2885510342  
-0.2062983142  
-0.4003400215  
-0.2006763396  
0.1876275832  
-0.003930761784  
0.05464502971  
0.2277525179  
0.1154038368  
-0.2387601315  
-0.09865711839  
-0.0826373509  
-0.2508371773  
-0.1568866722  
-0.232424445  
-0.2713076753  
-0.4488679028  
-0.4783868286  
-0.444837281  
-0.3776553142  
-0.2899756061  
-0.07572971437  
0.03851532596  
0.1525611436  
0.04945713643  
0.1409903876  
0.1050834058  
0.1639727937  
0.0108960559  
0.1176079763  
-0.1351656044  
-0.1400388173  
-0.128764933  
0.02629821168  
-0.0223916657  
0.2261950241  
0.2822761737  
0.4493126362  
0.4834922448  
0.5345261599  
0.5415943286  
0.5848298711  
1.115493903  
0.7705411056  
0.7987112394  
0.7144552893  
0.7347302355  
0.9723200941  
0.7529979453  
1.009782112  
0.8975389921  
0.650309501  
0.48053809  
0.6768385372  
0.3217073667  
0.1955822633  
-0.2471827923  
-0.2470666087  
-0.1930662676  
-0.4414864414  
-0.2989534277  
-0.3348564194  
-0.3212898352  
-0.5150178947  
-0.5762824804  
-0.4418479994  
-0.3908402459  
-0.360552114  
-0.1448258594  
-0.08019062931  
-0.006621219048  
0.0311056841  
-0.1122598268  
0.1461231421  
0.2061503333  
0.4182690283  
-0.0885189807  
-0.0892812815  
0.01192022486  
-0.2679166862  
-0.1117358237  
-0.08458371188  
-0.03264996559  
-0.04857232293  
0.1174840707  
0.237206272  
0.2603640441  
0.1560393372  
0.03837896922  
0.09535539953  
0.01723868998  
0.08105302825  
0.1998235783  
-0.04860804361  
0.3543762763  
0.2086296647  
-0.09449687285  
0.2548170933  
0.413748639  
1.363745686  
0.8359976241  
1.01377444  
0.1068265029  
0.4731873812  
0.1498650624  
-0.04617312891  
0.3862790751  
-0.09468039865  
-0.08411160221  
-0.7093040854  
-0.8051257079  
-1.209926706  
-1.419808521  
-1.590376082  
-1.481538513  
-1.335684363  
-1.341414602  
-1.210684633  
-0.9388709202  
-1.916724718  
-2.087515198  
-2.51335358  
-1.026866339  
0.2607427082  
0.4638047666  
0.2085597388  
-0.3377955713  
-0.1964656843  
-0.5794315229  
-0.6528041147  
-0.6819374033  
-0.5052642458  
-0.9492831106  
-1.147149885  
-1.531713582  
-2.207970169  
-2.408200911  
-2.41136866  
-2.657263625  
-2.414259269  
-2.832382414  
-2.238254533  
-2.137620384  
-1.866302888  
-1.552376064  
-1.356680162  
-0.7707889318  
-0.6642646301  
-0.4427951065  
-0.6244606076  
-0.8708590656  
-0.5303140964  
-0.6293785593  
-0.7333329439  
-0.6274149039  
-0.4107105577  
-0.3706689125  
-0.09258436452  
-0.09086428664  
-0.06670970899  
0.06070834697  
0.003337224168  
0.1094194434  
0.09877913729  
0.0268335283  
0.2123164759  
0.08569502408  
0.0246770758  
0.1900347625  
0.1966935369  
0.4886592471  
0.602752758  
0.5610420436  
1.057255863  
0.9849044672  
1.291028157  
1.120537277  
0.5171803435  
-0.0255723545  
0.8481256144  
1.131358481  
1.631784295  
1.378552313  
1.017202944  
1.193814936  
0.4707016009  
0.3828442152  
0.02639390113  
-0.6776326586  
-0.4656896813  
-0.5933970839  
-0.5930390025  
-0.6712483038  
-0.84534075  
-0.6623329831  
-0.9287867377  
-0.7525341044  
-0.8744370902  
-0.9115397937  
-1.074985232  
-0.6627921069  
-0.9038230667  
-0.8191761096  
-0.6103774299  
-0.3037356069  
-0.2973389149  
-0.1963412262  
-0.2866846212  
-0.1629670669  
-0.1322205662  
0.1402215703  
-0.4625106694  
-0.9232649433  
-0.9249129584  
-0.08030746902  
0.6917161791  
1.115836114  
1.114928945  
1.014255026  
1.320032213  
0.9092984844  
0.9150322601  
0.8110886219  
0.7172759857  
0.7346869811  
0.5444760697  
0.2144766342  
0.06308404254  
-0.1215596082  
-0.1253293569  
-0.2327730827  
-0.2665268948  
-0.3458841379  
-0.5331667414  
-0.5051737149  
-0.4507304532  
-0.3491574456  
-0.3801218563  
-0.4664681735  
-0.3916674625  
-0.216972344  
-0.1796447525  
-0.008691126408  
0.4815718194  
-0.02707836047  
0.2194230343  
0.214002171  
0.2726809388  
0.4049158383  
0.3737428527  
0.1364304715  
0.3014908335  
0.009017453212  
-0.1826240602  
-0.188791554  
-0.0784801753  
-0.2499507776  
-0.2452370156  
-0.3093886157  
-0.1911398576  
-0.3755064301  
-0.2595098018  
-0.1710745408  
-0.9225895744  
-1.117905487  
-0.7374903049  
0.09468020108  
0.1335737049  
0.6693973389  
0.4199187748  
0.1327311931  
0.1408530617  
-0.01359021726  
-0.03138845397  
-0.263443294  
-0.1718251707  
-0.6495890546  
-0.9041802476  
-1.102248988  
-1.515665478  
-1.677899235  
-1.625050454  
-1.58737355  
-1.102660087  
-0.8432162113  
-0.7890632594  
-0.619390704  
-0.009279645856  
0.3067260055  
0.6410951351  
0.3971029548  
0.287017396  
0.5478904115  
0.06994104643  
-0.6155743024  
-1.334483368  
-1.756013131  
-0.9391192857  
0.1978699561  
0.3339059461  
0.2154203346  
0.06011954092  
-0.3082256506  
-0.3251891075  
-0.2721948345  
-0.3150076588  
-0.1634991321  
-0.1079947101  
-0.3884562025  
-0.5729541362  
-0.7733150181  
-0.8006061879  
-1.119028478  
-1.319710855  
-1.582900224  
-1.709571686  
-1.444283483  
-1.404913363  
-1.554178355  
-1.359715882  
-1.191082183  
-1.157244524  
-0.974726115  
-1.10528966  
-0.7484658746  
-0.8155065624  
-0.001949588946  
-0.3028958533  
-0.4159956405  
-0.00357748381  
-0.4672085458  
-0.291471575  
-0.3547903865  
0.002456188261  
-0.01230412316  
0.1547582521  
0.3202119416  
0.262217631  
0.3328831969  
0.2393868095  
0.17340533  
