0.4254893247  
0.2103803586  
0.09575742893  
0.2114778927  
0.1972583972  
0.1415995394  
0.0655442312  
-0.001668113704  
0.007881572809  
-0.01243340444  
-0.07427828168  
-0.1593256825  
-0.04545912736  
-0.01455313451  
-0.1545277923  
0.0363685549  
-0.002486111  
0.006766994354  
0.03760559876  
-0.08963252615  
-0.1509999855  
-0.06651974383  
-0.1778471277  
-0.1013934333  
-0.1679054794  
-0.1616696235  
-0.1732485923  
-0.1182510974  
-0.1454168382  
-0.1525686502  
-0.1800905097  
-0.1945861259  
-0.1354390723  
-0.233554472  
-0.290414592  
-0.1467688342  
-0.1287496648  
-0.1165561331  
-0.3784532529  
-0.2491371592  
-0.1831098609  
-0.1913529605  
-0.06387100259  
-0.04684848146  
0.06653513551  
-0.05829124759  
0.03438829016  
-0.04609158921  
-0.09922287575  
-0.05594340441  
-0.04766844184  
0.04606412468  
-0.02576590767  
0.04244588907  
-0.3137697578  
-0.1259961654  
-0.3127111515  
-0.2195199144  
-0.078552547  
0.08070952687  
0.04875472625  
0.0205084842  
-0.2156325495  
-0.3343402311  
-0.3467034553  
-0.3461431023  
-0.4417957807  
-0.5018065653  
-0.5817562995  
-0.4352460029  
-0.5934699925  
-0.3618193504  
-0.4323791421  
-0.4648801149  
-0.4594574281  
-0.3532079062  
-0.378656923  
-0.6054085109  
-0.6906990071  
-0.6312900223  
-0.7892002586  
-0.6887956465  
-0.7980921258  
-0.8879881506  
-0.8616280951  
-0.6284779818  
-0.5502706856  
-0.320855969  
-0.4730949037  
-0.3427086454  
-0.4397350344  
-0.2419416963  
-0.5052858699  
-0.4564899218  
-0.6444089226  
-0.420332556  
-0.4466363734  
0.08203494035  
-0.2488129901  
0.1002683721  
-1.235882015  
-1.102993548  
-0.2761205321  
-0.4745824666  
-0.6988542008  
0.4327479835  
0.5687029715  
0.4978634943  
0.6347906842  
0.7039968338  
0.8653812478  
0.7999303914  
0.768907758  
0.6381826451  
0.7804960973  
0.5567925004  
0.5541714379  
0.4006210228  
0.4556754822  
0.2200291639  
0.4176917145  
0.3443534372  
0.2233656773  
-1.644036244  
-3.287811593  
-3.49661275  
-3.466381875  
-1.926418334  
-1.192831798  
-1.115077557  
-1.159809024  
-1.466022729  
-1.544674608  
-1.466575645  
-1.437209848  
-1.446642638  
-1.453326977  
-1.445907972  
-1.561671449  
-1.639383058  
-1.795249553  
-1.782457799  
-1.844326806  
-1.866502128  
-1.903907269  
-1.860929207  
-1.815596589  
-1.688208926  
-1.506582865  
-1.501654974  
-1.296506358  
-0.9665913262  
-1.046300641  
-0.9324904253  
-0.7846051919  
-0.8155969114  
-0.6471039655  
-0.615903025  
-0.5962978299  
-0.6601024996  
-0.8527787687  
-0.8664670435  
-0.8807490532  
-0.8778023892  
-0.9146701417  
-0.7906561994  
-0.714714773  
-0.6135947333  
-0.5944577824  
-0.6206682626  
-0.5480480867  
-0.52310256  
-0.3215650529  
-0.5187862323  
-0.5417353328  
-0.2818026273  
0.004017495163  
0.1225199916  
0.3545644366  
0.5784520519  
0.2241167722  
-0.001261793303  
0.1987555791  
0.4744660767  
0.1729988158  
0.09712887907  
-0.09893219272  
-0.08203142597  
-0.05552979008  
0.02067585433  
-0.01761349728  
-0.2367042646  
-0.1740625789  
-0.4753703822  
-0.1414050653  
0.04000337576  
0.02184445563  
-0.1068012168  
-0.2154210099  
-0.4523096092  
-0.6429759801  
-0.5992278242  
-0.4840326296  
-0.4671951294  
-0.3799481064  
-0.4111436364  
-0.2794785495  
-0.1466253121  
-0.2497258788  
-0.3921110105  
-0.3352645263  
-0.3847230364  
-0.4440568047  
-0.4180716477  
-0.4665926242  
-0.4584155083  
-0.4042336667  
-0.4630475241  
-0.3762424046  
-0.4213860203  
-0.4991328575  
-0.4655645326  
-0.4413900825  
-0.4374353336  
-0.3605057983  
-0.280384766  
-0.1730002243  
-0.1607502969  
-0.03800785473  
0.1133037307  
0.1071030128  
0.2201167401  
0.2911608325  
0.4161997374  
0.5467638556  
0.5329719943  
0.4446569247  
0.4292205617  
0.4541186628  
0.5100923816  
0.5744452831  
0.5394051535  
0.5890162161  
0.6619030112  
0.7244660284  
0.701611285  
0.5590646842  
0.5972903948  
0.7447022038  
0.68636772  
0.6915429393  
0.6411611222  
0.7891243071  
0.7331882699  
0.7547981552  
0.7210283919  
0.7604687865  
0.7752054809  
0.8701415444  
0.7896953568  
0.7980077078  
0.75442433  
0.8507254777  
0.791881935  
0.7833217003  
0.7414028619  
0.8244945276  
0.8735922706  
0.8242364346  
0.9129017076  
0.8457144182  
0.9367302955  
0.9842401763  
0.9734122771  
1.014393404  
1.005556723  
0.6969221676  
0.360261429  
0.4600240713  
0.5395447949  
0.5830773915  
0.7678455775  
0.6893887598  
0.5324857738  
0.5832891611  
0.4324113581  
0.3816666138  
0.2324710312  
0.2960884501  
0.1990655477  
0.1749722961  
0.004432537722  
0.03668609256  
0.04384223185  
0.1485861782  
0.1469069881  
0.1278516464  
0.1143016466  
0.2936601595  
0.1050851063  
0.3210421102  
-0.1119704553  
0.2557112101  
1.261803484  
0.7327018421  
0.9467993285  
0.7223292788  
0.5252571635  
0.3697848586  
0.5378778157  
0.5683432896  
0.6325361716  
0.4816420621  
0.6420011343  
0.6024749996  
0.682899467  
0.7951547613  
0.7423913688  
0.7273425198  
0.7794773509  
0.806772838  
0.8922467218  
0.77681848  
0.8635371798  
0.8150036758  
0.9343193628  
0.8808489565  
0.8107071833  
0.8273884083  
0.8323329651  
0.9531730434  
0.8302665431  
0.8936604386  
0.8466601507  
0.7924008368  
0.7818473781  
0.6870088624  
0.6886895734  
0.5391739891  
0.703947143  
0.4017949456  
0.0006146240817  
0.394469831  
0.8420960211  
1.093577748  
0.9902755166  
0.6910502079  
0.5948523429  
0.3318853666  
0.4406895243  
0.6103454718  
0.480854344  
0.2825031469  
0.0923199046  
0.05841166348  
0.1018335964  
0.3070983286  
0.1244563852  
0.1243049859  
0.1322403818  
0.2998215541  
0.2832428833  
0.3825920284  
0.4956670628  
0.4303195071  
0.205935083  
0.1365329363  
0.2081460758  
0.2282123769  
0.3298671533  
0.2855517472  
0.5463740503  
0.5760002934  
0.5855569714  
0.5999952861  
0.4700789457  
0.4192467457  
0.4181361497  
0.3574571025  
0.3391154188  
0.308117737  
0.2900428914  
0.2358617417  
0.2718866494  
0.22862177  
0.3222331045  
0.4095174598  
0.5164496253  
0.5431087731  
0.7225389885  
0.935410873  
0.8411224729  
0.8104978346  
0.4911141231  
0.4334030247  
0.6589240419  
0.2750617228  
0.155271941  
0.190839551  
0.2962906869  
0.3185071618  
0.3034331947  
0.1360533093  
0.02337788082  
-0.08210425919  
0.1029886989  
0.199531269  
0.2282614614  
0.1651264099  
0.2444659711  
0.3512543676  
0.3765922734  
0.3953495635  
0.3809992797  
0.3238294539  
0.3143939537  
0.04680086692  
-0.002947613245  
-0.332582349  
-0.6553831896  
0.02347485652  
0.4464620888  
0.493581637  
0.3509049623  
0.1968624961  
0.01623086605  
-0.05237685376  
-0.1518601253  
-0.1972030426  
-0.1176844699  
-0.2961208116  
-0.3150569564  
-0.4630408692  
-0.4969814638  
-0.4078275994  
-0.387699109  
-0.2561611905  
-0.299282382  
-0.220840748  
-0.2504564062  
-0.1176156117  
-0.05889649939  
-0.07018723726  
-0.1018715919  
-0.0291388384  
-0.04427211615  
0.03803894563  
0.09702230672  
0.2370291408  
0.2711759071  
0.3514545032  
0.4563482118  
0.5071498666  
0.574930194  
0.7280653171  
0.9333028754  
0.4698993693  
1.133654441  
1.159240783  
0.7987939468  
1.047637917  
1.274701981  
1.12549442  
1.208944871  
1.053190189  
0.9168377914  
0.7885182834  
0.8303242181  
0.8664131263  
0.8722336967  
0.8007039796  
0.8557156732  
0.8862415052  
0.9421834524  
1.150073588  
1.188605572  
1.018787756  
0.96845372  
1.036242518  
0.9615553493  
0.8331535148  
0.8466257946  
0.8606370536  
0.8832870724  
0.848538892  
0.8590876103  
0.9445998853  
0.9711328493  
0.8369282331  
0.8646215078  
0.6704304075  
0.5905678463  
0.6011228341  
0.5217562679  
0.5768440002  
0.5652010055  
0.6290420044  
0.5054613436  
0.4092664993  
0.3752629967  
0.4224831273  
0.2257974982  
-2.75103436  
-3.373683554  
-3.338660517  
-3.496994303  
-4.076449047  
-4.124915536  
-3.019833798  
-1.584749104  
-1.253975441  
-0.9026966932  
-1.040743917  
-0.6935951113  
-0.6062254022  
-0.6972195962  
-0.6152158533  
-0.7317390877  
-0.7989553973  
-0.8292475776  
-1.059299505  
-1.275836746  
-1.198768378  
-1.521872806  
-1.257166597  
-1.088444369  
-1.09785418  
-0.9582273452  
-1.040308843  
-0.9665263266  
-0.9668619924  
-0.9135329096  
-0.8086043693  
-0.7468135543  
-0.5974036303  
-0.3285984205  
-0.3241974269  
-0.1392201491  
0.0937279033  
0.2125314811  
0.1192982927  
0.02874893356  
0.04915715291  
-0.001938736009  
-0.02489065754  
-0.04884452559  
-0.1779973675  
-0.2594157231  
-0.2731195301  
-0.2820909622  
-0.07323445986  
0.1015164788  
0.07883553381  
0.2235137889  
1.372481091  
0.5120953834  
0.5243835123  
0.580974341  
0.5970428096  
0.5863811463  
0.4535520035  
0.4006428796  
0.3724554476  
0.3027345601  
0.2951628099  
0.3222972993  
0.4245367365  
0.5368703071  
0.6876961208  
0.600982002  
0.5814473843  
0.4852043178  
0.4469054706  
0.4555719598  
0.4384870973  
0.2357239659  
0.4146531322  
0.4782244744  
0.5901164679  
0.5179322851  
0.495602432  
0.4752220055  
0.921064801  
0.3064683788  
0.5468858673  
0.7113840519  
0.581120959  
0.3589975364  
-0.1073113905  
-0.3463097985  
-0.2998667127  
-0.7826450611  
-0.7682880893  
-0.7348632437  
-0.9041243915  
-0.8140402281  
-0.9482433321  
-0.929915005  
-1.02744061  
-1.002294155  
1.656429513  
1.575517786  
1.318282211  
1.160824504  
1.292464053  
1.360915743  
1.2985007  
1.474530149  
1.462835259  
1.174189828  
1.206095585  
1.419212361  
1.210774412  
1.026590096  
1.008937326  
1.092963321  
1.287996781  
0.9815291639  
1.048420628  
1.160926851  
1.153987303  
1.108899752  
0.8471307845  
0.8009372555  
0.7493094724  
0.6598230458  
0.9233125505  
0.6494063095  
0.5635124116  
1.317760564  
1.358195295  
1.47814721  
1.523238161  
1.670494392  
1.332990045  
1.078052243  
0.7921801711  
0.5217425409  
0.4334469961  
0.4635974289  
0.0596124482  
-0.3614069371  
-0.4380176405  
-0.6064659683  
-0.5939040671  
-0.9790932838  
-1.339960338  
-2.202336653  
-2.715366168  
-2.640199873  
-0.5770719719  
-0.859208193  
-0.5459248778  
-0.9137785924  
-1.054598374  
-0.8651804286  
-1.022705398  
-1.035520405  
-0.9845326555  
-0.8098875227  
1.16687556  
1.637593167  
1.175528069  
0.6993222389  
0.2777289667  
0.218787141  
-3.217233534e-05  
-0.04811364637  
-0.3170638447  
-0.3831752582  
-0.6207477246  
-0.9310668426  
-1.353372366  
-1.349463428  
-1.654609638  
-1.677872322  
-1.920330887  
-1.775476311  
-1.700006364  
-1.581799481  
-1.597231735  
-1.470537792  
-1.229015588  
-0.8934565158  
-0.8172309184  
-0.9549061476  
-0.6195027325  
-0.6424026458  
-0.5068223554  
-0.2889390533  
-0.3660797764  
-0.2427354189  
0.05048743858  
0.4425145484  
0.1639703367  
0.2666948464  
0.2566370586  
-0.3382124319  
-0.1048243865  
-0.3619544531  
0.0752498674  
0.2857990677  
0.3306947642  
0.4759692909  
0.1775729078  
0.4343262899  
0.5640161121  
0.1087123631  
0.364257486  
0.2791516985  
1.067736949  
1.432966743  
0.7016264463  
0.2846082578  
0.5589805284  
0.723768873  
0.7850776151  
0.7143773386  
0.536389821  
0.4753255948  
0.5687245899  
0.5928468197  
0.4970660984  
0.3335305547  
0.5859608204  
0.4477396967  
0.6259872402  
0.6131225115  
0.6985421719  
0.596903118  
0.8132902876  
0.7080676011  
0.6388080561  
0.3503671118  
0.3448195161  
0.2959112885  
1.003296004  
0.8598442175  
0.1622373805  
-0.7081011297  
-0.7058151707  
-1.2655509  
-0.1080826081  
0.6902854316  
0.8190692962  
0.5036623047  
0.02978917341  
0.01986102949  
-0.02912421127  
-0.225325701  
-0.07528915953  
-0.213646398  
-0.463355247  
-0.4606704731  
-0.8183463132  
-0.9869325137  
-1.233323206  
-1.284940784  
-1.470301787  
-1.281821347  
-1.473268815  
-1.266633831  
-1.340066839  
-1.123610532  
-0.8611818349  
-0.7043527888  
-0.7525679444  
-0.4870317248  
-0.3797858681  
-0.09499670111  
0.1053327083  
0.119707806  
0.3558296234  
0.5462421987  
0.6513810663  
0.6449140206  
0.5013285811  
0.6166434274  
0.4582028114  
0.4893720729  
0.2001425219  
0.3387401094  
0.3290743875  
0.2726988482  
0.3035163599  
0.4860662622  
0.4533580027  
0.5013719219  
0.3657854883  
0.3398103701  
0.4556201689  
0.4897635848  
0.4871410857  
0.6560603774  
0.6447400926  
0.7139121032  
0.7817956977  
0.8040237557  
0.8483936866  
1.00376001  
1.001890653  
0.9906488044  
0.6891681989  
0.7149586533  
0.5605715856  
0.6940374952  
0.2321468653  
0.2847605687  
0.5858916486  
0.508923563  
0.4347129267  
0.2989423416  
0.3468656402  
0.2880216927  
0.2001141415  
0.2977780442  
0.2903774532  
0.2233310244  
0.01276644243  
-0.04247848198  
0.05016207694  
0.08294242516  
0.1265059908  
0.3697949365  
0.3238246724  
0.5290085146  
0.2162609399  
0.4084290602  
0.4005505614  
0.5889951427  
0.6009929275  
0.7040196596  
0.5701525143  
0.7816539682  
0.8049411497  
1.11259126  
0.2838122539  
0.06405663836  
1.323026977  
0.9022203588  
1.293301983  
1.016179703  
0.6865355097  
0.3269255849  
-0.3097866963  
-0.7885125934  
-0.2156095668  
-0.1312485188  
0.06579797731  
-0.1046421177  
-0.4845724908  
-0.1886471346  
-0.3205253123  
-0.01687995363  
0.2359730491  
0.208484861  
0.2804395741  
0.08367548875  
-0.025386468  
-0.2436834192  
-0.3435715573  
-0.1420169393  
0.1256753661  
0.3412083009  
-0.09295469251  
-0.4608973917  
-0.241351785  
-0.1670702104  
-0.340235793  
-0.3768099091  
-0.08928419468  
-0.2693717736  
-0.2962885868  
-0.2546007823  
-0.4933816545  
-0.6583541699  
-0.6037841122  
-0.4196155904  
-0.258042944  
-0.2445772086  
0.1093905012  
0.0926900729  
0.3258093732  
0.2015003615  
0.2470935816  
0.1973050233  
0.2253986449  
0.1488521452  
0.103557076  
-0.09211856388  
0.1619730617  
0.08767755373  
0.2059997804  
0.1051983964  
0.3369367883  
0.2986218518  
0.4071096945  
0.8057626057  
0.5863610679  
0.346731856  
0.3346429254  
0.7883006607  
0.5820899869  
0.5357116546  
0.342887631  
0.6920196253  
0.6865297914  
0.05405788094  
0.2315353857  
0.1420981006  
-0.1365020224  
-0.2776860421  
-0.2104684949  
-0.3439000629  
-0.3797860175  
-0.5894638077  
-0.6283332179  
-0.3714505  
-0.4005972284  
-0.4715442455  
-0.1986559929  
-0.2656397198  
-0.1073355375  
-0.1756150717  
0.03020223175  
0.0257914117  
0.06102406748  
0.1579932714  
0.2991530951  
0.2565006299  
0.37890449  
0.279475042  
0.5674626873  
0.549798546  
0.4240798867  
0.2305456382  
0.1040057755  
0.181916219  
0.1007309328  
0.09096306196  
0.06719401689  
0.00128562269  
0.1444245251  
0.3449235896  
0.638651787  
0.397701825  
0.5630445579  
0.4803218644  
0.4064379009  
0.2755753428  
0.3220147182  
0.1836793384  
0.1549108681  
0.4400022672  
0.7052162183  
0.2856697957  
0.9782412017  
0.8889799802  
1.579020813  
1.10176049  
1.001524414  
-0.7034547357  
0.3468197071  
0.4595707803  
-0.2038771908  
0.2108814388  
-0.02555083777  
0.2392830146  
-0.234749157  
-0.3347570253  
-0.6139721167  
-0.7152498252  
-0.6040630155  
-0.4629612155  
-0.4481424921  
-0.222149078  
-0.01502954126  
0.04132735835  
-0.9851160759  
-1.478983881  
-1.847666954  
-0.06112763628  
0.6112438123  
0.6407919544  
0.4247236805  
0.01551096236  
-0.05338908958  
-0.2828430117  
-0.3224946229  
-0.3590700351  
-0.4231945939  
-0.6354652369  
-0.6536059756  
-0.9992567152  
-1.292329852  
-1.73160461  
-1.929942831  
-2.023345428  
-2.002719211  
-2.155327891  
-1.674690718  
-2.399160019  
-1.829923557  
-1.592787933  
-1.318481053  
-0.7525994568  
-0.7164515588  
-0.6835507596  
-0.7788615799  
-0.7936926241  
-0.7291208514  
-0.7551171651  
-0.4893663154  
-0.3492358246  
-0.3235280944  
-0.08353836681  
0.1332103681  
0.1954645345  
0.218136794  
0.2004605655  
0.2892718891  
0.159061052  
0.3038643583  
0.200775995  
0.09864080869  
0.03100078729  
0.08629177413  
0.09951967089  
0.05456808538  
0.01320902486  
0.2990889356  
0.4724237038  
0.2749053543  
0.5236015621  
0.7312563641  
0.7057957601  
0.2221170838  
-0.3010341538  
0.3037342956  
0.6465193172  
1.576338299  
1.389099283  
0.8500430921  
0.6825855961  
0.09568439395  
-0.1266977513  
-0.3886183689  
-0.4312354731  
-0.4791847872  
-0.2773363993  
-0.4128326731  
-0.2882525446  
-0.5142984761  
-0.5460827872  
-0.7724437609  
-0.7116184277  
-1.058448866  
-0.9449040747  
-1.032691267  
-0.9149095554  
-0.8103789928  
-0.6708184528  
-0.3890994359  
-0.2577623166  
-0.2445846943  
-0.2221049192  
-0.3243217539  
-0.3092258928  
-0.2432516169  
-0.2517529483  
-0.373381426  
-0.7761767176  
-0.8080585386  
-0.2632415839  
0.4463212815  
1.228229199  
1.172511076  
1.204770779  
1.050810505  
0.7686476404  
0.6487423806  
0.6410426833  
0.5638093777  
0.3480527442  
0.285529028  
0.04864126601  
0.1721968577  
0.005641282785  
-0.01905560787  
0.3339698611  
0.4588736402  
0.2259526025  
0.2032919932  
0.1595034887  
0.25597053  
0.1860076622  
0.03797752249  
-0.1982345492  
-0.1789944898  
-0.1396403297  
-0.192506275  
0.04989070217  
-0.009792272863  
-0.1823602531  
0.01525163088  
0.2350838992  
0.06614811837  
0.2547808448  
0.2020103917  
0.1133822228  
0.03985091516  
0.03470945396  
-0.1677127588  
-0.2823334701  
-0.2575173507  
-0.1939263449  
-0.01791237851  
-0.1974270939  
-0.2420268892  
-0.3827448607  
-0.1860574388  
-0.08309718304  
-0.5364072869  
-0.687714404  
-0.2151531541  
0.08935951728  
0.7412235123  
0.8998310467  
0.4872654315  
0.2407671305  
0.1165391457  
0.3246050219  
0.161462115  
0.2564700977  
0.1584560999  
-0.1885209031  
-0.5236840346  
-0.75665754  
-1.015660509  
-1.328965659  
-1.35766718  
-1.30005467  
-1.014042419  
-0.8284700602  
-0.5319003327  
-0.4136315597  
0.2034914859  
0.2517380093  
0.5193244767  
0.4548471697  
0.3109948373  
0.1109946066  
0.2456688889  
-0.4693111927  
-1.027419304  
-1.21305417  
-0.7460929681  
0.1633688288  
0.2583915199  
0.01308590218  
-0.3044528149  
-0.5779044425  
-0.701995508  
-0.5376707039  
-0.5728002118  
-0.09963840541  
-0.04213506669  
-0.5029075088  
-0.5004187902  
-0.8264422799  
-1.231539892  
-1.652042997  
-1.772697313  
-1.605296984  
-1.651951981  
-1.190691322  
-0.6968104954  
-1.111329451  
-1.13989105  
-0.8500918105  
-0.8886625257  
-0.7688500258  
-0.8244019144  
-0.5612872161  
-0.4486943445  
0.5153731762  
-0.06730080924  
-0.1162905286  
-0.05843853845  
-0.01585038808  
-0.07517182308  
0.01217256588  
0.2973326412  
0.253386482  
0.3472699127  
0.5098906417  
0.7466813826  
0.4715029913  
0.4559524778  
0.325409643  
