-0.5019768531  
-0.9412072772  
-1.064475049  
-0.6347504869  
-0.3730039424  
-0.8832557418  
-0.6511593006  
-0.4872204826  
-0.7188515739  
-0.730901772  
-0.3072758809  
-0.5715916592  
0.1075771924  
0.3217559782  
0.0536891037  
-0.2448426886  
-0.1355747192  
-0.1848749801  
-0.0275595378  
-0.3438148996  
-0.2566955653  
-0.1307381724  
0.2005084831  
-0.02066178916  
-0.02516205543  
0.1768350672  
0.2853949153  
0.06317434365  
0.2687385656  
0.05730035099  
0.3034309598  
0.2679367231  
0.7981512809  
0.2714371726  
-0.1477294102  
0.1130631492  
-0.09969392584  
0.1774017367  
-0.1250736315  
0.01816561626  
0.4512690744  
0.1292830511  
0.09234188823  
-0.004256057045  
-0.1874819053  
0.09426356733  
0.003728999302  
0.04061543276  
0.05895103112  
0.3878497368  
0.450092268  
0.1153037893  
0.1683200888  
0.0673044909  
-0.01832859057  
-0.03207504123  
0.07255658654  
-0.1382057644  
-0.06523384959  
0.07995261213  
-0.08329552842  
-0.01492660741  
-0.2987438434  
-0.2416883058  
-0.3496048983  
-0.3464524074  
0.01947314567  
-0.2298327103  
-0.4759826053  
-0.271735576  
0.178264982  
0.5077006161  
0.2116760549  
0.09654216194  
0.2881219101  
-0.04017785434  
0.04258991802  
-0.08513536607  
0.3738257968  
-0.1743290829  
0.2976129454  
0.1110070739  
0.2056556531  
-0.353102502  
-0.03244018319  
0.205919219  
0.2158485702  
0.331277694  
0.7418061795  
0.1862767372  
0.2343457904  
0.3716184749  
-0.1536013653  
0.1873174978  
-0.0584808744  
-0.2898640344  
-0.2038344915  
-0.05861772001  
0.252759836  
0.1896477971  
-0.5184264249  
-0.3459227418  
-0.3637615525  
-0.2690274258  
-0.5090126571  
0.07104128518  
0.2371696551  
-0.3339939275  
-0.1619552465  
0.1401020194  
0.3483314529  
0.5704394592  
0.6931293588  
0.2390718247  
0.067166058  
0.04259232522  
0.1970763376  
-0.007526780092  
0.2925361595  
-0.5149183975  
0.3044069995  
-0.153355161  
0.8654751918  
-2.191813031  
-2.656825408  
-2.804840152  
-3.156447844  
-0.914907433  
-0.7712827453  
-0.6672138346  
-1.037335485  
-1.350340662  
-1.651386229  
-1.033642846  
-1.442831107  
-1.462317255  
-1.283805753  
-0.7267741837  
-0.97290306  
-1.120583081  
-1.314857135  
-0.8807141726  
-0.8559120127  
-1.014545318  
-0.6239079958  
-0.5934813566  
-0.9051496559  
-0.9086421434  
-0.7098025494  
-0.5366855411  
-0.3602428813  
-0.1747055516  
-0.3066217035  
-0.2327568566  
-0.3042505488  
-0.2148038566  
-0.1014589588  
-0.143454406  
0.1245169002  
-0.3574753559  
-0.2953886085  
0.08939136269  
-0.01229680711  
0.1403803542  
-0.1225620505  
-0.2969283467  
-0.1530543009  
0.2758944943  
-0.2089388954  
-0.4469657765  
-0.3522599744  
-0.09969914656  
0.2484092015  
-0.1242160965  
0.03886693223  
-0.218496995  
-0.03951441386  
0.2461473343  
0.6313541135  
0.2204773791  
-0.5180943749  
-0.4012630536  
-0.07426023665  
0.1540545827  
-0.1451786621  
0.1661198559  
-0.18369237  
-0.02912757922  
0.1021172147  
0.253937742  
0.2215773632  
0.1320033201  
0.1708405553  
0.5481153484  
0.1128935044  
0.4884794156  
0.3825552966  
-0.1626794924  
-0.001143235313  
-0.04203154458  
-0.2091151024  
0.2311455858  
0.1291338399  
0.0140513575  
-0.201933678  
0.477181851  
0.4243046348  
0.2483349931  
-0.1292557586  
0.2942307002  
0.1122165535  
0.3111221971  
0.1165069459  
0.3444092123  
-0.1058682546  
0.210632095  
0.3166862324  
0.6305399942  
0.1542145  
0.1539923883  
0.6528617833  
0.2917040653  
-0.2648516587  
0.1519939511  
0.03699933485  
-0.169875595  
-0.07505141942  
0.07745252296  
-0.2874849977  
-0.4095389367  
-0.2483886093  
0.06300114014  
-0.3342320182  
-0.1855591563  
-0.3844545671  
-0.214555732  
-0.3422867438  
-0.202271124  
-0.1901782783  
-0.2043134899  
-0.07755282811  
-0.332285601  
-0.3430856397  
-0.3330740367  
-0.153232228  
-0.115825071  
-0.2908060103  
-0.4844115326  
0.01913737691  
-0.5064663243  
0.131719448  
-0.4967111937  
0.01423038634  
-0.3123275294  
-0.4553641124  
-0.5222537103  
-0.6358496634  
-0.5897442141  
-0.2895140254  
-0.2447008377  
-0.3793437391  
0.1416351636  
0.2528750351  
0.139962146  
-0.04813706217  
0.3281311676  
-0.1262632068  
-0.1517213053  
-0.06803218952  
-0.04101794031  
0.4279788432  
0.2133112728  
-0.2026697967  
-0.05400887519  
0.3748688229  
0.01866730236  
-0.142274934  
-0.2610063019  
-0.3904672364  
-0.03467585777  
0.103748069  
-0.0809267762  
0.1814829616  
0.01150047945  
-0.002142682879  
-0.07246824933  
0.0709394885  
-0.03789951514  
0.3940601472  
0.1907680772  
0.2663180414  
0.3459767607  
0.3530064529  
0.2338492666  
0.1507326699  
-0.1721481672  
-0.2635443359  
0.09109439924  
0.1661727673  
0.3233560959  
0.5859722985  
0.2441812057  
-0.1804248491  
0.711343901  
0.3166295  
0.3347848187  
0.1776301177  
-0.04437517322  
-0.08192733762  
-0.1351260848  
0.2387694545  
0.2126780074  
0.3988790773  
0.477117129  
0.2874301284  
0.2988926539  
0.5304458994  
0.4341478918  
0.2997414515  
0.3711223522  
0.1625340443  
-0.006703743887  
0.2979358513  
0.1486371774  
0.1287380672  
-0.2515480887  
-0.1209357246  
0.1158052262  
0.07820065894  
0.0995444783  
-0.07958144836  
-0.05186511955  
-0.01007632808  
-0.1990571183  
-0.1928321497  
-0.7091483266  
-0.2181327424  
-0.2445674872  
-0.2712102964  
-0.04961593619  
-0.2359659031  
-0.6360921084  
-0.5503034696  
0.07876034128  
0.413747135  
0.2615155288  
-0.5918246212  
-0.04039301474  
0.006082713282  
-0.1371183866  
-0.1592764926  
0.001826324903  
-0.1028989042  
0.2746972027  
0.3701570717  
0.1494594136  
0.796246176  
-0.02566814668  
0.1176700298  
0.4583002215  
0.3817480177  
0.6978657845  
0.5446003076  
0.9320510653  
0.8203152722  
0.430118168  
0.2649540278  
0.1633798896  
0.3250907389  
0.3206131039  
0.3087238702  
0.4082420743  
0.6222312707  
0.8729204037  
0.5402718247  
0.1738053026  
0.7546681802  
0.4525298909  
0.358714205  
0.119761973  
0.1881413077  
0.2711380374  
0.432907465  
0.4405697558  
0.1675436478  
0.4018844761  
0.7678064018  
0.3241003449  
0.7431567647  
0.782801427  
0.5914806393  
0.4127818007  
0.3432072042  
0.05761095572  
0.0444578711  
0.1069730693  
0.1616983988  
0.2420683667  
0.6464514581  
0.9976094726  
0.6829763622  
0.3560043561  
0.4594204939  
0.3493205657  
0.7139857991  
0.22523349  
0.595636474  
0.6731069125  
0.1770399521  
0.2858867197  
-0.1262354408  
0.1883737085  
-0.09828712758  
0.03590465868  
0.1563093437  
0.3402113467  
-0.2540315268  
-0.2822235727  
-0.4011564935  
-0.9183263557  
-0.2869348826  
0.2478493163  
0.2091989207  
-0.3295403962  
-0.5200176097  
-0.3717356793  
-0.2047852383  
-0.2686526679  
-0.02314877287  
0.5981570762  
0.3322742839  
0.186024942  
0.02797678181  
-0.1927236264  
-0.2010566967  
-0.4026461981  
-0.09229629379  
0.09812711564  
0.3603324802  
0.3835508939  
0.5269237612  
-0.07005631526  
0.3505248875  
0.4635607435  
0.1689743053  
0.4317028935  
0.1476637365  
0.4245697935  
0.3672714507  
0.207682062  
0.07680178934  
0.5370939764  
0.6555391835  
0.9819573021  
0.4239806401  
0.2904951718  
0.093970722  
0.8623082156  
0.5152029609  
0.07190185612  
0.1585984767  
0.5817074892  
0.1890181877  
0.4192330858  
0.5135720169  
-0.1258034785  
0.1633939679  
0.1944556637  
0.4587269829  
0.2707340645  
0.4050343013  
0.08502819546  
0.3473162613  
0.7361026419  
0.6560209215  
0.7742230743  
0.8241228383  
0.9128859426  
0.9880617482  
0.8084537249  
0.4390136294  
0.6121458698  
0.5321700103  
0.3413310925  
0.196038728  
0.1826817684  
0.7790768444  
1.011536813  
0.580266139  
0.5881443084  
0.1410794937  
-0.03784947068  
0.1583152031  
0.004224714928  
0.3480366631  
0.5967541196  
0.4512604467  
0.2012808338  
-0.1688289758  
-0.03943023234  
0.0730510981  
-0.07242036668  
-1.875578501  
-1.316435182  
-1.457221169  
-2.006551395  
-3.327890709  
-2.617967651  
-2.670701166  
-0.6986241997  
-0.5864755345  
-0.6486248236  
-1.013021328  
-1.273474887  
-0.8265366497  
-0.7467662145  
-0.4147650431  
-0.4888312163  
-0.4349549065  
-0.007809613066  
-0.1172666339  
-0.1822375583  
0.3322077764  
-0.08352465485  
0.1553645169  
0.7223610338  
0.3909281637  
0.845905389  
0.5947730277  
0.9557598842  
0.6160063548  
0.1234278083  
0.2903190395  
0.5262638739  
0.786700249  
0.6649040261  
0.6606537915  
0.7273498785  
0.654640213  
0.749672799  
0.5423178513  
0.3459336939  
0.1803980256  
0.1353426847  
0.1692364352  
-0.2167552554  
0.04815561161  
-0.3268463039  
-0.175697636  
0.08688295064  
0.07641997535  
0.4191394433  
0.2237790206  
0.09690702147  
0.3951162497  
0.1521996202  
0.4803436063  
0.1279705799  
0.4503168158  
0.2115402168  
0.007685460743  
-0.05163256848  
0.1806846354  
0.2368579392  
-0.03126787081  
0.2465575464  
0.2314593393  
0.3405652872  
0.3741845462  
0.6650540635  
0.3017957711  
0.3857864642  
0.5313580171  
-0.1046599196  
0.439548641  
0.02175467016  
0.2083557541  
0.6323974099  
0.6259875031  
0.9186642851  
0.8892732699  
0.6520899789  
0.7277363778  
-0.2954564404  
0.03312850273  
-0.1500251179  
-0.007710322758  
-0.4303886445  
-0.8597750894  
-0.9893409487  
-0.7710566068  
-0.6773248709  
-0.3283981903  
-0.6877829733  
-0.4661004573  
-0.4157782041  
-0.1731148297  
-0.5342032281  
-0.6777685236  
-0.6832023163  
-0.1856243641  
-0.9078667696  
-0.8672022922  
-1.060625314  
-0.9928978905  
-1.098784668  
-0.9143090169  
-1.249385557  
-0.7998740527  
-0.831518636  
-0.9067735487  
-0.7015383406  
-0.3987577342  
-0.7236185336  
-0.5774795282  
-0.3011902848  
-0.6150384938  
-0.8951924432  
-1.272147175  
-0.9903560191  
-0.6514691216  
-0.505588537  
-1.010131606  
-1.491884325  
-0.6083043114  
-1.118827216  
-0.644799887  
-0.7647045963  
-0.9714041615  
-1.110745935  
-0.6104012055  
-0.231788495  
-0.1142660962  
0.3169609537  
0.3863693582  
-0.2151184782  
-0.05045217934  
0.2380276594  
0.3894061629  
0.2026142656  
-0.04228665498  
-0.4463700564  
0.1005094646  
0.04477551068  
0.3353263558  
0.3201687592  
0.3596304285  
-0.3832196416  
-0.7126022508  
-1.495898529  
-0.8268670652  
-0.5229441722  
-0.8938643312  
-0.844690879  
-1.28708705  
-0.1665850671  
-0.1483427434  
-0.7399209816  
-0.2419180475  
-1.622543275  
0.04524001536  
0.101566761  
-0.004881526076  
-0.5311429791  
-0.6537441755  
-0.4000889751  
-0.6261269893  
-0.2170189652  
-0.3662729262  
-0.438689244  
-0.6556582601  
-0.7040804416  
-1.099805329  
-1.096663044  
-1.257787498  
-1.325833701  
-1.250578471  
-1.500325158  
-1.635094245  
-1.643732789  
-0.9489940573  
-1.275211967  
-1.221754683  
-0.7632464822  
-0.614494334  
-0.6596531629  
0.3501133548  
0.8015711108  
0.07157405142  
0.6394906544  
0.9940213577  
0.6553704947  
0.6019664978  
0.4165753014  
0.5453817571  
0.8194080506  
0.7087587326  
0.1020520847  
0.2171121904  
0.3831054764  
0.5849135292  
0.367239358  
0.5611956247  
1.131578082  
0.5142931733  
1.003246125  
1.348335504  
0.4832047479  
0.5753039941  
0.1999499118  
-0.2762295943  
-0.630434937  
-0.2510982936  
0.06002714652  
0.1353570421  
0.06848459977  
-0.1319409194  
0.4323228293  
0.2242003068  
0.5924323699  
0.3453637687  
0.6497500293  
0.5892139909  
0.3884735309  
0.2836410452  
0.5646636387  
0.9851571464  
0.9994011948  
1.132318382  
1.279765846  
1.214401044  
1.079781732  
1.130510485  
0.5672557774  
0.8220883793  
0.7759017432  
0.7958793077  
0.2857065032  
0.9351750185  
0.5822346013  
0.1271788168  
-1.079185881  
-0.9526085891  
-0.06811126851  
0.6040388137  
0.2071519226  
0.1431084147  
-0.005882991646  
-0.6747377483  
-0.8604669392  
-0.4029477771  
-0.4747000927  
-1.23942973  
-1.200634757  
-1.401951448  
-1.413043906  
-1.477036063  
-1.468483329  
-1.254964987  
-0.8722599637  
-0.9013778861  
-0.5464100926  
-0.7808469724  
-0.07160809058  
-0.03435757983  
0.04921023185  
-0.16066138  
0.3201863394  
0.2987253612  
0.322107525  
0.1765338229  
0.2228037521  
0.2590854121  
0.07738417975  
0.1797695626  
0.4237788059  
-0.1551309627  
0.2675702909  
0.4612744094  
0.4588457313  
0.439986085  
0.4327090383  
-0.05623395264  
0.1761713056  
0.4401843679  
0.2171073111  
0.3051188393  
-0.07843156543  
-0.2213848509  
-0.1719082946  
-0.3698145566  
-0.1828004143  
0.005901044567  
-0.08851206891  
-0.1074084867  
-0.2052180416  
-0.0610076015  
-0.575144108  
-0.1701263854  
0.4071397978  
0.8761174931  
0.5803495873  
0.9135581852  
0.8111191339  
0.4605298314  
1.05950033  
0.7195059124  
1.006533998  
1.032860287  
0.719913157  
0.99705044  
0.9326429875  
0.7433374483  
1.000039353  
1.050833968  
1.23806403  
0.960660894  
0.2307064964  
0.4898792803  
-0.05903085402  
0.1632552734  
-0.1159640978  
-0.6837190919  
-0.7627836963  
-0.7755631936  
0.04582028203  
-0.1594986255  
-0.4005657511  
-0.04621792164  
-0.1787142709  
0.4953904667  
0.1924079306  
-0.1126732172  
-0.2359113129  
0.3695504273  
-0.1176329333  
-0.7860284925  
-0.563604702  
-0.05408328096  
-0.3631029826  
-0.2027936503  
0.256673663  
-0.6745785782  
-0.5751935428  
-0.9423469052  
-1.670514555  
-1.043722755  
-0.5109491048  
-0.448764228  
-0.222630151  
0.1193757144  
0.5366680458  
0.28503351  
0.5670333109  
0.8105405555  
1.063310284  
0.9029393308  
0.9414329249  
0.6866840126  
0.4504568814  
0.5605366755  
0.6171290747  
0.3804188886  
0.5417290114  
0.3029992122  
0.125862672  
0.369736081  
0.006025587188  
0.08983866776  
0.1105158369  
0.3650985282  
0.5954892522  
0.6127390551  
0.4385605826  
0.107498366  
0.181531948  
0.4547731572  
0.8753261678  
0.7958641115  
0.3763161026  
0.9468181563  
0.8716537019  
0.6388329443  
0.5134621971  
0.5506755165  
0.129218134  
0.1404780353  
0.5440123046  
0.2271293665  
0.3420736499  
0.6561853105  
0.4472180601  
0.5860901563  
0.3343664693  
0.7232980427  
0.6533229178  
0.7488281468  
1.134274064  
0.8092336117  
0.9015303281  
0.9042423278  
0.8811630047  
1.250548646  
0.5723247493  
0.2696236015  
1.052338012  
0.838553741  
0.7408083424  
0.4581188819  
0.1208634203  
0.7755894509  
0.1299473822  
-0.2570030726  
0.5451618328  
0.3589541534  
0.3155449277  
-0.33740338  
-0.3333048625  
-0.6133547655  
-0.7445450747  
-0.4013620969  
-0.838927011  
-0.7435186257  
-0.5790448817  
-0.7675274433  
-0.7048682424  
-0.1854205415  
-0.550632081  
-0.4260357534  
-0.3745870504  
-0.4101875045  
-1.143453996  
-0.3168805795  
-0.6373825586  
-0.4908924884  
-0.2221777292  
-0.4775658734  
-0.1208199672  
0.1413990899  
-0.4502923843  
-0.3921808508  
-0.1289084275  
0.03644004777  
-0.363231937  
-0.3184041757  
-0.2354870741  
-0.3592417889  
-0.08288454149  
0.01403777551  
0.01583478774  
-0.7263715294  
-0.566702211  
-0.321412086  
-0.2447165303  
-0.07708319158  
-0.7805557562  
-0.3190246574  
-0.7588203848  
-0.0272581429  
-0.09963194172  
0.120735205  
-0.8349915874  
-1.189681689  
-0.6983866791  
-0.9287482391  
-0.4848504869  
-0.1376548241  
-0.1016633612  
-0.2211722203  
-0.1939259586  
-0.5821199105  
0.2009999903  
0.1982104915  
0.262748102  
0.2215557388  
0.9092829592  
0.872018142  
1.036386799  
0.09344721885  
0.03706863844  
-0.9638856682  
0.5879686627  
0.8857240319  
0.7757959755  
0.4439730497  
0.1561434175  
0.8432877753  
0.2465548138  
0.3751951872  
0.275795622  
0.6387589363  
-0.1463314424  
0.1921198174  
-0.7260754855  
-0.6466103706  
-0.7036860719  
-0.4534123942  
-0.5838741029  
-0.7641397021  
-0.6867777584  
-0.4495330068  
-0.3971045226  
-0.8938588746  
-0.6943969828  
-0.5691057066  
-0.3330490617  
-0.01292413354  
0.5222177448  
0.1475082885  
0.3182890925  
0.1786246499  
0.3028644873  
0.4636562607  
0.502283318  
0.1640766182  
0.2103204204  
0.2823808726  
0.2689902648  
0.300217755  
-0.08371926657  
0.03279064299  
-0.3716252509  
-0.1260907568  
-0.1028955181  
-0.2827024912  
-0.5702635131  
-0.7035385129  
-1.095190264  
-0.5584479008  
-0.8712997666  
0.1937408834  
0.05586520318  
-0.002503062767  
0.3965775236  
0.3265377259  
0.7880860175  
0.2613404963  
0.04164173073  
0.01636440223  
-0.1268083866  
-0.3567407886  
-0.187731815  
0.04853411498  
-0.4262865825  
-0.361490385  
-1.149433498  
-0.3487611601  
-0.3683487482  
-0.1900099172  
-0.1109594605  
-0.2363555619  
0.1041504714  
0.1117771192  
-0.2520919145  
-0.5892099096  
-0.3294241766  
-0.5687950683  
-0.6437537732  
-0.46871088  
-0.3580833919  
-0.4711926722  
-0.2878539392  
-0.08225092934  
-0.1499836859  
-0.534238941  
-0.6138272114  
-0.7318321473  
-0.803471052  
-0.3686968316  
-0.3409345764  
-0.3630440115  
-0.7805121014  
-0.3692541904  
0.3088408589  
0.2892183208  
0.9733888812  
0.9525970995  
0.7385410676  
1.028746544  
0.4309318555  
0.379079186  
0.495055826  
0.2027001559  
0.4115190704  
0.1611507964  
-0.1860743749  
0.0003216519186  
-0.336592754  
-0.4723228816  
-0.4686678367  
-0.70833378  
-0.6516595198  
-0.2230457398  
-0.2924959867  
-0.360504364  
0.1644266043  
0.5424931001  
0.06458292628  
0.1492689936  
0.4269758869  
0.472579273  
0.5471048399  
0.4897167882  
0.4868769332  
0.5465596526  
0.780045327  
1.097731696  
1.05333441  
1.104546783  
1.054606901  
0.9077052508  
0.9060932565  
0.2069641587  
0.3167083907  
0.395874276  
0.3755437193  
0.3095147767  
0.2772077618  
0.2838008455  
0.120931055  
0.01058898004  
0.7480332971  
0.3380017168  
-0.3911211615  
-0.0867820521  
-0.1626709895  
0.0740761633  
-0.08154209473  
0.006665729668  
0.2966718885  
-0.1306827272  
0.3199623797  
0.06474265445  
-0.318514862  
-0.06443523164  
-0.3148988781  
-0.2283998152  
-0.3327026464  
-0.505972177  
-0.2833611333  
0.004298433685  
-0.04839149515  
-0.3620904175  
-0.3574182654  
0.0321592214  
-0.0825309186  
0.02887735352  
0.01091081677  
0.1910101819  
-0.2069990263  
-0.6573859079  
-0.3564774935  
0.5976866449  
0.2818141178  
0.07242654953  
-0.06989785306  
-0.2405597871  
0.8461795204  
0.7606376497  
0.6368421332  
0.8472015345  
0.5084041645  
0.4262308473  
0.5632251079  
0.3291813289  
0.4911396331  
0.3372314274  
1.114052858  
0.6481331764  
-0.3037445287  
0.07159419276  
-0.2097244904  
-0.7615177521  
-0.8351701343  
-0.4930106068  
-0.8100165859  
-0.3879386799  
-0.5699032572  
-0.7319600757  
-0.4011622396  
-0.2510757891  
0.5367488797  
0.3289425725  
0.1280979669  
0.3699632448  
0.1348843863  
0.6598716364  
0.1773127227  
0.7767022183  
0.8220334283  
1.032418172  
1.204278638  
1.130652841  
0.7818065573  
0.8269530436  
1.366103579  
1.531305599  
1.694685467  
0.9711811271  
1.44580642  
