-0.391035842  
-0.3484969408  
0.04436489736  
-0.4083332043  
-0.001296262349  
-0.004555683634  
0.2809093256  
-0.1197661219  
-0.02394197527  
-0.5804036753  
-0.2936031185  
0.6085145498  
0.2118290163  
0.5552924723  
0.6166415657  
0.1698414775  
0.2345504224  
-0.3363881096  
-0.667309022  
-0.5717223197  
-0.0667747798  
-0.6766853235  
-1.163130966  
0.2418670121  
-0.5786191389  
0.1538828548  
-0.2837858714  
-0.454581232  
0.01975951957  
0.4120768056  
0.4472643993  
0.2352602415  
-0.1550832615  
0.1187700892  
-0.03088087335  
-0.317113499  
-0.6070964626  
-0.0962049839  
-0.1393705867  
-0.5666759577  
-0.1296524685  
-0.1801971663  
-0.02144622592  
0.5808142616  
0.590391538  
0.7495140628  
0.08552596304  
-0.4780925321  
-0.1956831126  
-0.3221811192  
-0.3011645372  
-0.4222922136  
-0.160236623  
-0.6305870307  
-0.2793323169  
0.1634397716  
0.5836411344  
0.3260727036  
0.7785474793  
0.6025516743  
0.142032255  
0.1328710671  
0.4880207145  
0.2264643434  
0.3514112314  
0.04082596127  
-0.2317146133  
-0.2778396828  
-0.2472433593  
-0.09356578441  
-0.2953009508  
0.1268476925  
0.1750469703  
0.4207057388  
0.2181403514  
0.6110008287  
0.2621070525  
0.3218626018  
0.480803374  
0.8936463419  
0.4017745992  
-0.2471139613  
0.2518337164  
0.325450584  
0.3357160606  
0.04789818495  
-0.07194407038  
0.3022336708  
-0.04605642698  
-0.2556653592  
-0.09001316343  
-0.4501294893  
-0.1140154595  
0.1087191785  
-0.1172867478  
0.4093826171  
0.6950727598  
0.1573087418  
0.3414543028  
0.5259958496  
0.4664240511  
0.3147826294  
0.5475781272  
0.1873351831  
0.2454061672  
0.08036555929  
0.3425587236  
-0.4003865819  
0.1971902585  
-0.3826297103  
-0.2613113124  
-0.000698054082  
0.2470881836  
0.4323702689  
1.035421056  
0.07287264443  
-0.2664853667  
-0.3350201002  
0.04004393052  
-0.7930640134  
-0.8376793089  
-1.044004948  
-1.359328724  
-0.4042164712  
-0.6403234686  
-0.4719621728  
-0.4520615452  
-0.1375300243  
-0.04998202782  
0.07010098247  
-0.08918829483  
-0.3590087676  
-0.9176518014  
-1.147585988  
-0.5054233897  
-1.1345068  
-0.5648592729  
-0.5869390852  
-0.2656449898  
0.5551845874  
-0.5528011904  
-0.1454898545  
0.00403203108  
0.1819017627  
0.1406584233  
0.2523382693  
-0.06260034612  
0.05699850109  
-0.205723656  
-0.3901712679  
-0.1472029484  
-0.9541459886  
-0.4810766937  
-0.6971115775  
-0.3709883777  
-0.3810942578  
0.06959237124  
-0.1638319431  
-0.7841449559  
-0.2307521974  
-0.3526097428  
-0.1566204099  
-0.9760365389  
-0.7491327225  
-0.2359775347  
0.5044184478  
0.2127342202  
-0.05141435068  
0.3523432125  
-0.1001827388  
-0.2471119366  
0.05357952693  
-0.6172083669  
-1.071582976  
-1.176369114  
0.0617417921  
-1.152514583  
-0.384950154  
-0.5881480293  
-0.4396746022  
-0.5608127016  
-0.2803771153  
0.296771036  
-0.01823809087  
-0.4686418843  
-0.7865282433  
0.002323767843  
-0.008935554131  
-0.1573909056  
-0.3726733222  
-0.244054511  
-0.04812096947  
-0.05297974833  
-0.4353843366  
-0.8546819392  
-0.7294727356  
-0.8397871192  
-1.015605645  
-0.3665361888  
-0.005826917553  
0.04111213342  
-0.2152212235  
-0.008884150288  
-0.4645579634  
-0.6415291243  
-0.3154376741  
-0.2148465777  
-1.270031663  
-0.8240064719  
-0.8000194538  
-0.5585169804  
-0.1469250916  
-0.6624989436  
-0.466004924  
-0.2339019007  
-0.5173942822  
-0.2875038786  
-0.8301766361  
-1.003143951  
-0.8611627868  
-1.210545059  
-1.171020393  
-0.6829709987  
-0.8422438469  
-0.8885384264  
-0.2574729651  
-0.04809174929  
-0.5464552906  
-0.5949801158  
0.01392026627  
0.2866665592  
0.5110139666  
0.4871831658  
0.02105753991  
-0.249627079  
-0.7534775744  
0.0567852934  
-0.4736132543  
-0.1178032876  
-0.2147005545  
0.1435467927  
0.814662034  
0.8234074057  
0.4455057306  
0.3349874186  
0.3838450683  
0.09553555586  
0.3106023454  
-0.1434468451  
-0.3150888441  
-0.01023833824  
-0.01015069561  
-0.3249194472  
0.02570937892  
0.1682361551  
0.05479762696  
-0.1327580436  
-0.432760648  
0.2087503134  
-0.1557011854  
-0.4447123844  
-0.4673226447  
-0.5597141339  
-0.6801709286  
-0.4042290031  
-0.2762867927  
-0.0005353995168  
0.2029459967  
-0.1389910917  
0.2033069398  
0.4384416151  
0.09280996074  
0.2317459608  
-0.1189565477  
0.3522357883  
-0.1341331556  
-0.05859033604  
-0.1241774885  
-0.2001681651  
-0.3577061624  
0.191855133  
0.8971259536  
0.3605765239  
0.5851343903  
-0.9029814923  
-0.03298798999  
-0.005200009047  
-0.4393637075  
-0.5435979511  
-0.836098091  
-0.1062768462  
-0.4517995621  
-0.1930167505  
0.374805602  
0.4949560495  
0.7014513922  
0.9301495844  
0.1656033726  
0.5973422208  
-0.6840547804  
-0.1598085235  
0.09040679695  
0.0457724377  
-0.2975394745  
0.2725931602  
0.2908111415  
-0.1527284199  
0.05859277203  
-0.2201002774  
0.6745332375  
-0.02283348857  
0.3898360287  
-0.05793526553  
0.2513442195  
0.4899861506  
0.435339519  
0.3727989028  
0.3801678041  
0.3043398365  
0.3374973699  
0.2498872174  
0.4284377568  
1.243222734  
1.005342991  
0.7702233742  
1.047903223  
0.7062906279  
1.166297526  
0.6845859673  
0.543071428  
-0.1084558085  
-0.5161313274  
0.2861111914  
-0.3717145369  
-0.7713497399  
-0.3993059422  
-0.4096237326  
-0.1910576685  
-0.6614551678  
-0.8380747211  
0.2824710639  
0.2368624827  
-0.007786545361  
0.6887330817  
0.2163557617  
1.412590434  
0.8003860618  
0.4816677041  
-0.3496000524  
0.1823521732  
0.2114359253  
0.5379159632  
-0.6534499142  
-0.2973871192  
-0.3221167954  
-1.139622786  
-0.2949645004  
-0.2672188121  
-0.08001318181  
0.7589220087  
0.6209286076  
0.01864085689  
0.4332093965  
0.4482018456  
0.4311991923  
-0.5584738595  
-0.4476204549  
0.3258946954  
0.2658221042  
-0.325388884  
-0.2252060826  
-0.5775152733  
-0.3290233206  
-0.7757571996  
-1.128975176  
-0.6958814311  
-0.7285574119  
-0.3854065722  
0.1319771538  
0.2870892808  
0.1105428798  
-0.2534793631  
-0.1587441467  
-0.1496476349  
-0.4282305615  
-0.1835812148  
-0.004050056482  
-0.09888287016  
0.3283391834  
0.4961996487  
0.9639336475  
1.126530915  
1.124677614  
1.201212482  
1.403881621  
0.3264023986  
0.9280910192  
0.8634799664  
0.9987912771  
0.8942837196  
0.7896853806  
0.1596959662  
0.3840645506  
-0.3741271664  
0.223739639  
-0.3522752208  
-0.1129555052  
-0.3595732505  
-0.7469268551  
0.06658055966  
0.07901803413  
0.2268208954  
0.2720317311  
0.107840949  
-0.1381656373  
-0.04670034257  
0.4805323011  
-0.1039108392  
-0.2924467883  
-0.290049285  
-0.9448875279  
-0.3065244378  
-0.3079928884  
-0.2564377636  
-0.7113162627  
-0.381123213  
-0.3952000327  
0.2355773954  
0.1710180247  
-0.0600972722  
0.5040503314  
0.6485253158  
1.157448069  
0.3838022698  
0.03597015159  
0.7285170258  
-0.3364258718  
-0.1915086671  
0.02059389791  
-0.3119260368  
-1.116742935  
-0.05074581507  
-0.07701096964  
-0.4084519817  
-1.288064296  
-0.2567389579  
-0.3165299576  
0.3126558291  
0.6082246072  
-0.1213295722  
-0.3187974097  
-0.2014847226  
-0.33429536  
0.3247811955  
-0.1620926276  
-0.1097917755  
-0.1091642388  
-0.0585254436  
-0.03428534372  
-0.07065993591  
0.1737460305  
0.1685531067  
-0.1872000222  
-0.8003204611  
0.04283509983  
0.5369421159  
-0.3457623243  
0.2979944711  
0.3493722053  
0.9518161455  
0.5693094919  
0.5003752444  
0.4886079016  
0.4354985208  
0.7076485514  
0.2209700562  
0.01751163954  
0.07259006941  
0.04350314686  
0.5233137363  
0.2832398371  
0.5972312282  
0.9079616511  
0.2893081795  
0.5289623587  
0.7720673502  
0.8156995513  
0.5485225138  
0.2856212143  
0.05977064537  
0.1366901  
0.3086865046  
0.9174803904  
0.5281028867  
0.2147367822  
0.2148169285  
0.4615523479  
0.3378460105  
0.8592080259  
0.369068345  
0.5624139059  
0.8265191549  
0.6956925746  
0.7825539087  
0.6602348416  
-0.04017530826  
0.4205280173  
0.01730847609  
-0.2305379204  
-0.005783095939  
0.1427101655  
0.3441105757  
-0.2203724589  
-0.1804127149  
-0.1632834461  
0.5291225871  
0.3192670045  
0.01402414065  
0.1313227551  
0.2074379525  
-0.1764428004  
0.05228296876  
0.542087182  
0.5206578832  
-0.1896436046  
0.6979970846  
0.3638031483  
0.4303897237  
-0.2854437602  
-0.8303175095  
-0.1823837832  
-0.3050686236  
0.3660157386  
0.09676880614  
-0.1625881978  
0.05103399947  
-0.1779098018  
-0.4377995748  
0.1953973878  
0.08036678256  
0.8182646927  
0.72931551  
0.8677210283  
1.190489382  
0.8993497148  
0.9415142234  
1.306654253  
0.8611592714  
0.6734223754  
0.3870764402  
0.8406575338  
0.03600830438  
-0.1040934759  
-0.1277916069  
-0.2715408992  
0.005607355019  
-0.1886841242  
0.1419953438  
1.188393226  
0.7935444409  
0.45813195  
1.440238586  
0.2896407647  
0.8821077712  
0.697863402  
1.074176197  
0.3789990893  
0.3987421347  
0.327457308  
0.2447970132  
0.3007659366  
0.1552835702  
-0.1340259524  
0.2331056355  
-0.08426557345  
-0.6571955368  
0.507581117  
0.2267920972  
-0.3084479516  
-0.09250502977  
-0.5339534549  
-0.377946437  
0.5642182402  
-0.7935642155  
-0.1861432059  
-0.8452044604  
-0.5038981107  
-0.8355709547  
-0.7572060837  
-0.3981188894  
0.0305666463  
-0.4988724304  
-0.2811120502  
-0.04989358057  
0.1914503154  
-0.4822620048  
-0.5358505561  
-0.2184283821  
-1.108055974  
-0.8166161429  
0.734679989  
0.6993740516  
0.6613904709  
0.4913949042  
0.4977735399  
-0.02447299508  
-0.4025535544  
0.2329756385  
0.3880525018  
0.1293373832  
0.2123668971  
0.575798496  
0.3541420745  
0.5450268974  
0.09953009412  
0.668475873  
0.9013767  
0.9827233211  
0.9754580335  
1.176789763  
0.7060124712  
0.7378437592  
0.3495604947  
-0.1031403342  
0.8853660087  
0.07557442957  
-0.3841031906  
-0.1284272909  
0.3581311361  
0.723389333  
0.8442885998  
0.6158989887  
0.3321133153  
0.3312473383  
0.06587537935  
-0.075053863  
0.8374814918  
0.8727888874  
0.738743551  
0.3179192804  
0.6563180394  
0.07428494846  
0.09266548216  
0.2650593412  
0.1239227565  
0.1479575429  
0.6839503878  
0.5343956527  
0.6507982542  
0.3713536459  
0.9341958177  
0.8540294991  
0.2253475855  
0.4863174001  
0.2722063909  
0.4735420636  
0.1634619411  
0.680245423  
0.8111834908  
1.289107625  
1.4888362  
0.8251638937  
0.7966453434  
1.401093057  
1.248141893  
0.7289288936  
0.4968505058  
-0.08261655867  
0.5408398122  
0.05125713924  
-0.4546412935  
0.2234463242  
0.5434829644  
0.06136554537  
0.8494693703  
1.447007924  
1.236546972  
1.316261542  
0.9826152415  
1.13041749  
0.9135947888  
0.01509047996  
0.4844960555  
0.3069544329  
0.09276324457  
-0.1000029904  
-0.2807444537  
-0.1621241538  
-0.5557441263  
0.1734406391  
0.6934311704  
0.1533533359  
-0.3143678772  
0.4319140796  
-0.03063937501  
0.4550465781  
0.2922464935  
0.9166270383  
1.032628011  
0.3992157474  
0.09498216849  
0.3404089615  
-0.8219311554  
0.1143501817  
-0.1717825458  
0.1737189491  
0.02293510175  
0.3128249175  
0.2320541119  
-0.04712082718  
0.3357974085  
0.03987406653  
0.2705954397  
-0.0013027804  
0.5322234732  
0.01564171743  
-0.4984967299  
0.305880834  
0.3207768673  
0.1809244564  
0.6323558627  
0.5580496185  
0.5313871521  
0.4072137593  
0.5183783995  
0.4958845013  
0.5560577524  
0.2066892251  
0.1804478183  
0.9496113657  
0.2766158914  
0.3851832635  
-0.6232378683  
-0.02302752653  
-0.4634724435  
-0.001045977893  
-0.505698169  
-0.406243985  
0.3071434091  
-0.3724752655  
-0.5622620238  
-0.1204073675  
0.2978379137  
0.9680770889  
0.08137618336  
0.3084195711  
0.2569237017  
0.1146999567  
0.2028980033  
0.31652189  
0.5005756993  
-0.08507081851  
-0.8014632344  
-0.7004854946  
-0.6999975867  
0.3315657055  
-0.1934941766  
-0.1073755186  
-0.3222088887  
-0.1133289602  
-0.07687474446  
-0.4106402483  
0.1216537093  
0.04110062332  
0.5214768857  
0.1552725783  
0.4579137046  
0.5850990477  
0.2740146206  
-0.7732675816  
-0.3101450741  
-0.7540229694  
0.3161301313  
0.1125275271  
0.5731125246  
0.7493732763  
-0.09785775885  
0.3868771293  
0.9105210596  
1.032321764  
0.909691798  
0.1761707731  
0.5605456319  
0.4061807132  
0.3781587951  
0.2685806744  
0.4138455104  
0.4615602122  
0.2810198537  
-0.04825943395  
-0.3239417006  
-0.06140456744  
-0.4007400645  
-0.2906361134  
0.07330321272  
-0.5776066833  
0.3458250833  
-0.2719094992  
-0.4499409431  
0.03599231585  
0.2393150648  
-0.008100666137  
0.5350509306  
0.6423433214  
-0.4784174784  
-0.3741259166  
-0.4275228896  
-0.4507458461  
-0.2828953717  
-0.4548411258  
0.1410947801  
0.01025821678  
0.1785045661  
0.4434123947  
-0.03814096674  
0.4570534707  
0.1813688705  
0.6315825397  
0.05111894773  
0.5847426632  
-0.1384302369  
-0.1305690904  
0.07259064958  
-0.1527841167  
0.2309286566  
0.4817827749  
0.135936536  
0.2348379186  
-0.03178991719  
0.6443817537  
1.723309484  
1.152695583  
0.6778862225  
0.7803722069  
0.6384308234  
1.170801556  
0.1422112838  
0.05566414283  
-0.3459908513  
-0.6860043899  
-1.004420348  
-0.7721750747  
-0.5111708183  
-0.3887474965  
0.6301788077  
-0.1831247759  
-0.6816467745  
-0.3314994664  
0.318513049  
-0.2260296174  
-0.063527624  
0.2697705408  
0.6559996855  
0.1985860315  
-0.6453570591  
-0.3550239501  
-0.6391787761  
-0.6687399961  
-0.6381097344  
-1.352623459  
-1.014067958  
-0.6280243878  
0.4227413793  
0.5277900214  
-0.02658784406  
0.4679279296  
0.3427720182  
0.009217235683  
0.6338304545  
-0.3572129561  
0.2039189323  
0.0136876474  
-0.3910824872  
-0.2860256521  
0.3296835233  
-0.3348292674  
-0.3490211554  
-0.08913742669  
-0.03169938824  
0.01241342176  
0.4526374879  
0.5014387823  
-0.2631174488  
-0.1007652103  
-0.2444007044  
0.1751738949  
-0.1691125255  
-0.7773579172  
-0.7386191803  
-0.394816095  
-0.0843748029  
-0.006207320038  
-0.2129560234  
-0.1868668591  
-0.1107999427  
0.02669346745  
0.1128204736  
-0.3580522906  
0.2307040748  
-0.2179357253  
-0.1680762304  
-0.8605096934  
-0.05003742049  
-0.0867038811  
0.03020726453  
0.1437908221  
-0.3647285932  
-0.2081967223  
0.2902414187  
-0.6371219912  
-0.3647455643  
-0.8507726619  
0.1158992714  
0.4075751037  
0.4309493473  
-0.1740881324  
0.4380282173  
0.5085776607  
0.1933158587  
0.9046955962  
0.1301968335  
-0.2984078108  
0.7995975598  
-0.03612926699  
-0.2247146248  
-0.4343009312  
-0.8108241445  
-0.1889143123  
0.5492067706  
-0.06583342418  
-0.1386196389  
-0.08193014553  
-0.0348260028  
-0.276642926  
-0.2628232037  
-0.455217541  
0.1315653352  
-0.15861357  
0.04855249026  
-0.7286086103  
-0.1888371279  
0.1471232331  
-0.1247908197  
-0.1131795967  
-0.4512586167  
-0.2313960365  
-0.3814183053  
-0.03700675993  
0.005702362773  
0.2423357333  
0.571626438  
0.502836251  
0.6888362263  
0.2802218454  
0.5859200703  
0.9199972332  
1.151897904  
0.1335793149  
-0.08651657552  
0.30668606  
-0.05332866911  
-0.00230090103  
-0.3745735264  
0.1115194951  
0.3731620066  
0.938182496  
0.3024615853  
0.9873174314  
-0.0007496464019  
0.2380994151  
0.5292443506  
0.04941080027  
0.3655679668  
0.5566213716  
0.5089224527  
0.9372510369  
0.9907473876  
0.8018837479  
0.8646824909  
0.757182426  
0.4615429162  
-0.4070119512  
-0.04145423422  
-0.02050275484  
-0.112083316  
-0.420852118  
-0.2235103547  
-0.1399544518  
0.4381813587  
0.5997651225  
0.7243426727  
0.5072761694  
0.4091264162  
0.1807349033  
-0.3834693106  
-0.4059867159  
-0.8836983877  
-0.1881079732  
-0.8573901902  
-0.331981728  
-0.7470803928  
0.3796069141  
-0.3862393266  
-0.4789624616  
-0.6438657717  
-0.5685448044  
-0.08036315646  
0.2792115136  
0.8406285817  
0.9191448406  
1.065311657  
0.3182106175  
-0.03281034234  
-0.01662702895  
-0.8756124538  
-1.267147384  
-0.6066181793  
-1.284036085  
-1.074295017  
-0.9553083213  
-0.4734405376  
-0.8935709264  
-0.8628429685  
-0.9070847713  
-0.6083247949  
-0.7012493869  
-0.556595034  
-0.08194855797  
-0.007383033057  
-0.0192728408  
0.1117736097  
-0.8323954393  
-0.3692373587  
-0.562998124  
-1.060460292  
-1.354618541  
-0.6303597271  
-1.113539059  
-0.7944998054  
-0.7325045201  
-0.6230078555  
-0.3802425352  
0.87639487  
0.5495048391  
0.9561508174  
0.3968826338  
-0.5824198318  
-0.594921377  
-1.013760506  
-0.9181599704  
-1.32783936  
-1.232831662  
-1.094673878  
-1.103399446  
-1.073136619  
0.1211005923  
0.5048408046  
0.3556433664  
-0.1441638854  
0.1443272778  
0.1669809983  
0.4452880888  
0.7862870914  
0.9536809052  
0.5890338318  
0.5404741137  
0.2534101941  
0.319860546  
0.4764985054  
-0.4772471052  
-0.1616239949  
-0.290267654  
-0.5357093156  
-0.05298765287  
-0.09052888755  
0.342446475  
-0.1393870739  
0.2611343159  
-0.5389426507  
-0.2707723152  
-0.01862918624  
-0.1615332481  
-0.1932751876  
-0.126457286  
-0.4132857001  
-0.02229961957  
0.08477782875  
-0.5935604643  
-0.8071240805  
-0.3500912633  
-0.4239683745  
-0.4330768037  
-0.4835210002  
-0.360564815  
-0.3072587029  
-0.3851958131  
-0.5937403646  
0.1007926095  
-0.3568366689  
0.1741215814  
-0.06352575426  
-0.1736801796  
-0.6988393624  
-0.0396946774  
-0.5847061252  
-0.5343702186  
-0.06654181495  
-0.06552579207  
-0.6468406358  
-0.2496457954  
-0.1277124923  
-0.4324022955  
-0.3060247056  
-0.3024707163  
-0.2207428252  
0.6850598865  
0.003123796039  
-0.1351508162  
0.4841288661  
0.432250828  
-0.3476843847  
-0.10691223  
-0.1698432094  
-0.8161522871  
-0.4223671592  
-0.4026292759  
-0.3115040703  
-0.4983837459  
-0.8970850828  
-0.6621810889  
0.0634707973  
-0.0988152681  
-0.7012482607  
0.03000495934  
-0.5412693462  
-0.5706202943  
0.4909768186  
-0.489763555  
-0.02745579502  
-0.1259851921  
-0.04324378507  
-0.1753452537  
-0.09957599127  
-0.3166223073  
0.1569651975  
0.3480625398  
0.4166953541  
-0.4869872686  
0.4893442628  
-0.5211922651  
-0.7208813172  
-0.9533273548  
-0.5848247366  
-0.2936254332  
-0.5429691652  
-0.05093114693  
-0.1636297248  
-0.3014234768  
-0.6262261672  
-1.075202259  
-1.078789483  
-1.016022891  
-1.037527561  
-1.157558323  
-0.9181388223  
-0.2950064159  
-0.4989437544  
-0.6075157922  
-0.543739033  
-0.9914779767  
-1.145461105  
-0.9639747833  
-0.2829619763  
0.1355694241  
-0.1097931244  
0.11883568  
-0.4833383909  
-0.4350761409  
0.00810482552  
-0.02475160576  
-0.3097428831  
-0.8819743028  
-1.396309926  
-0.4733942606  
-1.026987074  
-1.259084239  
-1.351203253  
-0.4145207086  
-0.07731895541  
-0.05651547727  
-0.0710579429  
-0.3082481024  
-0.293695681  
-0.975199504  
-0.5490152177  
-0.7121543503  
-0.7050354787  
-0.9951780915  
-0.4715288608  
-0.292498519  
