0.5972938188  
0.311121012  
0.1230143253  
-0.09380273339  
-0.3118364057  
-0.3706639908  
-0.5253675711  
-0.3981591013  
-0.3796934646  
-0.6613545644  
-0.66949956  
-0.5800595886  
-0.8192573464  
-1.065682689  
-0.9673950834  
-0.9335211166  
-0.7928610688  
-0.7422407014  
-0.6690135011  
-0.5643479059  
-0.7412748363  
-0.6704776653  
-0.7678683472  
-0.5394910611  
-0.6411436036  
-0.05134193251  
-0.2233633732  
0.04024090387  
0.2206427286  
0.2425507401  
0.1747025528  
0.3617093854  
0.2745547565  
0.1566402529  
-0.291902019  
-0.1176250953  
-0.09178951725  
-0.3005776059  
-0.4056336365  
-0.4809668373  
-0.3794586549  
-0.6876593702  
-0.6465891107  
-0.6155820994  
-0.6272121066  
-1.068869  
-0.868970349  
-1.021103098  
-0.613293002  
-0.501840318  
-0.7906964207  
-0.8789491602  
-0.8867061854  
-0.7682441766  
-0.6655771584  
-0.6848105741  
-0.8481227254  
-0.913716803  
-0.9294541796  
-0.9072789816  
-0.5570574111  
-0.5810045167  
-0.4537704433  
-0.7117388532  
-0.5479445077  
-0.8839201372  
-1.274156206  
-1.311654988  
-1.420184738  
-1.269403731  
-1.354826006  
-1.373913145  
-1.269618158  
-1.37206729  
-1.14198377  
-0.8869800799  
-1.009433837  
-0.6684433007  
-0.651567469  
-0.744651231  
-0.6019831121  
-0.6067912024  
-0.280239242  
-0.3252999194  
-0.1800499455  
-0.215385646  
-0.1375956184  
0.04900724283  
0.004392384645  
-0.06381111963  
0.1253506408  
-0.07084863014  
-0.08397248851  
-0.3581257149  
-0.3979002653  
-0.2175294152  
-0.1820077749  
-0.06417879642  
-0.04085073495  
-0.11250795  
0.09172922173  
0.05679287386  
0.3786145436  
0.5740101324  
0.3021691867  
0.3089691281  
0.6551673885  
0.4753640995  
0.5639171619  
0.5452802615  
0.5984170614  
0.7354519086  
0.8047580612  
1.212224252  
0.8187080703  
1.180418761  
1.175931144  
1.494284472  
1.265148544  
1.393486336  
1.252895337  
0.758542704  
0.5183752489  
0.7339830756  
0.7657778001  
0.8027140776  
0.6451084989  
0.55388592  
0.818245569  
0.7225720763  
0.8060478283  
0.7747725766  
0.8554067234  
0.6916349124  
0.4468195576  
0.340164178  
0.07542141583  
0.3808704046  
0.7143604784  
0.02062540305  
-0.05916279453  
-0.4939159658  
-0.5591077948  
-0.5552737226  
-0.5186971782  
-0.678058384  
-0.8116934753  
-0.8890132891  
-0.8967829635  
-0.7771290653  
-0.8038276638  
-0.5920071881  
-0.8693389342  
-0.9777666107  
-0.9648541902  
-0.8985534068  
-0.7205385318  
-0.5154364348  
-0.6761835927  
-0.6030371525  
-0.6797885763  
-0.4947727947  
-0.5323323594  
-0.6355157725  
-0.6726824947  
-0.8718134215  
-0.6022468372  
-0.876381169  
-0.7600662524  
-0.7087153465  
-0.697170633  
-0.5742171996  
-0.4673994024  
-0.6077376049  
-0.5206539772  
-0.1618946166  
-0.1421852385  
0.1383799837  
0.07484011101  
0.03424162804  
0.05585856357  
0.3516311755  
0.3283916078  
0.2798184601  
0.3794001213  
0.2539774876  
0.06063962775  
0.06662347996  
0.2881113729  
0.3324750323  
0.4623129299  
0.2288193072  
0.1844645244  
-0.03534400272  
0.023506826  
0.1843737736  
0.4779459998  
0.5870361566  
0.9614140047  
0.7276264759  
0.6823727954  
0.7292270043  
0.8013237372  
0.6824605751  
0.4559208079  
0.2800491909  
0.1279967544  
-0.06156531325  
0.1121853266  
0.283320381  
-0.2492379016  
-0.3816351035  
-0.7624422273  
-0.7339743913  
-0.6199320523  
-0.6042327235  
-0.470515781  
-0.7106663906  
-0.4137533132  
-0.7329072731  
-0.6532779781  
-0.2721565811  
-0.3526778436  
-0.4326028051  
-0.4290789615  
-0.5017263006  
-0.5714598008  
-0.3521098446  
-0.3512640346  
-0.4187702736  
-0.3998690062  
-0.3193027452  
-0.2222350148  
-0.1877346811  
-0.1283727502  
-0.2073838025  
-0.4070643546  
-0.467699241  
-0.6147552479  
-0.6799686292  
-0.4119377083  
-0.2209755715  
-0.4249274839  
-0.4091334096  
-0.5178876227  
-0.4742113206  
-0.3568445102  
-0.0630077879  
-0.1763968686  
-0.7366928509  
-0.9690242693  
-0.7589227999  
-0.4527081638  
-0.7183070221  
-0.6346395544  
-0.03520583079  
0.3317291397  
0.451001398  
0.4227353047  
0.4399225689  
0.2219107723  
0.3103778864  
0.1440972582  
-0.1171131672  
-0.07566159981  
0.03821208931  
-0.0778714771  
-0.141019367  
-0.3213899067  
-0.3681371278  
-0.4247077976  
-0.2861457091  
-0.1431153843  
-0.197894082  
-0.1265357185  
0.1042044557  
0.06246546044  
0.02334817691  
0.3475941105  
0.2948412456  
0.6008469315  
0.6009608317  
0.7929799953  
0.6270928032  
0.9945658643  
1.089882873  
1.193688273  
1.07552585  
1.047186363  
1.183475872  
1.361502154  
1.408108661  
1.377477679  
0.9717498931  
0.4984843862  
0.8575666695  
0.8163101897  
0.5453828948  
0.4513160412  
0.2468374798  
0.02037145416  
-0.03383756298  
-0.3397889489  
-0.6874218179  
-0.5763545242  
-0.3224422097  
-0.3939884055  
-0.4239650162  
-0.3900427091  
-0.6948117664  
-0.6979243884  
-0.4529759902  
-0.4865493142  
-0.4096683127  
-0.4055897862  
-0.3208748107  
-0.3116629786  
0.1022617242  
0.1798795984  
0.1118150224  
0.004795025157  
0.02907697098  
-0.1138454983  
-0.08225173142  
0.08101908327  
0.1679543463  
0.003369135831  
-0.07690935924  
-0.3364620542  
-0.2163226022  
0.073949747  
0.03272480021  
-0.3031442117  
-0.4787989246  
-0.3501163317  
-0.407681129  
-0.3213418785  
-0.4611198095  
-0.3419137612  
-0.4923720868  
-0.4934100199  
-0.3240549499  
-0.1691433544  
-0.06522657153  
0.1646995406  
0.2904069976  
0.5763764981  
0.447152612  
0.6663725837  
0.9003542795  
1.066681446  
1.128632466  
1.147124187  
1.198269369  
1.029204008  
1.140097667  
1.087067015  
1.370371121  
1.20980046  
1.091335272  
0.7470631665  
0.6970202309  
0.6283315068  
0.5584593918  
0.6524876883  
0.5908307343  
0.1077844205  
-0.2096315787  
-0.0210706586  
-0.05780448255  
-0.1086186766  
-0.5089106283  
-0.4107309434  
-0.5744222968  
-0.5507426191  
-0.4193339562  
-0.4103361121  
-0.5739988721  
-0.5385540401  
-0.5047370265  
-0.5508301489  
-0.324355052  
-0.3558349754  
-0.463000403  
-0.5184487732  
-0.4639746515  
-0.3927634414  
-0.4172535862  
-0.1997209624  
-0.1210089298  
0.1826325599  
0.1716446302  
0.5045988211  
0.6004947991  
0.6551451024  
0.6293294651  
0.6799981537  
0.7180293619  
0.8674373865  
0.9790373695  
1.012147531  
1.012553913  
1.448607576  
1.437906426  
1.487704119  
1.299105164  
1.079218807  
0.8824157356  
0.7805937007  
0.9137286839  
0.9005138721  
0.8027822565  
0.5519128753  
0.4890788453  
0.345769024  
0.4867306535  
0.03395803017  
0.03223279431  
-0.3221649151  
-0.2888613947  
-0.2742662605  
-0.2387404936  
-0.3332956513  
-0.4023222979  
-0.4368840546  
-0.5554357187  
-0.3824079321  
-0.3493361819  
-0.4283170493  
-0.5293052175  
-0.4025324383  
-0.3074621192  
-0.3529419009  
-0.05358208667  
0.02459085454  
0.05649709629  
-0.1388218221  
0.1878933453  
0.05174849852  
0.1397349927  
0.1556999154  
0.1331555857  
-0.08502852144  
0.2882567118  
0.3715259902  
0.5603705934  
0.5314017124  
0.8064236006  
0.8372949017  
1.004818236  
0.7002955548  
0.547403349  
0.6069117819  
0.6671126325  
0.8436970911  
0.8106747544  
0.7656868172  
0.8811523608  
1.225088446  
1.493469896  
1.354912074  
1.466886663  
1.418718997  
1.349417181  
1.008835897  
1.120781399  
0.5461682837  
0.2213103538  
-0.08215206742  
-0.1994844432  
-0.3166257703  
-0.07329300143  
-0.08637796024  
-0.1843033186  
-0.4016451982  
-0.1763101618  
-0.1806201776  
-0.3863322303  
-0.3264808711  
0.07602116076  
-0.1369471998  
-0.1280494199  
-0.2506242836  
-0.1407470812  
-0.2221134642  
-0.01239067738  
0.09506790111  
-0.2019871741  
-0.08723957466  
-0.09875659689  
-0.201642736  
-0.04563309442  
-0.03047641989  
-0.183737668  
-0.205156362  
-0.4529974202  
-0.3799603423  
-0.03568141872  
0.0137742353  
0.0332678995  
0.1399800541  
0.1222734195  
0.1896701088  
0.2241919959  
0.5712876734  
0.5665337841  
0.4450296141  
0.1978131005  
0.2013467121  
0.2130307207  
0.126744731  
-0.04405437209  
-0.2738999009  
-0.1515123952  
-0.233096072  
-0.02309464134  
-0.02004935971  
0.1317643058  
-0.1825936722  
-0.7393243776  
-0.6033503357  
0.0057072024  
0.3945191376  
0.9880415288  
1.257235499  
1.173952767  
1.427972105  
1.431904082  
1.371214189  
1.255588665  
0.9638687968  
0.9974332249  
0.7868351113  
0.9660065012  
0.9361950825  
1.273261455  
0.8382328864  
0.9387543313  
0.5224610973  
0.7166341331  
0.8362182045  
1.003504233  
0.5290590996  
0.3571145115  
0.5105912519  
0.4121667754  
-0.2036378803  
-0.339671033  
-0.4847133574  
-0.6122601834  
-0.4555987769  
-0.7163202598  
-0.9204811243  
-1.239976701  
-1.159902926  
-1.347928643  
-1.018466097  
-1.000453569  
-1.019679705  
-1.261533625  
-1.156391486  
-1.073335476  
-1.133494486  
-0.757994577  
-0.4493609978  
-0.5191648605  
-0.4070623995  
-0.3137346848  
-0.5093442223  
-0.3762101236  
-0.2728944014  
0.1753229126  
0.1461615113  
0.1922403024  
0.05707909375  
-0.002591261884  
-0.0262441793  
-0.1078175905  
0.0645160507  
-0.01526583114  
0.1625886211  
0.06756894813  
0.01617213205  
0.06102445218  
0.006768415023  
-0.05473737399  
-0.0930545747  
-0.1656877195  
-0.09371038049  
-0.2003982346  
0.05767334449  
0.2578753085  
0.1936415195  
0.3119551828  
0.5858311967  
0.5597924894  
0.6159770821  
0.7018037562  
0.8266683794  
1.085763186  
1.244290466  
0.9841813492  
0.7825351673  
0.8948671031  
0.5914668228  
1.240640429  
0.7611525831  
0.31335283  
0.2959384827  
0.8794061769  
0.9241071648  
1.551997341  
1.323088125  
1.365398393  
1.033039157  
1.127558291  
0.9191569905  
0.5100042161  
-0.04185504717  
-0.1996029895  
-0.593566562  
-0.7234359392  
-0.601479502  
-0.6096636476  
-0.608300202  
-0.8201461398  
-0.9979717809  
-0.940789397  
-1.139033024  
-0.9282193865  
-0.7939886577  
-0.7970479014  
-0.8080916752  
-1.10937704  
-0.9999663581  
-1.104631009  
-0.8252173312  
-0.7344375117  
-0.756903211  
-0.8696850953  
-0.8967876589  
-0.945788892  
-0.8717637508  
-0.7495435631  
-0.4370498318  
-0.6888977082  
-0.4641989893  
-0.4742925778  
-0.9156767685  
-1.404382159  
-0.8007940334  
-0.3406460742  
-0.2151377049  
-0.110985683  
-0.05102150866  
0.01568604785  
0.1734268217  
0.01312576702  
0.1059357207  
-0.04682739114  
0.006722704269  
-0.332367102  
-0.4722421469  
-0.6094359403  
-0.5173133396  
-0.4993988423  
-0.07209065675  
-0.4813860078  
-0.6090607619  
-0.4183247413  
-0.2849060654  
-0.1535332111  
-0.3343449702  
-0.5687539943  
-0.6945181708  
-0.6946136942  
-0.6200850639  
-0.3787057282  
-0.5055545203  
-0.4938664476  
-0.5650461196  
-0.7184335485  
-0.5028561441  
-0.5847915709  
-0.6952856318  
-0.8082779188  
-0.4668653084  
-0.7899500052  
-0.6848295375  
-0.4698155852  
-0.2191567607  
-0.2446391465  
-0.1611878345  
-0.0156682883  
0.1115507723  
0.5221108141  
0.6476909975  
0.6295652244  
0.2250967085  
0.1774320506  
-0.03283008334  
-0.2155948711  
-0.1575804547  
-0.1250014201  
-0.3090427461  
-0.3824770809  
-0.6620480908  
-0.7698787062  
-0.7093359774  
-0.5564767482  
-0.4792007353  
-0.6745701413  
-0.7492394514  
-0.6617858483  
-0.5440289892  
-0.53858944  
-0.2202013036  
-0.1032842877  
-0.04483750606  
-0.08792678897  
0.2002831763  
0.1578274412  
0.3302935893  
-0.1893914415  
0.06612181425  
-0.03989469905  
0.3044942655  
-0.2308679664  
-0.5437762042  
-0.5324279009  
-0.3104617484  
-0.1995781163  
0.3376364404  
0.4139087353  
0.5919880116  
0.6534985123  
0.5634415629  
0.5588789157  
0.5602780963  
0.898533919  
0.3968304854  
0.1572235847  
-0.09877031471  
-0.04851058364  
-0.3751388884  
-0.481271183  
-0.4603182101  
-0.5277934062  
-0.5278635783  
-0.5774793002  
-0.5046681728  
-0.7320886398  
-0.2109383282  
-0.138584243  
-0.1564636762  
-0.5204850925  
-0.3512904924  
-0.2994924693  
-0.3236750359  
-0.1465818763  
-0.1556154517  
0.04538560894  
-0.290426019  
-0.2001479345  
-0.1438842631  
0.198291606  
-0.05120621127  
-0.05795342881  
-0.1701871676  
-0.06809712003  
-0.1160845519  
0.1529402799  
0.3037017839  
-0.04379088277  
0.291781445  
-0.1419081921  
-0.1398025989  
0.1138882649  
0.03693316612  
-0.1832941562  
-0.2101788942  
-0.09431110624  
0.1091749807  
-0.03499427701  
-0.4661727801  
-0.4897322267  
-0.5078226451  
-0.1101299671  
0.1492301081  
0.5059647103  
0.7010337198  
0.7792577427  
0.4001955541  
0.5676096926  
0.3065033906  
0.3476582327  
0.1973460344  
0.1279829392  
-0.3081616819  
-0.6156974481  
-0.5256670114  
-0.5115405313  
-0.4257054801  
-0.404845352  
-0.5191046586  
-0.09980949066  
-0.4769797234  
-0.1016295416  
-0.1438128216  
-0.122033256  
-0.2919065268  
-0.3015838917  
-0.239140571  
-0.05408296174  
-0.1423936744  
-0.01996686641  
-0.09472152656  
0.1924529137  
0.06627117272  
0.3860495857  
0.3080834572  
0.4671655313  
0.5610893773  
0.381024876  
0.2948416837  
0.4555431084  
0.4235534459  
0.5716355224  
0.3223370759  
0.2402746942  
0.5405257145  
0.5653944624  
1.002245388  
0.7759521159  
0.2671708597  
0.02157057831  
-0.2941537555  
-0.3956894944  
-0.3079009303  
-0.3779524899  
-0.5755887349  
-0.8642803583  
-1.244063826  
-1.330838337  
-1.360380208  
-1.15335415  
-1.085143689  
-1.220427137  
-1.44205989  
-1.214019495  
-0.8519338309  
-0.7243003055  
-0.8631294477  
-1.201993791  
-1.086691439  
-1.246642758  
-1.020473824  
-0.8129377966  
-0.5107128505  
-0.4901288102  
-0.5562523356  
-0.5110760378  
-0.6856440061  
-0.09559416719  
-0.4085051571  
-0.004695048693  
-0.2340508164  
-0.005174231085  
-0.3165428194  
-0.1408047007  
-0.1509251617  
-0.2382075202  
-0.4701510301  
-0.1466803626  
0.1074818561  
-0.1200418306  
0.1621343227  
0.210747573  
0.5432158479  
0.3884557676  
0.8085744706  
0.8638062692  
1.182743405  
1.234968006  
1.00254386  
0.7488496554  
0.5126598314  
0.2160901032  
0.1652610118  
0.3022922733  
0.1882005665  
0.06315350733  
0.1976225157  
0.04254708638  
-0.2612843457  
-0.4914164774  
-0.6345089626  
-0.5504346384  
-0.6116951618  
-0.661921184  
-0.9155929307  
-1.009940411  
-1.433579837  
-1.193354269  
-1.367283993  
-1.192774699  
-1.207711273  
-1.188129014  
-1.279578123  
-1.266241045  
-1.028228571  
-0.8922265813  
-1.012291638  
-1.015535749  
-0.8773920599  
-0.8453346306  
-1.010744832  
-0.6872770009  
-0.6160921163  
-0.6448927188  
-0.731985061  
-0.7901947923  
-1.188611524  
-0.7986064315  
-0.6957223263  
-0.7822814107  
-0.7493282852  
-0.8728308236  
-1.097764531  
-0.8433572732  
-0.7154222546  
-0.4682270316  
-0.4944885926  
-0.6086488631  
-0.500789559  
-0.4963236055  
-0.4164723209  
-0.3884027046  
-0.5305872196  
-0.4533512111  
-0.327145908  
-0.4470967382  
-0.2132605069  
-0.2215169805  
0.1077432588  
0.03739817616  
0.308682443  
0.401357811  
0.3349123449  
0.3259176282  
0.3539305702  
0.2813680666  
0.06888612507  
0.3052168797  
0.5148039884  
0.3279417202  
0.2935319177  
0.6749230665  
0.5782751812  
0.6829240908  
0.9675068237  
0.9766764517  
0.9804705981  
0.9210506291  
1.044882805  
0.8610263449  
0.952879773  
0.9881680958  
1.019016832  
1.206246452  
0.7705761856  
0.6882294141  
0.2651402139  
0.3743196265  
0.2520642631  
0.1545040915  
-0.245233944  
-0.4891310416  
-0.5984994015  
-0.5933714178  
-0.5237802613  
-0.4841711274  
-0.5729915438  
-0.7532017039  
-0.5716077465  
-0.709955695  
-0.5172147532  
-0.321640922  
-0.4466938354  
-0.6887861107  
-0.591648516  
-0.5988554707  
-0.4222814223  
-0.2938364057  
-0.4770483018  
-0.3049787891  
0.1207415154  
-0.2235628024  
-0.2108397875  
0.3786504407  
0.2559682252  
0.179897356  
0.1144617376  
0.183835103  
0.4068350595  
0.214128388  
0.36036023  
0.5004127594  
0.4291270607  
0.3178166997  
0.5370753972  
0.4606756719  
0.4999964676  
0.503167079  
0.2626245253  
-0.05098857742  
-0.3082282691  
-0.395701526  
-0.3282905217  
-0.6494921732  
-0.6331024074  
-0.3245836511  
-0.4997679874  
-0.6089727114  
-0.3502627154  
-0.169211144  
0.09333491478  
0.086918744  
0.3956720938  
0.2011241061  
-0.04044636529  
0.5013359217  
0.02578609394  
0.0799178131  
-0.1844848024  
0.2357988361  
0.1126162263  
0.7705326626  
0.6105828304  
0.5262715514  
1.016214701  
0.6461693993  
0.7989629055  
0.7219355331  
0.8400762943  
0.8553538627  
1.011487886  
0.825868666  
0.01782550892  
-0.3333601368  
-0.288420592  
-0.4525381162  
-0.2124720573  
-0.20781717  
-0.1180417735  
0.002185060302  
0.2617582108  
0.6848709646  
0.6130551163  
0.2714101088  
0.1707948345  
0.1061205959  
-0.2903456283  
-0.1414796819  
0.1218242206  
0.6198795133  
0.1074118479  
0.1916334742  
0.1461910347  
-0.3688205704  
0.04078155758  
0.07812008045  
-0.3871858322  
-0.6126364432  
0.1881917956  
0.1181212347  
0.7493758551  
1.364026965  
1.274938639  
1.741089963  
1.155882722  
1.232771209  
1.153738811  
1.300902259  
1.22305695  
1.25152149  
1.344388177  
1.449587656  
1.716159489  
1.500973566  
1.247717619  
0.9944652389  
0.949563183  
0.8822787393  
0.8242179378  
0.5044772688  
0.3457755301  
0.2816308235  
0.3216793231  
0.3606516931  
0.1827563562  
-0.08270222114  
-0.3466091262  
-0.4746265628  
-0.3670675808  
-0.4238219115  
-0.4892717884  
-0.3567841386  
-0.8025465548  
-0.6744602856  
-0.6719032722  
-0.1841271773  
-0.07165657474  
0.07797402639  
-0.005818746077  
-0.2487523869  
0.1236139584  
0.4139386161  
0.8075897936  
0.8822685092  
0.8913355427  
0.8570173387  
1.328516295  
1.011096363  
1.091026364  
1.150210232  
1.326514858  
1.640156152  
1.494617024  
1.307942878  
1.681287855  
1.626114572  
1.768443324  
1.626408214  
1.637055053  
1.181406488  
1.2308877  
1.104199876  
0.4886222213  
0.4339371881  
0.3820276419  
-0.07936867373  
-0.0223502458  
-0.3160186244  
-0.3425318291  
-0.4907416695  
-0.6157567788  
-0.7145766215  
-0.6275970763  
-0.4100350927  
-0.1877581505  
-0.3771294312  
-0.5039832372  
-0.4457442897  
-0.009474042463  
0.5530539393  
0.3455343563  
0.4214801951  
0.2244067485  
0.4554499454  
0.5367404174  
0.8178971321  
0.4938743945  
0.679559756  
0.8640565906  
0.6985410196  
0.7454764224  
0.6837083055  
1.667939949  
1.142417428  
-0.005722444145  
0.7597255572  
1.196980959  
0.9878755879  
1.169249932  
1.3952274  
0.7526161969  
0.9523944135  
1.56725603  
1.110845097  
1.045637342  
1.296952137  
1.252822117  
0.6378209832  
0.2788229269  
0.7167705157  
0.7494529431  
0.5287163047  
0.9080879793  
0.3786071021  
0.2099162833  
-0.1361328176  
-0.9011121268  
-0.6876483789  
-0.7268737235  
-0.9166341441  
-0.8216263439  
-0.4922984537  
-0.5878506093  
-0.2545081924  
