0.3047057364  
0.06664495067  
0.8255179946  
0.6824049094  
0.5850304575  
0.5569027936  
0.5511960807  
0.8297221336  
0.5466841946  
0.663189931  
0.776720235  
0.7025235476  
-0.3873468331  
0.5601074901  
0.1084249737  
-0.1189281012  
0.4797714956  
-0.4107973694  
0.621247083  
-0.4595129564  
-0.378025884  
0.06447167766  
-0.3795754277  
-0.5247822366  
-0.04492755122  
0.4154302521  
0.1073335648  
0.4839076846  
0.4140183906  
0.02058127306  
0.398022089  
0.5260151439  
0.5128075444  
0.03689076263  
-0.2175337117  
-0.298913367  
-0.1952535842  
-0.1562879843  
0.001952178977  
0.1800109192  
-0.4547051841  
0.1374598566  
-0.08451464346  
-0.2268216703  
0.1959042225  
-0.009350758192  
-0.05162274689  
0.06772472277  
0.1550568046  
0.04691439172  
0.188746302  
-0.4699678764  
-0.2878852536  
-0.0277136598  
-0.2943209544  
0.1738093728  
-0.6550823138  
-0.1047670897  
-0.5292427859  
-0.3958441716  
-0.1809430555  
0.45509761  
0.4366888144  
0.6213505203  
0.02152410776  
-0.04760024178  
0.1200143912  
-0.163548056  
-0.5373509883  
-1.016511219  
0.02666688857  
-0.2610497612  
-0.3526490672  
-0.9404743277  
-0.1644628607  
-0.5481766065  
-0.4068437294  
-0.5075878745  
-0.4439151998  
-0.09679248582  
-0.6967111576  
-0.9440603407  
-0.5695062788  
-0.2514736558  
-0.5378881615  
0.4329618112  
-0.2538146202  
0.1346744254  
0.3515460825  
0.7462328375  
0.4555863385  
-0.2400241929  
0.2535423805  
0.2193695717  
0.454149993  
0.1570412108  
0.4857891226  
0.8184907145  
0.4288173123  
0.004916286953  
0.8474425075  
0.5092009487  
-0.02905120071  
0.5002416534  
0.2287276473  
0.473373221  
0.172426444  
0.6905392695  
0.5535492068  
0.3333499356  
-0.1648898258  
0.2310003864  
0.2295402451  
0.5742749423  
0.4351602623  
0.08762375992  
0.6703642945  
0.3723412755  
0.7661975197  
1.262280126  
0.2329846976  
1.035103977  
-0.2345439074  
0.1550157908  
0.6638617891  
0.7842506767  
0.8601368292  
0.4087320214  
-0.001124141508  
-0.2832426691  
0.6424472744  
0.1790716531  
0.6579264864  
0.07204051636  
0.6101563735  
0.4180956902  
0.4811149268  
0.5900161226  
0.5144739469  
0.1544489963  
-0.2271269015  
-0.01121258994  
-0.4067489236  
-0.2266045448  
0.00969895623  
-0.3218000479  
0.1201294119  
-0.4498986325  
0.05402099308  
-0.4106178612  
-0.1445645775  
0.4083970637  
-0.1372419579  
-0.4676273508  
-0.4303488566  
0.01597265148  
0.1688951887  
0.06336387029  
0.589572269  
0.4760708553  
-0.3407923005  
-0.3750386305  
0.4371579721  
-0.2865233755  
0.1824538686  
0.1344478749  
-0.2634345218  
-0.1541503231  
-0.1510228259  
-0.3260316292  
-0.3212682627  
0.03030737443  
-0.1814333087  
-0.1796699569  
-0.7156677715  
-0.4855968458  
-0.961032667  
0.01486150313  
-1.356074955  
-0.6573925058  
-0.1235982984  
0.4247037641  
0.1703587044  
-0.363867718  
-0.9691624242  
-0.3550611718  
0.3327101338  
0.3931955367  
-0.03447641213  
-0.2021938201  
-0.2741455512  
-0.3795241515  
-0.2119254404  
-0.5566287846  
-0.9748340919  
-0.7037565761  
-0.9388782433  
-1.473558718  
-0.3378456198  
-1.103927663  
-0.6004634089  
-0.06762185865  
-0.1723215869  
0.4086703743  
-0.08748065979  
-0.5383576173  
-0.6534158419  
-0.7946474318  
-0.4243475947  
-0.6212809405  
-0.1051239045  
-0.1209744872  
-0.2710434114  
-0.6324534832  
-0.6579538778  
-0.7012346213  
0.2203203822  
-0.04442643373  
-0.302151305  
-0.108134346  
-0.05866738684  
-0.01983121962  
-0.3367863141  
-0.3652363892  
-0.5299429829  
-0.2164454155  
-0.248904063  
-0.1829677747  
0.446418849  
0.5503359367  
-0.2726374463  
-0.03412233819  
-0.1158143826  
-0.4697489637  
-0.3257287372  
0.3808551081  
-0.3954336515  
-0.1007306252  
-0.1069987164  
0.1710432737  
0.1197482892  
-0.3545850841  
-0.3554300847  
-0.7311091832  
-0.5496543064  
0.1356660133  
0.14818782  
0.4512758001  
-0.4629932596  
-0.3162848236  
-0.612821523  
-0.2689552017  
-0.2174981016  
-0.03593487891  
-0.1968505334  
0.1538651133  
0.5926675546  
0.5726480249  
0.8048774921  
0.02607257908  
0.5189540396  
0.0890759948  
0.7482706027  
-0.09941076152  
-0.1418995822  
-0.3009872379  
-0.1736811786  
-0.5447757603  
-0.7197889588  
-0.181497581  
-0.04435529429  
-0.5621466581  
-0.1934219191  
-0.06501045468  
-0.527973564  
-0.1422622039  
-0.3333359825  
0.001440210382  
-0.1563707282  
0.3233450999  
0.3521304544  
0.4731230976  
-0.3026247251  
-0.1470078102  
0.5564006443  
-0.04084646279  
0.5343612753  
-0.07725963696  
0.04503226341  
-0.431593848  
-0.0642099456  
-0.007837675578  
-0.4043858063  
0.1539646497  
0.3257741435  
0.8496530553  
0.5826583304  
1.234700301  
0.4270530755  
0.692783303  
0.4477239245  
0.5523645724  
0.03801794827  
0.2996785751  
0.7035675922  
0.5387474387  
0.3777775584  
0.05692763635  
0.4318881987  
-0.4395563528  
-0.8473254613  
0.1031710283  
0.0597410881  
-0.08854878271  
0.5850349362  
-0.2121924727  
0.1591537368  
-0.08288715554  
0.680284563  
-0.1253571437  
0.2155457883  
-0.1408746117  
-0.2252926138  
-0.5668672497  
-0.09474160301  
-0.1670324177  
-0.4242178448  
-0.141177762  
-1.183386304  
-0.3367897923  
-0.6122364982  
-0.7668605327  
-0.3803938714  
-0.1612060931  
-0.7675611931  
-0.6129939169  
-0.29951525  
0.1685928054  
0.3530317179  
-0.1303367801  
-0.02289432478  
0.4322711125  
0.1024182006  
-0.04183585818  
0.5450947241  
0.1216497833  
0.2715443338  
0.08285284  
0.0914406523  
0.5989914328  
0.5078954961  
0.2316185921  
0.5098891026  
0.4027146637  
-0.1456104984  
-0.8636994972  
-0.3127649036  
0.01664681195  
-0.3343680415  
-0.24059728  
-0.436684699  
-0.09304402938  
-0.06625801044  
0.06628453457  
-0.1498775761  
0.04012386536  
0.2334759117  
-0.1451499047  
0.08089982005  
0.4211544638  
-0.09737011747  
0.329159294  
-0.01298893204  
0.6699551585  
-0.0384657148  
0.2881279712  
0.4134262722  
-0.084806514  
-0.188149294  
-0.3757490934  
0.5673698827  
-0.4434092665  
0.01876380908  
0.3165699841  
-0.7956236268  
0.09660066342  
-0.4482088131  
-0.02476596275  
0.01681405694  
-0.3956193719  
-0.4243839415  
0.01650794237  
-0.618251057  
0.2045562295  
0.0833934526  
-0.162331074  
-0.4197432818  
0.4787941177  
0.01044641891  
0.2809073389  
-0.1253249992  
0.2746180507  
0.6857880084  
0.1702647972  
0.7184993092  
-0.1611618127  
0.4477252375  
0.3664714085  
-0.03161779359  
-0.02042607673  
-0.2968441771  
-0.6438766666  
-0.1326594949  
-0.2348702648  
-0.2023406465  
-0.2076504449  
-0.685519488  
-0.4459400976  
-0.5440611143  
-0.2964306115  
-0.5695574038  
-0.1221632822  
-0.03380061991  
0.1754965445  
-0.8445748175  
-0.4203406458  
-0.6686133588  
-0.4408409872  
-0.72886221  
-0.2791334431  
-1.043624859  
-0.2813267204  
0.2098776363  
0.09504320681  
0.5361320706  
-0.1432844983  
-0.5029792688  
0.5857238546  
0.06924724485  
0.2726201152  
0.7163869354  
1.115036716  
0.2797677849  
0.7583686296  
0.6657328871  
0.3969424942  
-0.2914306184  
-0.1726770078  
-0.5599129149  
-0.1869402574  
-0.3745890023  
0.1527103147  
-0.08659586354  
-0.5891693317  
0.1725120428  
-0.7686974577  
-0.1307803711  
-0.5773163162  
-0.6009105043  
0.8013537311  
0.1023919751  
-0.01533524138  
-0.4814413756  
-0.005683741796  
0.07919770293  
0.1384772662  
-0.1816834733  
-0.2630113064  
-0.06822521822  
-0.7816752639  
-0.6052252585  
0.06332497329  
0.05369050547  
0.7367763598  
-0.2586917302  
-0.0516850033  
0.07097260471  
0.6150913586  
1.11230804  
0.8359038045  
0.6267615674  
0.552425455  
-0.1806850238  
0.1585462443  
0.3324266888  
1.186900154  
1.307813037  
0.8300324711  
0.1771116307  
0.5186345176  
0.4874351482  
0.1931649378  
1.11785925  
0.5192619943  
-0.4214204785  
0.1316386613  
0.132617464  
0.5341522773  
0.4482287997  
0.579005241  
0.1618584489  
0.1820122821  
-0.3668889273  
0.01960290375  
0.4464746246  
0.2062356703  
0.09205902813  
0.1335675333  
-0.1222324693  
0.3341624127  
0.05045955267  
0.5153993883  
-0.3608834618  
-0.3471139195  
-0.3413938434  
-0.5639481984  
-0.1887937446  
0.08249422306  
-0.6224580844  
-1.020469526  
-1.015009654  
-0.2428250809  
0.4721630619  
0.06678642398  
0.5507519343  
0.06856026561  
0.7114736082  
0.7063328772  
-0.09227056788  
0.5560158415  
0.7658341259  
0.2054304678  
-0.2114825  
0.5719247402  
-0.04385721167  
0.5913524425  
0.518873262  
0.1000452813  
-0.354746849  
0.1320445003  
0.2128407025  
0.5689909532  
0.346287006  
0.8489971031  
0.9688722496  
0.7197346116  
0.01959882678  
0.3081016528  
0.3367688858  
-0.343748415  
0.3938288452  
-0.2258784115  
-0.6488709217  
-1.192371986  
-1.283429843  
-1.408107637  
-0.9576287307  
-0.47833951  
-0.8899557301  
-0.8202946385  
-0.5130052255  
-0.3498476727  
-0.8336064492  
-0.3968428635  
-0.1060171033  
-0.7468865522  
-0.6637682724  
-0.7973783813  
0.007258522608  
-0.1900335678  
0.1038638133  
0.1310136532  
0.2842306215  
0.3655656069  
0.3120045859  
0.1138161242  
0.1217952885  
0.1120211865  
0.6691521891  
0.3256359264  
0.3342378174  
-0.2584866491  
0.3448657124  
0.03577807982  
0.1996764642  
0.1625419068  
-0.3313038887  
-0.2342659032  
0.03926497388  
-0.2657553372  
-0.08825357741  
0.9389597887  
0.5051892018  
0.1153090756  
0.4644380347  
-0.2599553598  
0.1657601582  
-0.08548455995  
-0.02933285115  
0.1495204473  
0.2344529678  
-0.1361356868  
0.434355833  
0.4805348863  
0.1557153591  
0.5425426324  
0.03582835729  
-0.5249034784  
-0.2942030096  
0.3600792087  
-0.2648569337  
-0.02954972316  
0.06586132531  
0.4177418967  
-0.01727988589  
0.4725633467  
0.1105632396  
0.2210609856  
0.6707636123  
0.2154056523  
-0.1722403376  
0.06448843077  
-0.3292201476  
0.638711111  
-0.05944510937  
-0.1505492506  
-0.5417550276  
0.0499622142  
0.001954136136  
0.2729467954  
-0.1954882415  
-0.4908221709  
-0.1427188842  
0.1247466784  
-0.151695266  
0.2534593208  
0.2737896135  
0.197079195  
0.003694914864  
0.4055008425  
0.09273231994  
-0.01151258858  
0.09418787714  
-0.02632147748  
0.3237339478  
0.1809125548  
0.551502544  
0.3182373931  
-0.612781914  
-0.3667400609  
0.4627659613  
0.4250964066  
0.3934458777  
0.7002704589  
0.4220060484  
0.488158356  
1.129818669  
0.8730038416  
0.6018748615  
0.03337249366  
0.7279338596  
0.175192759  
0.2431526825  
-0.1249705488  
0.08733108266  
-0.001641815699  
0.1243020156  
0.4521804981  
0.3889528383  
0.5636997049  
0.6757851926  
0.1983909789  
0.9354056482  
-0.1078003801  
-0.1895997086  
0.3025043611  
0.06089486114  
0.2111254444  
-0.2297242818  
-0.07796102778  
0.4518391484  
0.12740977  
0.03267385221  
0.7518782984  
0.5256731143  
0.04203089226  
0.3663812901  
0.2095665062  
0.3472854211  
0.3225038302  
0.2103258013  
-0.2923083112  
-1.00986759  
-0.311889339  
-0.7206804842  
-0.7636035002  
-0.9448835262  
-0.3862794982  
-0.2129958188  
-0.643049336  
-0.6515900648  
-0.02176802405  
0.2587988184  
-0.3701955895  
-0.3041164524  
0.1019273756  
-0.4999601002  
-0.5638506169  
0.536032745  
-0.436586708  
0.01363053974  
-0.6610712121  
0.3153926275  
0.1262024294  
0.6872127372  
0.8619327367  
1.339608336  
0.2562210092  
0.9105804305  
0.3385369267  
0.8247714038  
0.5600164239  
-0.02617622495  
0.4052388823  
0.8861151463  
0.7625843948  
0.399728871  
-0.6107251395  
-0.4150353414  
-0.3505040079  
-0.06971084368  
-0.1341518581  
0.4340694253  
0.2741270293  
0.8004088514  
0.4895134379  
0.01679258003  
0.9419405691  
-0.1419240773  
0.1747727327  
0.4317076507  
0.6493559756  
-0.04806435909  
-0.2290435196  
0.4425928144  
-0.7743039934  
-0.4273172713  
-0.5253509255  
-0.7167674719  
-0.2701743491  
-0.08327909332  
-0.3591752498  
-0.1925666279  
0.2218677176  
0.3957119925  
-0.264194755  
-0.2394306596  
0.06782038521  
0.4555972932  
0.4422125219  
0.6731403031  
0.3004057381  
-0.6318816816  
0.8282513682  
-0.01357433232  
-0.2175674697  
0.3993757452  
0.1427343877  
0.2693750908  
-0.5558711007  
-0.5900386821  
-0.6685644307  
-0.5194138155  
-0.04437094482  
-0.4940843788  
-0.7351203467  
-0.98263364  
-0.4823030771  
-0.8385749901  
-0.728894879  
-0.3066932512  
-0.3955207381  
0.08079754695  
-0.6930893373  
-0.7171786738  
-0.6212939942  
-0.5187002562  
-0.1487165645  
0.1235908149  
0.2462949855  
0.7861098484  
0.2278347472  
0.6830358777  
1.097882885  
0.7724178224  
0.204324913  
0.3813191675  
-0.03977394882  
0.04962251772  
-0.3223273404  
-0.7097768029  
-0.104606571  
-0.7791365198  
-1.160840312  
-0.6765680553  
-0.7236748973  
-0.3039789375  
-1.117035698  
-0.2020400077  
-0.9162357403  
-0.8767004048  
-0.8482694477  
-0.4542367016  
-0.3107076419  
0.2190872631  
0.01563063268  
-0.2459568421  
0.2274919519  
0.6413040559  
0.62834577  
0.2233579573  
0.1835730492  
0.3095876661  
-0.3807099051  
0.3044958656  
-0.4203871997  
-0.2290507477  
-0.4628055991  
-0.06676313694  
-0.4234923994  
0.3509061999  
0.5265624735  
0.6404425934  
0.3464675371  
0.4227813729  
0.1889831315  
0.06909221841  
-0.2391388707  
-0.1942730405  
-0.007498048419  
-0.5236815377  
-0.2390877004  
-0.9097765411  
-0.4114298983  
-0.7568790617  
-0.01947828868  
-0.3050153257  
0.7824928944  
-0.416413423  
0.1344305121  
-0.164747076  
-0.3125204927  
-0.09472705035  
-0.7533280216  
-0.5373176304  
-0.8082750792  
-0.4041347319  
-0.1407307576  
-0.5501808863  
-0.4449522693  
-0.9688836798  
-0.3976261427  
-0.2101454066  
-0.3191941111  
-0.2912468027  
0.4137357375  
-0.428820597  
0.2225965608  
0.2656295742  
-0.1864717843  
-0.03752300547  
-0.05506900255  
-0.6880857401  
-0.08198404034  
-0.2115785317  
0.1156683428  
-0.1892073184  
-0.521408409  
-0.03049659911  
-0.5789622342  
0.9700254658  
0.25801571  
-0.04219854622  
0.4722953338  
-0.1163444913  
0.7275875223  
0.1049429896  
0.04938713026  
0.3585178603  
-0.6781138874  
0.03899793794  
0.01839488078  
0.09369706378  
-0.2888996112  
-0.2132872052  
-0.2469817011  
-0.1365668959  
-0.5852592334  
-0.2692699761  
-0.6505218637  
-0.06589453037  
-0.02357790961  
0.6327645708  
0.2684537489  
0.08531333646  
-0.2595060487  
0.2061708706  
0.1028767027  
0.3461885209  
0.204396255  
0.5278259591  
0.4275264501  
0.02078012568  
0.2758552735  
0.08783025061  
0.9301522757  
0.7326765262  
0.7758138295  
0.3245891174  
-0.2489492626  
-0.9986397644  
-0.606498754  
-0.5859778662  
-0.1961602821  
-0.01703177305  
-0.289671133  
-0.01058489437  
-0.6909593417  
-1.041801586  
-0.04378468593  
-0.5337611713  
0.05663548163  
-0.2557457287  
-0.5835270998  
-0.6282643164  
-0.3688305215  
-0.4173232917  
0.329744216  
-0.5497580341  
-0.3940390746  
-0.2152372573  
-0.4679311307  
-0.379256062  
-0.251953532  
-0.1712355237  
0.1975328894  
-0.1087710885  
-0.359635322  
0.2011860417  
0.01002983454  
-0.6457193706  
-0.3488958626  
-0.2806000973  
0.1814025683  
0.1002576186  
-0.3512651569  
0.201473343  
0.2596992062  
0.01830015909  
0.1355742916  
-0.05846825762  
0.7397687379  
0.5249418709  
-0.2903426732  
0.2213334513  
-0.1487412919  
0.1120054105  
0.01329794964  
0.602255265  
0.2681309474  
0.9650037286  
0.4711043122  
-0.5924635363  
0.1013406037  
0.8085027194  
0.3161187915  
0.7217120609  
-0.6506277664  
-0.04447993849  
-0.8429819517  
-0.1491004596  
-0.3721022246  
-0.3061883926  
-0.2629522198  
-0.3242560659  
-0.1158820131  
0.36045611  
0.6483926588  
0.6176113448  
0.7003690616  
0.3215980056  
0.5331733906  
0.8908905568  
0.9321725798  
0.707263716  
0.2144263752  
0.2346449564  
-0.08103742676  
-0.3133097815  
-0.1313517335  
-0.546242893  
-0.3434744194  
-0.4482174528  
-0.6949601059  
-0.8342138685  
-0.8550752411  
-0.5754468811  
-0.4768876088  
0.1975114937  
-0.05500841632  
-0.337770041  
-0.3303476041  
0.06107397385  
-0.5174914965  
0.08379192969  
-0.2991113752  
-0.3745365845  
0.1212439043  
0.07278115493  
-0.1922877772  
0.1728295123  
-0.03690048891  
0.4340019217  
-0.5155147233  
0.3657644013  
-0.01258296245  
-0.4688722992  
-0.6360081138  
0.2139522733  
0.2808329883  
-0.1654292976  
-0.8018931473  
0.07746965601  
-0.3505099095  
0.05758850278  
0.3880261706  
0.5328599932  
0.5717598927  
0.02017947041  
0.4480287918  
-0.01015428711  
-0.1183346605  
0.3817043811  
0.321858119  
0.1123568482  
-0.4855190301  
-0.1520199137  
0.3653271509  
0.09119378174  
-0.4589857194  
-0.3283516766  
-0.5374235066  
-0.3805386176  
-0.2168584318  
-0.6597071494  
-0.6315017196  
-1.180512377  
-0.6087970858  
-0.06554853552  
-0.8536128328  
0.3057972193  
-0.1507160978  
-0.1496022184  
-0.3151894624  
-0.08940258815  
-0.2209055507  
-0.7940499436  
-0.7516635027  
-0.5758787349  
-1.018348411  
-0.6249698699  
0.02593907596  
-0.947806184  
-1.123436689  
-0.1999505091  
-0.3548538373  
-0.2046934449  
-0.1235626481  
0.1209650861  
0.3005844941  
-0.7872265031  
0.1002476795  
0.6348676356  
0.4103247317  
-0.153979443  
0.3381677731  
0.498743105  
0.2111644519  
-0.1560750457  
0.1852880135  
-0.2636776932  
-0.3550732488  
-0.5064637184  
0.3685399717  
0.09125455946  
0.4143518482  
0.1932051987  
0.5257397729  
1.169114398  
0.2513065534  
0.6032887553  
0.5947467976  
0.2628550009  
0.4987602434  
0.3692603795  
1.120853297  
0.5551191617  
0.1427661276  
0.1250265396  
0.5940081427  
0.2286868071  
0.4233925408  
0.9466245446  
-0.01417855153  
0.6512910034  
-0.07851433383  
0.4522546358  
-0.04275196066  
-0.09854797917  
-0.1165837571  
-0.1822940239  
0.1706466104  
-0.2673774656  
0.2081869629  
-0.2177104852  
-0.4157623723  
-0.3892352876  
-0.2109848885  
-0.121184104  
-0.3771884933  
0.4004611855  
-0.132408706  
0.4361988915  
0.4362026013  
0.4384073538  
0.4417852216  
0.9972247165  
0.8054975085  
0.6547191542  
0.7895111538  
0.9922441954  
0.6085497688  
0.6648064174  
0.413563897  
0.8327951436  
0.8757078153  
0.6478734102  
-0.09536891458  
1.21837488  
0.01218489995  
0.3330177298  
0.912036758  
0.552786616  
0.2608823383  
0.5023983513  
0.216302585  
0.4866861972  
0.3614300341  
0.1912641796  
0.03340106175  
0.4171625411  
0.3566099908  
0.1870483939  
-0.1904602785  
-0.3919630462  
0.08220739339  
-0.6872813966  
0.1719330184  
0.4388721254  
-0.1548099711  
-1.27608753  
-0.968024438  
-0.3422452132  
-0.4422177595  
-0.6576998543  
-0.5583961931  
-0.4302155285  
-0.008400308157  
0.6966536835  
0.39687439  
0.5919386815  
1.087537995  
0.613410671  
0.2909604137  
0.06678964281  
0.4910047368  
0.2657025942  
-0.5954269882  
0.3000903132  
-0.5235603407  
-0.1975889358  
0.2978670822  
-0.4756984848  
-0.8420337427  
-0.6262437966  
-0.03941875019  
-0.4342036122  
-0.2925115402  
-0.741335878  
-0.7507846406  
