1.031813191  
0.4256863608  
0.3637514655  
0.09678438511  
0.1647906502  
0.6911502906  
0.5134802246  
0.1329454921  
0.5557197541  
0.3990308479  
0.367079579  
-0.1388289267  
-0.3738941898  
0.2506217253  
-0.2508936944  
-0.666989536  
-0.1691095686  
-0.9720629161  
-0.8192362514  
-0.8990830247  
-1.073549416  
-0.899789378  
-1.237732435  
-0.7722833534  
-0.871350615  
-0.6547220692  
-0.9568001416  
-0.6266713063  
-0.6226551281  
-0.3579136331  
0.1295585312  
-0.1375021606  
-0.1092190121  
-0.08305992383  
-0.1791457058  
0.07867457254  
0.191932604  
0.05923751406  
-0.4599169202  
-0.06197389927  
-0.2315476264  
-0.2124086359  
-0.7937249667  
0.01612438502  
-0.2992015286  
0.2984559308  
-0.2600364984  
-0.2716221584  
0.1552976804  
0.03220915246  
-0.2047130569  
-0.08106186606  
-0.4225735909  
-0.1988972883  
-0.1093021067  
0.01260204627  
-0.3790644382  
0.4043525769  
-0.244436789  
0.1500977905  
-0.09224290376  
-0.15952136  
0.274485009  
-0.1795700874  
-0.5369662531  
-0.6438469652  
-1.057304  
-0.7864459468  
-1.395291982  
-0.719147911  
-0.7604061972  
-1.10087907  
-0.4464270765  
-0.3342231376  
-0.2859789523  
-0.0804122933  
0.1257426837  
0.07910895997  
0.003414580644  
0.06872059852  
0.01072090411  
0.0394790352  
-0.1577750317  
-0.2144220197  
-0.2722982531  
-0.02605548053  
-0.6152227784  
-0.3859745  
0.006685207775  
0.336117042  
0.1393003717  
0.3999056167  
0.1565350314  
0.2053066174  
0.04619430784  
0.4970773979  
0.4150946799  
-0.2070658491  
0.1963379486  
-0.751024582  
0.2652836557  
0.04149037953  
0.08034550385  
0.5712440497  
0.7164143928  
0.06255602588  
0.3292415985  
0.3348662139  
0.5353764981  
-0.3574888699  
0.2388786122  
0.1170805119  
0.5006475055  
0.316472733  
0.6990959108  
0.1156750202  
0.1942410446  
0.6245411959  
0.899668841  
0.7554067789  
0.7748002077  
0.7469908991  
0.6914623107  
0.08082145103  
0.2278899441  
-0.05427250895  
-0.239031776  
0.02510251933  
0.1208565453  
0.2932607303  
-0.4969559196  
0.08468721276  
-0.1590025044  
0.1428281838  
0.2541928117  
-0.1775436802  
-0.5930636516  
-0.1947996207  
0.03831782403  
-0.1775595744  
-0.5356360331  
-0.1195981647  
-0.114411153  
-0.3934565466  
-0.2565273292  
-0.3865890091  
-0.5464422526  
-0.07577393186  
0.2268102534  
-0.7319899807  
-0.1050459385  
-0.1120253646  
-0.4155080619  
-0.6292606102  
-0.9727595097  
-0.5267580256  
-0.2839664365  
-0.7489391656  
-0.5060237031  
-0.2212316716  
-0.2894135998  
-0.550525219  
-0.6277395009  
-0.5497273873  
-0.550065834  
-0.4548056932  
-0.2327273847  
-0.9854484494  
-0.800198832  
-0.5717688213  
-0.9292984822  
-0.06080452109  
-0.5650066147  
-0.442951543  
-0.3312974889  
-0.09006155848  
-0.6233817653  
-0.3009229066  
-0.03538203136  
-0.1934298472  
-0.5616447259  
0.1040269729  
-0.1873685041  
-0.1618539996  
0.4022696741  
-0.430535199  
-0.04182645567  
-0.1413806259  
-0.08211643584  
0.1161969775  
0.3227307187  
-0.09261240245  
0.08040530306  
0.3711082207  
0.4935904304  
-0.1087593375  
0.7318704995  
0.3354175869  
0.6622179851  
0.6370144452  
0.4726439683  
0.04092710568  
0.3683520485  
0.2230260281  
0.07864751826  
-0.1271217253  
-0.4178474303  
-0.2904122769  
-0.191858766  
-0.3741853588  
-0.2358379487  
-0.3382118046  
-0.6013984259  
-0.3863823647  
-0.04205772484  
0.1366788796  
-0.2344343503  
0.4695522265  
0.08621305764  
-0.3121723582  
0.2408349558  
0.3170567554  
0.3084103608  
0.4989628055  
0.4121575418  
0.4719363954  
0.3868779303  
0.4662751928  
0.4807130086  
0.461313871  
-0.02541347203  
0.5959675194  
-0.1509766301  
0.3199557682  
0.05566498529  
-0.06496427119  
0.3881865014  
-0.6110250818  
-0.4477144872  
-0.3944558951  
-0.08478824933  
-0.3912651382  
0.08439027165  
0.05561953453  
-0.08565148356  
-0.009793318562  
-0.5104915016  
0.1126608464  
-0.1647685153  
-0.1424468654  
-0.4027085419  
0.05986419424  
0.2292377965  
-0.4636694367  
-0.1528367851  
-0.03233640975  
0.6616231506  
0.2391329904  
0.5884340235  
0.4022469825  
0.495132817  
0.9393636988  
0.5017595752  
0.5963611024  
0.3547524879  
0.4477286912  
0.5833801973  
0.3065954628  
0.2443715979  
-0.2674829198  
-0.02902795158  
-0.1723931528  
-0.1622549723  
-0.03959518546  
-0.3566627379  
0.1534623748  
-0.07829803886  
-0.07857595432  
0.2815096937  
-0.002285790006  
-0.2894875862  
-0.308395186  
-0.09369900739  
-0.2445227482  
-0.530678006  
-0.1468666593  
-0.1979296997  
0.2504735494  
0.06837175044  
0.157538543  
0.292256028  
0.1476962738  
0.9088555713  
-0.1256886121  
-0.4141216208  
-0.2894241236  
0.1511208766  
-0.3703455099  
0.163991787  
0.1756381992  
0.02542960954  
-0.3377988248  
-0.30028313  
-0.4140044571  
-0.2030707005  
-0.05052390947  
-0.742923052  
-0.4770303491  
0.03853295359  
-0.439211411  
0.1227556173  
-0.1690800138  
0.1030140829  
0.4962092956  
0.4585037307  
0.7113191851  
-0.4166533492  
0.04364861539  
0.4026684053  
-0.1382891218  
0.488135936  
0.3534700096  
-0.003714122899  
0.6665569437  
0.1670024259  
0.630829636  
0.5431585224  
0.5045369576  
0.7487673351  
0.5383392732  
0.1985655543  
0.3236527926  
0.202263326  
0.07271176267  
-0.1172645242  
0.3612802646  
-0.1534328548  
-0.08083493283  
-0.2094654589  
-0.5290225268  
0.07804853059  
0.1436876738  
-0.3442651896  
0.0669073828  
0.2358604441  
0.07308925076  
0.1586818036  
0.04923449986  
0.2417590836  
0.292906684  
0.01463735988  
0.1674207861  
0.1825737932  
0.667262506  
0.2862823032  
-0.07637138949  
0.3844882979  
0.5512436943  
0.70452931  
0.416146194  
0.7929479104  
0.1707850074  
-0.335482649  
0.4995681422  
0.7639740291  
-0.0113081513  
0.2544871042  
0.2007290925  
-0.2008279813  
-0.03051690576  
0.2203037024  
-0.493812203  
0.5821146404  
-0.3533741712  
-0.108767609  
-0.4073119692  
0.4167370601  
0.2481558918  
0.5006138548  
0.1636726439  
0.1130962374  
0.3967716618  
0.6191402712  
0.1962298513  
0.3725210302  
0.2792573189  
-0.04859951041  
-0.32965464  
0.04696198588  
-0.336322983  
-0.3639971425  
-0.0623066906  
0.1695591883  
-0.0007560111284  
-0.2438926813  
0.3320669358  
0.08754336687  
0.1808850153  
-0.1107327846  
-0.160267824  
0.1664133377  
0.4327187212  
0.5802279433  
0.5545489358  
0.7466181646  
0.7716432197  
0.4618241231  
0.3243527431  
0.4435230784  
0.465591939  
0.1984993092  
0.6197154564  
0.4411177741  
0.3873137257  
0.3112181186  
0.4948039635  
-0.1322335394  
-0.07123300506  
-0.2811825353  
-0.2769957728  
-0.7316465684  
-0.0908687153  
-0.6629740249  
-0.6770681187  
-0.1656690047  
-0.1352314429  
-0.6832146619  
-0.2799488769  
-0.876062835  
-0.9035445886  
-0.3160957695  
-0.9816693447  
-0.7454214205  
-0.7503757541  
-0.9717307493  
-0.4340203531  
-0.3304608863  
-0.5224491111  
-0.6366707451  
-0.6643518765  
-0.4790317447  
-0.857725184  
-0.3129779471  
-0.8397923204  
-0.7654003337  
-0.5061141812  
-0.6547489672  
-0.614627594  
-0.4781458666  
0.01982518501  
0.1077664562  
-0.282909562  
-0.5312078867  
0.009978250514  
0.6663989833  
0.2570244772  
0.2041827105  
-0.211030629  
0.4274605905  
0.6851854972  
1.073949887  
0.6115421275  
0.08235493438  
0.4254859742  
0.2890339965  
0.1985839208  
0.8157304683  
0.988876547  
0.5556372113  
0.231300361  
0.2793132238  
0.3233857419  
0.4800558123  
0.4398189834  
0.8358558971  
0.5973400877  
0.4206915877  
0.7845963472  
1.097969144  
0.6870833538  
1.306744686  
0.89466898  
0.6243407829  
0.6858995411  
0.5986587307  
0.775849541  
0.9176805712  
0.3614106053  
0.4209725923  
-0.1215748493  
0.3599364778  
0.004397960404  
-0.5167754533  
-0.104374342  
0.02750639987  
0.07376993613  
0.2179647053  
0.2353182834  
0.06503760826  
0.3685087512  
-0.03963340504  
0.8425870199  
0.3150538127  
0.7030082236  
0.7501034859  
0.8752321955  
0.1164713003  
-0.1861772939  
-0.2417510819  
-0.4480786489  
-0.3586803837  
0.05711031661  
-0.2361762842  
0.5004478006  
-0.7616136974  
0.2134487572  
0.3615460258  
0.1701913993  
-0.1586008532  
-0.2839106236  
-0.06976828443  
0.1342194828  
0.7771215097  
1.022671648  
0.9524100451  
0.9003148424  
1.051832236  
1.256259335  
1.116565342  
0.5669148744  
0.9006284482  
0.9844104576  
1.019444812  
0.3029472427  
-0.05755108706  
-0.1070737706  
0.3694920245  
-0.2423367776  
0.7467221606  
0.7400507572  
0.9586898607  
0.4472769344  
0.5291383838  
0.4631346461  
0.3817539741  
0.49156005  
-0.1676895367  
0.1669630845  
0.3421005289  
0.2893637835  
-0.1065506775  
-0.5658505371  
-0.3335378219  
-1.20280909  
-0.5450435132  
-1.127538133  
-1.030193684  
-0.566813085  
-0.4850234489  
-0.6635032327  
-1.144112631  
-0.8973565889  
-1.277195309  
-0.958136701  
-1.033919498  
-1.021573912  
-0.8875158517  
-0.5055139948  
-0.4847354581  
-0.218742923  
-0.635452106  
0.0807664502  
0.2570082395  
0.01104604643  
0.1613528513  
0.04693657662  
-0.02722790977  
-0.2117923013  
-0.4283688738  
-0.6135692862  
-0.1053423454  
-0.5371679295  
-0.5838662533  
-0.446265223  
-0.902447476  
-0.302071438  
-0.6599676773  
-0.51902821  
-0.6104576241  
-0.4584262464  
0.1435327131  
-0.4346752888  
-0.1293783131  
0.465384304  
-0.1141371471  
-0.1505334988  
0.5146500954  
0.4702193864  
0.313404157  
0.4449447836  
0.8935813853  
0.5426851219  
0.4956778544  
0.5074039314  
-0.08918482459  
0.6313383681  
-0.1541444206  
-0.1463046264  
-0.05678614667  
0.1162672341  
0.3167079625  
0.1921986302  
1.030589892  
0.9097101153  
0.7337692623  
0.8534898214  
0.715219988  
0.6878186039  
1.47722619  
1.015584108  
0.5921626651  
0.6654958219  
0.9464490099  
0.6160880322  
0.321236896  
-0.06838295436  
0.1005857351  
-0.3631108658  
-0.2862042835  
0.238905902  
-0.8326683473  
0.2712225657  
0.1300302263  
-0.3787378378  
0.4609441753  
-0.6340298704  
0.1114208824  
-0.2398200994  
-0.4418277379  
0.1857779939  
0.04084516669  
-0.0992104785  
0.2862004168  
-0.4349704857  
-0.4000815907  
-0.3255234552  
-0.29087297  
-0.06683544628  
-0.2592028069  
-0.6489313092  
-0.03107147951  
0.4206425782  
0.1517832817  
0.2815664203  
0.3502397189  
0.1234341026  
0.7530932744  
0.4134304203  
0.4984137784  
0.09871052119  
0.5205390269  
0.6350094152  
-0.3868948053  
0.3768926881  
0.4989988899  
0.3459592731  
-0.1553342086  
0.002924681151  
-0.1500263346  
0.42923685  
0.1008583284  
0.09408944508  
-0.1422952319  
0.5691201178  
0.6034436625  
0.4038085674  
0.3924093548  
0.4539423485  
0.2484506091  
0.8412164623  
0.2121106361  
0.1412001132  
-0.03254661126  
0.04470190662  
0.2739462695  
-0.186129662  
-0.5100894992  
0.1060124225  
0.03930873551  
0.2942532191  
-0.1437436595  
-0.1361136841  
0.03385767478  
0.317224759  
0.07442897805  
0.1671628342  
0.2324356345  
0.2185339875  
-0.04862085187  
0.7292870192  
0.2589522792  
0.7485977241  
0.4923484977  
0.1437683387  
0.291347507  
0.2903919629  
-0.2271662564  
0.02961276603  
-0.1035927299  
-0.3471559479  
-0.1871662111  
-0.452240875  
-0.1973260451  
-0.2194687776  
-0.4107873205  
-0.07556116507  
0.1638148341  
0.02419034427  
0.2188075501  
-0.3142826839  
-0.05055163327  
-0.1446127175  
-0.405195829  
-0.2881002138  
-0.3913616343  
0.2445174672  
-0.2629227817  
-0.2899167192  
-0.2330923527  
-0.6672848992  
-0.2460756771  
0.0318761434  
-0.1155107915  
0.3203545343  
0.66409914  
0.9263711883  
0.05678716042  
0.738602032  
0.1995046221  
0.2211712063  
0.3850056497  
-0.1463901739  
0.09072035608  
0.2151802184  
0.3986307805  
0.01100363901  
-0.03610729864  
0.2380535661  
-0.5314051422  
-0.1545728271  
0.03375150707  
-0.8088168989  
-0.418753145  
0.1355845623  
-0.351651129  
-0.1931303609  
-0.259327245  
-0.08132120269  
0.2782233291  
-0.125597307  
-0.1689269854  
0.1992676778  
0.3190701348  
-0.1568110445  
0.2765501673  
0.5950097354  
0.5352319361  
0.4273650798  
0.4327795713  
0.7900496378  
1.489804407  
0.7883903937  
0.8865826352  
0.8131216182  
0.3352457182  
0.3554105632  
0.3595187603  
0.6346660688  
0.03979716269  
0.120662816  
0.5395533419  
-0.1462007837  
0.2815420485  
0.4778182347  
0.1915899355  
0.3785905992  
0.2062469649  
0.6851364474  
0.4382296751  
0.9734181448  
0.4534762823  
0.6824436855  
1.057867515  
0.2316208646  
0.3934466087  
0.5836040984  
0.4435728738  
0.2723723188  
0.3983190527  
0.4038642061  
0.0842073308  
0.5933329069  
0.542249695  
0.4655023363  
0.359482579  
1.023070371  
0.8620111628  
0.7185785291  
0.6155727736  
0.5775539107  
0.5940925847  
0.6234938562  
0.9511849962  
0.3178516742  
0.01061134911  
0.8428860239  
0.3015755898  
0.08546506094  
0.2276167907  
0.4174765159  
0.2027988851  
0.830378137  
0.4274157957  
0.1862671997  
0.1051230661  
0.934708399  
0.3207474658  
0.2693795814  
0.8809869529  
0.0774029805  
0.06075618337  
0.4723820648  
0.3962123102  
-0.006887860051  
0.2530217805  
0.5164600296  
0.5018190509  
-0.06766662315  
0.02304251452  
0.3551743343  
-0.3630478592  
0.07278256544  
-0.2235410912  
-0.1803055722  
-0.1828077002  
-0.4473433665  
-0.4681186254  
-0.3531855777  
-0.8856894261  
-0.756357667  
-0.8107188614  
-0.1383391477  
-0.6614306199  
-0.00632255964  
-0.5016902472  
-0.137374141  
0.005445052913  
0.1145642445  
0.5440776457  
0.6125282058  
0.8205110133  
0.2017696025  
-0.1070791494  
0.4883925622  
0.2378045075  
-0.1516948154  
0.5004691853  
-0.08153800104  
-0.3151506476  
0.201577826  
0.3945163603  
0.2439135454  
0.0628846207  
0.1649718456  
0.04206617705  
-0.2442267292  
0.4973459823  
0.4765442213  
0.2535605878  
-0.01983272205  
0.1689304632  
0.5621082903  
0.4100779974  
0.6908244176  
0.5994991752  
0.1086304656  
0.08326515915  
0.2430936153  
0.5127413789  
-0.08800926932  
0.1994193438  
0.3159641392  
-0.1286853337  
-0.1778037161  
-0.3879712761  
-0.251528964  
-1.13796343  
-0.7528559378  
-0.5394747997  
-0.6492640057  
-0.6863728622  
-0.4562395728  
-0.8854730462  
-0.3460114378  
-0.5471440581  
-0.5798258536  
-0.6760180372  
-0.738092722  
-0.8698264988  
-0.5760492872  
-0.5125448873  
-0.7729951339  
-0.4073075093  
-0.2020346804  
0.008619703807  
-0.4019974043  
-0.3992492175  
-0.2235582475  
-0.05566472685  
-0.5748176414  
-0.496241881  
-0.4092621512  
-0.1307279861  
0.06991957377  
-0.3602797748  
-0.3580850636  
0.07926441607  
-0.3903876844  
-0.07101359068  
0.5583640183  
0.6672189399  
0.7190310344  
0.5026408467  
0.1371916991  
0.6410884088  
0.2320589646  
0.2530270713  
0.2747008978  
0.04437265826  
0.3613318433  
0.1972276104  
0.3600674723  
0.1238846176  
-0.2497565313  
-0.1042940102  
0.07548175431  
-0.3301187195  
0.002832518668  
0.3412624461  
-0.5734233199  
-0.3247481118  
0.276181077  
0.1244839403  
0.1717001132  
0.2164881249  
0.4692886694  
-0.06169215387  
0.3084193767  
0.2593857907  
0.3456811767  
0.3350418117  
0.4887745622  
0.5524702026  
0.8935296277  
0.6472854788  
0.4002903189  
0.006297128117  
0.03051272777  
0.09988545625  
0.11085205  
-0.01727344685  
0.216458506  
0.1848400684  
-0.06060374977  
-0.04249390888  
0.2855248509  
0.3476418088  
-0.3933379697  
-0.1287092879  
-0.01815588775  
-0.5056855023  
-0.3813434804  
0.01565327147  
-0.4641384486  
-0.4570836016  
-0.4636147359  
-0.5123727348  
-0.5418309059  
-0.3081700305  
-0.2577428863  
-0.4078553267  
-0.5022356964  
-0.01819887929  
-0.403567696  
-0.1929705592  
-0.7630576475  
-0.3365485932  
-0.1478075203  
-0.2212012153  
0.1392447205  
0.166502693  
-0.04649100459  
0.2915307403  
0.2017028251  
0.8294212399  
0.4601060004  
0.6553162262  
0.7464562256  
0.2709923738  
0.3416018592  
0.7582643929  
0.1750650851  
0.2449620505  
0.4108680397  
0.8262024097  
0.3000299998  
0.5507328895  
0.0925723347  
-0.3116553142  
-0.1406171349  
0.1626921855  
-0.1361897749  
-0.2190004771  
-0.2134985409  
-0.2751995125  
-0.2408620878  
0.530488077  
0.2428382278  
0.3416964271  
0.5496386391  
0.04904816991  
0.0239644111  
0.2112179388  
0.189033073  
0.3113024507  
-0.2141905774  
-0.1098964331  
0.3823568439  
-0.05050514988  
-0.05842527432  
-0.2986138768  
-0.002293472883  
-0.1262436803  
-0.4439821013  
-0.1692135988  
0.0620360012  
-0.5127165998  
0.2721848762  
0.1570764042  
-0.4199737941  
-0.2522145828  
0.16951956  
-0.05217533799  
0.1562206571  
-0.2420646482  
-0.5280665546  
-0.283680553  
-0.4626893702  
0.04764878549  
-0.533441969  
-1.163703586  
-1.113835806  
-0.9258765304  
-1.4067424  
-0.8765079176  
-0.7957650001  
-1.191246214  
-1.181124969  
-1.28957465  
-1.343419483  
-0.901199859  
-0.6653307372  
-1.417645065  
-1.365708239  
-1.787537433  
-1.161655229  
-0.5262647889  
-0.2226544513  
-0.1646893704  
-0.09333601721  
-0.1074548506  
-0.2640068332  
-0.0734424151  
-0.2257006633  
0.111871705  
0.3000548783  
0.1387583906  
0.06106418001  
0.07266303178  
0.600664877  
0.1482381141  
0.1064008293  
0.120811827  
0.1607022877  
0.2243287177  
0.193629231  
-0.3420267216  
-0.7741171037  
-0.4874615325  
-0.4618199603  
-0.636429408  
0.2221732802  
-0.7397032604  
-0.9495231817  
-0.6150245305  
-0.9288418567  
-0.5845826487  
-0.2770329389  
-0.4765868012  
0.0617075907  
-0.5934246727  
-0.35904584  
-0.5261654538  
-0.8431686379  
-0.1883860046  
-0.390462015  
-0.221069129  
-0.05193022798  
-0.301450648  
-0.1779307913  
-0.1259337311  
-0.2180937413  
0.2170418109  
-0.2055595105  
-0.1282095334  
-0.3316291423  
-0.04737189658  
0.1795668194  
0.2894087289  
-0.03478504343  
0.1629677755  
0.4638882016  
1.214300991  
0.2091482114  
0.4116272628  
-0.1458942499  
0.3108274535  
0.07246968662  
0.2072920084  
-0.2403703246  
0.006292404947  
-0.8186933064  
-0.3173109435  
-0.6450553661  
-0.7495138253  
-0.700081058  
-0.649570036  
-0.7598441156  
-0.9853099341  
-0.5065436904  
-0.06430806073  
-0.5637205794  
-0.2279824488  
-0.7286115801  
-0.4336429729  
-0.05618099217  
-0.4767969611  
-0.4652734109  
-0.3778007228  
-0.3534701291  
-0.4311875049  
-0.1854205293  
-0.1754053946  
-0.4920743592  
-0.1854938249  
-0.7920456831  
-0.2748994431  
-0.2751373888  
0.2974288209  
-0.2235176247  
-0.5307257769  
-0.7414915501  
-0.6222090928  
-0.4045707661  
-0.7104137797  
0.2236950594  
-0.06889726229  
0.5513824958  
0.554164052  
0.4211116261  
0.4691943419  
0.366407254  
-0.2794945547  
-0.1063352421  
-0.4545303413  
-0.3770443129  
0.004665112774  
-0.4633186532  
-0.06340604237  
-0.4876132424  
-0.3405614883  
-0.4510412252  
-1.159896371  
-1.109791855  
-1.025459829  
-1.040270708  
-0.7949412484  
-0.9802855332  
-0.05790417  
-0.6059141963  
