7713.672735  
7714.403269  
7702.058114  
7703.016555  
7698.57782  
7698.315092  
7680.849644  
7683.875651  
7693.285648  
7666.489217  
7674.978286  
7669.729599  
7666.306301  
7684.553717  
7682.437732  
7666.897532  
7684.802895  
7678.093124  
7679.216305  
7686.859737  
7681.42322  
7686.215861  
7685.291495  
7693.60859  
7672.756017  
7661.758748  
7669.986713  
7668.881473  
7669.169766  
7665.22191  
7658.00488  
7677.88509  
7673.444528  
7672.946755  
7678.16735  
7676.419024  
7680.694685  
7681.273511  
7689.648597  
7686.649052  
7696.50508  
7689.384913  
7697.521052  
7690.334655  
7676.245913  
7670.59304  
7685.74589  
7678.646281  
7667.360613  
7665.91224  
7669.456571  
7664.81918  
7676.932241  
7700.669855  
7692.002609  
7705.048712  
7705.367093  
7702.665073  
7706.920465  
7713.612122  
7711.879777  
7718.2641  
7689.720761  
7729.832108  
7716.496504  
7699.24101  
7686.896266  
7680.791887  
7690.959779  
7696.866582  
7702.85266  
7695.661993  
7694.249518  
7682.438872  
7670.846769  
7688.070465  
7679.144375  
7685.272045  
7665.29805  
7653.3532  
7653.658159  
7668.031154  
7669.025411  
7661.984065  
7668.176682  
7651.651092  
7646.833475  
7655.447236  
7643.928586  
7659.182025  
7666.524496  
7670.222228  
7676.705197  
7682.180361  
7688.171599  
7680.808378  
7693.309482  
7680.237256  
7687.752879  
7684.137635  
7660.440912  
7642.950608  
7644.803725  
7646.757278  
7642.353011  
7657.63261  
7665.181823  
7648.670945  
7645.443278  
7651.459403  
7662.265561  
7657.614601  
7666.858987  
7665.889953  
7664.352571  
7662.922615  
7678.394356  
7678.191711  
7687.816049  
7696.269228  
7699.125092  
7698.368068  
7681.799406  
7684.443773  
7684.338295  
7692.123908  
7696.322932  
7676.249718  
7673.422686  
7668.656994  
7663.920913  
7659.719096  
7660.256798  
7655.096062  
7664.235644  
7650.06854  
7658.513996  
7662.360825  
7660.799772  
7672.040473  
7658.058089  
7645.384842  
7648.068625  
7658.067953  
7651.090465  
7649.159308  
7654.421242  
7656.789386  
7650.50801  
7659.114236  
7671.493915  
7648.605763  
7671.95988  
7660.167866  
7657.417322  
7671.686875  
7665.657035  
7688.483408  
7690.867503  
7673.40835  
7666.091927  
7659.983527  
7658.164227  
7660.801139  
7645.945217  
7661.400134  
7659.371736  
7658.736993  
7666.25289  
7642.26653  
7645.287165  
7642.406661  
7658.202706  
7645.91363  
7640.808489  
7640.707363  
7641.586614  
7640.163031  
7644.768075  
7635.738446  
7631.110128  
7628.141466  
7616.159041  
7636.3841  
7651.3343  
7664.765018  
7662.462081  
7659.936871  
7664.324035  
7648.371403  
7637.377545  
7640.235261  
7647.2466  
7652.593727  
7644.306217  
7648.890039  
7650.773458  
7639.577047  
7632.187236  
7653.047097  
7648.377887  
7646.063786  
7651.076264  
7647.249314  
7637.726908  
7641.76443  
7632.658313  
7631.111285  
7627.66977  
7617.985857  
7621.884707  
7625.801006  
7627.258622  
7631.297604  
7635.005578  
7645.339464  
7665.127544  
7665.868441  
7663.293354  
7671.99829  
7669.673092  
7677.959405  
7689.321686  
7689.188587  
7675.038392  
7679.210055  
7682.834131  
7687.79983  
7687.479299  
7686.608674  
7691.070193  
7680.714254  
7697.954211  
7700.848689  
7692.394471  
7693.352823  
7695.755978  
7690.251099  
7692.292228  
7691.194126  
7698.843625  
7703.400547  
7702.960269  
7695.19834  
7687.04265  
7685.074964  
7688.082174  
7685.672669  
7680.960074  
7667.92345  
7645.859913  
7650.57436  
7655.03185  
7665.872516  
7674.609376  
7669.909798  
7675.691971  
7684.688159  
7682.618532  
7690.615157  
7681.613154  
7682.932214  
7677.065862  
7668.745847  
7669.078805  
7657.938673  
7656.881082  
7669.160588  
7667.841771  
7648.755619  
7662.743016  
7654.155008  
7658.577307  
7671.54047  
7668.281369  
7669.484559  
7673.876174  
7668.651066  
7665.68734  
7654.716503  
7638.847217  
7642.741867  
7635.923602  
7646.792593  
7640.667525  
7636.457706  
7639.365091  
7631.638584  
7666.789438  
7655.889384  
7659.94226  
7666.441795  
7658.958293  
7666.719735  
7657.652667  
7661.246691  
7660.688711  
7677.52464  
7671.426021  
7666.73157  
7679.634888  
7668.179139  
7667.307758  
7688.005283  
7674.45769  
7675.917572  
7684.390958  
7693.17127  
7700.415277  
7684.747379  
7669.926764  
7674.814967  
7672.710817  
7660.828524  
7658.355426  
7654.436826  
7641.633245  
7651.202262  
7636.172496  
7634.586604  
7626.998093  
7649.311875  
7643.623583  
7628.169992  
7643.861724  
7636.767316  
7628.707974  
7638.466525  
7634.630839  
7640.002385  
7638.790302  
7662.614421  
7643.625804  
7648.958808  
7648.645791  
7659.756555  
7655.20587  
7666.131305  
7666.851175  
7666.863056  
7670.077378  
7644.698041  
7643.340671  
7644.987503  
7637.188613  
7618.667843  
7634.292416  
7630.578885  
7616.579761  
7615.589796  
7635.860535  
7659.100261  
7640.660967  
7658.224952  
7665.904157  
7649.63629  
7655.208887  
7653.747169  
7666.390208  
7644.902325  
7652.25631  
7638.843948  
7659.269288  
7666.862147  
7653.005739  
7658.72793  
7661.789841  
7669.099534  
7644.533111  
7650.731172  
7636.144924  
7626.640049  
7624.092292  
7640.925773  
7664.80887  
7646.687957  
7645.770165  
7656.352187  
7674.268897  
7643.717031  
7650.071815  
7627.94303  
7622.741535  
7623.083885  
7617.620238  
7623.66814  
7625.890555  
7631.058658  
7626.608155  
7625.142423  
7626.829327  
7635.164344  
7627.146041  
7640.180358  
7651.903041  
7644.632644  
7650.296936  
7647.01757  
7660.12464  
7647.661117  
7674.038586  
7651.778104  
7660.073493  
7643.640106  
7648.799015  
7630.079447  
7633.329487  
7644.928091  
7618.781846  
7631.264245  
7654.021283  
7649.217806  
7669.18463  
7666.042918  
7649.565661  
7628.209705  
7647.464726  
7655.359586  
7639.426012  
7649.938412  
7639.778269  
7641.81236  
7643.322377  
7619.999805  
7602.814654  
7598.560128  
7621.58322  
7626.52867  
7624.321171  
7625.133459  
7633.652964  
7623.952715  
7614.040807  
7620.515511  
7594.874952  
7573.871158  
7597.447837  
7583.877991  
7572.682538  
7589.895525  
7620.123869  
7621.881179  
7629.783608  
7629.099887  
7615.126247  
7604.117546  
7607.501725  
7611.549349  
7619.112522  
7627.686321  
7627.436613  
7657.139299  
7653.631683  
7644.75622  
7642.815487  
7637.207089  
7634.528091  
7630.829096  
7628.995989  
7597.26037  
7611.017966  
7617.357073  
7611.12907  
7623.689998  
7635.837558  
7617.816057  
7640.876905  
7613.618826  
7612.89334  
7624.601089  
7616.42827  
7621.803867  
7648.812826  
7669.931423  
7657.761936  
7655.45965  
7674.033483  
7662.723153  
7672.965745  
7658.451311  
7659.110683  
7649.410217  
7655.726767  
7643.664875  
7647.227622  
7658.865417  
7646.084697  
7644.937216  
7667.574046  
7659.740385  
7653.606617  
7657.473172  
7657.544849  
7663.369796  
7648.012575  
7617.088638  
7628.839359  
7622.498066  
7621.877508  
7618.555747  
7626.956926  
7647.199597  
7669.531451  
7663.706725  
7692.032783  
7678.481381  
7697.504592  
7689.10217  
7683.679797  
7675.821318  
7669.817721  
7662.235692  
7640.459792  
7647.235214  
7629.918178  
7629.040356  
7624.185054  
7597.022269  
7595.943004  
7587.620212  
7612.328093  
7602.181854  
7594.429086  
7605.428845  
7599.205045  
7604.07339  
7606.527267  
7594.797066  
7615.89327  
7623.326137  
7612.769665  
7618.593086  
7629.520678  
7627.994081  
7654.561531  
7673.31171  
7646.240532  
7655.391919  
7678.914642  
7706.16894  
7698.723454  
7701.585933  
7686.649085  
7670.559755  
7692.755712  
7691.966254  
7679.819443  
7692.245137  
7679.523189  
7682.241546  
7678.870802  
7673.669473  
7682.796015  
7681.506983  
7678.716542  
7678.839862  
7674.416009  
7681.879264  
7677.400212  
7689.212546  
7677.236209  
7686.779669  
7686.129889  
7670.224849  
7664.018453  
7664.669294  
7670.32013  
7668.101648  
7666.338958  
7680.579093  
7679.786664  
7691.166528  
7704.899019  
7697.648584  
7690.743117  
7683.942615  
7692.671455  
7713.259969  
7683.604377  
7691.321974  
7693.338038  
7703.364468  
7706.522764  
7708.819682  
7709.067685  
7700.66046  
7709.802805  
7714.672345  
7711.069917  
7692.221956  
7685.838297  
7682.027801  
7679.030351  
7655.307423  
7667.928326  
7696.283913  
7688.642837  
7678.160176  
7675.070923  
7685.592924  
