0.3083013351  
-0.06715367589  
0.2073566699  
0.2730436852  
0.06531788092  
0.4213465992  
-0.3502425907  
0.3141310087  
0.3467273947  
0.1403647552  
0.1540503654  
0.512598362  
0.4601678162  
0.9850184057  
0.8336965301  
0.6309109318  
1.153621051  
1.008002996  
0.8772847064  
0.6528828167  
0.1990048828  
0.2325995861  
0.3661911673  
0.1981286559  
-0.3914703052  
0.3729301789  
0.2766098702  
0.5552893155  
0.3275399139  
0.5485504681  
0.5222406063  
0.6570664073  
0.5741532032  
0.160089727  
-0.1540712377  
-0.1750739164  
0.1830885783  
0.09487330596  
0.1550061631  
0.3642218027  
0.2686871583  
0.6232510963  
1.184096995  
1.153628696  
0.6006007577  
1.068328722  
0.4391582401  
0.2711341695  
0.2267262882  
-0.0750535723  
-0.08720339591  
-0.4409237008  
-0.1615931651  
-0.03882602319  
0.04391186892  
0.4532106604  
0.1412864314  
0.4632395249  
0.3820753329  
0.6675034548  
0.7278586987  
0.2485593414  
0.5753298985  
0.5779169294  
0.6380943394  
0.09033895469  
0.5946214693  
0.1872333274  
0.1693598618  
0.3517718415  
0.8113609431  
-0.02599655762  
0.3329775226  
0.03078080716  
0.3406399839  
0.3433783515  
0.3183449673  
0.09930057211  
0.08282578833  
0.2381549735  
-0.1412020679  
-0.4693181578  
-0.2178887203  
0.2523138415  
-0.03126420574  
-0.1371056591  
-0.07770488076  
0.3040204053  
0.5540117715  
0.5197637009  
0.7977555121  
0.4545299175  
0.3114572831  
-0.1438558481  
-0.2834746288  
-0.4049001783  
-0.7397364906  
-0.6279092563  
-0.7464968057  
-0.2024989304  
-0.3796158855  
-0.5584042225  
0.334573886  
0.01907653551  
0.4389802991  
1.147338903  
0.9665269952  
0.679995288  
0.2940173145  
0.6441053833  
-0.7199647065  
0.3574494405  
-0.4996617478  
-0.3286097848  
-0.923958627  
-1.185091952  
-0.5931411396  
-0.639307418  
-0.632024837  
-0.4128348671  
-0.8166212398  
0.00891137761  
-0.3337091316  
-0.3864910816  
0.02959895907  
-0.07038637845  
-0.02293050393  
0.3140599922  
0.02221742148  
0.2426544261  
0.6268456109  
0.6594979915  
1.195648211  
0.8965452308  
0.711349917  
0.8278134894  
0.8582998487  
0.2597013469  
0.1011469146  
-0.01597540217  
-0.1690786978  
-0.3827642963  
-0.4429320264  
0.02377388035  
0.3194504846  
-0.225690534  
0.02307500845  
-0.1203539555  
-0.02621994301  
0.2269408127  
-0.009582002984  
-0.3745605557  
0.01951581242  
-0.2782053999  
-0.1656780419  
0.1644167337  
0.04704616175  
0.2760923643  
0.8524380395  
0.1373839127  
0.1403418777  
0.4766541367  
-0.1560759344  
-0.1382875301  
-0.2248940701  
-0.6329834346  
-0.4038127121  
-0.2386765983  
-0.2463447885  
-0.06245998629  
-0.5111412649  
0.03173282585  
-0.2758624996  
-0.1276498947  
-0.5306324329  
-0.5605764788  
-0.1900666754  
0.0130289255  
-0.06114075578  
-0.1273530035  
0.1924822982  
0.1552921031  
-0.2687656588  
-0.1821802418  
-0.2905591259  
0.3274499205  
-0.1082441655  
-0.2921905154  
-0.2432820466  
-0.5420742234  
-0.9124868682  
-0.646476401  
-0.6732880794  
-0.4731055931  
-0.6087262029  
-0.7847589225  
-0.7192240997  
-0.40942753  
-0.2537035726  
-0.05757861729  
-0.1097321733  
0.1204755006  
-0.4354382028  
0.02373617837  
-0.7029900372  
-0.3097672901  
-0.4007103868  
-0.3680816978  
0.3205096385  
-0.2855678014  
-0.1865781463  
0.1414712947  
-0.2464292464  
-0.3125657358  
0.007506366965  
-0.1160909028  
-0.03692081283  
-0.06850189882  
0.1035219671  
0.4144400184  
0.3825727073  
0.5442369291  
0.7661752077  
0.6313423342  
1.072633635  
1.253523219  
1.684946559  
0.8821445268  
0.6405941147  
0.8413002623  
0.6030612349  
-0.1239547016  
0.5617217221  
0.1276285614  
0.4071610644  
0.3489061283  
0.6619391994  
0.7586068511  
0.3928278886  
0.7957811197  
1.000161165  
0.7020427108  
0.7022831081  
0.9503952615  
1.031395273  
0.851245015  
0.6789731697  
1.218817941  
0.4386397765  
0.3259374656  
-0.2580516173  
-0.1819886886  
0.3723269429  
-0.03780508163  
0.271639092  
-0.04041053543  
0.007839575606  
0.4087444632  
0.2629039889  
-0.2188936651  
0.07610612043  
-0.4279666958  
-0.2046194776  
-0.21808473  
-0.4576998512  
-0.1163732951  
0.09197301353  
0.5020326183  
0.7972910459  
1.040980812  
0.6751576533  
0.5273516372  
0.46112339  
0.1587860015  
-0.1263516295  
-0.3953107067  
-0.01419314165  
0.0627029072  
-0.2900834604  
-0.3625978106  
-0.2260338029  
-0.7483905639  
-0.6980501153  
-0.05594294832  
0.4351482118  
-0.2034193274  
0.04524923345  
-0.05768417374  
-0.3133014166  
0.225518463  
0.03082487474  
0.1880068108  
-0.2555011851  
0.2592316459  
-0.02392937649  
0.4571177126  
-0.01533154872  
0.1764101403  
0.5649888746  
0.1738823427  
0.1871703547  
0.3308760113  
0.311766554  
0.4799926022  
0.8710997095  
0.4921782411  
0.8422826334  
1.181605935  
1.058827303  
0.4580198883  
0.3908491426  
0.2379127538  
0.01727768247  
0.3752770542  
0.4250178335  
0.4128659337  
0.3750221205  
0.2473360585  
0.2881924615  
0.7787908745  
0.1837335228  
0.3573083747  
0.4290866518  
0.1071949368  
0.5984678779  
0.1837727685  
0.8292915358  
0.2474090304  
-0.1356832544  
-0.4131580062  
-0.8601994265  
-0.4071189723  
-0.2963033525  
-0.5185518407  
-0.09869738605  
-0.07639445406  
-0.5374963557  
-0.8039971383  
-0.3056588221  
0.4281651707  
-0.5327791563  
-0.4262010611  
-0.6530491063  
-0.7000618658  
-0.3059212102  
-0.6936289148  
-0.5570665003  
-0.315877051  
-0.5793395477  
-0.3469154415  
0.1626456237  
0.07110867006  
0.1772302471  
0.003487806713  
-0.1852547027  
-0.1330993195  
-0.3066921732  
-0.4133080615  
-0.1200693325  
-0.9236755876  
-1.157879075  
-0.9417069274  
-0.8820179597  
-0.3123881249  
-0.453034333  
-0.2017840394  
0.1285345577  
0.3725755091  
0.1461387376  
0.2748862004  
0.4601492882  
0.107492825  
0.2637702522  
-0.04474080862  
-0.3715246083  
-0.3980007163  
-0.3806311342  
-0.1604522521  
-0.7013868763  
-0.6768128756  
-0.5158383748  
-0.5743637201  
-0.7890548714  
-0.5088624303  
-0.5915253572  
-0.2920230857  
-0.5826143991  
-0.7118335266  
-0.6671373265  
-0.7326587158  
-0.4146010954  
-0.1583923756  
-0.4191319252  
-0.1800405295  
-0.3526236714  
-0.05631253254  
0.3675127929  
0.4699157764  
0.7162894341  
0.02651537026  
0.4756902904  
-0.3567453303  
-0.6202069399  
-0.5925171672  
-0.01602096003  
-0.4940025962  
-0.1866588551  
-0.1345079236  
-0.3960800504  
-0.4166326237  
0.5294134944  
0.8312430513  
0.6026671142  
0.4577714251  
0.8470359921  
0.1566552318  
0.5788625776  
0.6467826509  
0.001562108988  
0.4370399098  
-0.1362834645  
-0.0003104731832  
0.1218911993  
-0.1570677316  
-1.261972736  
-1.039112964  
-1.15244803  
-1.47076725  
-1.176457008  
-1.256130284  
-2.207885472  
-1.83009559  
-1.396209111  
-1.054927944  
-0.6833176433  
-0.9211296145  
-0.3784000231  
-1.090912297  
-0.9398872873  
-1.284448286  
-1.442856812  
-1.379284104  
-1.217280698  
-0.9499357585  
-0.6861135616  
-1.163911083  
-1.229204451  
-1.729993183  
-1.923365578  
-2.175718229  
-2.001411954  
-1.739036448  
-1.244272915  
-1.312816004  
-1.137666975  
-1.205850476  
-0.905674195  
-0.579056948  
-0.849480867  
-0.8319077455  
-0.3470703469  
-0.9903055999  
-1.162421374  
-0.8255813723  
-0.6405659438  
-1.024926499  
-1.052661182  
-0.6838538106  
-0.7622792681  
-0.8965188648  
-0.9738898298  
-0.8635080737  
-0.5343144715  
-0.1117701825  
-0.5328620733  
-0.008508260857  
0.09768530542  
-0.2624755391  
0.02766767677  
-0.08923951149  
0.3345723487  
-0.158092759  
0.1946617828  
0.2035581159  
0.3405979834  
0.4662181345  
0.02483621738  
0.2450483405  
0.1700804685  
0.1217286534  
-0.1835739295  
-0.2355462532  
-0.8564546718  
-0.4755135235  
-0.7238432968  
-0.8192547524  
-0.4039926929  
-0.474719161  
-0.35913776  
-0.9188150318  
-0.4556265223  
-0.4732643718  
0.1925008335  
-0.3193080138  
-0.01545320811  
-0.243833009  
-0.1134134511  
-0.1866004423  
-0.5044694928  
-0.4854528169  
-0.1065471332  
-0.8763727833  
-0.2899613338  
-0.4586820214  
0.1778630049  
-0.08133622207  
-0.08852301581  
-0.4887696999  
-0.7751280449  
-0.3358918351  
-0.4072403054  
-0.4236327466  
-0.4855143032  
-0.63267935  
-0.4146131399  
-0.7461229528  
-0.5438026898  
-0.8273917443  
-0.1475669881  
-0.4026685888  
-0.4041477816  
-0.03197924984  
0.047853855  
0.1755399688  
-0.0004473910931  
0.3914408036  
0.5141609548  
-0.564706913  
-0.03614502295  
0.2716800539  
0.1365838618  
0.4226459826  
-0.08976298006  
-0.2429899533  
-0.5271308115  
-0.06721567924  
-0.06257904403  
0.2957638158  
0.3261315878  
0.3528300741  
-0.01047764678  
0.3812922928  
-0.2130205197  
0.03595893006  
-0.8372284191  
0.1178345174  
0.2656207812  
-0.2957219381  
0.2290559361  
0.01678272073  
0.5587372754  
0.4003774328  
0.3901293393  
0.5502391664  
0.2394131805  
0.7526347751  
0.6744816024  
0.8455291475  
0.7206498328  
0.5518668179  
0.8768493729  
0.9698052932  
1.00300958  
1.333555436  
1.110477691  
1.174966849  
1.813538438  
1.184948508  
0.9453434529  
0.8974808672  
1.581511738  
1.754290457  
1.495413884  
1.64494529  
1.65685489  
1.566769841  
1.962872216  
1.332935272  
1.116405381  
0.9270697927  
1.053491044  
0.3334714707  
0.6196781005  
0.4068301468  
0.9341414552  
0.938305699  
-0.005218514889  
0.4442898919  
0.1714274972  
-0.03996389924  
-0.3674918813  
-0.6020607721  
-0.9709669366  
-0.8046983978  
-0.9392717166  
-0.657879039  
-0.006517426217  
-0.5039804793  
-0.4872292121  
-0.4152252508  
-0.0132287265  
-0.4291143842  
-0.128357229  
-0.353650783  
0.1434464643  
0.02167051585  
-0.3953744941  
-0.479792603  
-0.5093587428  
-0.7605443725  
-1.389745052  
-0.7017889529  
-0.8415588984  
-0.758149014  
-0.9475124305  
-1.104901762  
-0.7252583094  
-0.9107366188  
-0.9553851103  
-0.9380993301  
-0.577946667  
-0.6963385648  
0.1671203884  
0.0956108859  
0.009661201808  
0.4644068768  
-0.2967143553  
-0.3893350292  
-0.8391373544  
-0.2105123883  
-0.2964336459  
0.09073709285  
-0.5179813831  
0.1479421931  
0.09634232391  
0.2402248008  
-0.07875339656  
0.0469201557  
-0.1394222831  
-0.8269795675  
-0.2900545863  
-0.4675091226  
-0.3782662738  
-0.2788866374  
-0.5966908295  
-0.6448890035  
-0.6671303369  
-1.017924807  
-0.9930952098  
-0.5972509647  
-0.7765081222  
-0.6859531262  
-0.2942295726  
0.1937382363  
-0.06293505222  
-0.09228227662  
-0.005911048123  
0.09122935489  
0.07571958038  
-0.3565455682  
-0.5699992122  
-0.8361054118  
-0.3348505852  
-0.7729300463  
-0.6502586132  
-0.5338668751  
-0.5428434871  
-0.3694987527  
-0.2120146332  
0.1588913165  
-0.07438508827  
-0.1485189346  
0.1701584867  
-0.04484156006  
-0.09293213533  
0.05021566923  
-0.1632560842  
-0.1145617099  
-0.261389119  
0.4916005579  
0.137993568  
-0.06351199825  
-0.518336688  
-0.2862738927  
-0.0404025193  
-0.02292550988  
-0.1230488001  
0.4316868829  
0.1880773307  
0.1110333756  
-0.3387210866  
-0.3040595183  
-0.4728260692  
-0.7340349723  
-0.7669064717  
-0.512111115  
-0.8805217457  
-0.8030442155  
-0.7636408741  
-0.9132448662  
-0.9800842181  
-0.6848916232  
-0.5162365218  
-0.6661269991  
-0.8028134768  
-0.1909840486  
-0.2151770012  
0.05306066806  
0.1631480745  
0.1239553646  
-0.05953429795  
0.1060203268  
-0.1264029465  
0.1465032947  
0.4502459831  
0.1058881915  
-0.1507829373  
0.08306448055  
0.1509061441  
0.3906201388  
0.4162210636  
0.02878387912  
0.4563396885  
0.7313719382  
0.8166352267  
1.058850667  
0.6072153859  
0.8214448607  
0.5851568688  
0.6844859928  
0.06244017877  
0.3725836627  
0.5918327753  
0.3876730924  
0.6408406007  
0.8173256109  
0.1919016925  
0.7719055081  
0.6708301047  
0.4435331856  
1.062858474  
0.8018944378  
0.7833169268  
0.6292718035  
0.4657949113  
0.8054332755  
1.360170696  
1.370802863  
1.040712367  
1.388521995  
1.196763746  
0.8366499393  
0.8747260385  
1.029253375  
1.140702444  
1.206262483  
1.711139218  
1.863568742  
1.139114478  
1.612259323  
1.691501663  
1.538807212  
0.9219426491  
0.9459060271  
0.9637611599  
0.3328970957  
0.9164982498  
0.788166347  
0.8897622942  
0.5019880601  
0.03408641227  
0.6178171615  
0.3389931286  
0.818900814  
1.019733225  
0.8582215999  
1.257088936  
0.1248358913  
0.3118937084  
-0.2241709348  
-0.232234344  
0.3090436212  
-0.4497785296  
-0.4043290451  
-0.2066799628  
-0.2953400843  
-0.4708297406  
-0.6745495567  
-0.5476409549  
0.1578858871  
0.0003614883401  
-0.05902524278  
0.2835187757  
0.3350535523  
0.4809149565  
0.4634428788  
0.658739013  
0.4045727291  
0.1040241608  
0.2823375668  
0.2260174009  
0.04004710613  
-0.07423298977  
-0.07072496382  
-0.346953607  
0.1642260507  
-0.1405697532  
0.5073518024  
-0.1724029931  
1.189102856  
0.6268473919  
0.8119913043  
0.8537424867  
0.5801457186  
0.5764642332  
0.6671586393  
1.289754564  
0.9897892439  
0.8044899515  
0.9379869543  
1.216978479  
0.8991983192  
1.020106763  
0.6355229515  
0.4231673049  
0.6079153833  
0.6099144459  
0.8579738704  
0.4694953691  
0.5763237654  
1.280551801  
0.7833387075  
0.4452115605  
0.9092695219  
0.4962732805  
0.1106132534  
0.5938193451  
0.2266083172  
0.07471834398  
-0.06909746637  
0.3334812096  
0.3029704112  
0.04249797755  
-0.6211746606  
0.1007522659  
-0.0419396819  
-0.08552892493  
-0.4132920082  
-0.408054327  
-0.7291710474  
-0.6157407255  
-0.9851957255  
-0.5872901368  
-0.7170572266  
-0.406319272  
-0.4790573094  
-0.2769098045  
-0.4544828237  
-0.719586007  
-0.5905240273  
-0.3452259785  
-0.5610930088  
-0.5301550534  
-0.3792922063  
-1.095865606  
-1.340440906  
-1.040478409  
-1.15204677  
-0.4974832496  
-1.213855285  
-1.08479628  
-1.117945418  
-0.9311767363  
-0.6704863026  
-1.065001854  
-0.6983331969  
-1.300299711  
-0.7233398338  
-1.117140948  
-1.23633208  
-0.8050809522  
-0.9042000071  
-0.8174134185  
0.3261779254  
-0.2321057831  
0.07733205771  
-0.1508085182  
-0.07595205944  
0.02187123461  
0.07448307661  
-0.15298489  
-0.02806812637  
-0.3068414922  
0.5074552273  
-0.6095212172  
0.0589009564  
0.02614145029  
-0.2472086169  
-0.3115272582  
-0.492395673  
-0.8582272174  
-0.4321774976  
-0.786747095  
-0.6436910048  
-1.089998711  
-0.8786851785  
-0.5605784744  
-1.119704218  
-0.3753237488  
-1.112295031  
-0.8950326831  
-0.6558702311  
-1.05310037  
-0.6714080584  
-1.024360685  
-1.208988625  
-0.7836715297  
-1.12329749  
-1.061698999  
-0.6548159771  
-0.220994623  
-0.4593602949  
-0.7617399047  
-0.6268754343  
-0.3118321581  
-0.1401605668  
-0.2135628402  
-0.3816226063  
0.09709732215  
-0.01459618634  
0.2451673431  
0.2457796932  
-0.2090062154  
0.1677025863  
-0.05347859646  
-0.05884432514  
0.1198497703  
-0.3250898636  
0.09450471382  
0.1584171837  
-0.2865732671  
-0.02202188177  
-0.02369895308  
0.4148850046  
0.3219734844  
-0.1047827464  
-0.406663157  
-0.1828627293  
-0.8077976853  
-0.9378680327  
-0.8176905024  
-0.9314071896  
-0.6669079199  
-0.163028433  
-0.05144961916  
-0.340375931  
-0.2353021335  
0.1250009954  
0.3388640815  
0.2656047607  
0.582214662  
0.506987565  
0.402130603  
0.328751714  
0.2266530498  
-0.4232284932  
-0.611087013  
-1.070766122  
-1.339362401  
-0.6985656426  
-0.8889100987  
-0.4964688173  
-0.3099378263  
-0.2882037233  
-0.8955278228  
-0.9988136369  
-1.02720783  
-1.165310731  
-0.5879613608  
-0.5482289557  
-0.3591982211  
-0.9804039672  
-0.8985455658  
-0.5505968534  
-0.8668732352  
-0.745346547  
-0.6315278311  
-1.434734162  
-0.6103760724  
-1.194899119  
-0.9603831594  
-0.850881015  
-0.446888281  
-0.2721823435  
-0.1641847711  
0.02203533577  
0.3768944019  
0.1608543694  
0.3085567514  
0.7613464338  
0.4111740132  
0.1065596811  
0.5776443806  
-0.4247414196  
-0.7022135567  
-0.3509024974  
5.974238705e-06  
-0.01385293004  
-0.2306837236  
-0.2610789801  
0.2164571497  
-0.08686248029  
-0.05144632919  
0.159025327  
0.1485297692  
0.2905001621  
-0.04041495071  
0.710276901  
0.5530238627  
0.890847022  
0.857442212  
0.5632967209  
0.670257591  
1.001104249  
0.853595291  
1.242275471  
0.8768714008  
0.732912659  
1.034950486  
0.5930382724  
0.3386011491  
0.7061797431  
0.2829392226  
0.5038413264  
-0.1177970688  
0.4444829038  
0.4417070997  
0.794141987  
1.204548086  
1.057109094  
1.226401058  
1.141973674  
0.6830404584  
0.8993739131  
0.7386988188  
0.2223382855  
-0.08487260973  
-0.083081221  
-0.417496247  
-0.257270602  
-0.005501882116  
-0.05631951483  
-0.3938420421  
0.03085043582  
-0.04839524125  
0.4333582904  
0.07852932529  
0.404920353  
0.2748760816  
0.1434610441  
0.2342804143  
-0.08618885112  
0.04457593367  
0.4507786016  
-0.05411840854  
0.2742417755  
-0.611412794  
0.09639904224  
0.00194341654  
-0.08570806626  
-0.06892413695  
0.1485326831  
-0.2552921938  
-0.1663405675  
-0.2733508653  
-0.2109274357  
-0.4188277685  
0.1756937819  
0.1943032388  
0.02835448834  
0.3429565888  
0.4200360098  
0.4215264592  
0.9560901053  
0.3016302428  
0.7861898893  
0.4216991074  
0.3326999071  
0.2998786146  
0.04999393643  
0.3347069946  
0.1665912293  
-0.3822257095  
-0.3136973403  
0.2088039912  
0.2168621254  
-0.02794736628  
0.6809041473  
1.515086167  
1.75299301  
1.884745777  
1.284907248  
2.047789397  
1.722246351  
1.324236797  
0.9203891742  
1.40376265  
1.288148645  
0.8388917101  
0.4897387402  
0.2322037709  
-0.03283665037  
0.009669880363  
0.5277713214  
0.4853081194  
0.1210652369  
0.1240414141  
-0.01296097293  
0.2668536659  
-0.03284400483  
-0.3910378695  
-0.8421659391  
-0.309946699  
-0.7371323024  
-0.5676254579  
-0.2530608925  
-1.166270295  
-0.9329075264  
-0.2159151106  
-0.6034252027  
-0.7880056081  
-0.8243610925  
-0.7484581535  
-0.7816024  
-0.2499464882  
0.111025667  
-0.1252004223  
-0.005473757991  
0.09696483879  
0.1822566281  
-0.5447066541  
-0.1952157416  
-0.429780882  
-0.5189977643  
-0.5934414322  
-0.4539922066  
-0.504309084  
-0.605523011  
-0.07042445215  
0.08315349524  
-0.355482485  
-0.4804411786  
0.1932232097  
-0.01857959975  
0.216173611  
0.1461365824  
0.048170561  
0.2642793496  
0.8925949977  
0.4553081723  
1.077967967  
0.5295090373  
0.01009588367  
0.2039368427  
0.4051460368  
-0.1864955879  
0.117461728  
-0.1588396586  
0.1444655958  
0.006626600195  
0.3588818484  
0.5897519462  
0.7236268789  
0.3602106941  
0.9224280595  
0.5924181313  
0.8074853935  
0.5414519691  
0.7279781427  
0.9051115669  
0.8555248742  
0.9247098377  
0.4329808984  
0.4272852556  
0.3932867305  
0.4745638522  
0.8458552767  
0.386036296  
0.1172222987  
0.2034046573  
