0.8242422716  
0.8821716557  
0.8472740697  
1.169206076  
1.007671126  
1.03504771  
0.5893736554  
0.7243987106  
1.016819842  
0.3958833227  
0.4359864004  
0.454526092  
0.4075506019  
0.4223980448  
0.8508881529  
0.9584259952  
1.096403307  
1.168576241  
0.9179753781  
1.032681886  
1.120240224  
0.6059885261  
0.8024081063  
1.102278295  
0.9195290408  
0.8771025991  
0.6214120074  
0.697783238  
0.741438165  
0.7620028031  
0.4785254223  
0.6080535797  
0.8908841929  
0.8151044079  
0.9374293055  
1.08720229  
1.12760944  
1.047082375  
0.858498948  
1.153439496  
1.170610786  
1.419840038  
1.41596438  
1.304323962  
0.8116816044  
0.8172508787  
0.5830027326  
0.5565935221  
0.3674298418  
0.5238900882  
0.5497832984  
0.7612558684  
0.9862963716  
0.7413067935  
0.9574516881  
1.127725661  
1.543556705  
1.293528356  
0.9940325725  
0.8207259357  
0.6132889533  
0.9307376831  
0.5584380872  
0.5564843111  
0.5798238338  
0.5506793703  
0.7725151564  
0.7362854394  
0.7996877288  
0.7522588795  
0.6745264601  
0.7087391207  
0.9787324894  
0.484702008  
0.500640343  
0.2003388684  
0.03004893443  
-0.05780461068  
-0.4599146927  
-0.4919285312  
-0.648806502  
-0.5004380208  
-0.3676084025  
-0.4991602421  
-0.5885417909  
-0.6545098926  
-0.3445034616  
-0.6839821535  
-0.1024030995  
0.3938732003  
0.07202136052  
0.3481946353  
0.5213255987  
0.7085379919  
0.7870281918  
0.7148200255  
0.1441163237  
0.3898594841  
0.3321349373  
0.003185355309  
0.1821202802  
0.09151183804  
0.3473424181  
0.3393213465  
0.4418896806  
0.3720238633  
0.4554789396  
0.1959228354  
0.3258111515  
0.7974187324  
0.6519026127  
0.5383316534  
0.2514883103  
-0.08592435543  
0.0006360558593  
-0.06493379088  
-0.08098833305  
0.02856244052  
0.2005960451  
0.3914386773  
0.4869787588  
0.5660874031  
0.8345017828  
0.479543035  
0.5930908337  
0.9501787947  
0.7850336077  
0.4249219331  
0.523054541  
0.1049174396  
0.2090800953  
0.4431035994  
0.5886930758  
0.2850253853  
0.4461516035  
0.5539455617  
0.5767061086  
0.3073072122  
0.463770481  
0.6169930848  
0.461338907  
0.8412842633  
0.4306729156  
0.3381209779  
0.5431516493  
0.5500471311  
0.348006278  
0.5260893651  
0.4311011706  
0.5103797984  
0.5065820228  
0.3325151093  
0.789746663  
1.009074268  
1.0049496  
1.062790767  
0.78761968  
1.043206387  
0.629810588  
0.4764691707  
0.5056467835  
0.4249779565  
0.5931435035  
0.5776704116  
0.3875600103  
0.4648041209  
0.098894242  
-0.2496500827  
-0.206064543  
-0.4470099006  
-0.7732510245  
-0.5939096209  
-0.09357974453  
-0.05537455621  
-0.09154110394  
0.03944598323  
0.1540758719  
-0.1535853751  
0.06568959085  
0.01814366946  
-0.1595412951  
-0.05234041782  
-0.4257618832  
-0.3548408921  
-0.3613387904  
-0.356456842  
-0.299461099  
-0.5204777154  
-0.07958844305  
-0.1342754775  
-0.07892757318  
-0.2868874059  
-0.1578889609  
0.02797334619  
-0.2336429299  
-0.5144673627  
-0.4491565379  
-0.6293604138  
-0.6922982367  
-0.5152171499  
-0.920181428  
-0.5538575095  
-0.5160547092  
-0.8057007001  
-0.7969601832  
-0.7728731129  
-0.6023210275  
-0.6707243297  
-0.7920175269  
-0.690285829  
-0.7183176261  
-0.6220900586  
-0.7469325634  
-0.2545704479  
-0.7099122185  
0.074137113  
0.1318461331  
0.2754116677  
0.3817365359  
0.702372834  
0.5719255601  
0.7451571469  
0.716830365  
0.5420538909  
0.7476995351  
0.8143044428  
1.030358802  
1.222950578  
1.458236343  
1.240182695  
1.110924373  
1.235445821  
1.479704407  
1.294381364  
1.055939158  
0.7849714233  
0.4858635912  
0.4079780666  
0.5016033655  
0.8004134475  
0.3195077889  
0.6086218373  
0.2318636418  
0.23922915  
0.5348996204  
0.4181447552  
0.6713611509  
0.4484407042  
0.8907518452  
1.15785815  
1.216947126  
1.121424751  
1.21922171  
1.071961427  
1.202048773  
1.154491637  
1.232688501  
1.347004405  
1.454441564  
1.459180527  
1.262652405  
0.6051569879  
0.4636726503  
0.09197782802  
0.5371758912  
0.315328275  
0.6997954309  
0.4722797153  
0.3096014257  
1.023846312  
1.052417382  
1.18630892  
0.6663753015  
0.3505508463  
0.1939941131  
0.5168362833  
0.1766206378  
-0.08213324441  
0.07803775393  
-0.4306052174  
-0.08814671403  
-0.3193978029  
-0.2956340884  
-0.0370641023  
-0.1684451791  
0.02118725627  
0.549047645  
0.3458214326  
0.4669974364  
0.5646464217  
0.8663023797  
0.7001438806  
0.5778539239  
0.4172529419  
0.1649003067  
-0.02790018782  
-0.2047952107  
0.01475758975  
0.2539531749  
-0.1156441005  
0.396196165  
0.09235625236  
0.2936707595  
0.4567413311  
0.4706565771  
0.8127708195  
0.5638034274  
0.7364388956  
0.5516835186  
0.2194627444  
0.3448409908  
0.7561387329  
0.4276179973  
0.4499180831  
0.563236604  
0.3797102618  
0.07754185665  
0.1712989767  
-0.02011616749  
0.1092782367  
-0.175900069  
0.06628079987  
-0.2624297446  
-0.1466346997  
-0.0909460824  
0.1679623407  
0.1869282069  
0.3504616971  
0.4252625788  
0.5347613112  
0.2094583335  
-0.1704782533  
-0.1237954802  
-0.2172142407  
-0.1318190014  
-0.08624815656  
0.2506233623  
0.1425536308  
0.1802550198  
-0.2430890005  
-0.1058523554  
-0.3783863056  
-0.4066907168  
-0.3404711023  
-0.5797160533  
-0.4816704362  
-0.3374241876  
0.2033809  
0.08900840808  
0.07430822263  
-0.02560340718  
-0.1799592311  
-0.2243071936  
-0.6637751748  
-0.3749755951  
-0.5640716215  
-0.5552052969  
-0.1730129288  
-0.113891821  
-0.1907516535  
-0.2828924226  
-0.2565733145  
-0.3074691761  
0.2604116178  
0.1704970185  
0.1336053308  
-0.2666141969  
-0.01169309915  
0.05512408604  
3.134804328e-05  
-0.3593687983  
-0.1508964645  
-0.4652800822  
-0.3008913306  
-0.7337379626  
-0.8472336313  
-0.666681756  
-0.8129883982  
-1.174415671  
-1.364336964  
-1.101827042  
-1.055339985  
-1.25070274  
-1.104730072  
-0.556104563  
-0.6215574603  
-0.561757917  
-0.4822584098  
-0.5561746866  
-0.4445662403  
-0.5662081092  
-0.2229988837  
-0.4267661149  
0.2222266441  
0.5372802205  
0.2318670761  
0.5626323345  
0.4666321037  
0.3517565526  
0.4172685612  
0.4850963103  
0.1631377647  
0.3802152319  
0.2210622599  
0.3325923011  
0.4155605025  
0.4889807257  
0.4723799552  
0.517661928  
0.7952184755  
1.27791059  
1.225341415  
0.8407771276  
0.08218337123  
-0.2481471357  
-0.07824181579  
0.04411804997  
0.4032957904  
0.271889536  
0.3575569742  
0.438867351  
-0.1736215259  
-0.8205444709  
-1.594682448  
-1.839171554  
-1.935191541  
-2.331008583  
-1.940486917  
-1.383728348  
-0.652452328  
-0.5685976322  
-0.860582248  
-1.391449794  
-1.678337503  
-2.292282686  
-2.314995662  
-1.810867042  
-1.811112745  
-2.175919983  
-1.535336801  
-1.305494233  
-1.162741655  
-1.229859515  
-1.746572059  
-1.911285731  
-2.196581872  
-1.720525819  
-1.864579981  
-1.579964882  
-1.390820106  
-0.9295474947  
-0.94198804  
-1.205770605  
-1.160709235  
-1.711126377  
-1.747459359  
-1.62794616  
-1.43894239  
-1.413002432  
-1.437992514  
-1.099679948  
-1.127202954  
-1.056288239  
-1.125938265  
-0.8020241407  
-1.107632097  
-0.9143606065  
-1.148778343  
-0.9055431626  
-0.8926716018  
-0.4977945526  
-0.311174385  
0.01457677149  
-0.06266115442  
-0.2248907441  
0.1945658915  
0.2556939563  
0.1577242416  
0.1832830243  
0.2577777174  
0.08998808091  
-0.06041211455  
-0.07949825502  
-0.1705642629  
-0.3484181108  
-0.04811018681  
0.04947898684  
0.05257753063  
-0.2305560264  
-0.1231074855  
-0.3645640076  
-0.1173027832  
-0.0728115595  
-0.1828368093  
-0.6551734997  
-0.4947119167  
-0.3157328021  
-0.5204143145  
-0.9913327542  
-1.15272734  
-0.9571508317  
-1.020201304  
-0.8959512218  
-0.6611132254  
-0.4038167525  
-0.7463405508  
-0.1934424226  
-0.1309909938  
-0.5696225921  
-0.8685740384  
-1.178030713  
-1.356447358  
-1.152053713  
-1.162083531  
-1.102687333  
-1.068283292  
-1.008637081  
-1.083893659  
-1.345959382  
-1.755916502  
-1.583011846  
-2.199693269  
-1.906604201  
-1.918908222  
-1.171009177  
-1.339016735  
-1.562709928  
-1.389198516  
-1.31429174  
-0.6615275247  
-0.9827242817  
-0.6673519318  
-0.3165245719  
-0.5395294223  
-0.1090262068  
-0.1294734763  
-0.09664930399  
-0.3458765677  
0.2435278222  
-0.1183333129  
0.01829115253  
-0.6778251959  
-0.9402036967  
-0.7977934503  
-0.5629480202  
-0.1172351074  
-0.7157616805  
-0.5486483949  
-0.8849858618  
-0.7896903665  
-0.9587542939  
-1.076731898  
-0.9663359111  
-1.345390115  
-1.230620311  
-1.194495781  
-1.198091186  
-1.119550327  
-0.8425525514  
-0.3882353903  
-0.4577538373  
-0.1493376366  
-0.3028548231  
-0.4448694886  
-0.3017802955  
-0.4139500322  
-0.848984251  
-0.7967805102  
-1.061039343  
-0.4682626508  
-0.4162171048  
-0.01292956472  
-0.0367880301  
0.2934405152  
0.3168134971  
0.2324507873  
0.6520105207  
0.6953007576  
0.6033026882  
0.368861835  
0.4983591935  
1.032661486  
0.9230517583  
1.032235831  
0.9444749316  
0.6599110234  
0.9494482782  
0.406597831  
0.6116945324  
0.5011779135  
0.4417534246  
0.3428208681  
0.4163274343  
-0.0215499764  
0.01379843987  
-0.2489760891  
-0.5209902992  
-0.5722026811  
-0.5070686299  
-0.3305788287  
0.7019911939  
0.3489188067  
-0.1420850818  
-0.03222813563  
-0.4933293558  
-0.7445882453  
-0.5454232995  
-0.3795192398  
0.1527840156  
0.1263443543  
0.2058557166  
0.4184697478  
0.3273637912  
0.1828700424  
0.1425442681  
-0.153908452  
-0.52727448  
-0.5744256431  
-1.015967879  
-0.8645530352  
-1.075697927  
-0.4334606552  
-0.4478732034  
-0.03825595455  
-0.1444577787  
-0.2783085466  
-0.5950618753  
-0.513186877  
-0.5630891275  
-0.5449478295  
-0.4315916642  
-0.2555571763  
0.05472992193  
0.420815141  
0.2313008585  
0.3124592708  
0.2843477535  
0.2418512356  
-0.1859310523  
-0.213746484  
-0.7124617455  
-0.3541841107  
-0.3740045572  
-0.1307217393  
-0.01994219224  
-0.1994121058  
-0.1260228931  
0.06172489692  
0.1493979044  
0.1756415882  
0.1116560825  
-0.06263288646  
0.03945349098  
-0.212852767  
-0.2731579508  
-0.6317106595  
-1.004089305  
-1.141456391  
-0.7864272477  
-0.7339747701  
-0.3960125021  
-0.411073951  
-0.4397654663  
-0.1219995783  
0.03309859328  
0.02487817779  
0.001468717391  
-0.07915345423  
0.2864897833  
0.1202003607  
0.02668579649  
0.07426033669  
0.4393400296  
0.2259867791  
0.3269170367  
0.611808958  
0.1143091195  
0.3430116409  
0.3750778559  
0.4173144948  
0.145710882  
-0.08338985919  
0.1828794343  
0.3123987186  
0.1756290023  
0.5389925626  
0.6820723157  
0.48379688  
0.5119723942  
0.8027242061  
0.4586129372  
0.1880584297  
0.292711156  
0.03247210226  
0.144468726  
0.2747259856  
0.2107412989  
0.06160560623  
0.1662916392  
0.1303427676  
0.1837751704  
-0.1901072243  
-0.3888338138  
-0.4547620306  
-0.8997763157  
-1.413888858  
-1.44032033  
-1.422901992  
-1.46265524  
-1.190929654  
-1.50889884  
-1.309319481  
-0.8094774287  
-0.6734539408  
-0.6243730427  
-0.4156279029  
-0.172576062  
-0.2699049335  
-0.4519188626  
-0.5830082523  
-0.3769562995  
-0.4727684421  
-0.5275060238  
-0.3191798537  
-0.4846898257  
-0.3460409753  
-0.4124498  
-0.3249746804  
-0.2843788435  
-0.09265267282  
0.006948915191  
0.08784233659  
0.181452064  
0.4096559889  
0.7554116294  
0.9134263027  
0.7992987418  
0.5004419118  
0.5567413139  
0.5364234735  
0.4223054479  
0.4006279092  
0.114309321  
0.1603951996  
0.4014389301  
0.510097827  
0.4504060416  
0.5833196075  
0.7768924509  
0.5660796158  
0.7067018576  
1.356785027  
1.249706395  
1.07086568  
1.012578116  
1.285869582  
1.151337899  
0.8685716478  
0.8689566127  
1.062847262  
0.9679768334  
0.6300828063  
0.7386611165  
1.034180433  
1.194255795  
1.243044398  
1.266528373  
1.249324213  
1.541752051  
1.347103711  
1.493100486  
1.588129819  
1.19759424  
1.071755841  
1.018224992  
0.9914286102  
1.438195653  
1.615682445  
0.9109981882  
1.126563509  
0.9818368014  
0.6150217036  
0.873612885  
0.9091515879  
0.9171294669  
1.071743059  
1.496999867  
1.267275406  
1.313099597  
1.079357806  
0.8498995015  
0.6072462031  
0.2199954902  
0.2346013194  
-0.2597295917  
0.1286258632  
0.2930642002  
0.1699304331  
0.2474457581  
0.2848505969  
0.3315494994  
-0.00519917772  
-0.01629116421  
0.300831393  
0.1923900251  
0.3629950252  
0.4317064309  
0.2089998333  
0.3764599527  
0.2955833287  
0.2239103718  
-0.2917574046  
-0.5028492968  
-0.7283000207  
-0.276449015  
-0.3047096828  
0.1003761288  
0.1436234827  
0.2636341685  
0.331159182  
0.06903266527  
0.3021895544  
-0.067142924  
0.1371838384  
0.1159434801  
0.1178416127  
0.002830292794  
0.08365513162  
0.6600453905  
0.6998316866  
0.9242612416  
0.9324201826  
1.45980316  
1.089393294  
0.7940405561  
0.7407185319  
0.9487934606  
0.6084422104  
0.2036304135  
0.6238652743  
0.908740448  
0.5442000212  
0.5980404703  
0.5769358398  
0.529965698  
0.6822128252  
0.9149069844  
1.009956234  
0.6103749666  
0.8854613256  
0.2780521645  
0.3295922394  
0.01228117364  
0.07030343159  
-0.09804551309  
0.2188938877  
-0.157876381  
-0.131882497  
-0.2031800953  
-0.7697108175  
-0.8826019826  
-0.7275410938  
-0.7397872589  
-0.4177835735  
-0.2928273665  
-0.3242421341  
-0.1059519289  
-0.3212024679  
-0.3761802692  
-0.6168171718  
-0.8564184049  
-0.9115347485  
-0.8993533319  
-0.8717439449  
-0.847311745  
-0.4724181892  
-0.4343649082  
-0.6471771713  
-0.7317503203  
-0.5772173682  
-1.202371912  
-1.375020728  
-1.408692573  
-1.626133539  
-1.748264337  
-1.681897267  
-1.546010333  
-1.342762675  
-0.6963569558  
-0.9015726191  
-0.936216022  
-0.8246558802  
-1.153134284  
-0.7642987678  
-0.5829478654  
-0.4298148057  
-0.5333811358  
-0.5800820206  
-0.5348980123  
-0.7701581645  
-0.4374199377  
-0.667797995  
-0.5621452705  
-0.5053932667  
-0.4462090754  
-0.09524992701  
0.2439982815  
-0.3520538855  
-0.6051713244  
-1.016922927  
-1.169159989  
-1.119334518  
-0.8950716535  
-0.6939389484  
-1.210809304  
-1.435037791  
-1.423065172  
-1.644067281  
-1.673974918  
-1.696029003  
-1.548835756  
-1.43306994  
-1.028344576  
-1.021733884  
-1.226882546  
-1.003608874  
-0.8383913284  
-1.024334195  
-0.7218385153  
-0.7049085092  
-0.5773366266  
-0.7139483859  
-0.7535021542  
-0.6727586523  
-0.5978988647  
-0.1141175478  
-0.2326292528  
-0.2670264878  
-0.1222573646  
-0.1943377111  
-0.4698154846  
-0.5615760145  
-0.8177539196  
-1.022781378  
-1.150936783  
-0.6715979559  
-0.9534667695  
-0.6672610194  
-0.7831175943  
-0.5334319287  
-0.199736459  
-0.3820611336  
-0.4561664891  
-0.2709702322  
-0.6033099224  
-0.4926643765  
-0.5044317765  
-0.50002894  
-0.3298904952  
-0.3849940769  
-0.3491058387  
-0.2760429272  
-0.1114073625  
-0.3060720914  
0.09935790499  
-0.3622205779  
-0.5132171519  
-0.0858202548  
-0.1822204913  
-0.4598223936  
-0.07916357561  
0.3624732099  
0.7352303079  
0.79951131  
0.5867994454  
-0.0373292986  
-0.2556845348  
-0.5120796117  
-0.989733307  
-0.5472974412  
-0.284951735  
-0.628933413  
-0.7419978831  
-0.5483555874  
-1.144468944  
-1.437529407  
-1.778881139  
-1.711537596  
-1.299122144  
-1.176856791  
-0.9633280513  
-1.224516142  
-0.6927864397  
-0.6006075196  
-1.228480395  
-1.184264719  
-1.341787087  
-1.559274218  
-1.710023661  
-1.938103455  
-1.832552825  
-1.708580387  
-1.405672801  
-1.045070825  
-0.7102195254  
-0.6945295037  
-0.4254333073  
-0.3221460599  
-0.3245775431  
0.3891309844  
0.7833821552  
0.4721373972  
0.8100865978  
0.2522050216  
0.2585791696  
0.3320741299  
0.4557351976  
0.4106861627  
0.1639055271  
0.222161438  
0.2078028313  
-0.07762168409  
0.3473168882  
0.6529088329  
0.5361068406  
0.5745986455  
0.6832735752  
0.5317238026  
0.3773931197  
0.6723847364  
0.7306796362  
1.033524579  
0.7884166695  
0.9857575196  
1.393989831  
1.619356624  
1.332572954  
1.441659824  
1.215514973  
1.035940874  
1.32261604  
1.012232244  
0.8594449984  
0.6262249766  
0.7079914878  
0.7544882896  
0.5707429472  
0.7415496144  
0.5173358211  
0.6378515508  
0.529882886  
0.6293908677  
0.7043873249  
0.9284420609  
0.8383309884  
0.8062836776  
0.4460502757  
0.8844249835  
0.1831155224  
0.08396232072  
-0.06322102107  
-0.1210909304  
-0.1900564595  
-0.3792070337  
-0.1370394942  
0.1199343243  
0.3962107124  
0.3156633029  
0.1346403018  
0.122800245  
0.1666675444  
0.3423432896  
0.2066743243  
0.02464310342  
0.02807984749  
-0.3942444031  
-0.4372011071  
-0.363384257  
-0.624049784  
-0.3828319826  
-0.3195569689  
-0.2439191691  
-0.3450648122  
-0.5502813008  
-0.8560228246  
-0.7439001268  
-0.821225872  
-0.6500006782  
-0.8577814999  
-0.778481032  
-0.4875104258  
-0.05380526783  
0.06835401417  
0.1603145736  
0.2873582798  
0.4146067389  
0.101062378  
0.2547556932  
0.2885266392  
0.1352747655  
0.07888415835  
0.4252381746  
0.5712815694  
0.4635786055  
0.312840864  
0.9243963764  
0.6121910957  
1.876793679  
1.796486632  
1.58460886  
1.390112313  
1.381563589  
1.100864638  
0.7997202991  
1.140502997  
0.704917138  
0.8002206203  
0.7660175244  
0.6101927653  
0.5326357047  
0.4050204238  
0.5239226927  
0.5936197345  
1.108822836  
1.630569455  
1.177576271  
0.6589995961  
0.4475369533  
0.4965625524  
0.1553112102  
0.2640287381  
0.2114929543  
0.4554469253  
0.3072637961  
0.03771042732  
-0.140914799  
-0.6870509965  
-0.8789706164  
-1.018299675  
-1.073460609  
-0.800087535  
-0.4736940148  
-0.5735920626  
-0.5266258563  
-0.2057797307  
-0.2688676871  
-0.1430165908  
-0.1407144453  
-0.02737055177  
-0.1227007285  
-0.3455075427  
-0.2085367777  
-0.09792389742  
-0.6106932257  
-0.3137998875  
-0.369564176  
-0.1732347834  
-0.4997304812  
-0.2943109007  
-0.3621798969  
-0.04699169823  
-0.06837190103  
-0.1761253798  
0.1863196037  
0.3549242804  
0.02008670021  
-0.0982957441  
0.04551529025  
0.1729501749  
0.374676554  
0.5099453696  
0.3919524889  
0.6557524394  
0.4038141915  
0.5891263617  
0.505817572  
0.1487498593  
-0.1036928486  
0.04635898571  
-0.2168435472  
-0.08431394143  
-0.2149247566  
0.2989645067  
0.4086844848  
0.1627634771  
0.3141207704  
0.5633066591  
0.2855985708  
0.6392063517  
0.7071661777  
0.7830948175  
1.015266454  
0.7888515825  
0.8682134518  
0.8001248176  
1.29954918  
1.482824846  
1.274502211  
0.5572750303  
0.2721758181  
