5163.703285  
5132.220415  
5127.006437  
5121.780731  
5140.017725  
5139.122022  
5135.827704  
5142.663967  
5122.170821  
5125.586945  
5116.405322  
5115.096783  
5132.501354  
5132.900357  
5130.36503  
5140.318288  
5144.141312  
5146.999434  
5143.069756  
5140.637738  
5133.182429  
5136.475564  
5130.929741  
5138.916391  
5142.596817  
5144.710433  
5147.736492  
5141.427383  
5147.156266  
5162.024731  
5160.75799  
5144.315191  
5149.657622  
5149.982141  
5137.549077  
5150.00035  
5144.442849  
5125.587513  
5120.459047  
5132.276844  
5133.521459  
5135.297689  
5135.271446  
5153.711684  
5158.929804  
5167.882003  
5159.137818  
5150.078789  
5141.200974  
5149.673066  
5131.957051  
5112.762508  
5121.208967  
5126.129414  
5128.306111  
5125.046293  
5119.629145  
5114.237329  
5119.442297  
5108.773171  
5116.028082  
5118.317313  
5116.546381  
5124.366267  
5127.836484  
5129.89906  
5134.466979  
5139.000995  
5142.863451  
5148.531674  
5159.412497  
5165.473339  
5157.416099  
5154.692556  
5149.961643  
5149.717004  
5143.681614  
5133.66767  
5135.252276  
5141.713291  
5151.396448  
5151.083052  
5156.192794  
5159.422117  
5149.66275  
5154.057215  
5154.601993  
5131.234998  
5119.015386  
5108.755435  
5116.175916  
5117.014359  
5119.715895  
5111.824619  
5121.403959  
5132.088771  
5141.400412  
5153.346576  
5159.729918  
5154.61251  
5138.499088  
5128.820161  
5119.679433  
5117.250986  
5120.816667  
5131.594859  
5128.823733  
5131.96136  
5139.748053  
5144.886157  
5136.094263  
5145.156174  
5149.077083  
5142.106537  
5149.812411  
5151.088643  
5149.538976  
5157.852967  
5151.934386  
5153.001842  
5152.219479  
5147.752633  
5151.448198  
5151.616159  
5146.613368  
5153.328799  
5148.815914  
5147.097541  
5151.658114  
5152.680301  
5148.983142  
5150.124951  
5158.966428  
5165.324863  
5166.00258  
5174.559965  
5166.952245  
5161.659844  
5172.249647  
5176.25866  
5162.592621  
5164.615228  
5164.105812  
5166.935927  
5171.513283  
5178.636629  
5182.443306  
5179.856263  
5184.259391  
5197.915954  
5200.055269  
5205.836605  
5208.400575  
5207.258003  
5209.811176  
5207.37916  
5210.11331  
5204.620975  
5213.157772  
5206.255168  
5195.666298  
5192.969857  
5197.130556  
5198.133241  
5191.157844  
5195.535626  
5201.669902  
5209.697004  
5193.227206  
5186.229445  
5178.919921  
5179.749905  
5174.77693  
5163.778874  
5172.905069  
5156.137118  
5176.036854  
5185.734158  
5170.747558  
5162.687392  
5159.197512  
5168.285529  
5166.434567  
5169.60425  
5163.616133  
5165.001405  
5151.932288  
5145.901135  
5117.475843  
5093.343846  
5086.600576  
5079.81216  
5072.107774  
5073.093419  
5067.19939  
5071.293842  
5076.90847  
5075.199461  
5078.187686  
5083.416416  
5098.893201  
5095.471875  
5107.528336  
5117.148478  
5118.989065  
5130.815932  
5119.237064  
5127.811337  
5128.838328  
5128.39464  
5123.11974  
5132.97864  
5128.410568  
5123.251085  
5124.927046  
5135.384448  
5136.278987  
5160.292807  
5165.413565  
5170.078373  
5177.585394  
5181.95987  
5195.219183  
5197.15239  
5191.377958  
5203.178618  
5199.121125  
5204.341619  
5195.692435  
5191.177235  
5179.802069  
5183.583999  
5166.84939  
5150.108199  
5141.514841  
5134.897063  
5128.029999  
5130.62369  
5133.047795  
5141.347964  
5162.676543  
5155.971268  
5164.979983  
5169.461861  
5178.392344  
5176.477605  
5169.043917  
5162.404528  
5142.673752  
5136.859966  
5137.640743  
5136.536064  
5136.688258  
5135.023588  
5142.861387  
5144.37149  
5143.9807  
5146.323906  
5136.224245  
5129.474874  
5117.258013  
5122.154786  
5118.048177  
5101.19196  
5101.472373  
5110.63443  
5104.530067  
5110.739735  
5101.94079  
5097.504964  
5092.323215  
5086.763965  
5082.33446  
5088.037928  
5091.406127  
5088.459351  
5080.817694  
5089.211359  
5088.926062  
5091.079293  
5089.706049  
5096.29821  
5101.658878  
5103.810824  
5105.01206  
5105.458267  
5101.986519  
5092.045666  
5089.467964  
5085.751011  
5082.495217  
5081.109551  
5073.628568  
5077.907853  
5093.818139  
5096.548521  
5095.133471  
5106.007693  
5113.462513  
5135.623178  
5147.981367  
5136.057966  
5142.482336  
5149.385745  
5144.922753  
5125.221961  
5114.007044  
5109.869023  
5093.089908  
5094.608309  
5089.240288  
5088.563939  
5084.487015  
5075.47885  
5069.711225  
5051.49498  
5066.770744  
5064.046811  
5057.962487  
5063.342864  
5074.886629  
5070.812519  
5072.779392  
5075.872376  
5074.636793  
5078.56206  
5073.562105  
5054.915706  
5067.011977  
5058.400034  
5063.439766  
5074.243602  
5082.390823  
5087.204936  
5099.402821  
5107.797479  
5111.303078  
5088.700365  
5107.237908  
5104.23951  
5124.746044  
5119.729765  
5115.083756  
5108.447004  
5104.549116  
5115.043147  
5115.458948  
5111.126238  
5123.828606  
5119.015578  
5108.707359  
5109.924397  
5121.04179  
5122.390408  
5122.276674  
5132.536217  
5130.558178  
5127.98145  
5117.115862  
5117.505926  
5113.695346  
5100.939101  
5091.20293  
5110.469576  
5114.974742  
5107.97663  
5122.6788  
5122.709743  
5128.217883  
5136.477084  
5142.405353  
5157.885045  
5157.216573  
5144.447489  
5133.830654  
5118.598138  
5103.583266  
5100.851774  
5090.289187  
5093.043977  
5119.227894  
5112.504898  
5113.818236  
5107.661806  
5091.100011  
5089.814339  
5091.695045  
5102.309927  
5113.809667  
5115.665624  
5111.14086  
5103.35122  
5098.399844  
5084.488511  
5091.446236  
5090.100605  
5081.182188  
5090.7392  
5094.270508  
5085.113506  
5092.164191  
5080.187782  
5081.222281  
5083.69374  
5076.626239  
5083.959065  
5092.483264  
5112.421218  
5121.776269  
5156.835066  
5160.316023  
5158.364184  
5160.295903  
5150.346617  
5144.819438  
5138.87906  
5117.178968  
5112.952953  
5118.789201  
5116.954814  
5119.663044  
5116.037951  
5131.410382  
5141.761176  
5144.998598  
5147.619802  
5148.002217  
5137.567546  
5150.679543  
5148.827804  
5154.260848  
5147.657787  
5147.267842  
5148.139796  
5157.739462  
5163.075783  
5157.010134  
5160.181437  
5166.159492  
5158.001756  
5159.504775  
5150.023892  
5143.730109  
5147.810639  
5157.12496  
5144.445342  
5155.999666  
5169.825847  
5173.41424  
5187.078731  
5185.192051  
5179.132748  
5173.998194  
5143.736286  
5133.196361  
5125.253933  
5117.427188  
5100.723305  
5098.337406  
5097.630424  
5107.969959  
5095.577284  
5090.336242  
5093.202122  
5107.966664  
5112.779492  
5121.744465  
5113.453694  
5109.732109  
5103.535338  
5109.263673  
5109.995232  
5114.577087  
5118.979606  
5123.304435  
5126.410334  
5126.23113  
5126.730054  
5123.894002  
5130.237322  
5136.049406  
5127.69199  
5127.200035  
5121.969891  
5122.889004  
5133.934912  
5138.809602  
5128.601973  
5114.012413  
5120.22577  
5124.393678  
5120.767162  
5111.290206  
5105.401618  
5109.399197  
5131.148288  
5140.045229  
5135.378966  
5143.402532  
5133.033648  
5136.55718  
5126.308088  
5117.717747  
5116.29018  
5118.913495  
5115.519718  
5097.018291  
5124.190398  
5133.876655  
5154.39078  
5167.26096  
5170.294441  
5180.622174  
5187.74739  
5173.660587  
5169.974289  
5172.906901  
5160.530786  
5166.011562  
5152.599871  
5141.319344  
5146.220236  
5134.001994  
5141.610442  
5138.729678  
5133.945306  
5140.171393  
5124.626374  
5114.898244  
5104.048478  
5083.280765  
5085.019167  
5078.708114  
5090.145948  
5091.100525  
5099.870485  
5088.993191  
5077.050036  
5079.723599  
5075.105054  
5095.968726  
5090.654915  
5099.666082  
5106.208734  
5113.137097  
5098.560807  
5106.976793  
5098.300257  
5104.736041  
5101.137614  
5108.846256  
5105.517304  
5102.418707  
5108.806001  
5108.642552  
5102.579868  
5097.260665  
5101.768025  
5094.283091  
5094.14678  
5094.254631  
5090.746597  
5097.515475  
5101.039306  
5093.402952  
5086.776708  
5092.469669  
5102.021943  
5106.451154  
5125.688736  
5124.696786  
5134.995239  
5135.11137  
5121.375043  
5113.000423  
5115.500885  
5117.634452  
5103.738862  
5110.556293  
5126.399846  
5128.933775  
5138.224795  
5154.433015  
5152.600357  
5160.107851  
5160.580539  
5164.787617  
5160.080047  
5144.731055  
5144.173102  
5146.425512  
5133.499325  
5124.834916  
5116.466966  
5124.340178  
5118.844384  
5128.207732  
5126.342163  
5123.072914  
5123.342075  
