3251.699015  
3243.29273  
3241.83952  
3235.938191  
3234.746712  
3237.652149  
3229.91776  
3238.783297  
3233.360993  
3236.283352  
3237.838626  
3252.905342  
3242.656976  
3245.562847  
3253.928465  
3259.67147  
3247.392574  
3256.776818  
3254.966165  
3260.905609  
3273.547799  
3258.527607  
3259.017587  
3243.461803  
3246.234194  
3242.967636  
3239.288708  
3243.07585  
3245.544192  
3253.111135  
3249.643983  
3250.037216  
3247.33826  
3256.770958  
3263.082538  
3262.503833  
3251.577289  
3253.335934  
3248.470636  
3244.656207  
3246.904492  
3248.174181  
3254.679672  
3253.82147  
3255.464679  
3246.653068  
3242.573239  
3243.932556  
3239.703049  
3247.852239  
3249.365079  
3242.759253  
3248.597696  
3247.638771  
3253.675468  
3250.666217  
3261.588319  
3260.106522  
3256.746513  
3260.625869  
3266.736154  
3273.726172  
3254.745468  
3255.441603  
3246.652068  
3249.253843  
3248.789372  
3250.447671  
3252.800554  
3247.414778  
3252.196142  
3247.466978  
3249.649572  
3254.270734  
3247.100612  
3243.966034  
3255.056201  
3233.19142  
3233.418228  
3238.726512  
3247.870755  
3242.65894  
3246.100891  
3250.332205  
3256.985298  
3234.540858  
3244.383585  
3249.76213  
3247.72874  
3263.518964  
3261.75473  
3250.134382  
3247.695643  
3260.142658  
3264.057335  
3253.884344  
3241.496456  
3252.823343  
3241.756584  
3246.469912  
3239.481836  
3248.158615  
3247.63453  
3246.358851  
3246.845114  
3249.565361  
3260.061483  
3261.237938  
3258.628873  
3259.199727  
3261.060647  
3256.485548  
3255.114036  
3244.030495  
3244.929192  
3237.541276  
3237.774991  
3235.921752  
3229.938389  
3236.535083  
3233.077783  
3236.78662  
3245.628811  
3241.089747  
3230.466867  
3239.299871  
3237.096659  
3239.592379  
3244.256932  
3239.735235  
3237.791226  
3242.799288  
3250.706161  
3244.251137  
3259.027034  
3255.451294  
3240.954937  
3253.409823  
3243.282953  
3246.537954  
3247.536236  
3246.532343  
3253.142045  
3249.371039  
3248.699954  
3253.109215  
3245.91978  
3239.886989  
3243.298549  
3244.47088  
3252.567319  
3250.907593  
3259.691558  
3259.24532  
3251.732751  
3252.981237  
3250.830417  
3251.343453  
3252.683885  
3252.163671  
3252.271852  
3256.646673  
3252.76605  
3245.496347  
3241.938186  
3252.944023  
3244.81566  
3245.274309  
3247.745963  
3234.516606  
3238.171282  
3237.79474  
3238.461587  
3240.708504  
3239.33567  
3243.421837  
3237.227448  
3240.27784  
3240.925584  
3246.707824  
3232.039495  
3245.154412  
3247.62358  
3249.060005  
3251.63132  
3245.601974  
3256.28871  
3248.310187  
3258.083562  
3247.17889  
3244.14449  
3244.156294  
3238.806202  
3239.329277  
3241.641872  
3232.155575  
3237.119742  
3232.439124  
3232.241228  
3234.45364  
3231.967623  
3229.653353  
3239.002987  
3233.34877  
3234.722612  
3239.776531  
3225.680822  
3240.276377  
3230.160595  
3238.063225  
3235.095451  
3230.740619  
3245.535839  
3257.04332  
3254.95135  
3246.103384  
3251.833252  
3251.96797  
3238.365349  
3238.197628  
3246.365521  
3243.642819  
3250.126427  
3248.187378  
3247.732693  
3258.269173  
3264.120595  
3265.838518  
3273.401321  
3263.00732  
3263.24604  
3259.37406  
3257.29677  
3250.634757  
3257.955031  
3246.558373  
3249.388946  
3245.842762  
3248.984096  
3241.531589  
3240.018645  
3245.557387  
3238.901659  
3250.494721  
3251.135554  
3247.45607  
3253.962989  
3260.032853  
3255.988343  
3263.888695  
3259.831648  
3251.290648  
3252.365512  
3253.875865  
3256.495387  
3256.624804  
3268.744012  
3257.170523  
3249.637022  
3261.009569  
3254.241021  
3245.000431  
3254.151619  
3249.624909  
3251.92147  
3249.208025  
3252.358258  
3257.484831  
3260.698731  
3257.838015  
3263.283357  
3259.074071  
3264.579099  
3261.4474  
3260.579082  
3260.104865  
3246.699472  
3246.537484  
3236.801035  
3227.655645  
3231.641177  
3241.505244  
3245.896737  
3237.601828  
3253.002545  
3249.22281  
3256.123132  
3250.971198  
3260.257759  
3254.972235  
3259.532002  
3265.45737  
3254.073599  
3259.674661  
3250.106729  
3255.92545  
3255.527462  
3262.382656  
3258.55677  
3253.125021  
3257.985759  
3257.562828  
3254.254729  
3249.107368  
3238.809999  
3251.698604  
3248.274492  
3249.381857  
3249.46244  
3245.09198  
3248.426097  
3248.405031  
3252.662759  
3262.457317  
3261.199776  
3268.859466  
3267.74484  
3260.970553  
3266.948039  
3266.642655  
3270.285887  
3254.688901  
3259.865914  
3254.763174  
3258.059262  
3252.365153  
3250.208994  
3255.595243  
3250.691753  
3248.28518  
3248.195826  
3251.316541  
3249.165912  
3248.770806  
3239.80134  
3243.852898  
3247.340703  
3236.033771  
3244.340015  
3246.871704  
3246.728616  
3244.474245  
3241.154068  
3238.136012  
3239.154759  
3242.681461  
3248.857718  
3242.997144  
3240.882058  
3247.637165  
3240.183924  
3257.562486  
3260.487795  
3241.548353  
3251.48322  
3246.054541  
3247.847698  
3253.192161  
3250.286391  
3254.315239  
3250.81439  
3252.972057  
3259.105219  
3254.112282  
3256.720333  
3256.819304  
3264.95748  
3271.33111  
3272.177761  
3264.758783  
3256.676163  
3258.462424  
3247.014981  
3247.313256  
3240.168264  
3242.639395  
3239.915224  
3247.667127  
3235.085766  
3244.606191  
3236.869747  
3239.715432  
3224.417531  
3240.873007  
3228.775778  
3242.540181  
3236.386469  
3246.344034  
3252.960668  
3245.234117  
3239.665405  
3250.018953  
3245.61054  
3240.159685  
3251.303954  
3235.977725  
3251.023345  
3248.818029  
3245.523968  
3261.677667  
3254.223706  
3256.430716  
3255.910577  
3255.564447  
3255.53438  
3263.829994  
3265.607902  
3258.217029  
3260.426244  
3260.159185  
3269.993108  
3263.298796  
3263.684938  
3267.872294  
3256.784607  
3256.1939  
3264.285788  
3274.262985  
3261.102754  
3256.612495  
3266.224939  
3265.146618  
3256.159803  
3255.263075  
3255.854086  
3236.728233  
3233.875238  
3235.388908  
3241.109688  
3231.80493  
3221.020643  
3227.347674  
3226.991604  
3241.816086  
3226.100373  
3226.585882  
3228.549261  
3228.458601  
3233.921748  
3229.956293  
3232.862128  
3230.801253  
3232.484159  
3237.54448  
3245.609034  
3232.896061  
3243.256589  
3235.630269  
3232.139116  
3233.329742  
3229.666628  
3220.426246  
3222.457957  
3219.923538  
3226.12437  
3229.417852  
3223.026682  
3224.436961  
3239.834374  
3240.060674  
3243.104027  
3239.95125  
3244.079017  
3233.101941  
3238.916434  
3230.492874  
3245.346698  
3239.035199  
3239.029958  
3239.7593  
3236.225703  
3233.183383  
3229.915327  
3236.957158  
3248.519638  
3244.302239  
3237.462207  
3247.927594  
3252.660928  
3246.033072  
3251.089465  
3251.653001  
3262.332923  
3257.488078  
3259.791798  
3265.813838  
3267.604619  
3259.750387  
3262.786134  
3269.730919  
3260.406084  
3259.0268  
3252.011182  
3246.283003  
3248.495264  
3241.792583  
3240.523863  
3244.971114  
3249.836334  
3251.394137  
3251.450676  
3252.34419  
3238.753661  
3234.233243  
3246.778482  
3244.29439  
3247.270327  
3244.946013  
3246.365299  
3247.685181  
3240.901062  
3237.958475  
3244.573128  
3249.616162  
3255.027349  
3247.828594  
3257.862062  
3258.275461  
3247.504704  
3250.145387  
3240.625457  
3235.377777  
3237.488928  
3233.580367  
3230.204283  
3235.260296  
3228.67533  
3240.112392  
3238.940985  
3241.841845  
3247.685205  
3250.447549  
3254.55773  
3256.359381  
3261.410009  
3262.434541  
3267.955621  
3257.620601  
3268.639353  
3261.976765  
3273.805977  
3262.884537  
3261.227901  
3262.143554  
3252.641535  
3265.299596  
3260.969304  
3258.124743  
3260.896051  
3272.148538  
3259.280799  
3268.324293  
3262.97406  
3269.954289  
3254.009553  
3265.54291  
3261.332907  
3252.698735  
3259.946672  
3263.330187  
3250.041656  
3256.983272  
3260.727008  
3261.369901  
3264.463016  
3255.059814  
3261.717928  
3264.565114  
3259.940774  
3268.80365  
3268.202258  
3259.372868  
3266.32329  
3274.545938  
3265.427317  
3266.248344  
3266.144935  
3269.398751  
3270.448126  
3274.251305  
3275.813101  
3271.564129  
3264.120974  
3276.886883  
3265.208869  
3268.808983  
3261.085147  
3275.481465  
3281.113125  
3274.687079  
3268.845245  
3268.605183  
3270.938662  
3257.688691  
3256.126016  
3258.468849  
3249.720449  
3252.894981  
3249.296119  
3252.753436  
