5954.839787  
5935.360438  
5926.727128  
5927.28316  
5930.706423  
5926.36491  
5925.790209  
5924.815834  
5920.28131  
5923.549185  
5923.889818  
5925.727439  
5936.470966  
5929.889455  
5935.551323  
5944.810001  
5941.942241  
5943.670186  
5936.125109  
5931.337588  
5924.374489  
5929.522023  
5922.585466  
5928.534161  
5931.530905  
5939.154854  
5938.27053  
5932.557929  
5933.19396  
5934.684609  
5939.482204  
5931.448504  
5934.445049  
5934.306843  
5931.991096  
5935.937156  
5933.169842  
5923.430611  
5921.508277  
5918.223964  
5924.034962  
5924.04834  
5929.412808  
5932.089668  
5936.899734  
5944.416943  
5944.123721  
5934.124847  
5929.590306  
5940.256748  
5926.009683  
5915.544894  
5922.17064  
5925.656711  
5918.408594  
5912.759072  
5915.11817  
5912.411722  
5914.397645  
5912.658896  
5908.046793  
5910.96113  
5908.592589  
5910.597038  
5909.722828  
5911.272991  
5921.457065  
5925.356517  
5931.543461  
5939.109917  
5942.170523  
5935.202088  
5927.309082  
5928.2151  
5922.171576  
5927.021976  
5921.6344  
5916.23614  
5923.709386  
5929.605372  
5938.04613  
5939.132781  
5946.689842  
5939.32741  
5935.713994  
5931.056385  
5933.868048  
5919.607682  
5917.388486  
5924.869834  
5924.711945  
5918.107067  
5922.623078  
5920.765619  
5922.086839  
5930.268536  
5931.076564  
5941.309035  
5944.082201  
5952.986233  
5942.587266  
5935.722668  
5933.688567  
5927.830416  
5932.333885  
5929.494202  
5921.478779  
5920.147436  
5915.316474  
5915.831086  
5921.482722  
5921.859522  
5919.590231  
5914.645359  
5917.332129  
5919.542822  
5919.722629  
5920.60606  
5922.562379  
5929.087231  
5931.732013  
5940.042097  
5936.25188  
5937.382853  
5940.791082  
5943.48707  
5940.627699  
5941.805581  
5937.573767  
5934.038418  
5941.362676  
5937.197384  
5943.934004  
5942.103231  
5953.847556  
5951.001534  
5950.545662  
5948.230359  
5958.64723  
5958.3296  
5947.109936  
5950.098945  
5947.535291  
5953.610541  
5957.645912  
5965.209179  
5971.88763  
5973.989077  
5975.28612  
5983.452354  
5989.894713  
5997.124846  
5993.774648  
5992.267089  
6005.332911  
6001.659063  
5998.179657  
5994.280451  
5995.475666  
5990.594301  
5992.048881  
5989.932746  
5990.510252  
5990.366366  
5995.537888  
5996.217516  
5996.888325  
5990.550681  
5979.1774  
5974.399252  
5957.579471  
5959.945716  
5950.355021  
5944.2937  
5943.680841  
5937.691711  
5947.731501  
5957.089329  
5948.720857  
5946.433023  
5949.554941  
5950.161412  
5951.042098  
5955.974385  
5949.823504  
5948.890588  
5940.570941  
5937.113196  
5919.423636  
5902.076813  
5893.640912  
5885.659829  
5878.509471  
5879.359309  
5879.044504  
5878.269243  
5885.229884  
5876.7916  
5880.765399  
5884.317745  
5891.65406  
5894.071293  
5896.362783  
5902.443896  
5909.893551  
5909.657652  
5908.320441  
5902.663549  
5902.963309  
5898.823796  
5901.135348  
5902.598349  
5907.860878  
5907.896528  
5908.981145  
5915.128928  
5927.994024  
5935.428067  
5949.020832  
5952.779264  
5954.787486  
5958.426465  
5956.480025  
5959.493111  
5959.324267  
5957.085523  
5961.08912  
5965.900969  
5965.95023  
5955.692825  
5962.076205  
5961.410556  
5953.419794  
5943.523282  
5945.511875  
5943.869712  
5943.192084  
5941.624671  
5937.700569  
5950.675049  
5966.106454  
5960.779887  
5973.5606  
5970.554866  
5977.255201  
5970.314041  
5968.492335  
5961.755128  
5940.326782  
5936.294504  
5942.132277  
5930.552001  
5933.79361  
5928.207599  
5931.275252  
5933.191798  
5939.964293  
5939.029961  
5931.137997  
5919.715954  
5918.285552  
5923.64229  
5915.138889  
5907.195926  
5904.952684  
5907.407347  
5916.537654  
5911.188967  
5903.027481  
5898.809402  
5895.468137  
5889.270832  
5889.425578  
5897.613461  
5902.216396  
5907.85511  
5902.754864  
5903.254172  
5906.716119  
5902.173809  
5898.897392  
5902.067993  
5902.125672  
5904.168129  
5905.839224  
5910.113671  
5897.877038  
5896.104595  
5895.894472  
5884.329915  
5886.089241  
5894.629647  
5892.399559  
5898.206758  
5905.657048  
5907.032335  
5906.229365  
5922.93673  
5934.916006  
5940.835155  
5952.026064  
5936.587566  
5933.971698  
5937.387014  
5922.090428  
5905.409867  
5909.060846  
5907.815647  
5898.219718  
5890.647064  
5881.775209  
5872.525803  
5880.142349  
5876.025729  
5880.148988  
5878.810261  
5895.932082  
5892.520058  
5886.176482  
5885.933604  
5883.807919  
5887.011348  
5885.37351  
5891.351122  
5885.836895  
5891.585702  
5881.17793  
5877.18324  
5876.654997  
5878.773268  
5884.918008  
5887.936002  
5888.840502  
5888.831712  
5893.547196  
5898.727807  
5899.001116  
5881.700414  
5889.615521  
5892.175511  
5900.471311  
5898.49901  
5885.462363  
5886.875596  
5885.997554  
5899.887574  
5905.986772  
5909.957702  
5919.06951  
5915.930024  
5908.839108  
5908.496823  
5913.546496  
5913.466282  
5912.063843  
5914.73091  
5913.030916  
5901.980564  
5890.828836  
5895.912826  
5892.449733  
5881.583442  
5880.179258  
5901.453901  
5898.931717  
5900.522078  
5899.992064  
5901.405583  
5908.243119  
5922.674943  
5937.410206  
5942.356495  
5947.88219  
5946.341668  
5939.851672  
5928.077369  
5916.677905  
5913.719575  
5896.006463  
5894.371305  
5903.743925  
5902.741499  
5897.801181  
5898.154584  
5895.126419  
5878.767953  
5880.118436  
5882.398194  
5884.803046  
5888.019002  
5884.095741  
5887.512601  
5889.903513  
5880.263619  
5883.73999  
5880.431729  
5881.514087  
5887.692276  
5884.515699  
5887.212048  
5890.588907  
5888.371891  
5889.678008  
5893.704954  
5882.612171  
5898.511152  
5903.386609  
5919.874878  
5929.281657  
5941.999654  
5941.6174  
5940.72696  
5944.655872  
5932.256331  
5926.966104  
5915.67298  
5904.906307  
5897.667547  
5904.246227  
5910.05934  
5909.059392  
5910.144027  
5912.358702  
5922.470098  
5923.354653  
5927.504989  
5920.656666  
5921.345443  
5922.097821  
5921.839583  
5932.570013  
5924.500131  
5930.033499  
5939.786481  
5945.823279  
5953.587535  
5945.403329  
5944.718305  
5943.010045  
5945.212506  
5944.079997  
5938.454881  
5937.774976  
5937.497613  
5948.84105  
5943.999891  
5949.616274  
5957.348453  
5961.643567  
5967.458098  
5959.431151  
5958.240863  
5954.341295  
5943.032988  
5933.672565  
5933.859342  
5929.119664  
5912.676081  
5907.506215  
5909.42834  
5904.031799  
5903.410397  
5895.533011  
5900.402394  
5901.958389  
5914.898224  
5920.791223  
5911.121327  
5912.384703  
5909.490881  
5914.924128  
5912.056973  
5905.737117  
5915.316591  
5917.827886  
5909.475389  
5906.216836  
5914.133624  
5913.386788  
5914.082209  
5916.013773  
5914.29124  
5908.642884  
5903.17375  
5899.654484  
5902.055081  
5904.462322  
5905.669961  
5894.187499  
5906.129427  
5911.27883  
5910.485288  
5904.427293  
5901.191085  
5906.874896  
5910.082518  
5912.137316  
5915.330093  
5920.871277  
5916.097992  
5922.593321  
5918.236491  
5918.112268  
5916.229237  
5922.521215  
5919.615603  
5914.089218  
5930.909018  
5928.644595  
5935.013886  
5953.295739  
5952.455137  
5949.281172  
5957.594297  
5947.686768  
5943.556417  
5954.77801  
5951.11931  
5943.882129  
5942.209245  
5925.718742  
5929.178602  
5925.07358  
5924.398758  
5926.356003  
5931.05057  
5930.696531  
5919.701099  
5904.027262  
5890.204571  
5886.937369  
5885.71696  
5879.808248  
5890.723248  
5889.419546  
5897.724454  
5881.321209  
5871.882627  
5877.887572  
5881.675823  
5891.810439  
5884.712641  
5883.746119  
5897.990393  
5899.29128  
5894.130026  
5897.623623  
5900.472545  
5903.452054  
5904.621106  
5901.261229  
5891.049036  
5888.067441  
5886.231171  
5890.482563  
5883.852985  
5876.441514  
5880.169092  
5876.005422  
5893.812686  
5886.38532  
5889.247295  
5901.280279  
5909.849663  
5899.636881  
5893.720096  
5897.021548  
5909.111591  
5909.58967  
5911.456464  
5924.43627  
5924.325353  
5909.519582  
5909.206495  
5907.794843  
5908.722522  
5906.855063  
5904.086848  
5901.151501  
5904.72943  
5910.674469  
5912.524418  
5932.145173  
5923.110023  
5931.799545  
5934.631414  
5938.086094  
5935.854787  
5934.116214  
5933.649414  
5933.875852  
5938.622463  
5925.408205  
5915.934774  
5921.033915  
5917.716665  
5910.995343  
5897.142502  
5891.382695  
5898.03122  
