3215.0113  
3209.23256  
3213.98845  
3215.190843  
3211.231269  
3217.777614  
3203.895535  
3215.72866  
3216.108116  
3212.328944  
3212.633769  
3219.241486  
3218.122943  
3228.024914  
3225.599331  
3221.704542  
3230.731802  
3228.128451  
3225.502898  
3221.920893  
3212.956558  
3214.002257  
3215.851983  
3213.33041  
3202.790316  
3217.147611  
3214.857863  
3219.313124  
3215.39536  
3219.679924  
3218.713066  
3222.101662  
3220.317128  
3212.348254  
3206.158254  
3205.872934  
3212.759097  
3211.463191  
3212.953727  
3216.823542  
3214.738334  
3220.962762  
3231.846163  
3231.23579  
3220.652015  
3229.33134  
3218.12024  
3214.388047  
3213.835915  
3208.615374  
3208.023372  
3201.964513  
3206.43078  
3209.105984  
3210.723407  
3218.475977  
3212.914321  
3218.643554  
3217.179657  
3222.103007  
3223.711316  
3215.011371  
3220.979186  
3220.912339  
3222.18686  
3211.947556  
3220.860129  
3213.280312  
3212.897434  
3216.870465  
3224.650662  
3209.956087  
3216.046225  
3210.769704  
3215.685174  
3216.118486  
3216.074105  
3212.110478  
3211.507354  
3213.866209  
3207.207143  
3201.404767  
3205.919468  
3214.262111  
3209.457358  
3206.89382  
3208.358721  
3215.234296  
3219.535367  
3219.125338  
3224.660302  
3218.445327  
3215.163586  
3207.594993  
3204.309233  
3202.175751  
3196.030756  
3197.831907  
3195.989571  
3205.617138  
3202.527603  
3198.843895  
3215.115663  
3209.984078  
3217.946166  
3230.601711  
3226.573195  
3222.429763  
3215.122666  
3221.008895  
3196.949732  
3215.891867  
3200.728734  
3203.932541  
3192.913196  
3188.494807  
3198.790765  
3197.936195  
3198.170005  
3202.644588  
3194.906385  
3209.125146  
3204.008357  
3202.696794  
3210.75782  
3208.372347  
3209.872228  
3215.659005  
3210.017355  
3214.547536  
3221.622369  
3221.854996  
3232.007073  
3225.669081  
3222.620699  
3224.768658  
3225.060796  
3214.334684  
3212.457129  
3209.927104  
3206.838758  
3202.80711  
3201.666574  
3210.209991  
3214.787035  
3205.65527  
3209.387152  
3207.499627  
3209.455399  
3213.689411  
3209.272324  
3202.694989  
3209.674478  
3204.86113  
3206.55602  
3212.714655  
3210.613579  
3214.713442  
3225.348628  
3212.275311  
3211.958114  
3218.689417  
3207.148382  
3207.120975  
3205.250467  
3198.627388  
3202.300189  
3205.302438  
3205.172759  
3208.522798  
3200.308271  
3210.470525  
3204.237907  
3206.819453  
3200.085751  
3199.340141  
3206.246395  
3210.193821  
3208.149959  
3207.345242  
3213.363926  
3211.90587  
3204.556214  
3206.173507  
3204.180485  
3215.438972  
3207.499782  
3204.137746  
3205.004119  
3200.269076  
3192.949421  
3197.418744  
3197.271551  
3201.38698  
3199.078502  
3195.230375  
3197.143346  
3202.00855  
3205.113429  
3208.630795  
3207.815941  
3212.181756  
3202.080598  
3209.78681  
3196.839229  
3204.025141  
3202.159358  
3202.565214  
3214.994355  
3204.621216  
3206.359518  
3211.630963  
3205.124367  
3203.614846  
3209.245451  
3207.514932  
3209.521713  
3208.420213  
3211.160823  
3217.079349  
3216.741278  
3220.060288  
3223.44212  
3221.298029  
3229.261171  
3232.692013  
3240.948365  
3226.197428  
3221.381489  
3225.240175  
3220.616295  
3208.330228  
3220.222801  
3212.420643  
3217.621429  
3216.347671  
3221.940062  
3223.829562  
3217.701112  
3224.534372  
3228.522084  
3222.761421  
3222.526586  
3226.963443  
3229.790297  
3225.706942  
3222.585318  
3232.153417  
3218.252696  
3215.925193  
3204.852129  
3206.315731  
3216.451204  
3208.74526  
3214.203999  
3208.985288  
3209.740103  
3217.200647  
3215.155601  
3206.220264  
3211.341019  
3201.699748  
3205.815772  
3205.870253  
3201.299204  
3207.364379  
3211.556536  
3218.722054  
3224.470439  
3228.828764  
3221.896418  
3219.609354  
3217.388762  
3212.254832  
3207.162305  
3202.178939  
3209.595857  
3210.980463  
3204.038641  
3202.799395  
3205.065311  
3195.825881  
3196.624455  
3209.104673  
3216.833245  
3206.661764  
3210.933948  
3208.438551  
3204.263743  
3213.392065  
3210.269233  
3212.498055  
3204.991172  
3214.173224  
3209.994218  
3218.004807  
3209.707287  
3213.099665  
3220.196815  
3213.126678  
3213.16649  
3215.766264  
3215.575113  
3218.39471  
3225.569092  
3219.162649  
3225.919669  
3231.463212  
3229.395611  
3218.708255  
3217.2757  
3213.839045  
3209.820448  
3216.457718  
3217.387634  
3216.922252  
3216.31104  
3214.131801  
3214.267526  
3223.795185  
3212.511735  
3216.334813  
3217.094636  
3211.981955  
3220.292331  
3213.175837  
3224.76994  
3213.920627  
3207.169356  
3201.968955  
3194.078901  
3202.945311  
3204.089294  
3199.761914  
3207.62922  
3208.44603  
3199.874851  
3194.644477  
3203.808618  
3217.125926  
3199.944985  
3201.603885  
3197.375495  
3196.961638  
3203.596634  
3196.723182  
3199.184925  
3203.686513  
3198.39264  
3202.785491  
3211.900425  
3211.177863  
3212.652674  
3209.844444  
3205.955631  
3206.759266  
3204.401587  
3201.980167  
3207.146545  
3192.195381  
3188.564353  
3191.844687  
3193.186555  
3203.902115  
3201.62738  
3206.5766  
3212.061309  
3216.302535  
3212.162923  
3214.730721  
3218.091047  
3211.441476  
3214.281464  
3208.943586  
3202.922903  
3202.292557  
3202.576363  
3206.411406  
3197.018322  
3197.451403  
3200.222868  
3199.66745  
3195.246343  
3200.003046  
3198.861917  
3204.622274  
3199.352391  
3196.076644  
3196.91085  
3195.789926  
3201.571337  
3206.409699  
3201.570208  
3206.30527  
3202.999813  
3208.503727  
3216.284183  
3217.773422  
3222.357726  
3210.115459  
3218.677471  
3202.89447  
3198.769871  
3198.783474  
3209.202841  
3200.945428  
3206.112567  
3207.149688  
3202.603887  
3202.010205  
3219.137796  
3224.749667  
3220.493189  
3218.299275  
3225.28211  
3212.616965  
3219.867675  
3221.76328  
3209.487176  
3217.610151  
3207.064161  
3209.55574  
3211.817261  
3206.273989  
3186.798467  
3190.462395  
3188.809104  
3183.065695  
3187.313926  
3186.447941  
3168.919397  
3175.907435  
3184.057337  
3189.855613  
3196.501347  
3192.398931  
3202.654501  
3189.888303  
3192.445082  
3185.734607  
3183.172014  
3184.423516  
3187.034521  
3192.529089  
3197.043409  
3188.252121  
3186.947052  
3177.686361  
3174.381089  
3169.794293  
3172.670893  
3177.273726  
3187.033042  
3185.84157  
3188.544228  
3187.442477  
3192.858492  
3199.225031  
3194.348667  
3194.581687  
3203.356804  
3192.245975  
3188.668401  
3194.292326  
3197.892298  
3190.993743  
3190.604875  
3197.826866  
3195.491099  
3193.750439  
3191.58814  
3193.455007  
3199.49737  
3207.748115  
3200.072402  
3209.549225  
3211.434196  
3204.894027  
3210.500147  
3208.241637  
3216.008356  
3206.968519  
3213.566833  
3213.609023  
3215.994911  
3218.443324  
3210.797164  
3214.323255  
3213.315929  
3212.606259  
3206.984202  
3205.585395  
3194.660216  
3201.241118  
3196.569578  
3194.937087  
3202.269484  
3200.373559  
3203.06779  
3193.126892  
3201.254186  
3201.334286  
3212.780766  
3204.205678  
3209.5682  
3205.745643  
3207.577115  
3206.703894  
3201.086415  
3201.088443  
3207.319253  
3193.637265  
3205.22422  
3201.98092  
3213.315265  
3208.437925  
3208.352542  
3200.363232  
3196.046543  
3203.121759  
3201.730759  
3201.40237  
3201.057071  
3198.345613  
3202.219699  
3195.672058  
3199.48165  
3194.045303  
3207.548115  
3202.149311  
3203.225369  
3209.603239  
3210.982514  
3212.993658  
3210.619407  
3217.090552  
3219.372248  
3199.438833  
3209.410112  
3214.258111  
3212.334152  
3217.668614  
3207.718573  
3205.938183  
3200.481927  
3209.106094  
3209.527193  
3215.561154  
3216.449919  
3216.18326  
3210.554699  
3216.621813  
3206.538593  
3211.575797  
3195.074306  
3212.282394  
3215.116598  
3205.216112  
3213.815084  
3210.549949  
3219.603495  
3217.177893  
3217.069155  
3219.599797  
3214.439225  
3223.657515  
3222.097052  
3225.090038  
3223.43096  
3220.382558  
3226.360294  
3227.898626  
3228.698418  
3234.650762  
3230.531941  
3231.664843  
3243.967065  
3231.736149  
3227.879702  
3227.126632  
3239.614721  
3242.674068  
3237.664668  
3240.815482  
3241.637165  
3239.311547  
3246.607258  
3235.313445  
3230.916026  
3227.927264  
3229.601035  
3216.388552  
3221.415767  
3217.196865  
3226.786653  
3227.456276  
3210.290969  
3218.291044  
3214.099398  
3209.962204  
