-0.5773209898  
-0.8530736467  
-0.9212798035  
-1.210612155  
-0.9049956972  
-1.567344015  
-1.28019864  
-1.331626072  
-1.233795914  
-1.110517533  
-1.045525504  
-0.623442357  
-0.9818219418  
-0.770707067  
-0.8878323396  
-1.151975641  
-0.7321184098  
-1.01253996  
-0.6910196965  
-0.8048996126  
-0.5500995915  
-0.254539635  
-0.4496193572  
-0.0701782258  
-0.002356917417  
-0.1941126868  
0.2577789142  
-0.1559953946  
-0.09427467155  
0.1358147393  
-0.1714727976  
0.1435997988  
0.1665893031  
-0.2453673814  
0.1741379949  
-0.02111667147  
0.01255978391  
0.08165029818  
0.0392643364  
0.06795137983  
0.1797495439  
-0.1139344692  
0.2946720264  
-0.1664394976  
-0.07286983457  
0.1270135324  
-0.07492301217  
-0.06305957768  
0.1190438095  
-0.1156166454  
-0.09390222678  
-0.1095956997  
0.08496053175  
0.4890335921  
0.2693670853  
0.1969523095  
0.3750644222  
-0.1092592206  
-0.5245521479  
-0.269751476  
0.05014338429  
0.2246427466  
-0.0671304656  
0.216305986  
0.04080990763  
-0.1590193437  
0.1911095073  
0.0154052043  
-0.08225678427  
-0.09667466518  
-0.04784146883  
-0.09420344353  
0.1165926666  
0.08248692126  
-0.09121234237  
0.1933324172  
0.1133334272  
0.4251765278  
0.2990127548  
0.5322498142  
0.1776940452  
0.6308390127  
0.2543275439  
0.5408194981  
0.3864609874  
0.5738723006  
0.7722141727  
0.4030385192  
0.6425487759  
0.321853216  
-0.02875579923  
0.1904406444  
0.1179763908  
0.4022413921  
0.1785171986  
0.4534812919  
-0.4691325182  
0.2160183341  
0.2310021528  
0.2302272228  
0.203165692  
0.2711268826  
0.6970118005  
0.3583403585  
0.1239161905  
-0.2427091363  
0.2695824015  
0.4759417329  
0.2365545694  
0.09662077664  
0.2362321469  
0.143931883  
-0.0613898892  
-0.004402766828  
0.0598737661  
0.1832257762  
0.2918058862  
0.5408120759  
0.2890037825  
0.4472595772  
-0.01752170822  
0.1337828904  
0.3648905443  
0.003489171147  
0.01829311332  
-0.007939612837  
0.03157855091  
0.1192754525  
0.08113398325  
0.2955427471  
0.09342547019  
0.5947040882  
0.3571827871  
0.2042924518  
0.1597898171  
0.2909769549  
0.05660009501  
0.02645449995  
-0.02426179888  
0.1436708934  
-0.3071012868  
-0.3788514071  
-0.09157642378  
0.06283964712  
0.1395789436  
0.1252150067  
-0.07283651299  
0.03675936649  
-0.04300217891  
0.1574720823  
0.1470176231  
0.272944944  
0.5177407845  
0.3259911493  
0.2860932721  
0.09869845129  
0.2351217472  
0.3272976507  
0.1473378965  
0.1372795007  
0.5878994497  
0.231881389  
0.2826563095  
0.504335327  
0.4063482765  
0.8785807102  
0.5715677983  
0.6473611726  
0.4865620442  
0.435210123  
0.6509478795  
0.6813400415  
0.6438197388  
0.6784784579  
0.6016253971  
0.7065277092  
0.7443735367  
0.4484436422  
0.7443555969  
0.4972894642  
0.8960718888  
0.5100114942  
0.4780205787  
0.600355899  
0.5156170553  
0.6083017922  
0.6726129383  
0.5062101247  
0.6411265836  
0.7140550489  
0.3624504176  
0.4740549328  
0.4660344205  
0.948522338  
0.703099159  
0.6148413971  
0.9605158669  
0.624004729  
0.6761198103  
0.7701215093  
0.9452870515  
0.6315424847  
0.8625064389  
0.7009528569  
0.6633712397  
0.7086388561  
0.6406153884  
0.9039654379  
0.7674778181  
0.8160013433  
0.9672058229  
0.6348973488  
0.5452336363  
0.665344795  
0.5322923305  
0.6202246201  
0.620282702  
0.3731276809  
0.611028217  
0.5970033009  
0.809303614  
0.6714617281  
0.7592123858  
0.8494096922  
0.6242026378  
0.6624040946  
0.5410964903  
0.2933165498  
0.5717645882  
0.4614206929  
0.7900572003  
0.5280477547  
0.6924700522  
0.814854564  
0.6295123065  
0.856401025  
0.6472813317  
0.7130525366  
0.7150423113  
0.4355223491  
0.6982963146  
0.5972185099  
0.2916793494  
0.2732037887  
-0.01599165924  
0.3579545784  
0.4315873214  
0.01492162257  
0.2546635527  
0.006754987317  
-0.06380729862  
0.2297894731  
-0.04257071678  
0.1721442152  
0.09336951288  
0.09278728119  
-0.1664316273  
0.07936681421  
0.3538286423  
0.7075716242  
0.6936478928  
0.5106119313  
0.366693697  
0.8290282493  
0.6472557845  
0.3735123269  
0.5152987963  
0.3882254892  
0.3527238099  
0.5959769402  
0.6628348441  
0.6378846297  
0.4622995667  
0.8385218707  
0.7497318084  
1.125846125  
0.7198679091  
0.5421848858  
0.9343905837  
0.9473589573  
0.6322967594  
0.6811183088  
0.2814541736  
0.3591165546  
0.5101384942  
0.2492636867  
0.5627567982  
0.5123053589  
0.2539718444  
0.3091475935  
0.2870695817  
0.3196413683  
0.2609470939  
0.2081926253  
0.2996014403  
0.647448336  
0.6305799737  
0.4888447808  
0.2931935603  
0.413494743  
0.3667739535  
0.3448743775  
0.7090173352  
0.7687794022  
0.5361986941  
0.4794755791  
0.4946030892  
-0.2951394355  
0.06962622121  
0.5049222635  
0.4351034563  
0.09585014909  
0.2249057802  
0.2119412577  
0.1389360046  
0.6231936033  
0.1090363721  
0.5546141634  
0.7878179477  
0.8152170834  
0.9416374594  
0.3760306488  
0.9847977202  
1.361955124  
0.6840667205  
-0.0770754549  
-0.6067812355  
-0.9473483995  
-0.3987993512  
0.1181020364  
0.3026468914  
-0.4905113864  
-0.2209649075  
-0.3438590994  
-0.03303199553  
-0.132483416  
-0.6496434857  
-0.4689053084  
-0.4471333555  
-0.971266197  
-0.8418733634  
-0.6505671026  
-0.8090792681  
-0.9601258631  
-1.648923386  
-2.103946921  
-2.213740644  
-2.487761914  
-2.626940653  
-1.522909794  
-1.562412025  
-0.4961233198  
-0.873966834  
-0.6582378195  
-0.6837403838  
-1.07868291  
-0.597670951  
-0.7556269932  
-0.3781714807  
-0.7120319035  
-0.8583409592  
-0.3634956126  
-0.3961913686  
-0.8761521413  
-0.2862066198  
-0.3360951378  
-0.564604685  
-0.3792609975  
0.002344842283  
-0.153135718  
0.1669034951  
0.01062296304  
0.3971585788  
0.384272742  
0.4204963128  
-0.5551678721  
-0.7868238856  
-0.1738893557  
-0.386072896  
-0.1223021941  
0.1093461108  
-0.1724400641  
0.0961158179  
-0.008974845555  
-0.4108758075  
0.01052317336  
0.06043054661  
0.2036824717  
0.2476358971  
0.05575978221  
0.3942793547  
0.09654649647  
0.1797879258  
0.4492586206  
0.272965943  
0.9448266046  
0.6757989878  
-0.09629360859  
0.3494150058  
0.3492152945  
-0.01207386605  
0.2919600405  
0.197091082  
0.2394662045  
0.3917335208  
0.3028422151  
0.3531148369  
0.2476578833  
0.1154452953  
0.4655534656  
0.1550298804  
0.368978562  
0.3097395941  
0.124405926  
0.2492831068  
0.3016310234  
0.2861571116  
0.5272890597  
0.1963488446  
0.316468854  
0.3094271258  
0.1108095704  
0.4212314331  
0.3786237677  
0.402281535  
0.735871801  
0.3630694484  
0.3704144372  
0.5776870248  
0.6019880241  
0.5147221298  
0.6119826447  
0.3154862977  
0.8206465544  
0.7895513987  
0.4510128165  
0.4426415355  
0.4841193288  
0.8372195685  
0.4203555319  
0.5513598174  
0.3556679225  
0.4124083801  
0.4430276248  
0.4273754039  
0.6673871994  
0.9322206723  
0.4646624712  
0.4195686856  
0.3283033219  
0.342359911  
0.6000791198  
0.3309449484  
0.4167214433  
0.3779119894  
0.3980680345  
0.9025916505  
0.6269236607  
0.6805677595  
0.721227709  
0.6133429878  
0.9437484389  
0.5393970255  
0.4428513032  
0.649855399  
0.7830949801  
0.8422128099  
0.5907903321  
0.7336679243  
0.8965223568  
0.6053770935  
0.8777016793  
0.6188132505  
0.7246067059  
1.218339666  
0.8386330989  
0.8337356896  
1.272758632  
0.964202944  
1.28414228  
0.8071857944  
0.7896590215  
1.155891752  
1.235256976  
0.6980158981  
-0.041162695  
-0.02129682902  
-0.1610392187  
-0.08867043687  
-0.00117818985  
0.07960070422  
0.09129111493  
0.2151002913  
0.08021836342  
-0.2634026646  
-0.05992598269  
-0.2020848161  
-0.4998739513  
-0.4004538919  
-0.4944116741  
-0.6957149542  
-0.2365000737  
-0.6969223929  
-0.6585213859  
-0.4932123543  
-0.4768512873  
-0.2048147663  
-0.623053949  
-0.4857897977  
-0.5571142584  
-0.4623686707  
0.03525048812  
-0.2812210769  
-0.5849405232  
-0.397631692  
-0.144618446  
0.0428498395  
0.2890703644  
-0.3088360293  
-0.8179959835  
-0.7210079731  
-0.06677643381  
-1.052832438  
-1.825601734  
-1.848462171  
-1.423397295  
-1.119101043  
-1.255201249  
-0.9076013753  
-1.153601406  
-1.189805554  
-1.086919649  
-1.293712766  
-1.016070823  
-0.9993430211  
-1.225798355  
-0.9205209436  
-0.5063736094  
-0.8471025682  
-0.6938899627  
-0.2955734557  
-0.9478130309  
-0.8412871488  
-0.7489429654  
-1.075382483  
-0.7861209813  
-0.9716816325  
-1.695015606  
-1.470263485  
-1.576406989  
-1.944008853  
-1.844177168  
-1.395762427  
-1.966645521  
-1.525730115  
-1.202202314  
-1.255278081  
-1.219921757  
-1.388120889  
-0.8119636778  
-0.9393380532  
-1.362754476  
-1.07361618  
-1.00658855  
-1.204030788  
-0.8915732539  
-1.280565946  
-1.154878678  
-0.9180370111  
-1.366053039  
-1.20372464  
-1.217630397  
-1.398244782  
-1.264347131  
-1.216300629  
-1.405061907  
-1.244049432  
-1.478203101  
-1.430533445  
-1.338188418  
-1.388189724  
-1.302976986  
-1.323970907  
-1.187879809  
-0.9022865817  
-1.32597299  
-1.146325419  
-1.428029651  
-1.163154609  
-1.284794282  
-0.9575117793  
-0.9001592343  
-0.9802282258  
-1.066270214  
-1.165634538  
-1.10254367  
-0.9821624699  
-1.119049795  
-0.7779778822  
-1.309783255  
1.62942962  
1.626458466  
1.388374627  
1.427573768  
1.629509757  
1.466263826  
1.495207442  
1.347362105  
1.516097008  
1.703277182  
1.550299547  
1.59726711  
1.320561319  
1.564616883  
1.481575384  
1.443654204  
1.606122398  
1.370621468  
1.451416285  
1.555432486  
1.389919257  
1.707846635  
1.51003637  
1.457133108  
1.508100166  
1.467159663  
1.659918336  
1.657111089  
1.444329077  
1.644051314  
1.525161496  
1.556752885  
1.758403292  
1.479057969  
1.537437434  
1.829109018  
1.715185764  
1.445670026  
1.283351837  
1.358040337  
1.053257438  
1.519919097  
1.887295951  
1.733253819  
1.677846368  
1.560270314  
1.158671764  
1.25857227  
1.068188351  
1.33888502  
1.123887606  
0.6270596036  
0.6706125868  
0.5218088761  
0.4345567866  
0.4963131546  
0.4662212163  
0.5550970626  
0.6086894756  
0.6644721665  
0.5327693895  
0.5539122153  
0.5577792443  
0.6646360753  
0.62815892  
0.7180107735  
1.070731529  
0.5871598509  
0.7823522227  
0.5416073897  
0.3744901957  
0.3686336753  
0.5432272041  
0.253646644  
0.5226333288  
0.5255734392  
0.5781640206  
0.4574011799  
0.4942518841  
0.4042129143  
0.6107819456  
0.5263477406  
0.6613645794  
0.6745452302  
0.98424596  
0.9471785727  
0.7043199706  
0.6770390067  
0.610910646  
0.5492108561  
0.5539402543  
0.5539011062  
0.5407518526  
0.4366438106  
0.6183088677  
0.476886527  
0.6071373757  
0.5971227137  
0.5105821166  
0.6135173193  
0.7927121572  
0.5996259824  
0.7914170779  
0.7676771497  
0.8102046999  
0.7065075617  
0.6974880784  
0.8590485881  
0.7358529273  
0.8682803218  
0.7215858869  
0.5677512379  
0.5949838325  
0.52396167  
0.4515617441  
0.5536554445  
0.6460838676  
0.6374333004  
0.6491762224  
0.5803189879  
0.5392363097  
0.5291131492  
0.441553318  
0.5074898488  
0.5723021864  
0.4999519266  
0.5130078645  
0.5941559519  
0.3961330974  
0.5102331521  
0.5036024489  
0.5973341655  
0.5533385511  
0.413416868  
0.4862797582  
0.5351528932  
0.6581726661  
0.5612951868  
0.9421923593  
1.379671865  
0.8775244827  
0.326917402  
0.4844597214  
0.4925400659  
0.412251915  
0.4969206853  
0.5068390014  
0.6211751472  
0.5711999588  
0.4270444992  
0.5674143706  
0.6342844645  
0.6646730463  
0.8399192649  
0.5898187786  
0.6980832684  
0.723720418  
0.6862768605  
0.5153640303  
0.6201258538  
0.48381852  
0.2963465904  
0.0006646857265  
0.1734916947  
0.2965786145  
0.7911053649  
0.6902721424  
0.5139872592  
0.7210554058  
0.5694534267  
0.7061511002  
0.5928996309  
0.2412862991  
0.5076858882  
0.4749301022  
0.5288744329  
0.6039439794  
0.274642892  
0.6646186635  
0.5913031462  
0.4109299079  
0.5050201194  
0.607742768  
0.3173579159  
0.5642815036  
0.5315512524  
0.5582376424  
0.6066654786  
0.4736089745  
0.5780970874  
0.4657897752  
0.6984278498  
0.7070858057  
0.5119963151  
0.6974618286  
0.6504059837  
0.6824214084  
0.8063121487  
0.5002775144  
0.7149046579  
0.5248502799  
0.5051171008  
0.6046512121  
0.576760786  
0.6967044382  
0.6634999181  
0.6035153823  
0.5459508552  
0.505198477  
0.444706352  
0.3749408025  
0.5181459585  
0.4638315621  
0.5397613828  
0.5398814038  
0.7667803664  
-0.04063316362  
0.06832628856  
0.3351958596  
0.01296465277  
0.4619209139  
-0.1844133591  
-0.273491079  
1.104711624  
0.2431577078  
0.58641955  
0.07520457466  
0.4244126143  
0.2058555747  
0.3803307137  
0.3536607525  
0.3506041797  
0.278336322  
0.3300217294  
0.3419398406  
0.3915080332  
0.2263606434  
0.1451779932  
0.0001616820569  
0.2256884368  
0.2482313359  
0.261622465  
0.2220278067  
0.2591429311  
-0.4330827642  
0.03079669318  
0.3129950438  
-0.1621457561  
-0.05888487227  
-0.1981341762  
-0.03162661263  
-0.07015733242  
-0.1915733141  
-0.07354964634  
0.0531513137  
-0.01219562283  
0.1392231601  
0.06706314685  
0.1503743912  
0.06656749013  
0.2924051723  
0.3055133959  
0.1528165594  
0.2073409904  
0.1728555974  
0.04763827483  
0.1412601837  
0.05654899125  
0.1832430613  
0.1813930771  
0.1747355374  
0.266008681  
0.1669433005  
0.3473411601  
0.4959420885  
0.2954302355  
0.4594149787  
0.4742422218  
0.5721414485  
0.5799032249  
0.4197052767  
0.4093494991  
0.5275097331  
0.4019194045  
0.5168811427  
0.5184049079  
0.2568646796  
0.4732575607  
0.4424454733  
0.3843150708  
0.5105997047  
0.4747060285  
0.384304695  
0.5723998196  
0.3667577988  
0.5336448759  
0.4942439399  
0.1912615834  
0.5131527665  
0.5058504881  
0.3332481388  
0.4961069633  
0.3144972598  
0.5132654589  
0.343972574  
0.6206562591  
0.5397748829  
0.431776315  
0.5001326903  
0.3617306551  
0.4074862159  
0.4602701421  
0.1885624353  
0.2265133913  
-0.0503241239  
0.2309897287  
0.3123604177  
0.2221206557  
0.3313698364  
0.1583044576  
-0.1719815592  
-1.333240607  
-0.5315169099  
0.1886470235  
0.233010306  
-0.4898543532  
-0.3610504209  
-0.262124116  
0.06811143653  
-0.00424583973  
-0.2754506264  
-0.5331711409  
-0.273086308  
-0.6641639379  
-0.7902886777  
-0.5407573168  
-0.7193053123  
-0.5206145405  
-0.4615029055  
-0.6812431413  
-0.2241917661  
-0.7249356016  
-0.3865196137  
-0.6623000182  
-1.372863291  
-0.399005368  
0.1213939555  
-0.4668894288  
-0.181079858  
-0.2499255473  
-0.5460315337  
-0.3734780593  
-0.4311054025  
-0.4081617035  
-0.2727712918  
-0.3407272531  
-0.1936400813  
-0.4665592484  
-0.2963730074  
-0.355890634  
-0.2931667873  
-0.2628472645  
-0.361278565  
-0.2344318817  
-0.2548652009  
-0.1297494269  
0.0236725645  
-0.1829066677  
-0.06756481389  
-0.1016056415  
-0.2347684154  
-0.09253496899  
-0.1762455216  
-0.2131193002  
-0.2051278713  
-0.3374038703  
-0.2393848591  
-0.1618441541  
-0.288047095  
-0.1322187475  
-0.1053742959  
-0.2383376824  
-0.2015286885  
-0.269709477  
-0.3829035817  
-0.2420649822  
-0.2763292548  
-0.481455715  
-0.2466988041  
-0.3687972151  
-0.2105021755  
-0.293975452  
-0.306407883  
-0.4022498925  
-0.2814883611  
-0.2730911181  
-0.3968736851  
-0.1787177511  
-0.241369584  
-0.4145995945  
-0.5597489164  
-0.3945398411  
-0.3463314479  
-0.4145922176  
-0.4383482956  
-0.4208850997  
-0.3811087407  
-0.4151742143  
-0.4681350355  
-0.2226909749  
-0.4945447373  
-0.3071950915  
-0.3279916403  
-0.2657556107  
-0.1759639314  
-0.2683056798  
-0.2220805453  
-0.3230383715  
-0.2656055698  
-0.370716236  
-0.5944359401  
-0.8613919837  
-0.9730053998  
-0.6166389949  
-0.5162839321  
0.02749876997  
0.4287544022  
-0.2994452008  
-0.058522639  
-0.6173985046  
-0.984161364  
-1.229492739  
-1.309417675  
-0.6729080854  
-0.2607238953  
-0.2901317097  
-1.493326852  
-1.630466592  
-3.452462062  
-3.072402922  
-2.270533867  
-1.446417899  
-1.089596157  
-1.217333253  
-1.094513413  
-0.9091555061  
-0.9967164489  
-0.9431361012  
-1.037262248  
-1.003132004  
-0.6510686208  
-0.9196048576  
-0.7644067595  
-0.7310193879  
-0.7834459848  
-0.6111118742  
-0.6384524263  
-0.6978348272  
-0.6377615898  
-0.8330538506  
-0.6316864442  
-0.7104367413  
-0.7059305086  
-0.5757530082  
-0.7812712565  
-0.7438004153  
-0.4856509374  
-0.6875925325  
-0.6809134222  
-0.6437483903  
-0.6094375682  
-0.4327061914  
-0.1495226179  
-0.4407775501  
-0.3944394327  
-0.4098494539  
-0.5664153548  
-0.5179573899  
-0.839270623  
-1.203450682  
0.05722643163  
-2.01665603  
0.3005277257  
2.447509933  
-0.2914555933  
1.356647743  
0.785243677  
0.7546394779  
0.3865686195  
0.3480347245  
0.3608113149  
0.2152499112  
0.2064454758  
0.3155117293  
0.1186427179  
0.1325592739  
-0.8401059966  
-2.099527422  
-5.296021278  
-7.191885872  
-5.471804891  
2.778074737  
-1.416480374  
-0.2581970255  
-0.9645332683  
-0.9586750433  
-1.05390869  
-0.8417196451  
-1.169487023  
-0.9520099377  
-0.8471975826  
-0.8819549032  
-1.218517079  
-0.854633972  
-1.228349314  
-0.8398455076  
-1.131834915  
-1.067035064  
-0.6855732686  
-1.020688198  
-1.397988335  
-0.430828225  
-1.235317019  
-1.441281002  
-1.032188198  
-1.133398804  
-1.279772714  
-1.426572887  
-1.192607249  
-1.229089007  
-1.099609718  
-1.143835025  
-1.206005834  
-1.023673815  
-1.313417449  
-0.8915348835  
-1.049108602  
-1.134462586  
-1.027229111  
-1.056105825  
-0.9675685079  
-0.9930553728  
-1.337554662  
-0.9563355973  
-1.183382175  
-1.302735271  
-0.9493871533  
-1.054916465  
-0.9485862319  
-1.031732962  
-1.10597177  
-0.8967302927  
-1.16228003  
-0.9034774751  
-1.006625809  
-0.9503624656  
-0.9549467659  
-1.149018573  
-0.7779150903  
-1.115936016  
-1.057079936  
-0.8670296936  
-1.175877521  
-1.027381068  
-1.164889032  
-1.134641459  
-0.9391357658  
-1.094591816  
-1.203692898  
-0.8898969364  
-1.203082059  
-0.9885613792  
-0.9405931146  
-1.101488411  
-1.167300836  
-0.9576485687  
-1.158515083  
-1.081533847  
-1.117834494  
-1.068454564  
-1.101087683  
-1.095889926  
-1.257002949  
-0.948912295  
-1.093798074  
-1.228475408  
-1.144164468  
-1.162776464  
-1.041539252  
-1.014740064  
-1.188206106  
-1.073035311  
-1.138764676  
-1.055428758  
-1.131533011  
-0.997815793  
-1.073202421  
-1.173477858  
-1.120813018  
-1.347186448  
