1.67181798  
0.9198878416  
0.8743928034  
0.8053875552  
0.707081726  
0.5842238198  
0.4228716362  
0.1661207719  
0.002283844098  
-0.2409531418  
-0.2382086311  
-0.2526439559  
-0.2364234015  
-0.008619260198  
-0.03494321354  
0.06857452941  
0.1531144174  
0.2912759689  
0.3172620463  
0.5160498475  
0.6482074474  
0.73923352  
0.7708928173  
0.7800853377  
0.7470248997  
0.7091026662  
0.7840414688  
0.6230656257  
0.549390569  
0.4731533448  
0.3420434402  
0.3486319996  
0.3574958776  
0.2831694002  
0.3738638319  
0.2818990357  
0.4343726993  
0.3970266833  
0.4491218781  
0.4983151916  
0.520305113  
0.5305913066  
0.5568327317  
0.4728242437  
0.371456923  
0.4707426399  
0.3686155517  
0.3079765884  
0.2485980124  
0.2234406709  
0.3224374186  
0.4319044162  
0.3698294277  
0.4369161085  
0.3983554773  
0.4258962196  
0.1850358753  
-0.09590192922  
-0.1769842316  
-0.2271715289  
-0.1615114955  
-0.1641966744  
-0.08457669584  
-0.08200299393  
-0.08910632075  
-0.07424831319  
-0.01137115254  
0.01027392618  
-0.05487020077  
0.01801311348  
0.0684708619  
0.1670317443  
0.2550151328  
0.3684731182  
0.3498748323  
0.344172399  
0.3217641693  
0.2826128942  
0.2946435256  
0.3726070517  
0.3694811793  
0.4376766354  
0.4387167935  
0.537623433  
0.5300101083  
0.6941023932  
0.684071155  
0.6793181687  
0.5860400821  
0.5611809629  
0.6341344031  
0.4489133277  
0.6973056938  
0.5233977103  
0.5115821455  
0.54103584  
0.4520366647  
0.5183573748  
0.6132010034  
0.6411399483  
0.603895308  
0.9989332141  
0.94533594  
0.9225970823  
0.7263382371  
1.055605695  
0.9994828406  
1.009630967  
0.8212310369  
0.8469399665  
0.8727316777  
0.8393470863  
0.764997551  
0.8394585179  
0.7316446938  
0.656846754  
0.7167115745  
0.5456059847  
0.4214353486  
0.1984913646  
0.06984746681  
0.04418802371  
-0.01379795075  
-0.03178098946  
-0.06950452696  
-0.005985535825  
-0.00623072913  
-0.0659055301  
-0.05783224665  
-0.01678419728  
0.009943475638  
0.05559974001  
0.02603047863  
0.01068152708  
0.03022384246  
0.08022583379  
0.07358278805  
0.07802381644  
0.1118897591  
0.05540153137  
-0.004243729244  
0.02651697095  
-0.0389921365  
0.09903039976  
0.0265329559  
0.106058272  
0.07018101091  
0.1690018551  
0.2097741731  
0.3635189401  
0.336925677  
0.5256354305  
0.4063653768  
0.3245699297  
0.3051680977  
0.1517029754  
0.1855458807  
0.1716809938  
0.1034726874  
0.07407082665  
0.01023311045  
-0.01131340471  
-0.06789715136  
-0.07240769749  
-0.06125078886  
-0.1319995205  
-0.1416965306  
-0.1114916193  
-0.1195590595  
-0.121551859  
-0.07633923185  
-0.05652238321  
0.01681467487  
-0.01291790355  
0.01648996279  
-0.04098833113  
-0.07493732119  
-0.1265711732  
-0.04911036385  
-0.09675896635  
-0.1165293372  
-0.04720974937  
-0.01618687014  
-0.1096586484  
-0.06373160177  
-0.1318722601  
-0.07120627463  
-0.09038103339  
-0.1397029715  
-0.1012581715  
-0.025904409  
-0.07842117468  
-0.04431639309  
-0.06257698477  
-0.02288027956  
0.07245320378  
0.1484558572  
0.05231983521  
0.1124400974  
0.09244893962  
0.09793841618  
0.09260141868  
0.05311963089  
0.09877394784  
0.01001427191  
-0.01405735326  
-0.0370627595  
-0.03279466297  
-0.08351198351  
-0.01308357384  
0.04962969243  
0.03559939296  
0.05519511903  
0.1422148547  
0.2045572044  
0.1357197492  
0.1030643005  
0.05556920877  
0.03464286233  
0.0287177812  
-0.0302651208  
-0.01916672146  
-0.004417743097  
0.02781691942  
0.08616242207  
0.1145441584  
0.04079864987  
0.02314751435  
-0.003384191329  
0.05228624114  
0.1712501958  
0.181786831  
0.2887001423  
0.2834783967  
0.3737332285  
0.3597299741  
0.2159064959  
0.257597888  
0.270193658  
0.2810864293  
0.2260559602  
0.3464276709  
0.1718188324  
0.1700872949  
0.138961832  
0.2186475257  
0.2972097408  
0.2622595304  
0.1654271659  
0.1525930488  
0.2894219493  
0.3064615635  
0.3204471601  
0.3425817974  
0.2766947909  
0.2753288581  
0.09238529394  
0.4333208784  
0.5927724307  
0.5027955659  
0.4846256181  
0.4345298752  
0.5329972927  
0.4340376127  
0.3824915933  
0.3354402789  
0.2951439232  
0.294559109  
0.28128466  
0.2886958422  
0.3591434595  
0.3699725888  
0.4250963309  
0.4919788765  
0.6280168627  
0.7053466792  
0.6683762311  
0.6495314823  
0.6405164246  
0.6916199217  
0.6909407909  
0.604941903  
0.5043735743  
0.4932591107  
0.419905716  
0.3875222468  
0.4037610758  
0.3752900279  
0.2758327122  
0.2877533507  
0.2625087226  
0.3601094886  
0.3304886194  
0.3926318042  
0.3184862035  
0.4226812204  
0.3780376927  
0.3621863168  
0.4373217938  
0.3751120488  
0.5146504969  
0.7151317249  
0.5434636527  
0.7824947898  
0.6640936317  
0.8696781979  
0.9290769404  
0.7969743817  
0.7855099001  
0.3208175149  
0.225421084  
0.03453077767  
-0.1136259699  
-0.1140183086  
-0.08466098298  
-0.1173553077  
0.005236130536  
0.01883992951  
0.05719529894  
0.3519571996  
0.4171814909  
0.4102233525  
0.5194963483  
0.6179695283  
0.4226358655  
-0.4677797213  
-1.133899227  
-1.200100981  
-0.8141639865  
0.2161474217  
0.2046591702  
-0.142435103  
-0.1908443425  
-0.384186601  
-0.380611668  
-0.4681929945  
-0.5187654486  
-0.7000779102  
-0.8728986375  
-1.042372591  
-1.174061937  
-1.210026399  
-1.383485694  
-1.93427219  
-2.210799206  
-2.663309047  
-2.195910156  
-2.675269471  
-3.038867904  
-1.939785415  
-1.794657641  
-1.139002296  
-1.15188105  
-0.5923564383  
-0.7128557532  
-0.8327203039  
-0.7304980221  
-0.6309467313  
-0.5428612567  
-0.6032167515  
-0.4559539283  
-0.5372248539  
-0.504416  
-0.3773536048  
-0.3246760614  
-0.2480795446  
-0.1155002377  
-0.08272960678  
0.2394094782  
0.4098191295  
0.4017767919  
0.535052632  
0.7627315682  
0.7114528944  
0.5934814847  
0.1469710152  
-0.01184046306  
0.2623506321  
0.2764236472  
0.4188613253  
0.3988902767  
0.4216608824  
0.533350669  
0.4909551667  
0.4564458159  
0.492923187  
0.5810518025  
0.6219689841  
0.5740126717  
0.6241282591  
0.5827659632  
0.568447253  
0.5940490242  
0.5235386271  
0.6168767389  
0.7426914091  
0.6951501985  
0.2434491525  
0.3189469645  
0.2329677325  
0.3200713451  
0.419665612  
0.3522948156  
0.385054915  
0.318130431  
0.2100058913  
0.1930606636  
0.1328855674  
0.1031022137  
0.09018048823  
0.09058438141  
0.1382298845  
0.1518354132  
0.1591253898  
0.1320118834  
0.1950934928  
0.1922377662  
0.1847694551  
0.1461437772  
0.1619956442  
0.1263344601  
0.1930598559  
0.1672479475  
0.1235917268  
0.208026944  
0.3179145721  
0.3276383108  
0.5550411502  
0.51727057  
0.5569978156  
0.6234165519  
0.7118251379  
0.8379036375  
0.8664379444  
0.785540544  
0.5477605983  
0.4688556128  
0.4121824676  
0.44490191  
0.3902430501  
0.2946577198  
0.190798021  
0.1664617465  
0.1738557537  
0.1492756998  
0.2095518491  
0.1322530502  
0.1807760742  
0.1979736324  
0.217731255  
0.3492373695  
0.4207586145  
0.4801484936  
0.555140746  
0.5290375668  
0.5604483416  
0.6990728952  
0.5957499144  
0.5930768965  
0.5298496226  
0.5172520535  
0.6203971189  
0.5186651101  
0.4231749661  
0.5015462006  
0.4852831967  
0.5343261623  
0.4118753354  
0.4477882875  
0.6089300395  
0.703244119  
0.7165164532  
0.6789800421  
0.7103418002  
0.7599728302  
0.7148692944  
0.7172481873  
0.6678091467  
0.7547995529  
0.7968380774  
0.852228485  
0.9063287508  
1.18270202  
1.467278737  
1.198008801  
0.3684689931  
0.1861956963  
0.2619505815  
0.2592542295  
0.2985494124  
0.3141252022  
0.2504654096  
0.1952969607  
0.1144064571  
0.06884268205  
0.06785329976  
0.04098964096  
-0.03615325393  
-0.07715578957  
-0.1332588977  
-0.2642885991  
-0.3169633342  
-0.361338423  
-0.3844884092  
-0.3275714311  
-0.3372006592  
-0.2366420121  
-0.1654475434  
-0.08764027413  
0.0005516933582  
-0.0483915006  
-0.02001179858  
-0.004117548093  
-0.1743769542  
-0.3045341101  
-0.2258807288  
-0.1927956715  
-0.1396050175  
-0.6107305305  
-0.8487257948  
-0.3333310184  
-0.4941375712  
-1.153012108  
-2.300062896  
-2.031164349  
-1.341743715  
-1.289389388  
-1.341218183  
-1.364891284  
-1.414392557  
-1.474903473  
-1.541954356  
-1.551337014  
-1.522117381  
-1.538223381  
-1.483805762  
-1.32015838  
-1.111604424  
-1.019390505  
-1.009077156  
-1.0196182  
-0.9414286175  
-0.9923211769  
-1.089096548  
-1.01528522  
-0.9969357552  
-1.045186213  
-0.9555387565  
-1.119304224  
-1.290071494  
-1.267147289  
-1.376939456  
-1.332341171  
-1.454205872  
-1.539371612  
-1.263653425  
-1.185212987  
-1.045205869  
-1.014468913  
-0.9536811499  
-1.139875454  
-1.133529172  
-1.278159314  
-1.342921878  
-1.342382218  
-1.347097945  
-1.352419255  
-1.424129493  
-1.38611922  
-1.474041043  
-1.421102499  
-1.513730039  
-1.480695359  
-1.482954224  
-1.490903156  
-1.401128005  
-1.36968572  
-1.283397208  
-1.309257532  
-1.223757493  
-1.052645901  
-0.8450337282  
-1.105250511  
-1.093293025  
-1.191478176  
-1.241657244  
-1.275009303  
-1.336541887  
-1.387747457  
-1.380999806  
-1.401043744  
-1.429060104  
-1.425031908  
-1.210005043  
-1.390720754  
-1.286534694  
-1.142054252  
-1.157653771  
-1.087703696  
-1.307265232  
2.167748452  
2.130931508  
2.011403598  
1.976543379  
1.85661898  
1.816059023  
1.796907735  
1.811307137  
1.837304452  
1.86150555  
1.864030306  
1.868227776  
1.926674365  
2.012552439  
2.029633378  
2.069703933  
2.060912148  
2.086361068  
2.131241828  
2.121101516  
2.188466662  
2.227261517  
2.199373485  
2.20143  
2.233100511  
2.236436073  
2.275950428  
2.271978067  
2.244008073  
2.184354749  
2.236198738  
2.198292677  
2.21751135  
2.204901933  
2.252109733  
2.16487383  
2.107048023  
2.077892784  
2.091044624  
1.963151246  
1.794930143  
1.91152761  
2.19274369  
2.254912965  
2.117275247  
1.633970247  
1.578293556  
1.756171219  
1.879523656  
1.402497264  
1.274851884  
0.9364114467  
0.7924421605  
0.6984999757  
0.6876540744  
0.6192394622  
0.713581453  
0.7399220241  
0.8611689338  
0.9419772909  
0.9619433596  
0.9469059246  
0.8316725131  
0.8611641734  
0.719817497  
0.9325578098  
1.065634234  
0.6586088755  
0.1619814822  
0.122281825  
0.185640751  
0.2364868607  
0.3863211207  
0.2586677086  
0.3159083031  
0.2994834651  
0.3224964796  
0.3189396582  
0.3169751641  
0.2999619776  
0.365958835  
0.3265625386  
0.3278033432  
0.3851743137  
0.3945229114  
0.4292050115  
0.4378742777  
0.5118270605  
0.5561345159  
0.5334645985  
0.5348693291  
0.5693060216  
0.6622731483  
0.6626029201  
0.6888683484  
0.5774192812  
0.581812469  
0.5060928222  
0.5276725209  
0.5306616641  
0.4593788981  
0.436381895  
0.5091810407  
0.6727631896  
0.5494024128  
0.5604292555  
0.5612266887  
0.5564567258  
0.5511452623  
0.5577767269  
0.5420604464  
0.4675101826  
0.4640626601  
0.4642883302  
0.5020220614  
0.4383501437  
0.4556043376  
0.4450424704  
0.4627767693  
0.4010023769  
0.3831880185  
0.2873954812  
0.2732626463  
0.2527598094  
0.3032480751  
0.2623996239  
0.2163382045  
0.1842028355  
0.18689319  
0.1673062031  
0.1404499191  
0.1335225758  
0.1823870705  
0.1805169087  
0.2710579396  
0.2785485926  
0.3328679425  
0.3667117325  
1.089263483  
1.83477031  
1.310158001  
0.3227719063  
0.2170319421  
0.5424231885  
0.4701652722  
0.6247739328  
0.6587022218  
0.6745450951  
0.6489889679  
0.6398204634  
0.6481070205  
0.6059748786  
0.5536929572  
0.5477389214  
0.4340080292  
0.4842920694  
0.4303586642  
0.4237347342  
0.4517083527  
0.4595419709  
0.4028394001  
0.1142429584  
-0.125708148  
0.2415417674  
0.4248459009  
0.5715478856  
0.5499390975  
0.5456174905  
0.5094675008  
0.4981205727  
0.4401985669  
0.3244149886  
0.1959077622  
0.0892571456  
0.2059134841  
0.1858079267  
0.1713634601  
0.2807080338  
0.3634672339  
0.3898056201  
0.3651893478  
0.3553156328  
0.3241685834  
0.3412236653  
0.2893148889  
0.2908015326  
0.2611364548  
0.2466191837  
0.2018140265  
0.2508014233  
0.222517064  
0.2642647683  
0.2482492275  
0.2732968222  
0.2779339709  
0.3095764176  
0.3145707943  
0.4685432259  
0.3808455116  
0.3805548933  
0.3346355444  
0.3452939899  
0.3948208898  
0.4197849722  
0.4420305238  
0.453613912  
0.4760797313  
0.4495747562  
0.4775981764  
0.5614797475  
0.5013090282  
0.5306195432  
0.492796372  
0.4941607519  
0.3211547773  
0.4689677872  
-0.1412294733  
-0.1712028928  
-0.1319634285  
-0.3155318558  
-0.2289878878  
-0.4119356283  
0.001624079318  
0.6765645366  
0.2975202628  
0.2718555824  
0.05436928166  
0.2748762075  
0.2659157966  
0.3837978344  
0.3682583972  
0.3462478369  
0.2227329108  
0.3303958701  
0.4090066209  
0.3010537628  
0.1618609877  
0.07681746529  
-0.05976115464  
-0.01362001244  
-0.0530484213  
-0.2956639181  
-0.5531635382  
-0.5604385825  
-0.7352973277  
-0.3025445628  
-0.2578805101  
-0.4902208821  
-0.5140637169  
-0.5045913916  
-0.5452472911  
-0.5519108388  
-0.5370446749  
-0.498163633  
-0.4889901032  
-0.541481248  
-0.5184811972  
-0.5031089839  
-0.4653436924  
-0.4745230934  
-0.4042851078  
-0.3482125948  
-0.2975765631  
-0.2320705233  
-0.2438738349  
-0.2186799937  
-0.1575023203  
-0.1367570563  
-0.08871737792  
-0.05454369582  
-0.05631653657  
-0.01110702396  
-0.01413183497  
0.04680551494  
0.09297487018  
0.1084743793  
0.1440005019  
0.196382197  
0.279170629  
0.252915671  
0.2535383876  
0.1747065987  
0.2549904169  
0.3144305445  
0.3385660081  
0.282973935  
0.2510165982  
0.2918390577  
0.3429721617  
0.3054937254  
0.3003497452  
0.2893210509  
0.2872265909  
0.2907715839  
0.31061189  
0.2928939745  
0.2735743966  
0.2701432919  
0.344085433  
0.3188771855  
0.2933262364  
0.2388924975  
0.1711684263  
0.1873940139  
0.1848257412  
0.1234955047  
0.07853162759  
0.001951773785  
0.04251296169  
0.004955389475  
0.04360515394  
0.01212310107  
0.01428379453  
0.0003336908032  
-0.02311444887  
0.01096908887  
0.04030049032  
-0.02542959174  
-0.01931406426  
-0.09598549785  
-0.3643264558  
-1.135386718  
-0.6094851996  
1.019974816  
0.6781598111  
0.4096763289  
0.1859587603  
0.1954143686  
0.1666647108  
0.02765238961  
-0.04826318133  
-0.1330735901  
-0.220711726  
-0.3204187304  
-0.394929136  
-0.4941998535  
-0.5211954286  
-0.57525253  
-0.5667667565  
-0.5801607894  
-0.5139521923  
-0.4942590987  
-0.5541701381  
-0.6277507073  
-0.2009143561  
-0.189388603  
-0.1185816041  
-0.188328817  
-0.1680111531  
-0.2430221631  
-0.2205742745  
-0.2376330075  
-0.2743033779  
-0.3094666485  
-0.3026083318  
-0.3070446546  
-0.287673886  
-0.3065830774  
-0.2817829744  
-0.3044467247  
-0.2656486021  
-0.2881187905  
-0.2352128218  
-0.2065807527  
-0.1849845397  
-0.1779521939  
-0.1414328331  
-0.02818427086  
-0.1100772848  
-0.1963560326  
-0.1915367932  
-0.2573549313  
-0.2955763276  
-0.3439545448  
-0.3159957511  
-0.3106222418  
-0.269552778  
-0.3123740654  
-0.309263017  
-0.3115380827  
-0.185780222  
-0.208043843  
-0.1930375289  
-0.2166649182  
-0.1718754472  
-0.1562653129  
-0.1814654868  
-0.2313156673  
-0.2514474755  
-0.2736321508  
-0.2013438636  
-0.2199020998  
-0.2605943444  
-0.310787189  
-0.2120508223  
-0.2508377423  
-0.2081728338  
-0.1659862559  
-0.1588366263  
-0.2942840056  
-0.397472595  
-0.2738296932  
-0.326214344  
-0.3523926339  
-0.4015385071  
-0.4276190041  
-0.4607724165  
-0.5208392292  
-0.5879720501  
-0.6446438596  
-0.6639099179  
-0.6920348875  
-0.6793101248  
-0.6289822442  
-0.5508229882  
-0.4534923355  
-0.4478713335  
-0.4383410674  
-0.4194209979  
-0.6818911719  
-0.9695981389  
-1.130726312  
-0.983709112  
-0.8168800179  
-0.7037477529  
-0.3223046188  
0.2909158848  
-0.1386650079  
-0.160367662  
-0.3912880792  
-0.5856556025  
-0.6257270319  
-0.4051348407  
-0.5416940044  
-0.5250422953  
-0.6654286431  
-1.031166743  
-1.196400561  
-2.425355014  
-1.056900226  
-1.167525925  
-0.8319627286  
-0.6350327343  
-0.7548085233  
-0.6619583934  
-0.6862097422  
-0.6693701461  
-0.7494786333  
-0.7636252997  
-0.8570317881  
-0.8504800435  
-0.8939119232  
-0.8246685115  
-0.8373183059  
-0.7173099299  
-0.7170067636  
-0.5949135169  
-0.586366473  
-0.5066143221  
-0.5023794262  
-0.4792214283  
-0.5121222675  
-0.5069283673  
-0.5753175495  
-0.5239524307  
-0.5653602585  
-0.5004805828  
-0.5564174508  
-0.4731895855  
-0.4896848852  
-0.4152983238  
-0.3017840298  
0.05911303389  
-0.1468186986  
0.05773704113  
-0.04086673885  
-0.09430057679  
-0.3790022151  
-0.6896206686  
-0.7483962931  
-0.09726294436  
-1.078818863  
-0.8973051275  
1.579563867  
-1.377919687  
0.2950738133  
0.03181925977  
0.0515520471  
-0.09307969265  
-0.05476129418  
-0.17425745  
-0.1608033627  
-0.2251155021  
-0.2020863827  
-0.1786760405  
-0.2836550784  
-0.5398349399  
-1.708522464  
-2.832222833  
-3.408047492  
-4.077841639  
-1.885144058  
-1.441703698  
-0.8902400551  
-1.057639321  
-0.7803314329  
-0.9633652456  
-0.8663290604  
-0.9568700464  
-0.8158064636  
-0.9315735992  
-0.8415371221  
-0.9604583007  
-0.912982168  
-1.046446719  
-0.9850088836  
-1.03553144  
-0.969810663  
-0.989170452  
-0.9247386652  
-1.036991408  
-0.5476322683  
-0.9922910884  
-1.255204184  
-1.150798142  
-1.091924158  
-0.9940364254  
-0.9396959872  
-0.9544049862  
-0.9551601716  
-1.016379783  
-1.009222842  
-1.082739235  
-1.050446114  
-1.08770868  
-1.08500041  
-1.130991834  
-1.10844865  
-1.135631069  
-1.10046725  
-1.103823192  
-1.06382171  
-1.102488202  
-1.130535887  
-1.136801633  
-1.139386634  
-1.14765937  
-1.10812043  
-1.142706171  
-1.097710501  
-1.114059274  
-1.059074053  
-1.025644957  
-1.002514635  
-0.9808393017  
-0.9477115424  
-0.9529204936  
-0.9095422281  
-0.9188622984  
-0.8927405165  
-0.8716137659  
-0.8286431059  
-0.8439066548  
-0.8203171999  
-0.8674864935  
-0.8531998762  
-0.8390928356  
-0.7911058665  
-0.7930985674  
-0.7977895814  
-0.8457495536  
-0.7802851103  
-0.7669285764  
-0.8042910022  
-0.8291228935  
-0.8222405674  
-0.8290602479  
-0.7894990744  
-0.8378677626  
-0.8896487499  
-0.9091393746  
-0.9380849818  
-0.9388933111  
-0.9301516186  
-0.933440826  
-0.931430549  
-1.007099859  
-1.055060225  
-1.03699885  
-1.023743278  
-1.057052834  
-1.035307821  
-0.990366762  
-1.049939048  
-1.04398377  
-1.028410968  
-0.9438020341  
-0.8424806358  
-0.8752157135  
-0.862856069  
