2908.680077  
2905.909933  
2901.530877  
2900.319794  
2880.273028  
2883.319285  
2865.699376  
2863.468738  
2862.177837  
2873.464349  
2885.50049  
2875.586952  
2889.702255  
2880.867877  
2891.68699  
2873.380759  
2883.898964  
2892.105588  
2895.273295  
2897.653958  
2893.413313  
2905.54149  
2897.440467  
2917.736827  
2923.889279  
2916.625374  
2916.451142  
2918.954219  
2912.622223  
2901.007428  
2903.223981  
2918.706265  
2914.99966  
2910.281991  
2918.596673  
2902.774835  
2908.806683  
2910.764054  
2900.605289  
2906.544141  
2897.006912  
2895.588391  
2888.307532  
2870.641037  
2869.713525  
2868.406277  
2874.380358  
2862.408794  
2866.080435  
2862.385226  
2873.996291  
2882.806887  
2881.720138  
2889.344462  
2896.524707  
2905.750159  
2905.976928  
2900.167237  
2896.970076  
2882.185593  
2893.005735  
2883.2954  
2893.116467  
2886.668501  
2861.864299  
2873.034545  
2880.588147  
2882.138191  
2892.063637  
2887.15352  
2887.054178  
2883.141521  
2885.003762  
2876.666564  
2873.568027  
2869.330264  
2867.263976  
2851.942922  
2854.08399  
2856.258043  
2859.718219  
2866.237924  
2866.375555  
2862.875068  
2873.925106  
2881.375972  
2877.188714  
2893.771071  
2891.422524  
2905.808134  
2892.356421  
2901.885398  
2905.892353  
2915.05223  
2903.201705  
2919.508566  
2927.474557  
2930.353525  
2923.349583  
2926.343781  
2914.810001  
2912.154428  
2916.227429  
2902.85162  
2894.507893  
2895.64482  
2879.621655  
2875.787987  
2869.240868  
2863.441996  
2874.348109  
2880.97617  
2892.389182  
2888.075397  
2888.849834  
2889.261898  
2887.895477  
2882.853634  
2897.794493  
2903.27388  
2897.141821  
2896.41141  
2903.524025  
2939.804656  
2957.739752  
2940.18811  
2924.020867  
2906.039871  
2900.330394  
2917.007473  
2901.991483  
2876.749241  
2851.099663  
2853.617242  
2831.058977  
2850.555983  
2847.743859  
2857.865813  
2897.101228  
2891.6414  
2910.451536  
2901.802709  
2911.41517  
2904.496613  
2895.178465  
2890.239634  
2900.595538  
2887.568607  
2894.262294  
2887.9779  
2884.586651  
2886.002244  
2883.931138  
2892.167004  
2895.673717  
2891.473672  
2893.987823  
2906.451148  
2915.689123  
2937.088157  
2951.441024  
2931.407416  
2927.119957  
2910.877434  
2897.449299  
2866.971876  
2870.878293  
2890.192125  
2883.638122  
2886.638419  
2878.754124  
2878.605225  
2875.423181  
2879.048631  
2889.415057  
2880.407166  
2881.145995  
2893.323399  
2901.114924  
2895.567925  
2902.888393  
2916.001194  
2930.295415  
2922.185503  
2929.835353  
2931.438875  
2943.098641  
2939.4271  
2924.658699  
2913.844859  
2919.328024  
2911.251412  
2908.925883  
2901.787129  
2892.333523  
2877.504749  
2863.607793  
2861.763159  
2860.773636  
2878.42373  
2885.458987  
2894.300187  
2912.40235  
2907.421848  
2916.715309  
2915.364476  
2924.267228  
2926.156391  
2926.785676  
2917.81216  
2930.11399  
2922.79118  
2924.237248  
2943.905542  
2954.162014  
2948.637152  
2942.018206  
2922.559264  
2913.121313  
2894.916045  
2905.113616  
2856.339359  
2848.579884  
2805.019749  
2821.475662  
2882.029077  
2858.942884  
2894.584274  
2870.863347  
2886.282396  
2876.362215  
2882.469345  
2878.890243  
2885.004514  
2890.67136  
2904.553937  
2896.46892  
2903.177154  
2891.608339  
2901.297247  
2892.551735  
2904.510239  
2893.791159  
2897.669998  
2898.356941  
2902.840846  
2897.945931  
2909.01168  
2895.304243  
2909.357582  
2918.872938  
2913.615419  
2901.474916  
2900.944014  
2902.321711  
2911.509829  
2908.995425  
2898.21461  
2896.871463  
2884.574664  
2858.413266  
2859.245937  
2832.189922  
2839.286325  
2860.760434  
2853.559114  
2851.367397  
2866.097777  
2861.408619  
2859.69182  
2868.615786  
2879.710448  
2885.599351  
2890.613967  
2890.000577  
2889.341149  
2889.92728  
2874.03313  
2886.223769  
2874.060798  
2887.910791  
2886.196524  
2884.672553  
2919.987978  
2923.707844  
2919.425059  
2909.626126  
2893.289795  
2887.375183  
2900.733868  
2894.000486  
2877.194117  
2862.133305  
2859.560055  
2859.2482  
2832.091955  
2851.135731  
2857.025886  
2859.085646  
2880.752039  
2883.341097  
2901.203242  
2897.724004  
2897.504672  
2900.588919  
2909.57783  
2923.907727  
2914.239596  
2901.718482  
2906.724437  
2893.446477  
2879.071531  
2886.692144  
2878.151796  
2898.543996  
2898.75223  
2897.032593  
2901.405846  
2885.064084  
2882.297718  
2898.315673  
2903.304951  
2906.808351  
2904.822962  
2895.294764  
2900.763681  
2891.242557  
2907.071823  
2913.871051  
2901.748416  
2893.719191  
2882.238813  
2875.733921  
2879.439624  
2878.610077  
2876.961268  
2877.585891  
2875.721539  
2878.217699  
2890.450836  
2876.323155  
2876.616889  
2875.634847  
2888.585454  
2896.74279  
2911.223305  
2904.948284  
2913.533844  
2912.568911  
2910.573655  
2892.140295  
2897.931078  
2897.572077  
2887.377451  
2875.59114  
2883.737412  
2874.320142  
2878.480995  
2880.009955  
2881.644469  
2872.964672  
2887.400002  
2878.171244  
2886.299145  
2886.993523  
2871.559447  
2870.666058  
2886.880027  
2870.572794  
2884.55534  
2874.330733  
2875.23282  
2881.992634  
2879.045865  
2870.51682  
2879.334057  
2872.724991  
2880.297873  
2888.646666  
2891.977614  
2883.363355  
2894.628583  
2892.489581  
2906.789387  
2890.393961  
2916.077878  
2920.628073  
2939.257308  
2933.384452  
2933.639294  
2941.366505  
2937.377196  
2956.757945  
2941.55001  
2931.822997  
2922.245093  
2916.912964  
2902.706642  
2893.729872  
2889.495852  
2889.558488  
2874.173033  
2881.640585  
2870.360299  
2883.286351  
2875.432601  
2873.871462  
2875.797586  
2867.621008  
2883.789735  
2885.367479  
2876.314716  
2888.485778  
2872.933748  
2892.093587  
2860.830498  
2862.071759  
2886.29905  
2896.546012  
2905.592616  
2901.751091  
2894.278816  
2896.863825  
2891.375992  
2877.65571  
2872.444261  
2863.838213  
2853.344663  
2851.034455  
2846.506328  
2847.919969  
2854.48693  
2872.641045  
2873.297568  
2881.925097  
2893.736643  
2901.302472  
2900.0911  
2908.608471  
2910.718476  
2918.670183  
2919.093689  
2914.310001  
2919.420221  
2907.567871  
2912.409317  
2909.996445  
2900.7541  
2895.299447  
2896.16206  
2912.506547  
2903.520234  
2904.82483  
2901.660185  
2903.914943  
2904.333838  
2900.848927  
2909.99582  
2922.555369  
2924.619175  
2921.490819  
2927.18352  
2912.657982  
2906.498483  
2901.512818  
2884.355937  
2882.025298  
2881.870931  
2865.881757  
2861.343446  
2858.222326  
2861.56202  
2873.632535  
2873.527211  
2869.720372  
2867.761389  
2870.299808  
2884.678231  
2875.097558  
2892.168104  
2892.468891  
2888.804694  
2891.655071  
2906.981004  
2917.784031  
2922.63833  
2917.236291  
2930.790508  
2926.797776  
2922.512579  
2924.25671  
2920.324879  
2913.361682  
2907.185053  
2904.36838  
2892.223303  
2884.5495  
2868.233422  
2870.688281  
2867.568047  
2862.751324  
2869.953543  
2870.77593  
2861.956559  
2881.678274  
2885.744619  
2885.837371  
2894.178961  
2895.567607  
2890.167134  
2884.464487  
2895.529047  
2891.228148  
2892.302932  
2877.561186  
2887.687565  
2886.914106  
2882.355539  
2874.566724  
2877.445369  
2888.580177  
2884.199922  
2893.689917  
2902.506033  
2902.468889  
2909.635367  
2895.20234  
2906.040545  
2904.074068  
2897.720176  
2887.055873  
2889.778693  
2884.65879  
2884.007886  
2883.127542  
2882.974705  
2882.515617  
2870.331295  
2872.893395  
2868.669149  
2871.784744  
2876.010433  
2875.271578  
2874.202214  
2882.568689  
2879.079011  
2880.501635  
2892.620535  
2901.529236  
2905.318801  
2895.06342  
2893.151972  
2911.301342  
2901.747411  
2897.902403  
2898.811075  
2909.68766  
2892.369376  
2891.513512  
2895.485535  
2883.297535  
2891.575837  
2902.549744  
2891.688447  
2901.017117  
2894.007893  
2895.410863  
2891.691748  
2897.005194  
2904.063954  
2903.982308  
2906.814038  
2895.201235  
2892.607788  
2898.197061  
2897.086672  
2888.789074  
2885.127092  
2887.359645  
2880.259209  
2887.842406  
2876.227723  
2871.388923  
2882.915002  
2884.548833  
2881.142507  
2885.488419  
2874.97247  
2887.676752  
2890.010031  
2895.574688  
2889.164497  
2889.89677  
2879.222007  
2885.057554  
2873.769448  
2882.986544  
2883.005478  
2870.306179  
2876.173813  
