10002.5239  
9939.784505  
9952.410311  
9938.649781  
9887.527889  
9844.020771  
9805.33803  
9765.926452  
9750.099807  
9698.811767  
9675.602992  
9686.274835  
9732.249728  
9705.775537  
9704.55239  
9708.545304  
9707.609796  
9701.18584  
9725.167306  
9735.704105  
9739.991767  
9754.054629  
9774.049534  
9796.024859  
9811.470019  
9820.970132  
9827.267133  
9824.358066  
9826.849676  
9824.22885  
9847.847968  
9694.862945  
9850.142471  
9828.218873  
9820.23314  
9780.237845  
9833.434771  
9843.546833  
9866.339928  
9847.067641  
9860.356898  
9861.749224  
9832.169494  
9821.879629  
9805.500995  
9783.873203  
9765.798849  
9764.377778  
9748.984673  
9742.018004  
9736.272265  
9733.737314  
9729.784233  
9717.383397  
9751.819448  
9764.263293  
9788.9487  
9789.156645  
9790.362035  
9780.992841  
9774.966423  
9768.548  
9785.215367  
9617.194896  
9917.354973  
9962.949636  
9985.872826  
9999.89809  
9880.076537  
9915.717327  
9951.040772  
9921.396783  
9875.200886  
9907.25458  
9827.8746  
9716.885751  
9716.288111  
9657.327646  
9641.868553  
9622.252878  
9629.855638  
9618.203019  
9683.856989  
9732.929354  
9732.001763  
9658.735095  
9678.486407  
9683.858564  
9662.928283  
9651.402708  
9641.884186  
9622.284462  
9651.932593  
9644.528035  
9627.904077  
9650.968859  
9636.19839  
9623.906056  
9625.982188  
9627.655528  
9634.223948  
9637.891665  
9636.223463  
9631.052951  
9654.282563  
9671.248908  
9667.601623  
9659.957484  
9673.245592  
9688.063624  
9674.843184  
9675.061123  
9675.769859  
9676.344959  
9677.544298  
9692.656405  
9781.551561  
9750.127922  
9800.422187  
9832.430967  
9817.282533  
9832.784603  
9724.554166  
9740.662162  
9764.830802  
9737.800312  
9710.811607  
9687.540947  
9665.2319  
9676.027101  
9683.282282  
9681.985618  
9680.78904  
9671.500666  
9671.070608  
9670.525922  
9671.909989  
9668.659075  
9665.104585  
9662.006945  
9651.569186  
9639.37135  
9658.747516  
9654.849233  
9652.170945  
9664.082998  
9669.715402  
9687.198044  
9698.64521  
9706.204235  
9689.454364  
9696.35147  
9682.388739  
9707.823952  
9688.151639  
9693.270824  
9680.941761  
9709.033125  
9690.0366  
9743.814044  
9762.616286  
9775.742493  
9754.994834  
9783.734954  
9804.159763  
9833.355561  
9856.270639  
9779.922015  
9824.920726  
9809.39595  
9830.643793  
9845.709667  
9875.354018  
9834.179273  
9815.308471  
9797.402794  
9822.577818  
9787.947486  
9693.290499  
9628.831307  
9614.767224  
9601.413449  
9600.197247  
9616.912149  
9619.338067  
9627.382573  
9646.008938  
9648.43601  
9637.389289  
9642.845103  
9659.463038  
9660.620324  
9686.134183  
9690.62645  
9680.7037  
9698.784372  
9701.714615  
9717.68256  
9711.752453  
9703.790074  
9710.786616  
9700.647402  
9715.424684  
9709.191761  
9716.112732  
9714.186212  
9713.204744  
9718.785875  
9723.265207  
9736.590415  
9741.597894  
9745.418375  
9732.258009  
9754.878897  
9742.561114  
9735.302967  
9741.731821  
9743.972586  
9745.770585  
9740.557051  
9769.817334  
9752.887829  
9752.078281  
9763.878636  
9758.331509  
9737.432648  
9741.040707  
9726.348619  
9739.985511  
9756.840787  
9756.202116  
9756.873055  
9775.457856  
9765.244962  
9757.079848  
9762.495103  
9747.450774  
9768.064614  
9766.567469  
9721.91268  
9726.456536  
9720.010451  
9739.025007  
9744.408348  
9720.452712  
9717.934398  
9691.461749  
9678.51196  
9663.706913  
9640.360439  
9645.076125  
9661.302278  
9664.894862  
9698.814077  
9712.418387  
9731.799034  
9722.962332  
9757.105355  
9764.75169  
9781.344492  
9762.243143  
9767.35664  
9747.784062  
9743.97406  
9738.005944  
9733.4842  
9711.3443  
9711.483106  
9705.808761  
9738.982043  
9746.540214  
9730.611826  
9721.554322  
9776.232754  
9770.806008  
9790.165882  
9779.562169  
9788.410503  
9835.680058  
9797.490157  
9801.355987  
9823.16395  
9832.680149  
9861.068896  
9819.904237  
9901.728523  
9928.057035  
9809.985076  
9777.71384  
9712.941366  
9692.756157  
9673.998458  
9707.571584  
9723.35244  
9717.044369  
9706.625283  
9712.913368  
9717.207625  
9723.445371  
9727.372347  
9727.995293  
9731.52053  
9764.49231  
9728.015481  
9741.748148  
9725.253262  
9744.714715  
9730.946309  
9742.11853  
9729.996299  
9751.161624  
9758.863664  
9779.183693  
9779.369468  
9771.18031  
9801.223286  
9783.093702  
9795.69328  
9798.666967  
9783.927783  
9762.532131  
9823.440262  
9837.230824  
9814.202744  
9825.506244  
9820.498708  
9833.376489  
9815.083856  
9800.479791  
9798.135263  
9819.168161  
9794.008005  
9779.617307  
9759.608671  
9766.997527  
9761.003818  
9760.261292  
9740.4548  
9714.197533  
9723.13005  
9718.990243  
9731.111458  
9730.609212  
9730.914214  
9745.058922  
9759.692008  
9747.166078  
9759.218604  
9769.192448  
9755.62983  
9768.545597  
9763.765517  
9768.842455  
9755.650228  
9777.161312  
9751.729508  
9769.032868  
9743.842445  
9739.720052  
9728.602968  
9726.800666  
9732.73588  
9746.131614  
9724.105869  
9750.648282  
9737.95167  
9748.273556  
9756.615385  
9757.397084  
9748.110873  
9770.916267  
9758.481204  
9773.469768  
9757.969713  
9775.594965  
9760.298234  
9790.179548  
9767.229065  
9794.64884  
9830.89936  
9808.894423  
9811.127168  
9781.728993  
9780.70202  
9776.429715  
9749.844383  
9738.28506  
9735.182998  
9735.148737  
9756.160209  
9736.109722  
9762.423389  
9751.884562  
9764.513988  
9778.382025  
9790.047981  
9796.991135  
9803.217574  
9804.709909  
9784.263445  
9760.73691  
9760.238044  
9749.861106  
9738.367533  
9738.160871  
9719.282302  
9715.478411  
9717.844147  
9737.784815  
9735.137125  
9722.666629  
9732.447487  
9744.3665  
9760.108332  
9758.288362  
9779.639171  
9796.218874  
9805.235588  
9826.584871  
9840.221622  
9809.029809  
9851.692581  
9847.576749  
9784.471072  
9756.356939  
9772.528408  
9770.444967  
9760.179071  
9741.318808  
9719.233247  
9729.183031  
9763.361096  
9753.934287  
9744.148284  
9727.600279  
9729.491609  
9732.319125  
9748.830412  
9746.7516  
9759.062487  
9755.35354  
9762.345934  
9740.526106  
9736.606592  
9738.862246  
9726.713187  
9740.158836  
9738.142551  
9757.611591  
9743.5712  
9755.2221  
9772.791162  
9781.437002  
9793.059218  
9793.340038  
9849.80385  
9898.625164  
9911.347769  
9880.509194  
9863.960313  
9833.771522  
9794.131442  
9819.51374  
9781.440181  
9764.432611  
9750.780089  
9782.092042  
9780.9731  
9781.062403  
9773.000848  
9759.543172  
9765.288805  
9753.431817  
9760.778891  
9762.233175  
9763.37695  
9756.505528  
9776.771135  
9756.935877  
9779.849397  
9778.56123  
9780.904296  
9811.918146  
9825.898053  
9827.203309  
9772.53685  
9794.570028  
9786.883111  
9783.193741  
9769.153564  
9764.117505  
9751.378239  
9752.816565  
9752.176043  
9783.313599  
9789.775505  
9786.602033  
9789.346324  
9792.706994  
9825.864309  
9805.612919  
9814.090743  
9812.980502  
9817.073741  
9795.703206  
9747.104102  
9744.595195  
9770.998927  
9775.607003  
9772.371056  
9775.501055  
9766.043373  
9785.239399  
9779.301097  
9786.837133  
9780.654382  
9789.140077  
9818.264166  
9773.68629  
9810.993599  
9786.706367  
9794.391701  
9786.530635  
9790.253264  
9795.674555  
9788.6773  
9773.16208  
9755.283986  
9778.663723  
9756.89572  
9768.076704  
9779.230802  
9757.310968  
9768.225678  
9777.559809  
9826.877531  
9825.1745  
9817.212265  
9847.611089  
9840.083397  
9872.742425  
9912.775937  
9877.975939  
9860.565441  
9862.781276  
9843.12136  
9815.555287  
9813.733963  
9818.448293  
9785.472992  
9770.739627  
9741.327477  
9740.013512  
9745.849661  
9768.668037  
9786.672103  
9749.747096  
9788.038573  
9800.638871  
9767.528684  
9741.345482  
9752.353666  
9750.12794  
9711.915785  
9732.600995  
9722.558621  
9736.810763  
9726.358366  
9746.414036  
9736.366931  
9766.241831  
9783.613937  
9775.045749  
9810.845877  
9796.275964  
9817.575974  
9803.112002  
9798.809499  
9795.560846  
9771.912308  
9778.010885  
9795.946625  
9797.287438  
9780.474869  
9778.338186  
9757.14627  
9766.223712  
9769.747926  
9777.638997  
9777.850936  
9765.061486  
9784.389739  
9777.050925  
9789.060674  
9785.192992  
9782.920979  
9764.922567  
9765.75296  
9753.990959  
9781.914162  
