6147.864167  
6138.303067  
6094.079666  
6079.632021  
6082.45081  
6059.12092  
6033.443491  
5994.027685  
5986.500266  
5940.980146  
5916.670634  
5895.778086  
5899.451265  
5901.884944  
5902.127714  
5906.829508  
5906.489856  
5927.431344  
5935.733783  
5961.46832  
5977.545281  
6003.931868  
6017.759726  
6031.656611  
6047.693912  
6048.190352  
6051.449145  
6042.422226  
6038.388229  
6050.422912  
6067.834539  
5998.545476  
6070.388577  
6057.607398  
6059.853304  
6044.899526  
6056.503224  
6064.706313  
6074.011553  
6021.903806  
6028.32893  
6043.354396  
6029.002601  
6022.969346  
6001.451928  
5986.50356  
5962.021074  
5957.415118  
5962.838767  
5962.028677  
5958.641606  
5974.761711  
5990.489996  
5988.531513  
5989.340305  
6008.848208  
6010.792844  
6005.148593  
5989.638305  
5985.675385  
5963.398505  
5983.365067  
5971.978502  
5920.873086  
6036.390229  
5891.601462  
6029.516073  
6074.453633  
6056.123553  
6091.986554  
6090.39115  
6083.181147  
6106.802255  
6093.289603  
6033.33553  
5908.346168  
5933.984659  
5944.45631  
5918.08518  
5931.623256  
5958.709745  
5953.387221  
5977.47709  
5997.145238  
5999.497066  
5991.479792  
5975.407788  
5971.679817  
5953.213782  
5929.979446  
5923.437405  
5926.999884  
5917.204795  
5920.568513  
5913.233246  
5913.867655  
5919.37292  
5907.998759  
5904.209398  
5918.119984  
5928.710597  
5927.413704  
5931.843341  
5938.718648  
5929.653846  
5935.305754  
5930.44308  
5935.745745  
5938.856526  
5951.642035  
5966.03398  
5965.04276  
5968.933057  
5978.105226  
5987.809255  
5988.998023  
6019.340642  
5988.03733  
6030.494261  
6036.141577  
6030.744604  
6030.593348  
5973.724365  
5968.825766  
5989.65377  
5973.92964  
5969.442264  
5944.786183  
5927.214067  
5927.75099  
5940.441036  
5939.072449  
5928.478698  
5930.520304  
5914.605684  
5919.853978  
5920.849447  
5911.496541  
5911.367189  
5923.470763  
5909.653282  
5917.190561  
5923.46257  
5935.807802  
5929.026706  
5944.50943  
5957.176005  
5960.307338  
5980.083714  
5989.496394  
5989.395978  
5993.47946  
5985.906596  
5990.724357  
5991.315948  
5979.773014  
5973.430054  
5990.962429  
5998.579147  
6008.876473  
6020.886035  
6043.780359  
6044.348619  
6044.593225  
6051.703664  
6071.615493  
6077.216277  
6049.041872  
6052.956474  
6072.236625  
6097.727083  
6077.42654  
6078.566113  
6048.027395  
6025.679821  
6011.998579  
6003.9308  
5981.81249  
5935.129458  
5897.275051  
5880.865244  
5870.839249  
5866.333407  
5877.159128  
5878.65946  
5878.496214  
5887.723389  
5895.677324  
5896.595581  
5909.693345  
5925.094418  
5919.497227  
5923.793203  
5902.477832  
5912.024455  
5914.358628  
5936.909525  
5940.092806  
5956.077587  
5940.354258  
5952.414754  
5947.214174  
5951.082626  
5949.062346  
5967.966819  
5970.462499  
5967.788732  
5978.219482  
5982.299639  
5991.227791  
5987.001518  
5989.820356  
5987.238438  
5995.672864  
5993.42985  
5994.82915  
6005.958285  
6003.577538  
6000.307416  
6001.707871  
6023.979277  
6021.103541  
6015.05517  
6026.077543  
6018.811988  
6012.449453  
6006.791765  
6015.227413  
6020.043799  
6023.140754  
6040.448533  
6039.654662  
6036.199964  
6040.135667  
6036.445744  
6041.152959  
6029.249487  
6033.309984  
6026.497017  
6001.543434  
5999.00042  
5988.261864  
5978.59813  
5983.742684  
5971.108558  
5980.968591  
5950.180675  
5939.110553  
5936.379299  
5923.55458  
5933.825202  
5942.380305  
5950.505176  
5966.559354  
5986.486712  
6004.239167  
6015.979727  
6032.190432  
6034.882778  
6041.239986  
6017.545052  
6014.826883  
6004.875933  
5994.155744  
5991.918178  
5971.531297  
5978.122277  
5973.082663  
5981.38262  
5993.796577  
5998.091062  
6012.094702  
5985.829292  
6012.64737  
6025.730764  
6043.942296  
6027.846811  
6029.165668  
6055.395317  
6035.432616  
6054.918386  
6073.742886  
6073.325716  
6087.207446  
6066.409018  
6078.510669  
6048.819429  
6008.248598  
5964.292593  
5940.496775  
5926.178454  
5925.079979  
5937.760079  
5955.257042  
5956.088757  
5964.172701  
5974.685354  
5962.669374  
5976.21792  
5982.723995  
5980.717571  
5996.240306  
6006.822705  
5986.136282  
5997.252059  
5991.657727  
5976.625275  
5974.264987  
5972.102005  
5973.786473  
5969.332663  
5977.786325  
6008.283214  
6012.478979  
6010.928424  
6028.735429  
6030.924984  
6033.887448  
6033.833538  
6036.581352  
6037.207843  
6048.887785  
6055.241856  
6059.439015  
6067.565009  
6060.312859  
6053.194538  
6044.611691  
6035.122959  
6028.441727  
6031.40092  
6027.942883  
6017.642607  
6016.523418  
6019.044777  
6006.392724  
6001.943771  
5992.687587  
5986.997227  
5970.95735  
5980.305665  
5989.695487  
5991.150697  
6008.624277  
6005.650696  
6023.690415  
6017.454921  
6042.627286  
6031.71358  
6035.373229  
6028.405796  
6022.75776  
5998.36014  
6000.562011  
5995.880125  
5993.168096  
6008.152529  
5989.656928  
5985.66494  
5981.174554  
5982.049018  
5987.37169  
5989.171709  
6004.254864  
6005.524676  
6009.875072  
6012.207248  
6016.878523  
6036.594548  
6020.129724  
6037.547243  
6027.64909  
6024.083774  
6024.306724  
6031.23361  
6016.884248  
6042.466312  
6035.388511  
6035.23619  
6042.6228  
6038.585879  
6029.3617  
6012.085754  
6002.180503  
5992.145265  
5982.360162  
5978.439646  
5967.8626  
5963.86725  
5973.571794  
5983.109068  
5989.003457  
5980.141466  
5986.029237  
6009.495447  
6015.594943  
6028.457256  
6026.510492  
6021.057621  
6007.474758  
6000.9511  
5987.625111  
5986.043171  
5958.681441  
5966.165746  
5960.435318  
5963.059838  
5950.941053  
5967.855678  
5964.000259  
5961.234261  
5952.141496  
5955.992048  
5971.22293  
5979.951711  
5998.30173  
6016.606626  
6033.502653  
6034.231116  
6035.204852  
6028.721947  
6034.14516  
6016.345868  
5997.069557  
5987.634369  
5966.841989  
5970.60254  
5968.201361  
5958.429956  
5955.274543  
5969.765436  
5980.420459  
5991.498962  
5985.595713  
5969.122521  
5976.302237  
5968.424038  
5968.880156  
5959.144632  
5973.440137  
5970.959672  
5966.24434  
5972.913383  
5972.842655  
5975.880466  
5976.809424  
5977.476878  
5980.426024  
5982.98987  
5985.45583  
6010.191233  
5997.416596  
6010.767168  
6032.358706  
6053.039434  
6044.041842  
6050.669532  
6107.050402  
6081.704461  
6080.675709  
6029.626754  
6000.617907  
5988.380099  
5983.683467  
5991.156729  
5977.303811  
5978.465066  
5976.782806  
5971.353002  
5975.022881  
5968.419108  
5962.59676  
5973.105107  
5965.548633  
5964.598831  
5964.774177  
5980.092684  
5997.483339  
5983.537784  
5989.42586  
5996.364121  
6000.365545  
6023.501771  
6004.956106  
5999.24117  
5993.464051  
5987.522704  
5989.679278  
5985.256163  
5978.099503  
5975.89148  
5969.875178  
5976.560954  
5991.302148  
5987.142511  
5995.824406  
6010.729165  
6014.901784  
6018.485261  
6023.99045  
6035.888252  
6027.130391  
6033.968566  
6015.912675  
5997.597214  
5994.105312  
5999.605672  
5993.056631  
5992.431215  
5985.690364  
6006.059854  
6010.014364  
6018.536389  
6014.37772  
6017.348744  
6013.854298  
6015.505962  
6038.328929  
6029.867085  
6038.05225  
6034.027793  
6036.339954  
6025.459538  
6019.445599  
6025.105316  
6014.812645  
6004.241457  
6008.269631  
6013.29757  
6005.073038  
6014.536506  
6020.094179  
6007.408013  
6012.78624  
6005.949121  
6029.397305  
6039.920053  
6030.98757  
6051.825762  
6049.555583  
6065.810215  
6061.727303  
6033.365428  
6035.288885  
6034.858107  
6029.355388  
6023.001479  
5983.412401  
5944.195085  
5949.043963  
5937.98618  
5925.849567  
5925.56883  
5924.115061  
5943.859364  
5943.487528  
5942.880214  
5938.772945  
5943.110111  
5930.108278  
5925.650959  
5930.18059  
5921.859368  
5918.763561  
5926.125308  
5942.247809  
5948.890677  
5942.820703  
5947.888828  
5949.326066  
5971.005681  
5980.558221  
5977.467555  
5978.014545  
5993.854569  
5997.417585  
5979.663962  
5992.086767  
5973.293367  
5974.276354  
5973.839193  
5976.62416  
5978.32052  
5966.616535  
5956.756759  
5949.335027  
5952.558825  
5958.287916  
5961.590669  
5985.986155  
5969.118922  
5974.024193  
5986.405741  
6014.122568  
6020.006309  
6022.118256  
6017.170578  
6019.924656  
6024.181626  
6026.804566  
