0.8683477533  
0.401533205  
0.1936805696  
-0.07935088036  
-0.181438183  
-0.555446991  
-0.6657911322  
-0.6903703515  
-0.7832743791  
-0.6627258975  
-0.544061438  
-0.5867160421  
-0.5618775431  
-0.8028966673  
-0.8774361791  
-0.8403136801  
-1.006664119  
-0.856469926  
-0.7399762957  
-0.9423306305  
-0.5706323693  
-0.4298460853  
-0.4301865227  
-0.4273657113  
-0.2062501508  
-0.1985829192  
-0.1180615899  
-0.1348708343  
-0.04689541707  
-0.6665120724  
-0.1853944079  
0.05023153428  
0.201649818  
0.3417631971  
0.163807389  
0.2096929562  
0.381837033  
0.5203790941  
0.3198793476  
0.2966704663  
0.1343867116  
0.06797965405  
-0.1984330639  
-0.4917112735  
-0.3971278568  
-0.4955832984  
-0.6925598016  
-0.848308456  
-0.9207281445  
-0.7389945235  
-0.6608391543  
-0.2671346278  
-0.3062296985  
-0.2373954652  
0.2654419772  
0.5495548947  
0.7983266695  
0.7542187043  
0.7899106748  
0.5950571881  
0.5376535276  
0.2339947492  
0.2052460576  
-0.005706173586  
-0.4444172768  
-0.2431053333  
0.09561823744  
0.6750137733  
0.5888565369  
0.6796285111  
0.4777687128  
0.08558885558  
-0.09429302954  
-0.3256267666  
-0.8690944435  
-1.293493777  
-0.9575809565  
-1.014081574  
-1.712983275  
-1.334300852  
-1.078965092  
-1.032089331  
-1.154187318  
-1.308777881  
-2.249205869  
-2.106328199  
-1.309866893  
-1.105804199  
-0.945749115  
-0.6266801779  
-0.4660679154  
-0.2861074671  
0.08045024446  
0.05244593118  
-0.3131991529  
-0.07785556547  
0.3645359537  
0.3821297425  
0.7584876272  
0.9140055618  
0.9147109095  
0.8977064231  
0.9684568929  
0.7679844153  
0.532607749  
0.2492518683  
-0.1609117136  
-0.3003270158  
-0.1636548986  
-0.2564625369  
0.1327640304  
0.1773320119  
0.0304953632  
-0.1884848026  
-0.3808481097  
-0.5365387145  
-0.521879525  
-0.383919574  
-0.298625397  
-0.2621863167  
-0.4217516063  
-0.3695596673  
-0.1007510271  
0.9400792796  
1.802303555  
1.502872775  
1.17957342  
0.966994954  
1.030483442  
1.02913996  
0.8121754289  
0.3057199029  
-0.1178381026  
-1.414001284  
-1.045327418  
-0.8300920572  
-1.685127597  
-0.8952077138  
-0.7126605292  
-0.4778474939  
-0.5787910114  
-0.8079914883  
-0.4905711824  
-0.4588494273  
-0.3615051931  
-0.2760504686  
-0.5003865533  
-0.6821566524  
-0.6590887972  
-0.8388292384  
-0.6970975628  
-0.5298477483  
-0.582824852  
-0.5761433086  
-0.4991004559  
-0.8583970481  
-0.9595587728  
-0.7139996934  
-0.06989687194  
0.9723147318  
1.970740517  
2.193582102  
1.661851873  
1.246523472  
1.059271938  
0.2330477928  
-0.5167914808  
-0.2880255017  
-0.9252803775  
-1.352947636  
-1.232358383  
-1.420977741  
-1.461127402  
-1.5460553  
-1.673119312  
-1.894695876  
-2.124597651  
-2.016437343  
-2.093178902  
-1.827885489  
-1.474396023  
-0.9408939883  
-0.5856719534  
-0.4463010373  
0.01301029516  
0.5808690155  
1.01752094  
1.363986862  
1.221169147  
0.7993576947  
0.6972999624  
0.6811122981  
0.560726707  
0.4281766054  
-0.01540368434  
-0.5070735366  
-0.7424349647  
-1.411174457  
-1.55793038  
-1.512311426  
-1.253051664  
-0.9833008078  
-0.558422854  
-0.6901577325  
-0.5828977599  
-0.1327592758  
0.05357912584  
0.07830094245  
0.07715362039  
0.1929248151  
-0.0527327843  
0.2661327074  
0.2264658966  
1.097389666  
2.426294189  
2.668871293  
2.319761237  
1.825518736  
1.832924227  
1.397776941  
1.345431736  
1.066676279  
-0.6104934862  
-1.595132902  
-0.7768415019  
-0.7380445381  
-1.228677745  
-1.526418113  
-0.8981291296  
-0.7734270696  
-0.880506767  
-0.611002866  
-0.3715134424  
-0.2748182978  
-0.542495987  
-0.5001511928  
-0.5478918517  
-0.5888970283  
-0.6242020519  
-0.5456572707  
-0.3988024297  
-0.3386797997  
-0.6024839979  
-0.3600317886  
-0.1980177847  
0.0237062578  
0.1071484937  
0.3435262789  
0.4142655584  
0.7913238299  
1.79890313  
1.647246154  
1.551168646  
1.248856416  
1.726701772  
1.984495861  
2.025402576  
1.96524189  
1.873788805  
1.637554398  
0.7533026842  
0.02720417837  
-0.3688038645  
-0.9684666961  
-1.180475283  
-1.190708515  
-1.193756348  
-1.292671101  
-1.460652029  
-1.324680279  
-1.223454069  
-0.8308716335  
-0.4337011159  
-0.2673271653  
-0.4966408818  
-0.4700691395  
-0.6717474166  
-0.6221618087  
-0.4545716913  
-0.3629417858  
-0.5209048469  
-0.4622160908  
-0.2775190233  
0.8694345553  
1.417522157  
1.398068159  
1.047135824  
0.8341933005  
0.7981852532  
0.8947214675  
0.8203050119  
0.4666017452  
0.3817076343  
-0.1299921441  
-0.2309288511  
-0.4765549067  
-0.5315414832  
-0.6783221038  
-1.231752577  
-0.4053088203  
-0.2665675105  
0.3040861697  
-0.1780977583  
-0.4043814517  
-1.186678421  
-0.05052239021  
0.1736495967  
0.4768392592  
0.4143479468  
0.7399171865  
0.9914637933  
0.1535254678  
0.03130803369  
-0.1422131763  
-0.002854469068  
-0.05282758273  
-0.002063012937  
-0.3206694402  
-0.5929632821  
-0.8094172493  
-0.7481466761  
-0.5604615727  
-0.218331596  
-0.1104095985  
-0.3208394015  
-0.288566505  
-0.117993097  
-0.1057895807  
0.07930784318  
0.2292776236  
0.5541547886  
0.6053735508  
0.6981171059  
0.8095062228  
0.1076405345  
-0.1814559151  
-0.1730645972  
-0.2254238582  
0.0661985905  
0.3175664743  
0.4275481202  
0.2960839782  
0.08580254685  
0.05394550884  
0.508638649  
0.1769777158  
-0.02970055027  
0.3731989151  
0.8150283735  
0.8084821393  
0.8313922469  
0.7720084943  
1.030812827  
0.8665081781  
0.6771466597  
0.5242743182  
0.3947255957  
0.7243317312  
0.6551507968  
0.4539385795  
0.3172403185  
0.7877069287  
0.8587492754  
1.020162954  
0.8361160759  
0.539978428  
0.6213340768  
0.8014163333  
0.6344865044  
0.677460243  
0.8410459421  
0.5367009384  
0.5376844  
0.6297467979  
0.5998873318  
0.3582457288  
0.5358082708  
0.2618563312  
0.3052556987  
0.2342767959  
-0.04409564115  
-0.08918102543  
-0.03158804842  
-0.1520560529  
0.1737384181  
-0.6371923374  
0.4309330056  
0.9172522203  
0.7816630203  
0.8549522691  
0.6762619894  
1.165007289  
1.820911266  
1.635134328  
1.56357777  
1.683995035  
1.350756444  
1.269499184  
0.9184886831  
1.242908033  
0.5093815525  
-0.3530425831  
-0.09534870022  
0.3234699447  
-0.1596430433  
-0.09291189368  
-0.277075377  
-0.4102584271  
-0.786901588  
-0.5837655675  
-0.375881927  
-0.4868460539  
-0.3892182879  
-0.294940847  
-0.3329130117  
-1.717134515  
-1.887767247  
-1.100721713  
-0.3534297151  
0.4872421624  
1.141968195  
0.7391289646  
0.7106290752  
0.6973144373  
0.2859585768  
0.1957222004  
-0.443170862  
-1.305863978  
-1.805524085  
-1.929869607  
-2.077776567  
-2.060945798  
-1.842700462  
-1.642528988  
-1.280725772  
-0.9515002995  
-0.4435680143  
-0.2782454673  
0.05961245117  
0.2406880342  
0.5001118531  
0.5539333366  
0.5050120125  
0.5713432149  
0.6839090699  
0.5257332201  
0.9519237654  
0.6903913153  
0.6792449491  
0.6026030222  
0.8485555215  
0.6351929854  
0.7256878135  
0.8006499446  
0.9666856302  
0.7393441839  
0.6280850303  
1.172580317  
1.606703167  
1.622586145  
1.563427957  
1.388997131  
1.610693556  
1.175316515  
0.8998337723  
0.4187970377  
0.4623665072  
0.2943826995  
0.2446639254  
0.1921792298  
0.1431646547  
0.01331636787  
-0.02667955186  
-0.1001064846  
-0.2520153759  
-0.5994651859  
-0.2807411185  
-0.3194648907  
-0.1249898347  
-0.1147218513  
0.4798274434  
0.5739366356  
0.4259092657  
0.6805310829  
0.5323872044  
0.7437086023  
0.05263316847  
1.042026989  
0.6526685177  
0.9178339886  
0.9767492639  
1.175052387  
0.7974549192  
0.6961846509  
0.376959048  
0.1688786989  
-0.2523513733  
-0.514511753  
-0.8005381927  
-0.9162432725  
-1.384052752  
-1.138010758  
-1.219386477  
-0.868086797  
-0.871982644  
-0.4576397638  
-0.2364322661  
-0.1152313232  
0.0278279145  
-0.2053139013  
-0.1937359332  
-0.199963407  
-0.2042354984  
-0.04608104616  
0.1016837757  
0.1648967523  
0.04610400786  
0.1837012779  
0.1153609963  
0.05027703883  
0.1851274066  
0.136302033  
0.4943446504  
0.8754705271  
0.9136619529  
1.193341818  
0.8688026081  
0.877251275  
1.067506346  
0.921842184  
0.8312919079  
0.5478766871  
0.4439454092  
0.4138179989  
0.7587931701  
0.5977631306  
0.6607667446  
0.2904210584  
-0.4158933515  
-0.5187792959  
-0.5166925597  
-0.4459502155  
-0.5950037386  
-0.2859210124  
-0.3436266217  
-0.2871131889  
-0.2539613132  
-0.1775934561  
-0.4349379682  
-0.5739318526  
-0.9525898032  
-1.170175835  
-0.8875050303  
-0.729901092  
-0.5157652806  
-0.7045950981  
-0.5129795068  
-0.5751878849  
-0.4433034648  
-0.4097587785  
-0.4046895603  
-0.2333193044  
0.06969919688  
0.1928661117  
0.2970331729  
0.3151034482  
0.4033368561  
0.2523212673  
0.3116052392  
0.6901232674  
0.739161986  
0.5180544914  
0.5069108251  
0.5362927953  
0.7227365905  
0.6479366913  
0.5003097164  
0.03920251334  
0.2396269838  
0.08368148989  
-0.2735823514  
-0.3818075928  
-0.601059221  
-0.5161985194  
-0.240677437  
-0.4254807677  
-0.2008008165  
-0.09208807119  
-0.0472721441  
0.1817708185  
0.3839737062  
0.1751643732  
0.02908743527  
-0.1797236859  
-0.2904831389  
-0.1753939044  
-0.3308781585  
-0.2377706693  
-0.1270163806  
-0.1197756744  
3.691302832  
2.786395441  
2.516216331  
1.841906327  
1.252871911  
0.1919038227  
-0.6077618868  
-1.25959381  
-1.632577595  
-1.990304675  
-2.016610711  
-2.294257844  
-2.148985368  
-2.204959585  
-2.159757194  
-2.008708364  
-1.967230978  
-1.677658477  
-1.555870993  
-1.398022964  
-0.9871248862  
-0.8461562742  
-0.3861412261  
-0.03981652889  
0.1214935072  
0.2416653835  
0.4242138397  
0.3381707307  
0.4423995862  
0.5010820246  
0.3817182446  
-0.1882805668  
0.5752111738  
0.4706246894  
0.4165815464  
0.7851889361  
1.175591824  
1.478035866  
1.469987381  
1.288143087  
1.393901586  
1.074724206  
0.7929968156  
0.3556917903  
-0.3893963637  
-0.8595043621  
-1.174055095  
-1.272995024  
-1.368630266  
-1.446352879  
-1.217983816  
-1.398104216  
-1.048356347  
-1.060749933  
-0.8964343073  
-0.6334921132  
-0.3802845903  
-0.2627603761  
-0.2573046462  
-0.4103169367  
-0.6715058782  
-0.8020540093  
-0.6750880281  
-1.009080599  
0.07907273753  
-0.03544987262  
0.007716470909  
0.3219460912  
0.5906376742  
0.5934288989  
1.179412665  
0.8500296352  
0.9435786655  
0.6204922439  
0.9651409623  
1.316924512  
1.441800929  
0.9832410004  
0.6642070327  
0.6550647088  
0.8912623565  
0.8296214627  
1.266465056  
1.584617859  
1.517687313  
0.8577427646  
0.9708239913  
0.5508764442  
0.1465732033  
-0.3225145108  
-0.6321583063  
-1.159281546  
-0.8767890311  
-0.9163225428  
-0.9992826314  
-0.6834837039  
-0.9490619491  
-0.8939846619  
-0.7684007276  
-0.733817453  
-0.4401956313  
-0.5266849514  
-0.4573531466  
-0.3028331126  
-0.1093324571  
-0.1053305475  
-0.3866553831  
-0.3862022428  
-0.2108228353  
-0.3067002816  
-0.2859376614  
-0.2417819597  
-0.1199949854  
0.006627651234  
0.1856742207  
0.4275469873  
1.177926295  
0.9230406853  
1.00213485  
1.234343709  
1.109813565  
1.368819702  
0.749668734  
1.1075977  
1.306483369  
1.174177268  
0.6458710516  
-0.001434730733  
-0.4698654771  
-0.5641195491  
-0.6254538708  
-0.8150935807  
-0.8571048636  
-0.8466151861  
-0.9577260535  
-0.8571853885  
-0.680787353  
-0.9989653769  
-0.9465917143  
-0.9293345526  
-1.100738263  
-1.134846496  
-1.184424559  
-1.14176852  
-1.152859727  
-1.046613455  
-0.7420173767  
-0.6620043693  
-0.3165549589  
-0.1143926947  
-0.1415089903  
-0.104991858  
0.2393570613  
0.06151421434  
-0.04123839384  
0.05941931944  
-0.148720316  
-0.01389626074  
0.158151894  
0.4180991417  
0.8182387841  
1.006404304  
1.013589627  
1.453114709  
1.444762403  
1.713304024  
1.779177339  
1.074939867  
1.051026454  
1.359518622  
1.349816716  
1.531767159  
1.679220876  
1.231735079  
0.6534001171  
0.4406706277  
0.3896036597  
-0.1679126966  
-1.301877913  
-1.5731463  
-1.96941526  
-2.248656163  
-2.347399685  
-2.328710034  
-2.179379582  
-2.041003566  
-1.825986769  
-1.595984614  
-1.387172257  
-1.143774373  
-0.8256494984  
-0.9439730137  
-1.037927791  
-1.031103623  
-1.199752937  
-1.273387474  
-1.113401614  
-1.107918591  
-0.899022685  
-1.022132201  
-0.6199205409  
-0.4936473405  
-0.6550939033  
-0.6914313207  
-0.6089249593  
-0.6579965624  
-0.3922928613  
-0.2596367137  
0.05560641099  
0.3467398668  
0.3363383514  
-0.0179413088  
-0.25586737  
-0.07340520359  
0.01706741587  
-0.000865879097  
0.111991317  
0.0369277578  
0.3266653928  
0.2320096828  
0.5257742899  
0.3555199575  
0.5325849455  
0.4785988441  
0.5218452077  
0.2460639592  
0.09993558769  
0.06496048708  
0.3147714828  
0.3233482252  
0.4590960271  
0.2676277459  
0.4084379464  
0.3352991514  
0.3297595191  
0.1601929619  
0.1902344938  
0.2562818872  
0.2488030848  
-0.07227426386  
-0.3293306424  
-0.3609583328  
-0.3211613247  
-0.2391462243  
-0.5834753048  
-0.3525697513  
-0.8169504822  
-0.5570600892  
-0.6359675781  
-0.8745766452  
-0.8146273566  
-0.9164849748  
-0.6376437025  
-0.4534324036  
-0.3840713279  
-0.06537660159  
-0.09166357949  
0.302381348  
0.8734082322  
0.7528990393  
0.6998767438  
0.7550643521  
0.7874120443  
0.5618934811  
0.3338239948  
-0.1172362402  
-0.3375089262  
-0.2203673998  
-0.1785840594  
-0.1952132318  
-0.02523620409  
0.03266997918  
0.0925703045  
0.4643768825  
0.6291775317  
0.7093620211  
0.6340445029  
0.7220257086  
1.214790419  
0.9786009064  
1.180435809  
1.172878682  
1.648340257  
1.931825979  
1.260429848  
1.32078593  
1.451899524  
0.5682167104  
-0.02964609083  
-0.8417586667  
-1.005672545  
-1.386171902  
-1.179807377  
-1.010170996  
-0.9724140708  
-0.9693892926  
-0.6946210209  
-0.668254653  
-0.5779142231  
-0.4986866498  
-0.66424932  
-0.5696204075  
-0.2414851089  
-0.6425389058  
-0.3374620339  
-0.3683561514  
-0.2698377028  
-0.4626949975  
-0.5055615543  
-0.2505563776  
-0.1074964262  
-0.01937060976  
0.1206438383  
0.3672560799  
0.3931857565  
0.8314188735  
0.8582162967  
0.9936363146  
0.6974908468  
0.6389749036  
0.5140919224  
0.8235517137  
0.8496120846  
0.9131349972  
0.8425327247  
0.7875781889  
0.8564676265  
0.8306736199  
0.536875989  
0.5246864084  
0.4532384346  
0.3833891748  
0.293337187  
-0.0757484607  
-0.1770100678  
-0.06520585406  
-0.3097866037  
-0.345829974  
-0.6510550454  
-0.5814405597  
-0.5252406263  
-0.5437775908  
-0.6426140167  
-0.4854630703  
-0.4827055819  
-0.2454514319  
-0.2289982024  
0.05861306935  
0.3014332957  
0.4500062292  
0.7200474882  
0.4407958642  
0.2437764973  
0.2843051904  
0.2146173413  
0.149936597  
0.04629079487  
-0.3431307136  
-0.4640375187  
-0.6370106975  
-0.5056756854  
-0.443840297  
-0.2973850185  
-0.0606772123  
0.1532595458  
-0.000144768678  
0.3713625268  
0.2445282895  
0.2467293715  
0.2344977973  
0.5915920263  
0.5837094717  
0.4078233605  
0.2804002207  
0.2457111221  
0.1214153144  
0.4242271364  
0.5543880992  
0.5821935573  
0.9377447276  
0.8708187375  
0.5434808906  
0.5589903426  
0.4652811124  
0.5158673262  
0.1690284164  
-0.1068590467  
-0.4512192529  
-0.3925267389  
-0.2391832463  
-0.4828837403  
-0.4335956544  
-0.3608947961  
-0.2122387704  
0.1594437103  
0.22894668  
0.4860013551  
0.5014659985  
0.4407264827  
0.2512464271  
-0.009463677891  
-0.4387745311  
-0.4783398336  
-0.9097120669  
-1.033653623  
-1.047616946  
-1.06579865  
-1.002228954  
-0.8135723448  
-0.6397837463  
-0.5134269632  
-0.4427712405  
-0.04854106611  
0.0806463716  
-0.009395493768  
-0.02117381108  
0.0923380585  
0.545392011  
0.6344313789  
0.8411795137  
0.9209180018  
1.044069292  
1.022484162  
0.7240503814  
0.5573359699  
0.1741191704  
-0.08384713847  
-0.33051514  
-0.7099607551  
-0.8129764024  
-0.5744091053  
-0.466021215  
-0.2286250057  
-0.2017446294  
-0.09894256589  
0.1473299641  
0.05996559896  
0.08234492898  
-0.05209350152  
0.01206532939  
0.04930801476  
-0.2676377765  
-0.5387989679  
-0.8881435925  
-0.7504806522  
-0.8157622364  
-0.8742350057  
-0.7353561904  
-0.5427439143  
-0.8309022385  
-0.6727674013  
-0.6133259602  
-0.2467286084  
0.04327088864  
0.3653722853  
0.9874972282  
1.199416173  
1.920896819  
1.833686602  
1.668398119  
1.252052868  
1.060245828  
0.8902344334  
0.5648535371  
0.07255336168  
-0.2563336398  
-0.393865892  
-0.2233203124  
-0.2937170611  
-0.5280305261  
-0.6250239999  
-0.6039334822  
-0.6818093682  
-0.5477327737  
-0.6395348996  
-0.4025860949  
-0.4187824973  
-0.4976983698  
-0.1882385618  
0.0009751022824  
0.09411710121  
0.08286516822  
0.4156590893  
0.7145820188  
0.761277431  
0.5048532202  
0.68255437  
0.7010170651  
0.700363876  
0.6868048478  
0.6243097081  
0.8676822934  
0.8758229184  
0.8565435257  
1.117734463  
1.132326021  
1.135891114  
1.408627094  
1.618803518  
1.577025005  
1.417028573  
1.115632484  
1.146571807  
0.5407527349  
0.1853414064  
-0.4394260267  
-0.4010155633  
-0.4405336125  
-0.4358143947  
-0.1944739337  
-0.1377670145  
0.06265486062  
0.02368796037  
0.3111349635  
0.4036519916  
0.2312331287  
0.3386500674  
0.6602948629  
0.4860201062  
0.8686624565  
0.3452380946  
0.2144519322  
-0.0009716796139  
-0.2913171999  
-0.4730796831  
-0.7252094236  
-0.5832101235  
-0.793827691  
-0.4758293533  
-0.2259538504  
-0.339936273  
-0.2682203481  
-0.4183661391  
-0.4043425398  
-0.2259201043  
0.03103505689  
0.1877430349  
0.3211990167  
0.7119765317  
1.107221143  
1.384579239  
1.295345722  
1.209191429  
1.010747726  
0.696978279  
0.465085559  
0.2209967961  
0.1120913212  
-0.1200995191  
-0.2658114844  
-0.1064041062  
-0.3135639732  
-0.2301549751  
-0.3602735802  
0.01791939548  
0.06444126636  
-0.4436927316  
-0.2971417897  
-0.3712170146  
-0.7272645064  
-0.5923626494  
-0.4876625527  
-0.7911553399  
-1.122400684  
-0.9845298542  
-0.9174663147  
-0.9474888728  
-0.8895199758  
-0.9225017157  
-0.6100389084  
-0.4057136577  
0.07413222698  
0.162705832  
0.6494195497  
0.5741586973  
0.7701711936  
0.6156392517  
0.4986714677  
0.09295634486  
-0.06020543503  
-0.05597953511  
0.2175285541  
0.1836767473  
-0.02030795688  
-0.138003874  
-0.3933995783  
-0.4161076984  
-0.2863921306  
-0.2847098246  
-0.184574228  
-0.1932530952  
-0.2150358429  
0.1106051174  
0.3093472754  
0.4360650777  
0.5141809441  
0.3234175485  
0.526761477  
0.6612749727  
0.7802621202  
