0.730471303  
0.5609083761  
0.2950611294  
0.1154199725  
0.01283917411  
-0.5539620871  
-0.4799747716  
-0.2505132367  
-0.2935942134  
-0.2131651558  
-0.3698868978  
-0.5518852566  
-0.3912633219  
-0.5817994846  
-0.5653438147  
-0.3844900032  
-0.3436360715  
-0.1012513274  
0.03424359638  
-0.05250175406  
-0.1162005885  
0.3095299779  
0.3981954098  
0.2702863457  
0.5345060138  
0.5776608359  
0.468271411  
0.7665529633  
0.8424068913  
0.6335368353  
0.6248958931  
0.9779235493  
1.142756647  
0.977581591  
0.9582440204  
0.867967583  
1.153845445  
1.035960768  
1.083830213  
1.098907318  
1.298993526  
1.117525775  
0.7145408078  
0.6112521433  
0.4584157658  
0.4762294008  
0.2397618041  
0.3455689059  
0.2599972549  
0.08248553835  
0.2395704875  
0.3630018316  
0.1845007201  
0.1510009219  
0.4207641717  
0.5371070287  
0.5419065185  
0.423492504  
-0.09935612636  
-0.06403023033  
-0.05878016925  
-0.3309745778  
-0.134465444  
-0.04895677191  
-0.1986180383  
0.2920795728  
0.538396882  
0.6073011778  
0.4639865542  
0.4221118677  
0.4794259451  
0.06111827983  
0.01520337846  
-0.2036789854  
-0.5929886571  
-0.7083098373  
-0.9104745429  
-1.166743398  
-1.676251337  
-1.690893041  
-1.585515952  
-1.659384786  
-1.544342255  
-1.379487833  
-2.175062854  
-1.983167695  
-0.920430006  
-0.611564721  
-0.6957223826  
-0.4684878691  
-0.5410550284  
-0.2310410415  
-0.2209808998  
-0.06908829632  
-0.2832506689  
-0.3872085582  
0.2955788189  
0.2211099784  
0.4263223795  
0.4290765202  
0.1688008001  
0.06130358998  
0.0810056768  
0.01736896295  
0.1437033772  
0.07966460024  
0.08241386436  
0.1088044362  
0.07996109536  
-0.2690689707  
-0.2557209012  
-0.5201373805  
-0.7659092424  
-0.6298590652  
-0.8202184705  
-0.8238433746  
-0.7888467774  
-0.5789163191  
-0.4417189527  
-0.1904694337  
-0.1478668066  
-0.2957636942  
-0.6798700809  
0.5952435895  
1.289616241  
0.904774763  
0.5680155266  
0.4733233051  
0.5733059938  
0.4388993612  
0.6192295947  
0.5502094616  
0.393248892  
-0.5725795778  
-0.2743357583  
-0.3110376949  
-1.366475998  
-1.244155289  
-1.241568348  
-1.144905085  
-1.122698955  
-0.8828678314  
-0.9082453921  
-0.9589807402  
-0.806155222  
-0.9453906053  
-0.7687197416  
-0.9192305749  
-1.145677659  
-1.164620645  
-0.9632282827  
-0.9560522836  
-0.8641196081  
-0.761154542  
-0.5458499991  
-0.9101560302  
-1.211095978  
-1.769887031  
-1.246135029  
-0.5649718035  
0.5516325478  
0.6317458616  
0.5437349535  
-0.1725753968  
-0.2440020251  
-0.7347367794  
-0.6367629309  
-2.056691319  
-2.457067303  
-2.229370651  
-2.373437721  
-2.679603521  
-2.626837296  
-2.761310794  
-2.568000481  
-2.753303992  
-2.770603131  
-2.6231493  
-2.479254403  
-2.268768294  
-2.174224174  
-1.946646387  
-1.617337607  
-1.599559629  
-1.534640861  
-0.9953285476  
-0.6847713361  
-0.08340531764  
-0.2982333327  
-0.724550171  
-0.6790538832  
-0.9682956998  
-0.7407408349  
-0.8201070415  
-1.077427372  
-1.100857285  
-0.9815401743  
-1.373757926  
-1.456508486  
-1.427648835  
-1.540410982  
-1.35851963  
-1.455070718  
-1.218412967  
-1.100168519  
-0.6491808019  
-0.549486792  
-0.7294817915  
-0.952187659  
-1.016725  
-1.342458249  
-1.153748891  
-1.121470318  
0.1687000519  
0.8613361066  
0.7089778996  
0.2515389138  
0.1262912793  
-0.009549457594  
-0.1447653628  
-0.293705738  
-0.07927073626  
0.4563782064  
0.4648143716  
-1.154632577  
-1.4864294  
-1.521399847  
-1.953742085  
-1.28881699  
-0.8456005758  
-0.8757851049  
-1.004074856  
-0.5649475365  
-0.2388349395  
-0.3770614387  
-0.1396522441  
-0.07776663737  
-0.1575246439  
0.1400882944  
-0.0517666294  
-0.09995076584  
0.1150533456  
-0.03211476388  
0.1692227339  
0.1354027738  
0.2024560203  
0.2937257902  
0.4543029672  
0.2881349599  
0.8270102444  
1.012376209  
1.154958859  
1.292087934  
0.9723580645  
1.269230953  
1.011693494  
1.137557788  
0.9178802664  
0.7698925101  
0.9428392071  
0.08370330189  
-0.3114292935  
-0.4852236159  
-0.7367643462  
-0.9949049813  
-1.066652814  
-0.9581631018  
-0.5386991069  
-0.5277748644  
-0.3356906116  
-0.3936944239  
-0.3653275594  
-0.7245633864  
-1.022235025  
-1.238956632  
-1.149428551  
-1.076895155  
-0.8872470543  
-0.5201952197  
-0.4142382825  
-0.6876459088  
-0.6795704502  
-0.3302011931  
0.2442453186  
0.6656740654  
0.7847561273  
0.5562092764  
0.5867959221  
0.572235298  
0.6406002245  
0.7062815596  
0.5977675661  
0.3015616628  
0.1769337027  
0.1769467962  
0.01326416385  
0.07812264785  
0.4987320857  
-0.3309055022  
0.03505826649  
0.3018196789  
0.4961650298  
0.1811836619  
-0.3805379053  
-1.691757377  
-0.3088357817  
-0.0777553404  
0.1040251219  
0.1460334668  
0.8908589338  
1.930084724  
0.4100086864  
0.2971836767  
-0.2187079033  
-0.1682371018  
-0.2765615495  
-0.1114611599  
-0.3425620409  
-0.230810155  
-0.3736189919  
-0.2501659752  
0.3134230862  
0.4119574334  
0.460785635  
0.241511441  
0.02370313247  
0.1974540959  
0.1767088586  
0.2957176681  
0.334580866  
0.5927148607  
0.7250867555  
0.8565860809  
1.019569143  
1.238497207  
0.8612006898  
0.7943450372  
0.4030942717  
0.499253521  
0.5058791323  
0.3235380914  
0.0867203703  
0.4774964638  
-0.1012827241  
-0.2550868617  
-0.3353679409  
-1.048692281  
-0.6359346968  
-0.4963717092  
-0.2683269764  
0.1390558051  
0.4287065093  
0.2921354685  
0.1185645717  
0.2830026956  
0.5525839675  
0.5235063609  
0.5241686581  
0.6673184606  
0.6862570247  
0.3325682616  
0.5043071206  
0.6392872243  
0.8101471148  
0.6995663916  
0.4466730932  
0.3863043011  
0.4671665522  
0.5608132307  
0.7698562981  
1.166270672  
0.847008914  
0.9757522554  
0.801626853  
0.8956055313  
0.6940323139  
0.797090892  
0.6174344918  
0.6004949655  
0.4625825802  
0.3622762948  
0.1622209151  
0.2653485449  
0.04075521491  
0.8155540529  
-0.7275692979  
-0.6174913205  
0.5748825377  
0.2094905447  
-0.01521093106  
0.000937027569  
-0.1200569078  
1.014800011  
1.184283578  
0.9116353886  
1.022016456  
0.2759950372  
0.1696342103  
-0.163512422  
0.1653452102  
-0.4118791971  
-0.9713524472  
-0.9979946442  
-0.4484759449  
-0.4572227949  
-0.5595542118  
-0.7873907698  
-1.003195937  
-1.617997594  
-1.077859784  
0.01440673114  
-0.2043449073  
0.24515303  
0.06013248784  
0.1230175769  
-0.9900502172  
-0.8578098598  
-0.7019788757  
-0.1327056793  
0.04397956468  
0.05677578527  
0.1703382151  
0.2490265756  
0.3097709115  
0.08592238109  
0.07901583073  
-0.0530406219  
-0.4874048144  
-0.6135985677  
-0.8370026057  
-0.7700166644  
-0.8275921802  
-1.025176175  
-0.7290555556  
-0.5762861813  
-0.1209848392  
0.1366979737  
0.3271641978  
0.4906603435  
0.3819963245  
0.9281477249  
0.8989705347  
0.5906526698  
0.5538642405  
0.4969488782  
0.4503981004  
0.5482217323  
0.6059397205  
0.359786346  
0.4167511411  
0.6417104743  
0.660166745  
0.7107769454  
0.7060490072  
0.9052774521  
0.8040353899  
0.5366737626  
0.8915304517  
1.462468368  
1.389763922  
1.471898503  
1.411234404  
1.497183546  
1.214659151  
0.7134318992  
0.5757259915  
0.2665450931  
0.6441832391  
0.723971358  
0.5723047153  
0.4472941758  
0.1674047963  
0.1113983066  
0.1130508905  
0.06668495249  
0.2128379949  
0.4905237777  
0.1114796298  
0.3725941707  
0.2855419351  
0.7465063148  
0.9522198095  
0.1959640622  
-0.477253431  
-0.5086735086  
0.6145367524  
-1.199806166  
0.1429691231  
-0.1691125325  
-0.06539893266  
0.0495475253  
0.2398042617  
0.2020169082  
0.6008940461  
0.5821453033  
0.4670856802  
0.1610344198  
-0.1666080098  
-0.3376024082  
-0.5815780944  
-0.7468691397  
-0.4627843435  
-0.5989755135  
-0.3599364297  
0.2674941033  
0.3681823573  
0.7176715691  
0.3958637335  
0.4436833478  
0.2573921633  
0.1986082155  
0.2631937531  
0.2503351509  
0.2604883363  
0.3601957538  
0.2745884856  
0.2722119041  
0.2605972885  
0.3061055153  
0.4282017148  
0.3316635337  
0.2145934034  
0.5012239545  
0.8513370167  
1.009576194  
0.9074593531  
0.6998895584  
0.7755016389  
1.054819121  
0.92448677  
0.9653214295  
0.8140250331  
1.083614624  
0.8335570089  
0.8779406496  
0.6199880085  
0.540647983  
0.3140971151  
0.01138651693  
0.06166942151  
-0.147381063  
-0.2543998181  
-0.1122409587  
0.1319255726  
0.2272571435  
0.08920944672  
0.1692066017  
0.4008449259  
0.3164681273  
0.2621767417  
0.4528945743  
0.421592287  
0.480962873  
0.6791128995  
0.5489440538  
0.6920735951  
0.510587293  
0.5030329889  
0.2435989599  
0.4271302052  
0.5524658777  
0.6397770016  
0.5550642836  
0.6886416246  
0.9933872612  
0.8710271287  
0.7912981833  
0.9901724365  
0.7692792769  
1.357825967  
1.2266528  
1.170677978  
1.208769225  
1.390274932  
1.431474045  
1.343747309  
1.138188329  
0.6732365415  
0.6286331484  
0.5324883103  
0.3610455544  
0.2491061937  
0.1393381557  
0.174245006  
0.4602123839  
0.4171339527  
0.551481474  
0.6988953966  
0.7458938603  
1.014560059  
1.132674294  
0.932160232  
0.8003242019  
0.9725475924  
0.7999658999  
0.7697342331  
0.815617485  
0.8133325576  
0.6053402753  
0.5047349322  
2.709563962  
2.53324362  
1.807614054  
1.550931767  
1.674521383  
1.233622118  
0.8157052303  
0.1097838954  
0.03719212458  
-0.7025277353  
-1.093325198  
-1.459088802  
-1.334431771  
-1.337021159  
-1.305866366  
-1.214137249  
-1.244585039  
-0.8580201691  
-0.7664143578  
-0.3585567716  
-0.1275638668  
0.3591254795  
0.5652863966  
0.7467038155  
1.05044552  
1.005823239  
1.054164463  
0.9170321944  
0.8469182855  
1.076479434  
1.379501148  
0.1387531196  
1.415627338  
1.191073686  
1.209492316  
0.9271785292  
1.141006169  
1.260726973  
1.428176781  
0.5064041427  
0.6624183395  
0.941516979  
0.6605566927  
0.5754508071  
0.1995462114  
-0.03980400657  
-0.463157179  
-0.5234520076  
-0.4302418847  
-0.4161136249  
-0.4788159301  
-0.1590847866  
0.1049390584  
0.08767088547  
0.06921726699  
0.4430011873  
0.4390768408  
0.3613684431  
0.01240918911  
-0.003473931294  
-0.4223981096  
-0.01243095606  
-0.2380049912  
-1.111139733  
0.8837063883  
-1.564656076  
0.918010748  
1.568481214  
1.286598503  
1.870811096  
1.888294549  
1.659002904  
2.156721246  
1.858959536  
0.8300352638  
-1.512618996  
-1.058908432  
-0.9028112367  
-1.375398547  
-1.140612451  
-0.6633660405  
-0.7873265058  
-0.3545250225  
0.01896586148  
0.0512678077  
-0.1057459895  
-0.4150435011  
-0.4670723813  
-0.7383798842  
-1.145624362  
-1.237896347  
-1.171891616  
-1.327746814  
-1.234564869  
-1.341216424  
-1.353625299  
-1.22299304  
-1.453646005  
-1.529436872  
-1.268365893  
-1.130178669  
-1.144090601  
-1.090216243  
-0.9760109625  
-1.134465423  
-1.048257519  
-1.131024353  
-1.034484211  
-1.020072263  
-0.7779525843  
-0.5247400305  
-0.5438699919  
-0.5101776302  
-0.3433377322  
-0.1765122819  
-0.1424792102  
0.3898109388  
-0.1702013426  
0.5994718828  
0.6986506875  
0.5647273888  
0.6097512435  
-0.4219538855  
-0.4881935354  
-0.09789362532  
-0.384710585  
-0.4548511145  
-0.8954817486  
-1.175924443  
-1.176388884  
-0.9391161688  
-0.9810699972  
-1.156778442  
-1.118806966  
-1.39963831  
-1.274954129  
-1.251038971  
-1.409997809  
-1.436102088  
-1.197213686  
-1.450242319  
-1.298112487  
-1.16407158  
-1.011868673  
-1.098947689  
-0.8358087155  
-0.6278105791  
-0.572028431  
-0.2483509018  
-0.09742913952  
-0.09005801512  
-0.08265655965  
-0.2330287961  
-0.1106304547  
-0.08674879245  
-0.2932577625  
-0.4323886218  
-0.09555541886  
0.07957851843  
0.2323694184  
0.4365196461  
0.820603258  
0.8040965135  
0.8118041005  
0.9115925399  
1.278008505  
1.417307653  
0.9467120458  
1.005402255  
1.3393556  
1.804052565  
1.510506065  
1.539581561  
1.000570291  
0.6546887873  
0.4020188757  
0.3128100926  
-0.07949946126  
-0.9375916482  
-1.57925889  
-1.842600899  
-1.995679259  
-2.038863223  
-1.851043006  
-1.800434162  
-1.831145052  
-1.693804362  
-1.522168113  
-1.587389332  
-1.339401447  
-1.05590716  
-1.182301853  
-1.115164197  
-1.481504132  
-1.296116023  
-1.279998861  
-0.8588665447  
-0.8064407064  
-0.5553752934  
-0.8652425776  
-0.6434888543  
-0.7486792554  
-0.6891737229  
-0.7460858475  
-0.3952519652  
-0.3490298357  
-0.4217134395  
-0.2513207764  
-0.1754205883  
-0.008786527211  
-0.09348215618  
-0.04598279694  
-0.1123254383  
0.03018986697  
0.005102198261  
0.03537916578  
0.2245328584  
0.1709274771  
0.1016419581  
0.1240818547  
0.4934614103  
0.4539506011  
0.3475051747  
0.5337016829  
0.4124767457  
0.32010781  
0.2367641312  
0.3514644841  
0.4724475393  
0.5149500075  
0.7895758397  
0.7720191038  
0.7179088637  
0.7768754101  
0.6716060277  
0.8183623605  
0.5528909716  
0.6919825807  
0.5679845053  
0.0859994335  
0.0783643903  
-0.08142980682  
-0.2772545792  
-0.1594997829  
-0.3241433689  
-0.1809654108  
-0.7160592727  
-0.9136856224  
-0.9641812648  
-1.157725619  
-1.003977692  
-0.8355352637  
-0.6992007165  
-0.4284847144  
-0.1061889329  
0.2011342665  
0.3962280717  
0.6881894658  
0.6929804005  
0.8269742536  
0.3750764813  
0.3508458086  
0.1777096829  
-0.01012017086  
-0.04393774926  
-0.3823016419  
-0.2516124079  
-0.3524074589  
-0.1830527774  
0.02067017531  
0.08483339306  
0.3469890011  
-0.1495018707  
0.3287250654  
0.5659182211  
0.8621836924  
0.5900926332  
0.6286298055  
1.07563069  
0.7272981498  
1.04907209  
1.401277214  
1.37611295  
1.63928683  
1.261948098  
1.478308835  
0.9998283097  
0.2949816735  
-0.4879247127  
-0.8473992485  
-1.063502086  
-1.093378878  
-0.8635574885  
-0.5490680723  
-0.5477726124  
-0.4146343884  
-0.2220118487  
-0.4158204653  
-0.1937717765  
-0.1124198331  
-0.1564468972  
0.1534134876  
0.3148856336  
-0.05564734915  
0.1212224564  
0.06598086861  
-0.1940230155  
-0.2489962205  
-0.2645336784  
-0.2734010791  
-0.342365386  
-0.2085392587  
0.3221595295  
0.3657777914  
0.3453076935  
0.6535388209  
0.6395821235  
0.6959565104  
0.7018209071  
0.7332708609  
0.7712713873  
0.967472677  
1.07538011  
1.167221504  
1.314730123  
1.15951913  
1.061665247  
0.865429395  
0.6931806448  
0.5764716596  
0.640491666  
0.570627706  
0.426307209  
0.3907213861  
0.4732207245  
0.2357141789  
0.1355585826  
0.003614095625  
-0.1142078698  
-0.3871667907  
-0.2110864061  
-0.06722096948  
-0.006708324369  
0.2936985961  
0.2213645124  
0.5404351215  
0.4182145536  
0.8941159609  
0.6612100262  
0.7146014915  
0.623815887  
0.507756326  
0.1058420291  
0.1693794169  
0.06152981982  
0.02046716297  
0.2726732426  
-0.03881317379  
-0.1146336771  
-0.1782910293  
-0.1565430436  
-0.07573638622  
-0.08261065003  
0.2174756821  
0.2297346721  
0.2765566959  
0.3108982818  
0.3855591121  
0.7538652059  
0.4342038989  
0.7364754841  
0.5695386437  
0.5039460804  
0.5349253152  
0.6766587066  
0.3902022955  
0.843545634  
0.751606681  
0.7328648085  
0.8594834565  
0.7618048468  
0.5999336671  
0.295791551  
0.1538688693  
0.006230316892  
-0.2011041979  
-0.2441827215  
-0.3970514581  
-0.5163247711  
-0.2986798782  
-0.1408417291  
-0.01090892318  
-0.1900790802  
-0.1121056735  
0.3338215038  
0.388306806  
0.6434892734  
0.6003585009  
0.5037304991  
0.2424793621  
0.1515306163  
-0.06882382542  
-0.04910494781  
-0.5469992573  
-0.3937608573  
-0.4883224483  
-0.4237494188  
-0.6609849653  
-0.3558879452  
-0.4506411683  
-0.4917285564  
-0.674035929  
-0.6020589065  
-0.3455509621  
-0.1921730699  
0.1390871429  
0.4378420548  
0.7608623011  
0.7438528  
0.7578575211  
0.6470112795  
0.7464159795  
0.448274677  
0.1126208808  
-0.05788404579  
-0.4456514955  
-0.3355565106  
-0.3617345454  
-0.525956004  
-0.5804140474  
-0.2954532082  
-0.1417104437  
0.05012516307  
-0.05511455566  
-0.3822193824  
-0.2095442432  
-0.3496267718  
-0.346908329  
-0.5259110267  
-0.28808405  
-0.319388117  
-0.4213547237  
-0.3112166396  
-0.2609603809  
-0.2409150637  
-0.2260230636  
-0.2124080636  
-0.1767406784  
-0.116925648  
-0.08071044472  
0.3597688833  
0.1157542346  
0.3418877419  
0.7174000369  
1.085488679  
0.9008888901  
1.029630542  
2.010329656  
1.536450656  
1.571548328  
0.6302816667  
0.09812927137  
-0.07676524963  
-0.1530318146  
0.007161549953  
-0.2312224988  
-0.1982795488  
-0.2616823441  
-0.3415658559  
-0.2856535849  
-0.4074476862  
-0.5190747639  
-0.3129910729  
-0.4673088698  
-0.4998231172  
-0.4795829764  
-0.2216230432  
0.09888378825  
-0.1421770389  
-0.07341240933  
0.07038533087  
0.1221174382  
0.5616215431  
0.2473968712  
0.1337930982  
0.0380826178  
-0.04869429354  
-0.03424846792  
-0.1021434478  
-0.2628693062  
-0.2757018766  
-0.4155379451  
-0.299965277  
-0.01613936917  
-0.0996616222  
0.04255642531  
0.3029102625  
0.3717699324  
0.408436598  
0.519770531  
0.706959301  
0.5388949802  
0.7147874081  
0.3603238203  
0.09299178134  
0.03848263281  
0.1392246971  
0.03163898772  
0.0271770836  
-0.1189251712  
0.2433882799  
0.3199986199  
0.4757254732  
0.3862906013  
0.4211877356  
0.338425975  
0.3819499029  
0.7756467724  
0.6373369826  
0.7863923378  
0.6773742486  
0.7674037607  
0.55392303  
0.4652326053  
0.5787119247  
0.4163316606  
0.2297609919  
0.3051266517  
0.3865369166  
0.2467955646  
0.4218088846  
0.5205840914  
0.3195951566  
0.3788677194  
0.279956618  
0.6715965556  
0.8619022456  
0.6952137864  
1.049422892  
1.018985663  
1.277846533  
1.183836555  
0.6909804765  
0.7485128259  
0.7733804843  
0.6997334408  
0.5866274364  
-0.1094960335  
-0.8470368059  
-0.6938344251  
-0.885358412  
-1.097644218  
-1.099338461  
-1.115591531  
-0.7524925492  
-0.758160001  
-0.7814274406  
-0.8743826867  
-0.7991701129  
-0.9797803277  
-1.090736662  
-1.009273578  
-1.133004264  
-1.153497266  
-1.010437539  
-0.744710695  
-0.59335152  
-0.7171805274  
-0.6601696693  
-0.6440934452  
-0.2791125037  
-0.1169200179  
-0.1804216565  
-0.2010957777  
0.1198962036  
0.1800583934  
-0.1638533568  
0.04821356997  
-0.27252679  
-0.2823470771  
-0.2788852884  
-0.2185102964  
-0.1916945266  
-0.439570851  
-0.5727667946  
-0.7206151926  
-0.6534464355  
-0.5448441493  
-0.5089359705  
-0.07208389308  
-0.3870552366  
-0.3305246779  
-0.0864776998  
0.4292193532  
0.4970342325  
0.5185386038  
0.4114521144  
0.4697438405  
0.5572397159  
0.6077467911  
