-0.2439101603  
-0.564042939  
-0.6738384349  
-0.8477718496  
-1.054672796  
-1.157885705  
-0.6692537726  
-0.6921953189  
-0.8003270843  
-0.7106877906  
-1.080140488  
-1.091723102  
-1.096017403  
-0.7953117471  
-1.021939097  
-0.4365398042  
-0.653776976  
-0.5910530932  
-0.3102021352  
-0.3079173673  
-0.6157033785  
-0.1520498263  
0.04097572876  
-0.0608942074  
-0.01582966692  
0.4134467789  
0.1644549093  
0.04110702848  
0.2026990802  
-0.3866536098  
-0.2211518631  
0.0556375069  
0.516409242  
0.6459771013  
0.3091045762  
0.6640545433  
0.6012968083  
0.8600680127  
0.5209469323  
0.8420759236  
0.3804155747  
0.4616194921  
-0.04134692067  
-0.07044043483  
-0.3007416691  
0.0832917793  
-0.04848214106  
-0.2557083989  
-0.5882964555  
-0.4737614882  
-0.5967955679  
-0.5732653347  
-0.8761725902  
-0.7723017492  
-0.1777506353  
0.01591532333  
-0.09838252125  
-0.3001480143  
-0.2577892177  
-0.2428459044  
-0.7376417122  
-0.6420645872  
-0.6566005976  
-0.5027137087  
-0.8609947098  
-0.5883878442  
0.002621461164  
-0.1655845545  
-0.2791391328  
-0.1670590342  
-0.5579497523  
-0.5015576922  
-0.6429501863  
-0.6804649911  
-0.9567140773  
-0.6934175031  
-0.3768070219  
-0.5493043734  
-1.144114216  
-1.275806325  
-1.724933403  
-1.620509514  
-1.387822708  
-1.171809512  
-1.568087111  
-1.363512551  
-1.160183092  
-0.7189066571  
-0.8490856253  
-0.8233392262  
-0.6367873441  
-0.5430340105  
-0.4868055059  
-0.4618808399  
-0.3708582404  
-0.4974076969  
0.05210799849  
0.1764879612  
0.2069564619  
0.5206960227  
-0.1401695497  
0.1147189646  
-0.05455131053  
0.4040049514  
-0.0435576481  
0.3483609633  
-0.2637118148  
-0.4170941557  
-0.4328100545  
-0.3946002198  
-0.3536459841  
0.02875148249  
-0.07610293748  
0.1351026726  
-0.1567063324  
0.2616615215  
-0.01440021483  
0.1067505354  
-0.09229749049  
0.1476149879  
-0.2876482475  
-0.1736334458  
-0.164146554  
0.9192200755  
1.593991249  
1.152199667  
0.7996904528  
0.8571255795  
0.7680016301  
0.961364128  
1.113801747  
0.9504251159  
0.6220555083  
-0.4529940188  
-0.3916226945  
-0.2385793209  
-0.7767676223  
-0.8686993597  
-1.06002917  
-1.3276885  
-1.041798469  
-0.6885727074  
-0.603314625  
-0.5134089223  
-0.3718048558  
-0.7366810096  
-1.007987188  
-1.137828196  
-1.026547036  
-0.9911869102  
-0.9326563005  
-0.3645273037  
-0.5840950685  
-0.3059634733  
-0.22191616  
-0.4396762411  
-1.174210564  
-1.456387139  
-0.7259849114  
0.02500650854  
0.3431222324  
0.6375166453  
0.4391193781  
0.6162030058  
0.5420327149  
0.2009411171  
-0.2610956769  
-0.02183960686  
0.09674631161  
-0.9918274331  
-0.7147311776  
-0.9365440124  
-0.7774017192  
-1.348167834  
-1.591606406  
-1.375749294  
-1.523737685  
-1.057193433  
-0.9888433371  
-0.8060349156  
-0.7222422374  
-0.4087943449  
-0.2698741134  
-0.5754013595  
-0.8877419962  
-0.3131831652  
-0.04507377121  
0.3177548885  
-0.1146439276  
-0.1391273854  
-0.1109453162  
-0.03225786339  
0.05678456291  
0.003862464331  
0.06983194249  
-0.1778481195  
-0.4097107309  
-0.3090047709  
-0.3461076312  
-0.5023904146  
-0.9109854459  
-0.6743351266  
-0.5879385743  
-0.05217468432  
-0.04849945787  
0.5492487607  
0.488493403  
0.361712152  
-0.134979464  
-0.1539590012  
-0.1863859485  
-0.5994849879  
-0.3680841621  
0.526251313  
1.191009248  
1.368096443  
1.282493741  
1.407006831  
0.5943944532  
0.9124395239  
-0.2825740313  
0.8467064859  
-3.652321815  
-1.938456087  
0.1504676603  
-0.844249081  
-0.5092805418  
-2.167357665  
-0.7755182187  
-0.782279346  
0.08728668017  
-0.5946962664  
0.08321127175  
-0.08294440178  
0.2302090217  
0.05070142757  
0.4786927424  
0.1126224603  
0.2981882948  
-0.1255302322  
0.2582568451  
0.158407078  
0.3372219127  
0.06685111823  
0.2213743733  
0.07413101241  
0.6266851845  
0.437728692  
0.492172165  
0.6843670146  
1.369565256  
1.454119007  
1.463290815  
0.8981078622  
1.321171814  
0.9662874255  
1.203854007  
0.9247675645  
0.8567252194  
1.014985753  
0.7735872205  
0.3128177214  
0.5105710655  
0.2391668963  
-0.04481382319  
-0.3339328587  
-0.09013501152  
-0.08697638575  
0.03179010677  
-0.1558557732  
0.1387812965  
-0.1075186993  
0.4575857084  
0.09356868018  
-0.2419449018  
-0.6909106457  
-0.5148400655  
-0.6103920095  
-0.4688247768  
-0.2305185993  
-0.4344346445  
-0.394624024  
-0.2750097821  
-0.3133309073  
0.3525199807  
0.64611915  
0.2028044346  
0.1770044391  
0.3759620718  
0.483292244  
0.4767132348  
0.4671830704  
0.2799685285  
0.2014591089  
-0.4755675161  
-0.5148169317  
-0.4206209816  
-0.3448035829  
-0.8458219254  
-0.7601270158  
-0.6672594067  
-0.5548763598  
-0.8040234998  
-1.04719477  
-2.028174218  
-0.4301738084  
-0.1668113727  
0.09475222978  
-0.01224985526  
0.4594786192  
0.7276634897  
-0.4397001115  
-0.4464607234  
-0.6557973443  
-0.3830617215  
-0.2301387004  
0.1982466318  
-0.1957817126  
-0.3799212632  
-0.5115186959  
-0.1115672756  
0.05377745699  
0.2341384639  
0.09250903062  
0.3805100373  
0.4446338946  
0.5456162394  
0.6213754961  
0.6465211928  
0.4916943758  
0.4580482225  
0.6515300416  
0.7867590919  
0.3701371693  
0.6229610941  
0.2950656895  
0.1004267116  
0.03986301863  
0.336584093  
0.4917902112  
0.5026919792  
0.9354944165  
0.4697564129  
0.4084039052  
1.103430916  
0.5712741086  
0.1190017725  
0.3299309257  
0.7205454021  
0.6942191341  
0.7608344686  
0.4100617004  
0.6535781286  
0.5859581018  
0.5839939955  
0.5430463665  
1.003664928  
0.9225328219  
0.4599513036  
0.829760572  
0.4418902145  
0.467127008  
0.9583796292  
1.166725006  
0.5475066301  
0.6537861255  
0.4051064008  
0.7855414032  
0.6086715982  
0.6475118377  
0.7658699908  
0.4190517838  
0.575420153  
0.5179616658  
0.4957358182  
0.2672302583  
0.3105490424  
0.3765995125  
0.3275991244  
0.5200024348  
0.4741220451  
-0.1149481144  
0.2628730961  
0.0951868205  
0.1523627773  
-1.437814539  
-0.2015728473  
0.2990477292  
0.2634834114  
0.3121804745  
-0.2523896176  
-0.5605708619  
0.5611224011  
1.420250785  
1.266259574  
1.197683757  
0.395461207  
-0.1327111828  
-0.6231995435  
-0.1773795778  
-1.394388514  
-2.038098571  
-1.711543715  
-1.290407445  
-0.3299183614  
-0.4754897889  
-0.6951195716  
-0.5480333105  
-1.409869569  
-1.454477793  
-0.4800479466  
-0.6232846124  
-0.4393396031  
-0.404860413  
-0.4045362903  
-1.220743955  
-1.01349972  
-0.8265204038  
-0.5896453202  
-0.3974743285  
-0.3171238566  
-0.2066938817  
-0.1177093735  
0.3901886256  
0.4703250454  
0.3759002716  
0.4056109366  
0.06783016058  
-0.1337448857  
-0.8694684799  
-0.2203828539  
-0.6394438626  
-0.5442279458  
-0.3215010027  
-0.3777388406  
-0.09241331431  
0.195380879  
0.6311547704  
0.8079018601  
0.7532996187  
0.914675014  
0.9495409584  
0.8821865943  
0.3166185951  
0.6255413616  
0.6322215858  
0.5909427523  
0.7695561964  
0.6843905558  
0.5606187459  
0.4535343843  
0.7582402455  
0.6626606975  
0.7277960537  
1.02110058  
0.5475500908  
0.3248883143  
0.756541141  
1.027811  
1.026696852  
1.11686097  
1.00194576  
1.292970836  
1.108874572  
0.8252274987  
0.5803891906  
0.5859857084  
0.2907532086  
0.4878753767  
0.4948373449  
0.23151967  
0.04742506663  
0.04343981651  
-0.2819190748  
0.2357010685  
0.01296001037  
0.08678077339  
-0.09617063119  
0.1145212068  
0.1617586956  
0.9163982981  
0.3194918783  
0.6162963851  
-1.418893108  
-0.9073324585  
0.5033985763  
-1.193458407  
0.02073296359  
0.2783319423  
0.3318738015  
0.693319731  
0.6836802357  
0.6899022373  
0.8781806019  
0.7051238715  
0.6251023598  
0.4644018128  
0.1522563913  
-0.1361220651  
-0.04192142792  
-0.4814236064  
-0.4375712193  
-0.3969961059  
-0.3627613829  
-0.1352514308  
0.04207627108  
0.07615952475  
-0.2523426482  
-0.09293781336  
-0.05874419494  
-0.2394855155  
-0.539841721  
-0.039603308  
-0.2136070227  
-0.1607762023  
-0.09995121473  
0.1035126626  
-0.04969538775  
0.02905339595  
-0.1669491826  
-0.2343550102  
0.1414696361  
0.02479589944  
0.624922239  
0.6276787686  
0.5823104719  
0.6139550696  
0.7520935466  
1.225571995  
0.9736510903  
1.003017954  
0.6333998632  
0.5886709951  
0.4728550207  
0.9080058397  
0.6817987113  
0.6218543249  
0.3270300477  
-0.1061270945  
-0.2468507102  
-0.1194236287  
0.0011666164  
-0.1990253034  
0.2367207083  
-0.2249094541  
-0.3725731244  
0.07246828801  
-0.2401381905  
0.03071905994  
0.03496850505  
-0.2060374122  
-0.744122903  
-0.3207841442  
-0.08161941568  
-0.3448950123  
-0.2320608629  
0.1531336782  
0.08636327066  
0.3273759696  
0.1357041316  
0.05737522527  
0.09314280495  
-0.06724363475  
0.01890338061  
0.1166474366  
0.3603614712  
0.3003951032  
0.1044762701  
0.1075359823  
0.653796696  
0.6601536959  
0.4768352345  
0.6913652811  
0.8177165441  
0.9996331263  
0.7861895217  
1.155122247  
0.2931804197  
0.3379855382  
0.5232408592  
0.2724470525  
0.0784085209  
0.1672036484  
0.01041680143  
0.1671158783  
0.3894105688  
0.09822079693  
0.3318802728  
0.4887213024  
0.4384522863  
0.7214694481  
0.7207433831  
0.6596327614  
0.5786371005  
0.9262184811  
0.7200232715  
0.622858908  
0.8686178074  
0.4340550145  
0.5769821466  
0.0655294013  
-0.276175008  
-0.02278375194  
-0.2714712386  
-0.6068740168  
-0.9513818396  
-1.010288959  
-1.789079954  
-1.839231977  
-2.172845972  
-2.160181861  
-1.601522733  
-0.8568446782  
-0.9500863834  
-0.5261985238  
-0.5365739189  
-0.5211359195  
-0.1967235841  
-0.1875755455  
-0.163878512  
0.2729651191  
0.04536945205  
-0.07582303967  
-0.1125308565  
0.1640191306  
0.09276058148  
-0.3484198652  
-0.531479942  
-0.5135581043  
-0.5694909775  
-0.3905150114  
-0.3895223498  
-0.3758646152  
-0.2878409517  
-0.7896221891  
-0.5202340349  
-0.3360027916  
-0.1994419533  
-0.4284900674  
-0.8767858742  
-0.7331404776  
-0.7297437148  
-0.9654950776  
-1.303950918  
-1.548425225  
-1.666456521  
-1.614772392  
-1.518282872  
-1.462241444  
-1.169872418  
-0.9930140395  
-1.015261443  
-0.968317565  
-0.9325732963  
-0.7129940055  
-0.8666248144  
-0.9409166255  
-0.7330350081  
-1.000170095  
-1.070690104  
-1.169924299  
-0.9857288296  
-1.385191408  
-0.9926116774  
-1.897063027  
0.143320078  
-3.25415237  
-1.509786062  
-1.130837537  
-1.48722447  
-1.20839593  
-1.72777528  
-1.104053702  
-1.696682351  
0.9687802232  
1.878585633  
1.988267555  
0.6476323406  
1.060387236  
0.9919068452  
1.300609772  
1.08856486  
1.474186272  
1.346530807  
1.034977805  
0.4534461187  
0.2865721893  
0.09774472458  
-0.1448510189  
0.001828953043  
0.1494763273  
0.1995494578  
0.7781555411  
0.7907183162  
0.6122031115  
0.5665077821  
0.3321587918  
-0.02229697226  
0.3471403439  
0.4758710691  
0.3743897717  
0.574988873  
0.7700690788  
0.5744635032  
0.7652670637  
0.6340493865  
0.6380947964  
0.4369812547  
0.3182745754  
0.6519438313  
0.6334278042  
0.6260249833  
0.7159164063  
1.011564667  
0.9501780909  
1.067682345  
1.120811414  
0.8710755359  
0.6725506095  
0.5620892713  
0.3857421799  
0.07558530152  
-0.3037064189  
-0.03634667373  
0.06355635842  
0.04894230407  
-0.3872262492  
-0.4170036166  
-0.8105342703  
-0.4678286932  
-0.1111725752  
-0.3332646874  
-0.3113512246  
-0.2358764609  
-0.3909014149  
-0.4534333953  
-0.4007752095  
-0.8170778452  
-0.5084855284  
-0.6778485503  
-0.7142087529  
-0.3756648704  
-0.4261824069  
-0.1913719245  
-0.211089119  
-0.03917984838  
0.1153314265  
0.0234876048  
0.4820545084  
-0.1898292604  
0.3042588065  
0.2432437482  
0.4733311864  
0.2457027437  
0.1681668527  
0.09257703357  
0.1238216762  
0.07434162984  
0.1815458012  
0.2831466671  
0.901336786  
0.5499844173  
0.5844129151  
0.4913079046  
0.590193603  
0.4030105953  
0.2312301516  
-0.3776209445  
-0.2984666031  
-0.1611891833  
0.1777235927  
0.09332500128  
0.3703861411  
0.1235089963  
0.06413244481  
0.2046658347  
0.1583460275  
-0.1673052999  
-0.74260104  
-0.9049754212  
-1.174596207  
-1.273586572  
-1.12914494  
-1.234411627  
-0.800822933  
-1.347979842  
-1.128965769  
-0.9075709052  
-1.335897537  
-0.7978230885  
-0.7151166962  
-0.6792162801  
-0.6099521139  
-0.3853323798  
-0.470192244  
0.07937195862  
0.1945515176  
0.4286737833  
0.3544944352  
0.170705108  
0.3475198583  
0.1237723224  
-0.05721978256  
0.0232477197  
-0.1559634847  
-0.01354659173  
0.1217371293  
0.1294933667  
0.5620524915  
0.4644776321  
0.1919507828  
0.2002098172  
0.002016156913  
0.1501373096  
0.09465599183  
0.2457231734  
0.1375597802  
0.1676184239  
0.3471005963  
0.4240209415  
0.8541559293  
0.495057813  
0.5247278706  
0.4695873347  
0.467542896  
0.3163547188  
0.3279474561  
0.07481946604  
0.311311486  
0.4422668408  
0.4888354533  
0.3462545911  
0.2585280683  
0.01238231924  
-0.04003795033  
-0.3803912755  
-0.3994125751  
-0.401249333  
-0.537628219  
-0.5640604074  
-0.9763368677  
-0.8440268111  
-0.6879753887  
-0.8546377014  
-0.8348625551  
-1.230464174  
-1.289833315  
-1.027196968  
-1.006596568  
-0.9812205493  
-0.6958585126  
-0.4947171858  
-0.2999594479  
-0.4642564422  
-0.06313808512  
0.09057966007  
0.007585080818  
0.4967284946  
0.4516113075  
0.2942043002  
0.1218168547  
-0.0594892083  
0.144180012  
-0.3560191436  
-0.3105495174  
-0.5723025185  
-0.4775426125  
-0.4678898161  
-0.1935947449  
-0.1044368014  
-0.2415093641  
0.1431942306  
-0.06221653406  
-0.1416173383  
0.1826399045  
0.2201514722  
-0.2045997565  
0.0786994076  
0.1818950975  
0.2675325021  
0.2780116806  
0.1609152437  
0.1104067264  
0.2371088445  
-0.1461653682  
0.07890247613  
0.05792513457  
-0.7569791431  
-0.8809698621  
-0.864697913  
-0.5826981119  
-0.4715613365  
-0.1133937454  
-0.1638242813  
-0.01814067298  
-0.03345963227  
0.4142466425  
0.2388512695  
0.499901501  
0.436147617  
0.4248007306  
0.3165279205  
0.1311241712  
0.2100396219  
0.07588236961  
-0.04851700198  
-0.076608274  
-0.2779942719  
-0.07863959858  
-0.1476232939  
-0.07391005831  
-0.1143220591  
0.141957911  
0.009369145482  
0.1050996371  
0.3535041037  
0.4463330826  
0.6495400353  
0.445592365  
0.4511497012  
0.3869061328  
0.6404025843  
0.5144923808  
0.4495981293  
0.3065772735  
0.3381252583  
0.1686868811  
0.1796060289  
0.3078674354  
-0.4512535695  
-0.003105447136  
0.05469569582  
-0.2978060918  
-0.1042956265  
-0.0381686043  
0.1942133634  
0.1473623564  
0.2258354879  
0.3628667075  
0.07390050558  
0.5425665749  
0.649087229  
0.7176719921  
0.4684131913  
0.4636261101  
0.4980120825  
0.5896203327  
0.5498706618  
0.7829496578  
0.717847754  
0.1457027946  
0.03624488374  
-0.269329641  
-0.3988078408  
-0.317960358  
-0.1637457085  
0.002364700096  
-0.1058069277  
-0.2835271497  
-0.1909781383  
-0.1230652247  
0.0998806749  
0.194408117  
-0.1110846375  
0.1774695243  
0.1151811897  
0.0340956189  
0.4402874544  
0.007969800943  
0.1200797938  
0.2415815025  
-0.3603104943  
-0.208189953  
-0.08224206664  
-0.2185518504  
-0.05222149566  
-0.2594033852  
-0.3340295046  
-0.02123837263  
-0.1195846363  
-0.2518064178  
-0.2121976553  
-0.05441633727  
0.2535872712  
0.108310123  
0.1431220553  
-0.2112682709  
0.1250150632  
0.2662009741  
-0.1077815025  
0.4718048149  
0.09352488786  
0.4485481073  
0.4325622105  
0.4771612128  
0.4112600049  
0.3647500646  
0.1473557576  
0.2505928332  
-0.0166917116  
-0.6047787216  
-0.6111993255  
-0.6062228004  
-0.9132450622  
-0.7804116485  
-0.6884562651  
-0.221782186  
-0.5255842667  
-0.03568830058  
-0.1424887108  
-0.3519196692  
-0.1043961047  
-0.03883569858  
-0.2346906499  
0.0005543016779  
0.02108828676  
0.2579091016  
0.2769823838  
0.6407992558  
0.5875498119  
0.5319079796  
0.1241311899  
-0.204401551  
-0.4054413582  
-0.6019607795  
-0.7350503912  
-0.2965020906  
-0.4290976681  
-0.05485866331  
-0.1788399659  
0.1937188998  
0.2228960439  
0.5266008333  
0.4513046026  
0.2305100907  
0.009745110097  
0.3827569974  
0.1843083778  
0.290456431  
0.3557045718  
0.2169925883  
0.4842124281  
0.5756604489  
0.6553055609  
0.5798513394  
0.3934459018  
0.510270176  
0.5346977128  
0.5250758575  
0.423179095  
0.3926226622  
0.7636040715  
1.091057669  
0.8534793537  
1.166466972  
1.598372121  
1.157044492  
1.508983428  
1.254610294  
1.073992852  
0.4753146269  
0.3135403568  
0.1605240398  
0.3041363446  
0.4230679042  
0.4158990613  
0.6366999774  
0.7727082965  
0.4127490906  
0.3115763352  
0.09404839297  
0.3440381254  
0.3192913879  
0.27855207  
0.4491917493  
0.3087992452  
0.3295641718  
0.1745719302  
0.513645782  
0.6052056375  
0.4129387426  
0.865996284  
0.2216087461  
0.3151453762  
0.3098996019  
-0.2598832987  
-0.3156347936  
-0.4238582816  
-0.2521649613  
-0.4107508808  
-0.9752509605  
-0.5421692639  
-0.4978986368  
-0.4206183238  
0.1523469751  
-0.1793503737  
-0.04326930959  
0.2823828796  
0.181390272  
-0.0143658212  
-0.1420874344  
-0.2449412685  
-0.3670929468  
-0.340353087  
-0.9466120759  
-0.3130000974  
-0.4741006746  
-0.1188062947  
-0.05911804837  
0.1308971301  
-0.1607357229  
-0.05299565389  
0.3190296582  
0.07093965432  
0.05996869905  
0.2146672706  
-0.01192659994  
0.4115586074  
0.1474376324  
0.308938182  
0.352753011  
0.3401873076  
-0.1807291411  
-0.1566299916  
-0.3661821163  
0.1202078597  
-0.1335938777  
0.1529266841  
0.2788163457  
0.351054153  
0.6024605422  
0.3780920171  
0.3950585488  
0.5406970355  
0.43360332  
1.317856638  
0.7765706053  
0.5760902219  
0.7873070677  
0.4262949806  
0.7050450308  
0.7932041993  
0.408768368  
0.1015516605  
0.01259793551  
0.2531675063  
-0.3151020493  
0.4046631214  
0.3580945926  
0.4426076808  
0.4560947212  
-0.1212547309  
-0.2514456288  
-0.1256706964  
0.2428516773  
-0.07052211635  
-0.1951368101  
0.1246705616  
0.46424515  
0.3217193065  
0.2079113131  
0.2254239354  
0.3282359342  
0.4826688909  
0.6676213306  
0.8807813988  
0.8352140792  
0.6877657753  
0.5914636568  
0.5099419101  
0.5489625854  
0.7868081878  
0.9369219272  
1.048880134  
1.21002458  
0.7050930945  
0.874890534  
0.3901195991  
0.284675595  
0.1235769763  
0.1404753533  
0.2484788056  
0.2567994546  
-0.01369029688  
0.03720133327  
-0.4817065108  
-0.1288004655  
-0.06607155819  
-0.2691673473  
0.3380794896  
-0.2558931751  
0.006538839235  
0.1944378809  
-0.03029062232  
0.2518522353  
-0.00563306791  
0.04336506636  
0.07421422417  
0.1570145853  
0.4236670593  
