6056.388089  
6047.738951  
6028.759429  
6016.382233  
6010.310936  
5977.422988  
5981.995043  
5995.113306  
5992.510713  
5998.322655  
5986.834324  
5976.041154  
5985.020569  
5972.870948  
5973.845657  
5987.950549  
5989.723346  
6005.197048  
6012.455184  
6006.586323  
6004.763191  
6029.685427  
6034.772403  
6028.739612  
6044.894867  
6046.373575  
6041.007361  
6058.659917  
6064.069089  
6052.678318  
6052.019401  
6071.514453  
6082.604782  
6074.43199  
6073.874981  
6066.821722  
6086.221172  
6079.754203  
6081.647654  
6083.468557  
6095.594679  
6084.016772  
6061.055923  
6053.804007  
6042.368284  
6043.280884  
6028.714756  
6034.8693  
6029.049474  
6016.921703  
6026.172674  
6033.075564  
6023.33011  
6022.359788  
6038.610579  
6043.412148  
6045.967665  
6039.76718  
6005.967328  
6008.619777  
6006.331732  
5991.315101  
6003.682941  
6008.505288  
6000.932338  
6030.629949  
6044.557675  
6050.427391  
6042.345503  
6038.60347  
6039.842254  
6013.573496  
6011.125789  
5995.95909  
5972.834727  
5965.101838  
5949.591549  
5932.711862  
5904.995654  
5899.088353  
5906.175845  
5902.435328  
5909.238827  
5920.719683  
5875.460012  
5886.930392  
5948.16135  
5968.855886  
5964.568901  
5978.719029  
5975.550521  
5993.982629  
5995.973268  
6004.241287  
5994.073378  
5984.119803  
6024.837074  
6022.896474  
6038.798186  
6037.349103  
6021.611982  
6015.846093  
6016.629927  
6012.415362  
6021.903471  
6017.057493  
6017.089053  
6018.057995  
6015.840107  
5996.562369  
5995.979673  
5978.696201  
5964.215425  
5970.804056  
5959.234128  
5960.128417  
5961.508095  
5973.520366  
5983.564072  
5998.934324  
6002.845594  
5993.03575  
5970.087924  
6044.599982  
6088.421526  
6069.145821  
6048.6165  
6042.923814  
6047.816463  
6040.425762  
6051.660803  
6047.452046  
6037.607497  
5980.656729  
5992.637047  
5987.450192  
5926.535276  
5929.507294  
5925.741672  
5933.630024  
5936.35916  
5949.616328  
5948.212847  
5947.380712  
5955.779095  
5948.892587  
5958.026978  
5946.807897  
5937.970059  
5934.402354  
5946.06476  
5947.631054  
5953.161182  
5960.627702  
5974.676222  
5952.867114  
5936.520595  
5904.209449  
5931.65934  
5976.062332  
6044.516942  
6048.109362  
6046.25024  
6001.507773  
5999.605692  
5966.794816  
5973.410941  
5883.503177  
5860.81566  
5872.204241  
5860.655129  
5845.846333  
5847.405533  
5841.033843  
5850.570077  
5841.308134  
5838.87115  
5847.670526  
5857.329331  
5869.460463  
5877.359986  
5890.112819  
5909.295525  
5912.733014  
5915.798745  
5948.829029  
5967.369332  
6006.459137  
5995.420226  
5968.873192  
5971.982033  
5954.166906  
5968.197624  
5964.37944  
5951.122857  
5947.565598  
5953.547068  
5932.121648  
5926.512578  
5927.363846  
5920.702024  
5930.947361  
5923.919035  
5938.910298  
5947.666855  
5973.934837  
5980.889074  
5970.77755  
5956.237453  
5952.403665  
5937.299477  
5947.489343  
5948.46591  
6023.066614  
6062.699243  
6054.096009  
6026.372315  
6020.436137  
6010.484259  
6005.251645  
5990.187115  
6004.333977  
6031.861286  
6034.519321  
5935.511713  
5914.427135  
5911.046198  
5886.161179  
5925.810257  
5951.583687  
5953.426628  
5945.216101  
5971.527102  
5992.017026  
5985.343293  
6000.981161  
6007.424967  
6003.741953  
6022.169617  
6011.018786  
6008.636659  
6019.946596  
6012.328637  
6022.480684  
6021.208546  
6025.291201  
6032.630318  
6043.351888  
6032.795377  
6063.928892  
6076.273981  
6086.943889  
6094.956333  
6076.253292  
6094.10564  
6078.224471  
6084.352066  
6072.719045  
6064.097478  
6072.871684  
6021.727137  
5994.217772  
5980.626133  
5965.078624  
5947.096487  
5942.425071  
5947.422155  
5971.911793  
5974.231472  
5988.123664  
5983.600646  
5985.027911  
5961.565879  
5942.011454  
5928.922462  
5933.009919  
5938.889289  
5950.427929  
5973.051957  
5982.858324  
5967.459959  
5968.643565  
5992.518603  
6024.478165  
6049.266256  
6059.802187  
6044.14501  
6048.864643  
6047.287441  
6051.289176  
6055.34894  
6050.381458  
6032.122086  
6025.883503  
6026.023247  
6014.619569  
6016.472602  
6039.09307  
5991.256222  
6010.67552  
6026.951213  
6038.177027  
6019.637217  
5986.520194  
5907.852897  
5989.795332  
5999.222905  
6012.618306  
6018.288261  
6064.929011  
6121.978007  
6033.337434  
6024.204664  
5993.14061  
5996.553924  
5989.521836  
6000.89538  
5987.887189  
5996.657297  
5990.861469  
5995.397653  
6028.643198  
6036.517021  
6040.440172  
6027.036949  
6018.553693  
6025.589944  
6024.576683  
6030.053885  
6033.300105  
6048.708783  
6059.124691  
6066.388017  
6077.050142  
6092.009554  
6067.529143  
6061.034511  
6036.032185  
6039.460103  
6041.463036  
6031.17008  
6014.62949  
6036.907125  
6003.071152  
5988.421905  
5985.933957  
5944.517432  
5969.365675  
5980.531355  
5995.780118  
6019.373944  
6037.518326  
6029.570536  
6021.200066  
6028.532619  
6046.647376  
6044.442601  
6046.028544  
6055.6257  
6057.455454  
6034.843846  
6043.249844  
6053.55731  
6062.376898  
6057.281101  
6040.924907  
6036.492266  
6042.219167  
6046.582254  
6060.309762  
6082.920917  
6064.961749  
6072.004013  
6063.859599  
6069.130734  
6057.649988  
6062.05434  
6050.168268  
6049.292302  
6042.572043  
6034.135941  
6022.680668  
6028.802836  
6015.245755  
6062.995739  
5968.808635  
5973.807125  
6041.199695  
6023.203041  
6010.809581  
6011.077579  
6001.678854  
6072.590603  
6083.742953  
6069.373111  
6076.580689  
6032.597027  
6028.484691  
6008.962978  
6026.988688  
5991.834166  
5960.540196  
5955.301197  
5985.756826  
5981.646268  
5973.799948  
5960.213321  
5945.220207  
5910.187016  
5937.696656  
6007.948496  
5997.054741  
6019.545107  
6012.704315  
6013.572187  
5954.236849  
5959.427602  
5966.170293  
5998.182922  
6005.350327  
6009.155288  
6017.798443  
6024.69897  
6029.609464  
6017.353866  
6017.125345  
6007.758656  
5983.139903  
5973.069875  
5959.489936  
5961.840329  
5958.228904  
5944.634301  
5961.117108  
5972.059839  
5998.871312  
6016.059747  
6030.127876  
6038.695523  
6032.176986  
6067.103884  
6064.359158  
6045.468857  
6043.920749  
6040.86044  
6039.113058  
6042.712675  
6047.757904  
6034.097898  
6038.921773  
6050.664142  
6053.372738  
6058.420192  
6058.017403  
6068.661732  
6062.874637  
6047.92537  
6069.042038  
6103.02324  
6098.682325  
6104.213664  
6101.655686  
6106.595112  
6089.860283  
6057.783001  
6050.71974  
6031.291077  
6051.124114  
6059.02915  
6049.737023  
6042.97874  
6023.067001  
6018.336853  
6018.437288  
6017.940659  
6026.174151  
6043.241483  
6019.53839  
6036.225724  
6031.34179  
6056.714673  
6069.857049  
6019.859545  
5979.878104  
5982.774861  
6047.10176  
5937.815457  
6017.390987  
6001.957478  
6007.473531  
6013.329195  
6026.549345  
6025.08536  
6049.63258  
6050.901089  
6045.725018  
6027.282026  
6005.974545  
5992.787478  
5977.640008  
5966.52899  
5982.574364  
5974.473304  
5986.70827  
6027.02746  
6033.931862  
6055.336981  
6036.0111  
6040.65114  
6026.827378  
6024.51353  
6027.340064  
6026.054178  
6026.834547  
6030.661485  
6028.017362  
6029.495399  
6029.069756  
6033.609272  
6038.846126  
6035.183915  
6028.605092  
6045.016131  
6065.138963  
6074.856275  
6067.245206  
6056.676275  
6062.412007  
6077.677085  
6069.249118  
6071.444431  
6065.153376  
6081.218869  
6066.066064  
6069.436677  
6051.355458  
6048.883302  
6035.319605  
6017.018647  
6018.836051  
6002.638348  
5996.677447  
6004.037235  
6021.183192  
6026.626802  
6018.654004  
6020.910895  
6036.312858  
6031.388456  
6027.271842  
6040.048839  
6038.17066  
6042.986436  
6054.479214  
6045.631058  
6056.598064  
6044.634553  
6043.825091  
6028.899997  
6038.115271  
6047.697496  
6053.863984  
6048.49448  
6055.474371  
6073.422327  
6067.856492  
6063.114928  
6076.330332  
6064.175496  
6096.250976  
6091.071166  
6089.12365  
6091.414225  
6101.367723  
6102.653351  
6096.280832  
6087.305173  
6057.598932  
6054.004203  
6048.160351  
6038.760536  
6032.367838  
6025.424836  
6025.434873  
6041.90903  
6042.462907  
6049.817786  
6059.697731  
6062.201561  
6077.660332  
6084.336089  
6073.360854  
6064.257316  
6075.927911  
6063.394489  
6060.47403  
6063.742892  
6063.701646  
6051.523825  
6044.799443  
