0.6344363923  
0.146331187  
0.01380788928  
-0.1587070033  
-0.1619325398  
-0.06285245139  
-0.3844646882  
-0.4113210384  
-0.2545089396  
-0.5734355875  
-0.5275626952  
-0.5347908638  
-0.4503830548  
-0.2943300891  
-0.3682051958  
-0.2994296028  
-0.315886206  
-0.2928278104  
-0.3633782955  
-0.5146471705  
-0.4237573193  
-0.3404982978  
-0.3533958334  
-0.5958433159  
-0.5931487497  
-0.7630443659  
-0.8180212457  
-1.074775039  
-1.055068694  
-1.118910334  
-1.099253851  
-1.022071341  
-1.111883407  
-1.242952585  
-1.08876813  
-1.103941893  
-0.9543404574  
-0.8701895745  
-1.013403968  
-1.18504268  
-1.057683962  
-1.23289953  
-1.113761536  
-1.134400263  
-1.09582493  
-0.993758482  
-0.7982594206  
-0.8780562133  
-1.024495218  
-1.111901629  
-1.101466493  
-1.119369808  
-1.037852326  
-1.059177011  
-0.916373853  
-0.5133858962  
-0.6663268904  
-0.08863962498  
-0.2054964276  
-0.04078903103  
-0.01324362104  
-0.2112097945  
-0.3530413843  
-0.5303747529  
-0.6580753336  
-0.6596780181  
-0.7747187755  
-0.7383558295  
-0.8163390053  
-0.9262381345  
-0.6371516426  
-0.4597662828  
-0.3930583256  
-0.4529609298  
-0.3751656615  
-0.3031455284  
-0.4260734932  
-0.4264564112  
-0.7496774878  
-0.7754508853  
-0.642571751  
-0.6169426469  
-0.3855676405  
-0.5558792641  
-0.551339646  
-0.3324540791  
-0.2968448624  
-0.2728503331  
-0.1811893634  
-0.1831680525  
-0.2658526198  
-0.1101998135  
-0.1779790679  
-0.06938714553  
-0.181221359  
-0.3225186571  
-0.3925376491  
-0.3904275398  
-0.4845357336  
-0.2586587053  
-0.1454487764  
-0.008181294589  
-0.06444149431  
0.06670356941  
0.02633916876  
0.1692431207  
0.185755862  
0.04266226123  
0.06375604491  
0.4549842237  
0.384537688  
0.3629555936  
0.2128252388  
0.4330420529  
0.5713181441  
0.629857264  
0.5496603466  
0.3453770107  
-0.02394564231  
-0.2000600449  
-0.4244134182  
-0.5065166285  
-0.4825103  
-0.4272320659  
-0.44718192  
-0.5600366001  
-0.8529035914  
-0.8852456998  
-0.8636016762  
-0.9100020742  
-0.8944955633  
-1.016304055  
-1.053722444  
-0.9247443468  
-0.8968352089  
-0.7396747313  
-0.9076616986  
-1.117234581  
-1.316152734  
-1.496332411  
-1.468552484  
-1.652433879  
-1.425983101  
-1.532858908  
-1.327611639  
-1.125231685  
-0.9792658543  
-0.9517149767  
-0.6135424166  
-0.757930294  
-0.8697983127  
-0.9051720094  
-1.15105509  
-1.15147325  
-0.9861088576  
-0.8916981175  
-0.8695829074  
-0.9820448954  
-0.7862743469  
-0.8941571987  
-0.9292897098  
-1.193337709  
-1.269109667  
-1.368270178  
-1.335406444  
-1.331996453  
-1.452281124  
-1.249597105  
-1.150471399  
-1.194246717  
-1.39540869  
-1.239939807  
-1.285028364  
-1.365042343  
-1.494172815  
-1.322359849  
-1.338351199  
-1.158323878  
-0.8936700674  
-0.9991190159  
-0.8699355628  
-0.7434540037  
-0.5589240155  
-0.5911820408  
-0.5473323462  
-0.7996698968  
-0.8292803463  
-0.8711768156  
-0.8424072063  
-1.067717643  
-0.8443427175  
-1.109776886  
-0.9461871591  
-0.7574213546  
-0.4628276927  
-0.5879231732  
-0.3094109663  
-0.1361815395  
0.06255557641  
0.3250242021  
0.5669515607  
0.8754558019  
0.535196139  
0.4562971341  
0.2276483732  
0.2877730847  
0.1638841176  
-0.0209670968  
-0.2251270593  
-0.1356660417  
-0.08418831205  
-0.1357387377  
-0.1438808337  
0.1544506569  
0.2351302778  
0.3952701609  
0.2827074612  
0.3852326304  
0.2602298837  
0.1984737015  
-0.0288735422  
-0.1014653035  
-0.1696985378  
-0.1299350487  
-0.1548518139  
-0.1192655437  
-0.08295400902  
-0.08335876391  
-0.05385662901  
-0.1834318084  
-0.5582670076  
-0.5231108657  
-0.05356905754  
0.01135754527  
-0.1556513527  
0.06338681025  
-0.1194249625  
-0.2804264  
-0.5078000313  
-0.5907530092  
-0.7002043569  
-0.850496661  
-0.8442528056  
-0.6770486768  
-0.8630811089  
-0.6587870943  
-0.6929939344  
-0.7409673993  
-0.6497765958  
-0.6094792302  
-0.5974951248  
-0.5477624932  
-0.3756829317  
-0.6956564395  
-0.5322849161  
-0.2674768619  
-0.1689401708  
0.04696672805  
0.1007273338  
0.2065134109  
0.2643699496  
0.4787235664  
0.4994196939  
0.5337220122  
0.4714163335  
0.6792235787  
0.494125878  
0.3942441786  
0.0316210479  
-0.2634852536  
-0.3482895423  
-0.1671835828  
0.1121562744  
-0.1140826809  
0.008063033418  
-0.1678403282  
0.1078685129  
0.1686428866  
0.481753248  
0.3919233891  
0.2573960333  
0.6013894641  
0.4830326762  
0.5252362494  
0.5836909832  
0.6087628938  
0.493429526  
0.3662117667  
0.2735873881  
0.09958725206  
-0.04522703931  
-0.07890545143  
-0.3868298829  
-0.6083671644  
-0.45697629  
-0.5671141023  
-0.6456313348  
-0.5279231665  
-0.4474955183  
-0.0712382139  
-0.03189359702  
0.09810687768  
-0.0004438273548  
-0.2180988393  
-0.2137024631  
-0.379847364  
-0.5603443916  
-0.4522780449  
-0.3532043468  
-0.273336577  
-0.334003327  
-0.3214182291  
-0.2962623622  
-0.1362581139  
0.01267624107  
0.125643438  
0.2841561832  
0.2490167011  
0.1304349651  
0.1264932336  
0.3203039916  
0.4960490848  
0.5904890219  
0.601000579  
0.5525429774  
0.3855467024  
0.2521583692  
0.3057255104  
0.3437958008  
0.3405763383  
0.4521933112  
0.6160673047  
0.8367205693  
0.8445531416  
0.9208867161  
1.125158516  
1.032709007  
0.9548344021  
0.7220801758  
0.6939777596  
0.8579775993  
0.6441306543  
0.5493192491  
0.8048443339  
0.8130008878  
0.8213181673  
0.7091857103  
0.9491146032  
0.8221985997  
0.694112679  
0.4115393948  
0.2574066158  
0.06099425853  
0.02839542318  
0.002252228203  
-0.175303232  
-0.2832083812  
-0.2870256531  
-0.1539920687  
-0.06279567763  
0.24375317  
0.3602746856  
0.4809666987  
0.4913225563  
0.6284264131  
0.6639335796  
0.5479321498  
0.3704079944  
0.1634212756  
0.1043737712  
0.05840582988  
-0.1546735445  
-0.1924308614  
-0.2988916378  
-0.2230327717  
-0.4332629863  
-0.6017782401  
-0.4548968945  
-0.5479896044  
-0.4695899186  
-0.731724819  
-0.5916568424  
-0.6720323002  
-0.5153293451  
-0.6349963237  
-0.3915086281  
-0.2507362305  
0.1078714792  
0.264391435  
0.5828073225  
0.6123175101  
0.5834812815  
0.5401323758  
0.6186992322  
0.3730187729  
0.02815198014  
-0.2221558739  
-0.2414382346  
0.1139028188  
0.06763014211  
0.2441641099  
0.2224316222  
0.4270648518  
0.4198825416  
0.3981887251  
0.1391176778  
-0.06141396726  
0.05213796101  
0.4147460874  
0.3599101958  
0.4604396479  
0.6714958542  
0.9936076576  
1.306300426  
1.326714429  
1.007451654  
0.873854077  
0.5709211915  
0.2432809753  
-0.03368369168  
0.1766443319  
0.08585332445  
0.1596716478  
0.0607666462  
0.2262005322  
0.3902819345  
0.4150355512  
0.393014298  
0.3239378436  
0.4000542588  
0.3826498922  
0.630329826  
0.7702710817  
0.8000203976  
0.7799514422  
0.823528355  
0.6196852525  
0.4103263866  
0.3555744855  
0.377992738  
0.5892482461  
0.8119482545  
0.8050169087  
0.7887836116  
0.7769853346  
0.8236827015  
0.954200052  
1.051304911  
1.28313642  
1.095638421  
0.8944755392  
0.7787558748  
0.5911258631  
0.5785794129  
0.1968899462  
0.3109729297  
0.2235959419  
0.2565406316  
-0.04614975925  
0.1132198937  
0.1216686434  
0.4180703835  
0.1420595342  
0.2946802034  
0.4528851302  
0.4223876939  
0.5494361146  
0.4620724463  
0.3855677925  
0.4375884988  
0.5279333983  
0.491019367  
0.2613747347  
0.1133426392  
0.0902455657  
0.1799844952  
0.2842369536  
0.212983102  
0.6256587415  
0.496886103  
0.6754161978  
0.65303812  
0.6316951598  
0.546205759  
0.5358718695  
0.5898469674  
0.6433247436  
1.088609841  
1.572869453  
1.479654079  
1.587482309  
1.566572925  
1.47143762  
1.302546499  
0.9994753296  
0.6097732731  
0.5001779301  
0.03161554981  
-0.09498633349  
-0.3408264307  
-0.3661388106  
-0.3744089151  
-0.5051599806  
-0.513802292  
-0.6270801965  
-0.3967463116  
-0.2948079947  
-0.2385325161  
-0.2924961003  
-0.3635390488  
-0.4261337698  
-0.2766432747  
-0.07135323275  
0.08676162178  
0.3466707786  
0.7398816487  
0.9510665287  
1.273228117  
1.193772101  
1.116986707  
1.109515314  
1.109607531  
0.947126496  
0.6362240569  
0.5190999371  
0.6904727595  
0.7885847385  
0.8843060128  
1.099444478  
1.132259452  
1.099963431  
1.280822331  
1.394059163  
1.204737637  
0.8997238248  
0.9787489349  
1.156394762  
1.224261711  
1.276026665  
1.038350512  
1.048015943  
0.9976870756  
1.135835452  
1.266442197  
1.47490652  
1.41038265  
1.361592219  
1.372936418  
1.084779243  
0.8807061853  
0.8545066047  
1.158132  
1.362626692  
1.5022464  
1.697627808  
1.477885057  
1.28100881  
0.8620507202  
0.5212494516  
0.221040773  
0.08612328619  
-0.03317337904  
-0.3578860385  
-0.5111177326  
-0.4223653933  
-0.182883801  
0.08459841318  
0.09185291806  
0.2055947876  
0.1344766254  
0.3482699867  
0.4368209303  
0.4087832259  
0.4381861045  
0.4227155936  
0.3980455177  
0.34513875  
0.4537105474  
0.5243985735  
0.4661307279  
0.1760338952  
0.386482744  
0.356243946  
0.2420867424  
0.3540236339  
0.3508075752  
0.3961543429  
0.5194311501  
0.624292852  
0.583451596  
0.721052263  
0.6241292161  
0.7327063501  
1.008228427  
1.065794042  
1.008505017  
1.266838727  
1.270778617  
1.284838747  
1.221848806  
0.6030233343  
0.3879309798  
0.1794977577  
0.1690988967  
0.15909844  
0.1861846276  
0.111293068  
-0.1373906782  
-0.1910148511  
-0.4086333421  
-0.6144476943  
-0.8074434811  
-0.9275002625  
-0.8547328267  
-0.6986039582  
-0.5067483666  
-0.4673088106  
-0.4866845591  
-0.5624203733  
-0.2932255878  
-0.3454280663  
-0.3376435521  
-0.3437875187  
-0.3237063215  
-0.124664316  
0.6470530352  
0.1522087409  
0.004786085647  
-0.05101049532  
0.03718876662  
-0.04729579085  
-0.112001724  
-0.1972087917  
-0.3732907577  
-0.3831098665  
-0.5352338454  
-0.5469885169  
-0.5516419494  
-0.5185050279  
-0.3125493736  
-0.5857227916  
-0.5607466736  
-0.4713779193  
-0.3144367362  
-0.3409698705  
-0.1914821701  
-0.4110162269  
-0.4546154456  
-0.1321449852  
0.2482897009  
0.3751930835  
0.2457512424  
0.1711509687  
-0.03061686888  
-0.4126367672  
-0.8230696568  
-1.099761641  
-1.381843368  
-1.605697283  
-1.955619769  
-2.077046625  
-2.068148839  
-1.878099561  
-1.841869009  
-1.461407985  
-1.563358179  
-1.226403283  
-1.043692113  
-1.09838701  
-1.085197292  
-1.0644295  
-1.132285728  
-1.074172039  
-0.7608022008  
-0.6722052978  
-0.7214762578  
-0.5953568726  
-0.6808678758  
-0.5690390433  
-0.5826487296  
-0.4822680396  
-0.5077448324  
-0.4136518258  
-0.3114726285  
-0.2579734277  
-0.4115427815  
-0.2974400817  
-0.3327210497  
-0.4830403671  
-0.331841126  
-0.2450684558  
-0.2710030562  
-0.3157398694  
-0.2451259194  
-0.2085338719  
-0.2191359643  
-0.3259431489  
-0.3184203421  
-0.3317215471  
0.135649628  
0.1100785751  
0.06193241869  
0.3369707363  
0.04911342687  
0.2986042084  
0.4050608109  
0.3188527243  
0.287063969  
0.3151526673  
0.0136108601  
0.3677855394  
0.8049532666  
0.6098702438  
0.6295768257  
0.6078755145  
0.8070725832  
0.7703985299  
0.8495801759  
0.5107424828  
0.07533662591  
-0.0458154009  
-0.2906525687  
-0.6310824423  
-0.9149544146  
-0.928697522  
-0.8865880033  
-0.8389891945  
-1.051482938  
-1.212164337  
-1.414109851  
-1.059398539  
-0.8149240504  
-0.6896526038  
-0.5583569798  
-0.4053066859  
-0.3661600684  
-0.4061405132  
-0.1680041242  
-0.07478863597  
-0.172831435  
-0.3948174452  
-0.3347516557  
-0.3012599965  
-0.2154355933  
-0.1200093665  
-0.1487668051  
-0.2008554615  
-0.03399249197  
-0.113432144  
-0.1022510731  
0.0295915585  
0.08271696705  
0.03724325692  
0.1722000628  
0.1167255528  
0.2275897687  
-0.02536152123  
-0.06187251576  
0.09538190798  
-0.03219414161  
-0.1938929831  
0.1702754014  
-0.0401995714  
-0.09468739475  
0.1473497807  
0.187481751  
0.150347826  
0.1496815098  
-0.3205124775  
-0.2069451064  
-0.05303466571  
0.1717209338  
0.270440908  
0.2763729092  
-0.07728570602  
-0.2001736886  
-0.1997565275  
0.1091448874  
-0.06485340074  
-0.03802242259  
-0.09693840942  
-0.005534785165  
-0.1299261498  
-0.2101686799  
-0.4627648981  
-0.6957980968  
-0.4946753469  
-0.5132095154  
-0.5516277125  
-0.7380204407  
-0.9900877278  
-0.7541816069  
-0.8332607383  
-1.121745273  
-1.452607563  
-1.371961531  
-1.484824863  
-1.480297813  
-1.257349208  
-1.169176303  
-1.069659558  
-0.7646523853  
-0.7320639094  
-0.9064154743  
-0.8998174363  
-0.7160555924  
-0.5518571741  
-0.4415646448  
-0.5229496285  
-0.3658179826  
-0.2590552417  
-0.1736582666  
-0.08004633573  
-0.0382766876  
-0.3638138838  
-0.5483920297  
-0.4741714204  
-0.4477305961  
-0.6577809782  
-0.5108313774  
-0.5089094155  
-0.5572472505  
-0.5045061355  
-0.3059442957  
-0.4115551609  
-0.5899848506  
-0.2438815855  
-0.2811320304  
-0.1478829838  
-0.1766759387  
-0.2713163284  
-0.3934140432  
0.05347353782  
0.3649967058  
0.1756324081  
-0.0818292155  
-0.04012642621  
-0.1317361858  
0.02248952152  
-0.05437525873  
0.2563847901  
0.2684165315  
-0.01009367481  
0.2441334754  
0.2634194349  
0.3796995884  
0.4847741195  
0.5760995888  
0.5624486156  
0.5780961394  
0.8536901916  
0.9207946073  
0.9696033328  
1.054041111  
0.8700364319  
0.7771096835  
0.8260508526  
0.7482793657  
0.6839186101  
0.8456524776  
0.7826052588  
0.5592852681  
0.5587585774  
0.6243420079  
0.5597139319  
0.6817976574  
0.6444879579  
0.6630599425  
0.4951704933  
0.4068284029  
0.7364895287  
0.7858292304  
0.7858939008  
0.7221967543  
0.6985590213  
0.8410506937  
0.9302520816  
1.09712793  
0.7930294953  
0.4349126823  
0.263781362  
0.1251551394  
-0.01443054234  
-0.09171234225  
-0.2760333984  
-0.08602955254  
-0.06161382798  
0.03803673009  
0.1489468483  
0.06489395337  
-0.1434349922  
-0.3262718141  
-0.3793783246  
-0.427848512  
-0.3929584737  
-0.2192240017  
-0.2484474185  
-0.1732077338  
-0.3000536898  
-0.1371342783  
-0.07438545778  
0.1384583552  
0.1614452461  
0.1178137655  
0.2478510877  
0.390954906  
0.5213531451  
0.5662031204  
0.5254656008  
0.2430352104  
0.5380313153  
0.6016696658  
0.6295203352  
0.7072832066  
0.6138871717  
0.8520323942  
0.9126220933  
0.9096077076  
1.086415061  
0.83107853  
0.5748785715  
0.5904338789  
0.7022794985  
0.8791100886  
0.7503337148  
0.721308927  
0.5843446109  
0.6977113259  
0.6664415543  
0.917837805  
0.5160286578  
0.698498248  
0.9217685281  
0.8976874497  
0.9359743843  
1.10811552  
1.173672637  
0.9461054771  
1.107962388  
1.092437438  
0.9673124196  
0.9864080331  
1.022074875  
0.7997366008  
0.4509218621  
-0.05631687328  
-0.2849938876  
-0.5213193516  
-0.6494424365  
-0.693203463  
-0.766529729  
-0.9433428441  
-0.7252459942  
-0.9876512715  
-1.096408234  
-1.288898497  
-1.320743408  
-1.441037146  
-1.33266314  
-1.038370363  
-1.000158587  
-0.7271187144  
-0.6331311766  
-0.5935803677  
-0.2703050816  
-0.2734067066  
-0.03763029127  
-0.1810452383  
0.02178366685  
0.1027722695  
0.1672483371  
0.3972649521  
0.3267068999  
0.3951123165  
0.6123376658  
0.7383163533  
0.6085647887  
0.6219180517  
0.8544078009  
0.7763050532  
0.6556855411  
0.6029715476  
0.5345824626  
0.265771604  
0.2528794498  
0.119621491  
0.2630331999  
0.2058240841  
-0.02664954206  
0.1157305558  
0.1726850663  
0.4300725474  
0.4729264342  
0.2908331759  
0.350487218  
0.2880714685  
0.2622605392  
0.3889828702  
0.4915540054  
0.6616767799  
0.7390616878  
0.912110243  
0.6947549875  
0.7008458248  
0.7632569766  
0.6431843183  
0.593441277  
0.4948674063  
0.4256087403  
0.3078338931  
0.06111671679  
0.430019799  
0.5898628966  
0.7417263039  
0.74435622  
0.7875410627  
0.5939819274  
0.6839010334  
0.9951926538  
0.9882506107  
0.9253539933  
0.8190274488  
0.716918561  
0.6804151549  
0.7083892149  
0.7661909026  
0.5664680187  
0.5193274742  
0.6252460014  
0.7392801889  
0.7371623471  
0.7155408411  
0.4936162724  
0.5376738994  
0.729318374  
0.7233511526  
0.834264363  
0.6958805094  
0.6162000261  
0.5357877678  
0.5518327471  
0.4856542181  
0.8885929835  
0.8547853106  
0.8513972928  
0.8872361877  
1.028107607  
1.047647424  
0.910076254  
0.8159374741  
0.8040076177  
0.8056618178  
0.955974144  
1.030501041  
0.7126838368  
0.7638716241  
0.8399256957  
0.8108338517  
0.7735953622  
0.9327377629  
0.9995322775  
1.08024112  
1.128948681  
1.058726405  
1.121102753  
0.9409662275  
0.8485849774  
1.063859595  
1.214461434  
1.394306237  
1.155637349  
0.7948965728  
0.3910024907  
0.5327956936  
0.2772119889  
-0.05149277399  
-0.2974103912  
-0.7066997211  
-1.058393003  
-1.084680377  
-1.150715472  
-1.24282229  
-1.620827847  
-1.966028983  
-2.221151321  
-2.31337203  
-2.475857727  
-2.41283762  
-2.567478682  
-2.751075494  
-2.469401488  
-2.243520434  
-1.93356586  
-1.992436387  
-1.903865501  
-1.657644715  
-1.611831171  
-1.548411149  
-1.380041192  
-1.642205974  
-1.371744358  
-0.857158372  
-0.7273647544  
-0.4775165752  
-0.411069685  
-0.3738481501  
-0.2592187948  
-0.04141578584  
-0.02414872057  
-0.100413077  
-0.08067396187  
0.06218214834  
0.1716742206  
0.2371200743  
0.3413886262  
0.4969920748  
0.3762911673  
0.5171217152  
0.6859777441  
0.8624133296  
0.8552962494  
0.6989943747  
0.4922358725  
0.9261395679  
0.8460309048  
0.8475177259  
0.8682804026  
0.7824235813  
0.7294972078  
0.8035956341  
1.126229311  
1.122982304  
0.7909279021  
0.614269095  
0.897609202  
0.7713949353  
0.838312588  
0.7344093441  
0.6044276224  
0.5329122009  
0.6210620599  
0.7547438706  
0.7046236098  
0.6535939442  
0.5194051657  
0.5332120997  
0.7596758514  
0.7411830609  
0.8350301047  
0.9649001271  
0.6783138737  
0.708509537  
0.7360248144  
0.9104582781  
0.4301657364  
0.5634881493  
0.3692560979  
0.2252170086  
0.5333865856  
0.4991665864  
0.6624630793  
0.701879924  
0.6565482642  
0.5853435131  
0.8010006758  
0.7802342558  
0.7061942958  
0.3597060462  
0.5079960542  
0.5784893685  
0.7328234528  
0.7976490503  
0.7838687723  
0.3279707278  
0.209437092  
-0.1215133329  
-0.4254615772  
-0.5907288988  
-0.7792643109  
-1.125319915  
-1.313626557  
-1.402137899  
-1.148003426  
-1.198609848  
-1.197137938  
-1.381454851  
-1.292911784  
-1.151256003  
-0.7418954176  
-0.4980027235  
-0.3875756103  
-0.4068510869  
-0.53775653  
-0.6370007575  
-0.3407621919  
-0.08823555791  
-0.154372009  
-0.1653170503  
-0.04444086492  
-0.0161458742  
