0.7803961996  
0.2371625047  
-0.01841079772  
-0.07827420125  
-0.234115237  
-0.09642371087  
-0.1461815233  
-0.329766515  
-0.4623449158  
-0.3370074578  
-0.4162441325  
-0.3682429597  
-0.5073190026  
-0.2492008608  
-0.3508905154  
-0.5089055112  
-0.7527888128  
-0.6899512514  
-0.7481629219  
-0.8076750978  
-0.8524300846  
-0.845967588  
-0.6526535449  
-0.6755525252  
-0.8197494728  
-0.901829673  
-0.9006566533  
-1.109723587  
-1.237672372  
-1.348660558  
-1.277038359  
-1.179931125  
-1.315490324  
-1.191322098  
-1.367418011  
-1.214198163  
-1.107785636  
-1.152654328  
-1.388880535  
-1.49682737  
-1.423993601  
-1.58976958  
-1.214159075  
-1.060567381  
-0.9188675081  
-0.8659949228  
-0.6885875059  
-0.9711979914  
-0.9989313728  
-1.310921775  
-1.142263323  
-0.9943796204  
-0.8894316581  
-1.044725526  
-0.6666765057  
-0.5537002892  
0.1548839657  
0.1506749298  
-0.3273493466  
-0.2909458997  
0.04975273073  
-0.2253812192  
-0.2578007695  
-0.242018755  
-0.2366008856  
-0.2545544112  
-0.2960485586  
-0.5059556378  
-0.6356365731  
-0.7273302391  
-0.5272198805  
-0.3939809923  
-0.02837215173  
-0.2199684466  
-0.07718891223  
-0.0247162872  
-0.114887761  
-0.304505764  
-0.5898727413  
-0.7335308223  
-0.7740915291  
-0.7297391526  
-0.836785486  
-0.6595198277  
-0.8238225467  
-0.519162612  
-0.3949485963  
-0.355194879  
-0.3153138913  
-0.2675886534  
-0.2872231763  
-0.06962022056  
-0.1384896441  
-0.05714169371  
-0.07127386033  
-0.1890736207  
-0.2466761369  
-0.1077012759  
-0.3811956259  
-0.2358384256  
-0.0008501287335  
-0.01788891653  
0.1577562837  
0.06262073306  
0.2760438214  
0.2291681137  
0.5219610944  
0.5821984521  
0.6081866403  
0.9187746112  
0.8683235575  
0.8849203898  
0.7977638907  
1.013029809  
1.090562814  
1.090316318  
0.8763801975  
0.5942763099  
0.2282719627  
-0.3761722711  
-0.6666129008  
-0.581091863  
-0.6930117213  
-0.4207679557  
-0.5850085033  
-0.2955941077  
-0.3761138697  
-0.281494703  
0.03732344565  
0.1276346395  
-0.1224957157  
-0.1426963523  
-0.2802307385  
-0.1056122917  
-0.3252570873  
-0.4517514889  
-0.492712375  
-0.7228190662  
-0.6931577949  
-0.7474214039  
-0.8016294456  
-0.9048958828  
-0.8138527294  
-0.6713996789  
-0.7006126516  
-0.447135765  
-0.1557670703  
-0.1405255086  
-0.1307483938  
-0.07265030624  
-0.4633432248  
-0.3346388575  
-0.5660367266  
-0.8508752997  
-1.076694647  
-0.9295480821  
-0.6055443923  
-0.8194575765  
-0.6500344966  
-0.7866674872  
-0.8218564411  
-1.125753237  
-1.158303213  
-1.420931274  
-1.262449816  
-1.250469239  
-1.431480141  
-1.363835015  
-1.278726138  
-1.153042134  
-1.258622167  
-1.164566648  
-0.8548238178  
-1.31857109  
-1.21043454  
-1.097997278  
-1.133782775  
-0.9153981911  
-0.7535316613  
-0.5152297526  
-0.5458992605  
-0.03796760279  
0.02162543303  
0.1119142885  
-0.1486514086  
-0.3504433046  
-0.4036792195  
-0.6098538221  
-0.597634603  
-0.526790111  
-0.6715231636  
-0.8180877313  
-0.8019555156  
-0.3111510603  
-0.08557928215  
-0.2796368866  
0.121222866  
0.2754078286  
0.5973876553  
0.8515918617  
1.160014076  
1.158608102  
0.9416148525  
0.5842002146  
0.5108308859  
0.5449241031  
0.3039235167  
0.3770626464  
-0.04031110161  
-0.007750400379  
-0.2481091335  
0.01809595283  
0.1241048806  
0.1532667958  
0.2640763145  
0.6642648575  
0.6130668468  
0.6728956297  
0.7280959765  
0.5606711603  
0.4554284181  
0.6219586283  
0.47249477  
0.5830773059  
0.4231651233  
0.5319971607  
0.7158757172  
0.7385731912  
0.5631665537  
0.3750293191  
-0.07205973097  
-0.1072012345  
-0.1247634902  
-0.255412169  
-0.1753291933  
0.03833840503  
-0.04405308024  
-0.1886655087  
-0.3870672415  
-0.498364297  
-0.8554886373  
-0.8047972626  
-0.6815011316  
-0.5599401152  
-0.6214078944  
-0.546162022  
-0.4343907681  
-0.2748149157  
-0.5824215409  
-0.5392456409  
-0.4431880184  
-0.4651084521  
-0.4709303317  
-0.3648799397  
-0.5019823336  
-0.01618036149  
-0.04439910764  
0.1365846966  
0.12805331  
0.2399280409  
0.3122533782  
0.568357886  
0.4983697287  
0.5785079567  
0.599989776  
0.7814200725  
0.7031139513  
0.4516643041  
0.2523474153  
0.3005848442  
0.1118689369  
0.3455596997  
0.2574726182  
0.3152045113  
0.1786244367  
0.1585023641  
0.07191901102  
0.3181511791  
0.5161106844  
0.5482384659  
0.4655148467  
0.7679992733  
0.6376196906  
0.7889751343  
1.070284388  
0.8140369653  
0.9615485637  
0.9015938711  
0.7366246777  
0.6545698009  
0.4956226063  
0.2933850232  
0.08408669667  
-0.2602210532  
-0.06151924036  
-0.3287263332  
-0.4037352335  
-0.2681097941  
-0.2805293894  
-0.01844623828  
0.04586991562  
0.181648962  
-0.1369911186  
-0.2753809713  
-0.3253649474  
-0.3949245296  
-0.5760633482  
-0.1652823135  
-0.2303128363  
-0.2955780302  
-0.1171025993  
-0.2185186933  
-0.1094981897  
0.1911617159  
0.1746882093  
0.1395053404  
0.163997179  
0.04533502822  
-0.02182026713  
-0.135323047  
0.1827345822  
0.3228590603  
0.6783030635  
0.7032756246  
0.8637019026  
0.4804135911  
0.5034018656  
0.5129792308  
0.4063146774  
0.6660670929  
0.4907553547  
0.7430537006  
0.8743899793  
0.9500887653  
0.9660721257  
0.8634504541  
0.7451923366  
0.5806743862  
0.4678295161  
0.3945751909  
0.3888891831  
0.5411131272  
0.3861970014  
0.5226418023  
0.4195309761  
0.698932826  
0.5818795413  
0.7123235541  
0.60769913  
0.4819647951  
-0.03701070009  
-0.2505703264  
-0.3146787604  
-0.2840575748  
-0.3014563992  
-0.2755999004  
-0.2779126449  
-0.5350951854  
-0.2549890512  
-0.1501648242  
0.1610690527  
0.06635519496  
0.2352487009  
0.1081663086  
0.5345176224  
0.1708917866  
0.07999444743  
0.3589518337  
0.5049472978  
0.3500511644  
0.2876134593  
0.1462390893  
0.1285700834  
-0.02478782887  
-0.01261110343  
-0.09528899961  
-0.3353928889  
-0.4451972311  
-0.5455469368  
-0.5344408748  
-0.7896269368  
-0.9708242016  
-1.036311202  
-1.106068443  
-0.9345625331  
-0.9632782775  
-0.4592034262  
-0.2207326572  
0.08520066983  
0.2586625013  
0.3055709088  
0.458285254  
0.6054316625  
0.614509245  
0.6078606205  
0.1400859451  
-0.421372236  
-0.47266976  
-0.200601832  
0.04743921955  
0.2019387349  
0.1196601512  
0.318943427  
0.2110136687  
0.3448564523  
0.0921315223  
0.1380214592  
0.2255787022  
0.06580858933  
0.1092616446  
0.04698544789  
0.2637303902  
0.5552083092  
0.7517296889  
1.032077248  
0.8474818492  
0.4911917581  
0.2352180729  
0.1948784996  
0.1063390332  
-0.02314540617  
-0.193966964  
-0.290660589  
-0.3913766151  
-0.1473272051  
-0.07464919117  
0.0266932603  
0.1284026068  
0.1688749779  
0.07914429316  
0.1690926818  
0.4061413826  
0.4990600077  
0.7577805714  
0.6460315481  
0.6903748052  
0.5846023779  
0.4250628667  
0.3736371326  
0.2711650263  
0.3705668244  
0.4691015166  
0.4395061305  
0.3920359088  
0.4940214288  
0.4982820148  
0.7436881838  
0.8568355055  
1.111558995  
1.082578328  
0.8424220303  
0.5776500053  
0.4175421387  
0.3215129285  
0.1206727488  
-0.2382039773  
-0.5523954033  
-0.4176276848  
-0.7228151925  
-0.5433730108  
-0.4427075676  
-0.2365901502  
-0.4747186615  
-0.2093602794  
-0.2036020559  
-0.1009102095  
0.08017468179  
0.1009443549  
0.1458622113  
0.3147682029  
0.1923295381  
0.06290081882  
-0.07562184643  
-0.1773867684  
-0.1460374831  
-0.09415243993  
-0.001113594289  
-0.0653221365  
0.1825508521  
0.08375077672  
0.3422893352  
0.3778526682  
0.2624696735  
0.2674838347  
0.2406693923  
0.09431059774  
0.3107767361  
0.155275203  
1.028965984  
1.759261837  
1.32303926  
1.696954755  
1.667848545  
1.515901651  
1.261047713  
0.9985366852  
0.7961145696  
0.3498793071  
-0.09199168211  
-0.4840646286  
-0.6984784478  
-0.7665733573  
-0.9823825579  
-1.007496605  
-1.022085954  
-0.9292181284  
-0.8448837652  
-0.7222165291  
-0.7904030587  
-0.5568178442  
-0.6948637939  
-0.5707944353  
-0.3690847747  
-0.1447373116  
-0.07253354698  
0.2752977022  
0.3984880717  
0.6498374046  
0.6880114568  
0.824212922  
0.8262803013  
0.8609362683  
0.7177030492  
0.4995061803  
0.5380642595  
0.4301164352  
0.3344788397  
0.5319126488  
0.5834076005  
0.9626078731  
0.9226913434  
1.181318504  
1.291313623  
1.159092568  
1.063718141  
1.123926184  
1.176262299  
1.303094052  
1.248429141  
1.188982676  
0.8423304685  
0.7041265268  
0.842697934  
0.9338842095  
0.9376803326  
1.257670317  
0.930754156  
0.9642456104  
0.8855645201  
0.6090582639  
0.6052386033  
0.9065975001  
1.282121911  
1.465050357  
1.298896905  
1.384239066  
1.205437138  
0.6297155305  
0.5159111534  
0.3141304897  
0.1259904484  
-0.1956165644  
-0.375537968  
-0.5460023084  
-0.5033631743  
-0.4929305501  
-0.3649403142  
-0.2073803386  
-0.04556269141  
-0.07977340663  
0.2022367591  
0.1716950208  
0.1359681462  
0.1578337294  
0.07684404606  
0.08450132334  
0.07589448832  
0.07438584554  
0.1724449767  
0.13727831  
0.01071119031  
0.0006926619877  
-0.07304590784  
-0.2715739383  
-0.2784646504  
0.05086625478  
-0.016217431  
0.1695268308  
0.2117793451  
0.2466233988  
0.3227599344  
0.352650257  
0.458304225  
0.6700575593  
0.7997502937  
0.8900951211  
0.9078815721  
1.144318779  
1.011310696  
1.096114459  
0.8397347731  
0.4280061544  
0.2810251939  
0.2506704823  
0.09670461157  
0.2268031707  
0.1739043184  
0.03689612878  
-0.1666301284  
-0.1199485855  
-0.4403117681  
-0.6892025202  
-0.797980108  
-0.8245143768  
-0.8490195603  
-0.8041739339  
-0.7265592743  
-0.7009635339  
-0.7098675468  
-0.4523356502  
-0.2957938217  
-0.3228311533  
-0.3181942332  
-0.3623270701  
-0.2869998643  
-0.2433262262  
-0.1881801322  
-0.3779872225  
-0.1713080265  
0.08228052665  
-0.06782369988  
-0.1101832517  
-0.1831629619  
-0.2595897645  
-0.2678890969  
-0.3391760448  
-0.2986136214  
-0.2820593386  
-0.2996325079  
-0.05812030168  
-0.3378406741  
-0.3599521337  
-0.2486278143  
-0.3531789359  
-0.2946424063  
-0.2522505774  
-0.4427511412  
-0.4667050881  
-0.3387490234  
0.1654389686  
0.3301514437  
0.3184953631  
0.1767633714  
0.003407321627  
-0.3173550638  
-0.7228097273  
-0.9288794957  
-1.170870637  
-1.508680036  
-1.568976479  
-1.881852875  
-1.904514627  
-1.52688787  
-1.650701058  
-1.368762398  
-1.432839168  
-1.38623853  
-1.187172971  
-1.165014117  
-1.367139908  
-1.234106721  
-1.356140729  
-1.210299163  
-0.880737151  
-1.031906614  
-1.043671332  
-0.8433383188  
-0.9021655662  
-0.7771083225  
-0.6078680117  
-0.4944748545  
-0.4561260574  
-0.2768021911  
-0.3573065442  
-0.1539060858  
-0.2092692266  
-0.1408841055  
-0.1273454642  
-0.1944119629  
-0.07758243723  
-0.08882592571  
-0.04754211506  
-0.002069224593  
-0.08193326756  
-0.3383919041  
-0.3762551878  
-0.338378192  
-0.3883931279  
-0.3683190103  
-0.162627917  
-0.1076288256  
0.02006904982  
0.2244659986  
0.1094461929  
0.260073622  
0.3152823202  
0.2649228618  
0.4226736752  
0.3048379979  
-0.03634038845  
0.2330918809  
0.7957715846  
0.7676417808  
0.7586850966  
0.8863534318  
1.022987532  
0.9778880585  
0.9995989214  
0.6675658116  
0.2557029491  
0.02965793286  
-0.2988991892  
-0.9098638705  
-0.9929003472  
-0.9553820977  
-0.9944480022  
-0.9501481161  
-1.277145899  
-1.55543421  
-1.453243333  
-1.403453655  
-1.131122245  
-1.021484284  
-1.128112854  
-0.9010194139  
-0.8782197157  
-0.7312722133  
-0.5775306997  
-0.3974656736  
-0.5049142273  
-0.5292661191  
-0.3926742497  
-0.3303482411  
-0.08074898693  
0.1031562886  
0.07059275113  
0.3297551956  
0.3147785874  
0.1484670608  
0.1559017835  
0.1249360735  
0.08389801153  
0.1588310238  
0.2324050419  
0.1525656841  
0.4732721899  
0.1960305293  
0.1349887559  
0.2889250259  
0.06032830006  
0.01900516416  
0.2234466703  
-0.00767025674  
-0.04607883219  
0.3018752455  
0.1685458493  
0.1654378578  
0.4893859376  
0.07279224929  
0.1799956579  
0.2861756696  
0.2926808285  
0.3007562883  
0.3538718416  
0.1312232684  
0.1935131413  
0.1393363629  
0.181702411  
-0.1012827921  
-0.04445328632  
0.1746679884  
0.1556058336  
-0.007866380238  
-0.1285919087  
-0.1659579276  
-0.3823910381  
-0.1865344176  
-0.3174600946  
-0.5021944214  
-0.5662491069  
-0.7982595402  
-0.8509593326  
-0.967416806  
-1.137312349  
-1.304406162  
-1.22545965  
-1.131866316  
-1.273682496  
-0.9916978728  
-0.984192409  
-0.9320192325  
-0.7232847102  
-0.5705210804  
-0.8290796658  
-0.7031638592  
-0.6141706285  
-0.5303182397  
-0.4168632153  
-0.3024249698  
-0.3347705274  
-0.02658922883  
-0.08057495889  
-0.02204476521  
0.07637692488  
-0.2526856637  
-0.4389694001  
-0.4952817422  
-0.6519077451  
-0.5891436109  
-0.3829394101  
-0.4411371704  
-0.3697565517  
-0.2161721107  
0.0006141229039  
-0.125024657  
0.05852162107  
0.1915645148  
0.2327463074  
0.3336315435  
0.4789691276  
0.3926513753  
0.4742335668  
0.7597467268  
0.6800990931  
0.5627232674  
0.4598432593  
0.3673772905  
0.3362065575  
0.2629676751  
0.3558384184  
0.4974835704  
0.4036389575  
0.3613748282  
0.4634685649  
0.5310462171  
0.6300023664  
0.5898308759  
0.7157589126  
0.7357137307  
0.7783831142  
0.8416024172  
0.9811856335  
0.9071392154  
1.010831724  
1.000130266  
0.8370626559  
0.9564673455  
0.7635752509  
0.5745204697  
0.6435496455  
0.356768615  
0.2319418307  
0.1575978845  
0.1083883596  
0.05833292404  
0.2474336997  
0.2638725303  
0.4092673806  
0.5424470653  
0.3776413932  
0.538906922  
0.5582595981  
0.6974268304  
0.7122390823  
0.8362122859  
0.7567113665  
0.8258715792  
0.9574213791  
0.8974308278  
0.6347552378  
0.4085485033  
0.4023156289  
0.3304229  
0.2919023966  
0.09921503209  
0.1433430434  
0.09093238527  
0.1395521667  
0.1011388558  
-0.04894842375  
-0.2542581135  
-0.3712499028  
-0.5355964931  
-0.6165039991  
-0.4318520162  
-0.2484807598  
-0.3159180099  
-0.227839702  
-0.2985435051  
-0.2668629523  
-0.0986671248  
0.1377995812  
0.1325690999  
0.2196969965  
0.3323638715  
0.3536519907  
0.5359246652  
0.6597843211  
0.5859121927  
0.5753634439  
0.4623615903  
0.6207413063  
0.5704118973  
0.823333691  
0.7743488928  
0.8318969365  
0.8608819209  
0.793428977  
0.8905752862  
0.8097112222  
0.7206751689  
0.6210478198  
0.6791897118  
0.6997515671  
0.6814416969  
0.4873546736  
0.4794426877  
0.5795979217  
0.5721155369  
0.6101439929  
0.6299116611  
0.6842395612  
0.6711072643  
0.6400967173  
0.6793863606  
0.9143451443  
0.7456764683  
0.7028561638  
0.8583014432  
0.8812411737  
0.8103769014  
0.9524391856  
0.7778455697  
0.6212287636  
0.2712245318  
-0.08090111873  
-0.2580741482  
-0.4737526816  
-0.6240852415  
-0.3179064716  
-0.6686647758  
-0.6909868146  
-0.5873558849  
-0.8094449279  
-0.7942045474  
-1.000803847  
-1.121754297  
-1.264223591  
-1.265525373  
-1.10426662  
-1.05409883  
-0.9860076792  
-0.9152716283  
-0.8639703909  
-0.7801237623  
-0.6011568512  
-0.393324194  
-0.4669587559  
-0.4757585004  
-0.3799202397  
-0.2882765782  
0.04006204548  
0.06835907221  
0.1626254929  
0.4569490706  
0.5235295389  
0.3938035073  
0.4871237213  
0.3704308121  
0.5025675028  
0.4884014734  
0.6658674184  
0.5272712031  
0.3784613894  
0.4763408745  
0.2755405679  
0.5310194298  
0.6172544889  
0.4570065068  
0.4369096902  
0.4918871632  
0.6446585321  
0.7828218969  
0.5865550702  
0.6760673913  
0.6511768327  
0.5967752175  
0.6883198074  
0.8552074508  
0.9322206102  
0.788788039  
0.9598864257  
0.7336196811  
0.8232436724  
0.8058464777  
0.7847667032  
0.706838204  
0.54597015  
0.6493610683  
0.5393580186  
0.2263831263  
0.4643874659  
0.5230828129  
0.4258016622  
0.630383935  
0.6973084786  
0.5938576046  
0.7382867616  
0.8030300635  
0.6650527253  
0.7079919237  
0.7626451941  
0.6081598757  
0.6040190865  
0.6461399438  
0.6591990065  
0.442237802  
0.5033094468  
0.4783363077  
0.4730461256  
0.5069978407  
0.5396999586  
0.4649562113  
0.527231433  
0.5748408974  
0.5269557607  
0.5721020335  
0.6157075593  
0.4144985161  
0.440743122  
0.3174980523  
0.2302096081  
0.5511711284  
0.5872273039  
0.498794167  
0.5824938826  
0.8560378189  
0.7372181307  
0.895491112  
0.8752301986  
0.5913332299  
0.5608060117  
0.7485674649  
0.9940249533  
0.7708013687  
0.692973013  
0.851776139  
0.7173475759  
0.8573928022  
0.8986133862  
0.772929105  
0.9048642234  
0.9502971194  
0.7663376075  
1.165461103  
0.7750600058  
0.8324461044  
0.9725917883  
1.19391603  
1.306543262  
1.458276259  
1.04563159  
0.9936312414  
1.16099847  
0.7599557654  
0.5330058124  
0.02403761356  
-0.4848393367  
-0.8578481551  
-0.6958282028  
-0.8670511823  
-1.173811128  
-1.523601428  
-1.993107304  
-2.266431825  
-2.469114785  
-2.586518328  
-2.522879785  
-2.676844862  
-2.608099823  
-2.496125011  
-2.412743207  
-2.047718076  
-1.98945445  
-1.892790267  
-1.710076615  
-1.768728582  
-1.845945982  
-1.62208651  
-1.937799698  
-1.615368023  
-1.258892735  
-1.079198501  
-0.9180667042  
-0.7913710652  
-0.7304822365  
-0.745834095  
-0.5240304447  
-0.4583570356  
-0.4092519892  
-0.4616683639  
-0.1060366963  
-0.1279650265  
-0.1727632918  
-0.100962391  
0.1075345013  
0.1964335292  
0.1719056132  
0.451428208  
0.5434644659  
0.5097296975  
0.6124266545  
0.5122538162  
0.6796543126  
0.6951996931  
0.8094910033  
1.07922125  
0.854398865  
0.9341782113  
1.103390946  
1.217898973  
1.229916388  
0.9867172667  
0.8335677736  
0.8328750525  
0.7753590172  
0.7405966265  
0.7497338285  
0.5177003136  
0.4719867012  
0.4214124382  
0.3242888774  
0.4096237557  
0.2398226505  
0.23537367  
0.409036241  
0.4673050003  
0.4022542137  
0.7307613314  
0.8682415146  
0.8985690198  
1.186526567  
0.984043843  
1.231294951  
0.7458801438  
0.8744002531  
0.5200722312  
0.3970068493  
0.6661900164  
0.6696143812  
0.7550902483  
0.9470380195  
0.8373282214  
0.7852406485  
0.8803801115  
0.7702837313  
0.5342685438  
0.2057721191  
0.2525589221  
0.1681419865  
0.5971101159  
0.8466046672  
0.5572331201  
0.4910669245  
0.3208363422  
0.1161030177  
-0.2496761154  
-0.7119033486  
-0.9496590608  
-1.328965429  
-1.530085409  
-1.511473002  
-1.243508479  
-1.424804012  
-1.368898978  
-1.483204143  
-1.3886076  
-1.095110824  
-0.9520504607  
-0.59182515  
-0.4823515542  
-0.5668017895  
-0.7323368156  
-0.7519617999  
-0.5262065776  
-0.1972798156  
-0.3449066676  
-0.3246134359  
-0.3026937415  
-0.2185837363  
