1.335997077  
1.096487968  
0.8040123592  
0.6258428128  
0.3341575276  
0.4014163276  
0.3716492829  
0.3801040582  
0.0914381824  
0.4116152129  
0.06849777312  
0.3938062455  
0.01919675514  
0.03728987047  
0.05230424926  
-0.3455417965  
-0.5193793377  
-0.3104941125  
-0.04960258527  
-0.4805952957  
-0.2313448501  
-0.02749244008  
0.05308887476  
-0.02262243438  
-0.1789493103  
0.1553883132  
-0.02850315213  
-0.01075165627  
0.4956367311  
0.5447933026  
0.3346136574  
0.3138530512  
0.4715509607  
0.2714151612  
0.3144797763  
0.1341493988  
0.2729480565  
0.07864125384  
-0.4161065  
-0.4443902925  
-0.4364124957  
-0.4091617304  
-0.2313080706  
-0.4119816813  
-0.5083575548  
-0.03721248516  
-0.1218415619  
-0.1354401523  
-0.3405942713  
-0.3525286568  
-0.2096899633  
0.2479985141  
0.1260760481  
0.06611443147  
0.6956572821  
1.512784067  
1.594755127  
1.831929824  
1.359955399  
1.075551796  
1.069286503  
0.06939904027  
-0.2018191651  
-0.5948508239  
-0.3550508485  
-0.7968058741  
-0.474598955  
0.1916757785  
-0.299481976  
-0.2786199647  
-0.2871083812  
-0.3866437065  
-0.5601465837  
-0.6659127263  
-0.5464358846  
-0.3653710116  
-0.147727056  
0.2342001885  
0.316514933  
0.0414566645  
0.3110320663  
0.6297792179  
0.522004312  
0.4494468163  
-0.2823810631  
0.2492018225  
0.06546158351  
0.303971894  
0.007274193332  
0.2814478523  
0.1257351676  
0.3267608297  
0.1000928864  
0.8205743134  
0.418216699  
0.2089412604  
0.2682500229  
-0.1847019037  
-0.4211042554  
-0.04123324915  
-0.04739474993  
0.08315474679  
-0.1532914322  
0.220562419  
0.6683510217  
0.5982705667  
1.15942582  
1.074239147  
0.4701370311  
1.467411186  
1.198431465  
1.075426681  
1.057454566  
0.9153422484  
0.9754910779  
1.205127846  
0.6383170406  
0.9187865639  
0.7791066007  
0.6137791009  
0.5878156475  
0.5470331836  
0.1057846948  
0.1119319534  
0.1020269549  
-0.06868756608  
-0.2970920135  
-0.004340300858  
0.06439195271  
-0.1272588608  
-0.1189917733  
-0.0008183068373  
0.0305155696  
0.452579218  
0.08549084845  
0.2115408684  
0.1207254876  
0.6196381484  
0.4060197939  
0.393948939  
0.5718969828  
0.1775362948  
0.3478302299  
0.1374790649  
0.1738941077  
-0.03313748966  
-0.169216262  
0.1305460178  
0.6931327686  
0.4020522499  
0.1212492496  
0.1074199264  
0.5929097577  
-0.1729877159  
0.2839061956  
0.0430343872  
0.690324793  
-0.08376989377  
0.1308527116  
0.236598445  
-0.08871519272  
0.1291071411  
0.2273238114  
0.05540240164  
-0.02339158429  
0.5943923951  
-0.126168096  
0.09581202649  
-0.04520011163  
0.249140789  
-0.02713323114  
-0.05022567782  
0.0826595428  
-0.1143982492  
0.182890047  
-0.1656162564  
-0.360393946  
-0.3857776437  
-0.375540656  
-0.7510667766  
-0.5308897629  
-0.2440028068  
0.05982249878  
0.01175440858  
0.1660201636  
0.3029001642  
0.1194788165  
-0.2439781473  
-0.5117948593  
-0.8693006938  
-0.9335286954  
-1.079102296  
-0.3442602607  
-0.2444141386  
0.2499710103  
0.4839645507  
0.4067147951  
0.8557864521  
1.304477504  
0.5745792229  
1.085402944  
0.8837534516  
0.4359495208  
0.3330707057  
-0.2945232435  
-0.1260274225  
-0.6870557747  
-0.2562607285  
-0.7001148392  
-0.2048655113  
0.1378989248  
0.05982832036  
0.5034190711  
0.5908124498  
0.5943552871  
1.168637482  
0.4281646626  
0.6293844865  
0.1255168978  
-0.4543173662  
-0.3423169588  
-0.5493799851  
-0.4340826645  
-0.7195839145  
-0.2501044316  
-0.2284288845  
0.06424756093  
0.2805496691  
0.426359382  
0.3148682484  
0.2310469185  
0.007794297485  
-0.2522878331  
0.1618447966  
-0.2776441831  
-0.06696032351  
-0.3879416478  
-0.1272061789  
-0.6643603903  
-0.3382705827  
-0.7558025457  
-0.5724214045  
-0.2486719252  
-0.212006931  
-0.1058668945  
-0.3627873218  
0.1431012855  
0.4674304958  
0.0885659604  
-0.008996763156  
0.2654398797  
0.196776  
0.1371842151  
-0.0413611791  
-0.2990696201  
-0.3803469319  
0.01830531423  
0.5372340062  
0.2498679284  
0.1866380179  
-0.1238428831  
0.03418801029  
0.7301072523  
0.7832701267  
0.401271193  
0.1498222084  
0.5409580311  
0.1581212437  
-0.02002869017  
0.2509681437  
0.128526284  
0.2079443857  
0.6756309416  
0.7516906924  
0.4830694023  
0.3868896585  
0.2237094986  
0.3623519626  
1.13523126  
0.9369026638  
0.4024491872  
1.070261977  
1.131790266  
0.8407861971  
1.357821282  
0.9938664503  
0.338218767  
0.1748645327  
-0.5611021786  
-0.5720427569  
-0.08904457231  
-0.1110041007  
0.294711639  
0.360535784  
0.5903519733  
0.1057901793  
0.03799530789  
-0.1947265367  
-0.676293794  
-0.8947014194  
-0.898388505  
-0.3810567465  
-0.6671843743  
-0.1893980878  
-0.2246346507  
-0.05272051179  
-0.4856184202  
-0.9806719858  
-1.124614461  
-1.416833236  
-1.287570485  
-0.8658288941  
-0.8031824446  
-0.4104527729  
-0.3630085616  
-0.1320440833  
0.09344413422  
-0.06772626253  
0.1230063856  
0.02758810472  
0.2306854404  
0.3700699775  
0.9196257916  
0.527484112  
0.4941826566  
0.5388877543  
0.5524387662  
0.1616673259  
-0.1625332841  
-0.2348851583  
0.1443941872  
0.3683742765  
0.2983929966  
0.6141333443  
0.5695322407  
0.5185735677  
0.7753544802  
1.178782975  
0.9453451027  
0.6744177425  
0.5359517489  
0.66035102  
0.3336618201  
0.1857791964  
0.07767620598  
0.7696854986  
0.2634826499  
0.5362194474  
0.8663753749  
0.6634959004  
0.3695428336  
0.2150513101  
-0.1449934003  
0.8529478915  
0.4486098792  
0.5284301398  
0.02466630009  
-0.5399122183  
-0.7291974135  
-0.05470487885  
0.8265083131  
0.3940748199  
0.9666777497  
0.339777729  
0.5958612701  
0.2643312537  
0.2404169336  
0.3529909493  
-0.02850378142  
-0.3949787105  
-0.3977585291  
-1.093889132  
-0.9662079847  
-1.518717976  
-1.678081938  
-1.837016477  
-2.224516194  
-2.062874355  
-1.487069346  
-1.294669438  
-1.019404305  
-1.229083363  
-1.684954796  
-1.285795412  
-1.23208135  
-1.115826124  
-0.8235189319  
-0.6514607999  
-0.2106502086  
-0.2024217341  
0.3755649107  
0.1166723895  
0.1302965612  
0.7516401772  
0.8646849598  
0.559246773  
0.2877856163  
0.6422563789  
0.4112360108  
0.3451061807  
0.3352629737  
0.2522705938  
0.5068328659  
0.1884823509  
0.1260753729  
-0.3740887931  
-0.2479825605  
-0.2268780967  
0.006706709749  
-0.3670032882  
-0.07404903151  
0.04793054514  
-0.01407476069  
0.4888720135  
0.5339288096  
0.07570662286  
-0.1542453041  
0.3311914853  
0.1808924895  
-0.2267339224  
-0.7978701361  
-0.7718225978  
-0.3486802409  
-0.3330215395  
-0.1579334391  
0.1380775955  
0.3049128798  
0.1018734116  
0.3992727365  
0.2699001375  
0.4209888914  
0.3952309432  
0.1857020647  
0.4055862661  
-0.1207544541  
-0.04131902526  
-0.6337222339  
-0.6656648577  
-0.6509056708  
-0.9277050946  
-0.5593684734  
-0.2213623376  
-0.5520208699  
-0.04261831142  
-0.03315717483  
0.1829233906  
0.09338701306  
-0.1630512241  
0.3775478795  
0.184892879  
-0.3151891162  
-0.3157799263  
-0.5727979975  
-0.6390968111  
-0.861718016  
-0.2319620533  
-0.6338516304  
-0.8631623622  
-1.558122512  
-1.475840797  
-1.461184243  
-0.7210169376  
-0.434943831  
-0.6578473614  
-0.5965855756  
0.159949934  
0.3303264195  
-0.2683905248  
-0.4167991402  
0.2057188972  
0.3198692726  
0.4886901633  
0.5825319379  
0.2941914747  
0.1656433718  
0.1970043951  
-0.1095710899  
-0.4661874472  
-0.4179047428  
-0.5107771916  
0.07569839015  
-0.3305814688  
-0.247834028  
-0.332428263  
-0.2332207194  
-0.2974409104  
-0.1515311265  
-0.7076465669  
0.3376818214  
0.4711978877  
0.420620325  
-0.4323277349  
-0.1400445019  
-0.3669101286  
-0.590542514  
-1.197402016  
-0.5004033397  
-1.145234214  
-1.552333986  
-1.515936389  
-1.300306745  
-1.3489796  
-1.165790855  
-1.096190271  
-1.816141484  
-1.420737794  
-1.635179776  
-1.338918344  
-1.162322424  
-0.6747076732  
-0.9406032713  
-0.2329276377  
0.3919193332  
0.2757062521  
0.1248580647  
0.4516817877  
0.208775633  
0.6018908229  
0.7386476626  
0.6720648734  
0.5314891334  
0.4730879712  
0.7986529854  
0.57438912  
0.6613376736  
0.5741635771  
0.6656624666  
0.7443101701  
1.064105746  
0.7155300519  
0.6162744826  
0.899268714  
0.8074135232  
0.9003545572  
0.8338722403  
0.04587942972  
-0.3999990522  
0.02181819349  
-0.06693296025  
-0.1919696046  
-0.7588911583  
0.01840940627  
-0.1164650066  
-0.09367474326  
0.1196974015  
0.2603909646  
0.3931469582  
0.6932771028  
0.2208042633  
0.01017543444  
0.1473047798  
0.2463932249  
0.6447858795  
0.4225578499  
0.05143617616  
-0.04742241341  
-0.3279196321  
-0.8525378996  
-0.6078098412  
-0.7490080325  
-0.3490158538  
-0.3748765586  
-0.5626742444  
-0.9637248095  
-0.6848421859  
-0.8552266532  
-0.1445935445  
-0.3813032144  
-0.1215191801  
-0.127384943  
-0.5832577292  
-0.3804805416  
0.1449890688  
-0.3350400826  
0.1678304209  
0.231982527  
-0.2761985364  
0.1501230076  
0.1583256246  
-0.2865962315  
-0.9944070516  
-1.433196951  
-1.092935292  
-1.102834788  
-1.192422211  
-0.7619260108  
-1.021071572  
-0.4508550137  
-0.136495168  
-0.6043255251  
-0.004226169257  
-0.3758282574  
-0.3572069359  
0.2960383179  
-0.08629931627  
0.2084429754  
0.4342936763  
0.2703202326  
0.3644552101  
-0.1325816865  
0.7007649874  
0.6181673833  
0.3567603266  
0.3660238785  
-0.1267522824  
0.2114547854  
0.4636500423  
0.00378388494  
-0.01070081851  
-0.3585391921  
-0.2791210363  
-0.7900234848  
-0.809131212  
-0.5968350177  
-0.7529393245  
-0.07428585574  
-0.3135178993  
-0.5387780355  
-0.6513430839  
-0.2642567048  
0.1086933068  
-0.1708280532  
-0.1337823204  
-0.3676924067  
-0.3781661429  
-0.3207245146  
-0.483022997  
-0.6751824163  
-0.4634325674  
0.05578656851  
0.2388538402  
-0.1038465478  
-0.2736580667  
0.1062273974  
0.05941222952  
-0.3384863955  
-0.09125031313  
-0.1541087639  
-0.2202066819  
-0.04538666231  
-0.3190367764  
-0.4262965025  
-0.3950865512  
-0.4139750059  
-0.1346909255  
-0.06840670554  
-0.4577032054  
-0.1392354245  
-0.1504426467  
0.3412902673  
0.2206582688  
0.1071582988  
-0.05363486098  
-0.3984533645  
-0.8049019541  
-1.175503895  
-1.391292902  
-1.687021335  
-1.841852257  
-1.854220792  
-2.083159941  
-2.217960749  
-1.843289501  
-1.909514789  
-1.38052685  
-1.626180228  
-1.697269331  
-1.253219267  
-1.221117871  
-1.064179149  
-0.6900078094  
-0.7820204528  
-0.7683369219  
-0.2997327533  
-0.4255326763  
-0.5487597094  
-0.2671062386  
-0.5310506893  
-0.5468749054  
0.009104510401  
-0.1255398737  
0.2414539546  
0.3777447395  
0.2777518771  
0.5942186463  
0.4181494079  
0.4251540468  
0.01131977492  
-0.04669391417  
0.1270333994  
0.08171634507  
0.1558624841  
0.1456939757  
0.01053689387  
0.170974042  
0.0852848563  
-0.3875530409  
-0.5763035955  
-0.7834812316  
-0.3842286505  
-0.2264018177  
-0.1706830135  
0.1911193865  
0.1222150519  
0.2732476813  
0.7460962686  
0.5428873366  
0.528843323  
0.4410861075  
-0.006457749377  
0.4351460871  
1.281628681  
0.9957513859  
0.7980288087  
0.9568511601  
1.070675225  
0.6294284788  
0.4443483396  
-0.2384644372  
-0.4122989928  
-0.2225212236  
-0.5479121681  
-0.8710855253  
-1.095969222  
-1.150509667  
-0.9034304639  
-0.7806933343  
-0.8369505406  
-1.164938626  
-1.46655731  
-1.093703863  
-0.8042386504  
-0.6088810694  
-0.7080879331  
-1.002049222  
-0.6955142051  
-0.4188310929  
-0.06243972516  
0.09349035561  
0.1102043826  
-0.1308310014  
0.1649949313  
0.2677936515  
0.7460531676  
1.059794871  
1.035524704  
0.7932025394  
0.7187140734  
0.3396747584  
0.3210749737  
0.550397627  
0.3280793433  
0.3437313063  
0.5977733075  
0.8328864849  
1.063231453  
0.7170538774  
0.7788535545  
0.5361522224  
0.2811854396  
0.04563748592  
0.4076410471  
0.2739520457  
0.1910865784  
0.3591177923  
0.320203341  
0.5026485714  
0.7003846918  
0.4543351638  
0.6569651327  
0.7558773137  
0.7338557605  
0.9363385776  
0.9001150356  
0.4620259004  
0.5955218832  
0.403995903  
0.5140769773  
0.2369464691  
-0.06580508378  
-0.2217168514  
0.01647491257  
-0.1276967225  
-0.295864507  
-1.071606431  
-1.092059545  
-1.05921592  
-0.8399430197  
-0.8938551331  
-0.8090824097  
-0.9176191626  
-0.9443251912  
-0.7445704856  
-1.03819749  
-1.36848216  
-1.205820814  
-1.033613272  
-1.113445186  
-0.7874061968  
-1.068922232  
-0.7345568371  
-0.09076266701  
0.07780065606  
-0.09367327791  
-0.2720348112  
-0.4244695383  
0.1675475648  
0.3758992715  
0.1639571988  
0.3550123104  
0.4171836959  
0.3002779529  
0.4297513791  
0.757947964  
0.09282890676  
0.112512171  
0.02389165197  
-0.3527784505  
-0.06089061348  
0.02723602199  
-0.2314708768  
-0.2559656908  
0.09430180786  
0.3901128164  
0.2139852915  
0.3083356786  
0.4640836242  
0.7091096413  
0.7655323857  
1.220828294  
0.6878816211  
1.020990532  
0.6464567323  
0.5221594649  
0.5140818529  
0.4721177805  
0.3343612302  
0.2745377958  
0.7112120806  
0.4798959892  
0.7091385109  
0.6264412583  
0.5875366195  
0.5974864227  
0.3614079635  
0.4301777034  
0.4756036008  
0.5429062388  
0.2779456904  
0.3877724466  
0.2400287256  
0.3395604434  
0.3648517591  
0.4601556934  
0.2630097705  
0.4719581773  
0.452657004  
0.7808942833  
0.3602525762  
0.3412703297  
0.3819050597  
0.09979399939  
0.1034010258  
-0.200865247  
0.02201290328  
0.07128029765  
0.2161701616  
0.558267857  
0.6998108832  
0.4641616378  
0.7850411677  
0.961970183  
1.253874521  
1.235251802  
1.197870315  
1.418892181  
1.470841596  
1.757885129  
0.9153557332  
0.4932096343  
0.4043774182  
0.113444867  
-0.0108380197  
0.3311507479  
-0.4652016177  
-0.1797071105  
0.4096578968  
0.245289227  
0.19589716  
0.3446009197  
-0.1537263822  
-0.5595456612  
-0.5337304965  
-0.5446269623  
-0.05500263554  
-0.06415666645  
0.06155486884  
0.2208467281  
0.1729477737  
0.2707839869  
0.5297149533  
0.7579506948  
1.033352402  
0.917110197  
0.8899812407  
0.8625792013  
1.07309898  
1.03676938  
1.204035715  
0.5530045841  
0.6641120639  
0.9643202268  
0.7809447054  
0.6126199346  
0.7366137142  
0.3979118903  
0.5503179248  
0.422955469  
0.443950718  
0.4855411583  
0.2098483429  
0.2307527418  
0.1853926492  
0.2719355485  
0.5429077256  
0.4056797896  
0.2036474794  
0.4878224516  
0.4947129196  
0.1385709838  
0.2023028568  
0.1704341994  
0.2790351803  
0.3626245308  
0.4213351029  
0.7754209173  
0.589814901  
0.6754273451  
0.9279090304  
1.166418034  
1.00357059  
1.150440623  
1.035981118  
0.753468325  
0.01131223753  
-0.3731532709  
-0.521613559  
-1.057765422  
-0.9974605821  
-1.022026324  
-1.189231274  
-1.073024676  
-1.226797455  
-1.146374259  
-0.9554334729  
-1.104805275  
-0.9805768751  
-0.9822472042  
-1.16394101  
-1.106604571  
-0.9701704709  
-0.8790833977  
-0.581052494  
-0.4123330223  
-0.3937974411  
0.03790555968  
0.07610057291  
0.1379271799  
0.04260799463  
0.2205347075  
0.1236076787  
0.300669049  
0.1016320883  
0.2322709517  
0.454052726  
0.5315255425  
0.499981264  
0.2141470698  
0.403018124  
0.4451340405  
0.7483561206  
0.7485189565  
0.4750339096  
0.6272334847  
0.6024935229  
0.7797452169  
0.7650275658  
0.5253266645  
-0.05388946014  
-0.4607683193  
-0.3545653875  
-0.3427705086  
0.1270323028  
-0.03336825105  
0.0127537304  
0.2497834436  
0.4265452111  
0.3789885372  
0.6479073911  
0.7569850136  
0.6225460038  
0.4522771452  
0.2663090459  
0.512707955  
0.9175798195  
0.5284946628  
0.4934557775  
0.4579250574  
0.347344074  
0.4373585776  
-0.2010956504  
0.04557489157  
0.25922955  
0.3430749737  
0.6776287303  
0.90891316  
0.3329256943  
0.4651607084  
0.5242779859  
0.1731825099  
0.1971450758  
-0.2332931608  
-0.3407306895  
-0.1291901539  
0.2342628997  
0.6458050595  
0.6074891051  
0.7287454756  
0.8912487117  
1.067494557  
0.9448435383  
1.262966782  
1.027483871  
0.9475889422  
1.182439129  
0.8896320327  
1.185008576  
1.095200125  
1.151880279  
0.6134117158  
0.4489324098  
0.4472849019  
0.6740622081  
0.6814009352  
0.6329301127  
0.6011388319  
0.7853142832  
0.5238805163  
1.166470623  
0.8472739852  
0.7117741023  
0.3380251281  
0.4967381325  
0.9170215164  
0.646464899  
0.7202675407  
0.7387915889  
0.2020985802  
0.3041565561  
0.6213103028  
0.3712683012  
-0.05774193562  
0.1983581663  
-0.01170190701  
0.4891872717  
0.1715416977  
0.3237574654  
0.376515496  
0.6837510256  
0.5734399483  
1.027566611  
0.8525341191  
0.7420066571  
1.076204662  
0.1666050738  
-0.01260791114  
-0.891455663  
-1.168756812  
-1.285912467  
-1.486957679  
-1.89217417  
-1.662485301  
-1.97527396  
-2.373952639  
-2.252153463  
-2.126046425  
-2.348886387  
-1.753452593  
-2.190636858  
-2.495509223  
-2.478564208  
-2.223108561  
-1.531715842  
-1.348413626  
-1.783871623  
-1.484223826  
-1.378725938  
-1.102898431  
-0.7643402321  
-1.37599953  
-1.377027289  
-1.160206939  
-1.161528343  
-0.9545851958  
-0.3969146372  
-0.5107252968  
-0.5031270169  
-0.2731914529  
-0.6824935878  
-0.650191046  
-0.4865401459  
-0.53399548  
-0.5913867229  
-0.4666569654  
-0.07253188913  
-0.04876835251  
0.1570968972  
0.2605170147  
0.3878161128  
0.4973470478  
0.9507534255  
0.4760089648  
0.3797547395  
0.4884256922  
0.7134340992  
0.6256855833  
1.117895323  
0.9055306099  
1.013190273  
1.344719805  
1.234351971  
1.058948275  
0.7429483503  
0.1033012795  
0.03792525845  
-0.1073997491  
-0.3211062948  
0.153125964  
-0.2574071546  
-0.5571595051  
-0.563682978  
-0.5266828226  
-0.5338392154  
-0.5152052277  
-0.2759237944  
-0.2033942311  
0.2364509862  
0.3850936924  
0.7462588381  
1.04437097  
0.8871801357  
1.120948235  
1.293051894  
1.236810564  
0.7984101034  
0.960953706  
0.5386191647  
0.5287018574  
0.8924208939  
0.8760287228  
1.030262273  
1.118603599  
0.912469458  
0.7956808998  
1.164270041  
1.068076549  
1.095121259  
0.7571207013  
0.4846975759  
0.4404968618  
0.9018134234  
0.6512138017  
-0.1984929619  
-0.4670188006  
-0.5526090689  
-0.9925183758  
-1.397659059  
-1.692270397  
-1.825467329  
-2.214739843  
-2.128872872  
-2.586396878  
-2.289423685  
-1.951643044  
-1.630027  
-1.545679548  
-1.810314029  
-1.548617561  
-1.635505654  
-0.9820259813  
-1.247983318  
-1.180852755  
-1.190607629  
-1.219956714  
-0.657453913  
-0.1880684753  
-0.7780158344  
-0.4734893334  
-0.7399517808  
-0.5303451023  
