0.5926501956  
0.4249432034  
0.6254479333  
0.6873542746  
0.564062403  
0.3235421991  
0.351509733  
0.6475389625  
0.7310905536  
0.3128249842  
0.06816468427  
-0.03853725697  
-0.1616261142  
-0.02467625662  
-0.37902857  
-0.5589600386  
-0.3849787927  
0.2477902424  
0.06433700274  
0.1593307337  
-0.02528730762  
0.1696184834  
0.3886039351  
0.6810272248  
0.6046515938  
0.2832702345  
0.3572062197  
0.5700369667  
-0.09978473542  
-0.2368898682  
-0.4354393206  
-0.9141243845  
-1.134419872  
-1.199223043  
-0.7308352029  
-0.7726374187  
-0.4121751755  
-0.6465410478  
-0.7716454914  
-0.7396320803  
-0.0638109089  
-0.2606382939  
-0.4912563099  
0.07826099295  
-0.3483006523  
-0.262403166  
-0.1888205024  
-0.07316847221  
-0.6988755184  
-0.2977276148  
-0.8634727985  
-0.2378905295  
-0.07725842131  
-0.4154091217  
-0.4991292979  
0.2552080984  
-0.2607741855  
0.1335210519  
0.3945186149  
-0.09813737769  
0.4360101642  
-0.05988297128  
0.3260721138  
0.1702829319  
-0.4102094599  
-0.6180298649  
-0.6835616874  
-0.6365257589  
-0.8162732679  
-0.8711108915  
-0.8106959777  
-0.7873040137  
-0.1905601621  
-0.4956060497  
-0.4793554435  
-0.223032083  
-0.2029829155  
-0.2544671911  
-0.2753460884  
-0.07102841933  
0.2014100911  
-0.07632235181  
0.6000541389  
0.3900953544  
-0.2404026846  
0.2732803933  
0.3289386891  
0.6212573832  
0.5968166705  
0.2804963818  
0.5828418671  
0.351207346  
0.1950730785  
0.2867853263  
0.3141122114  
0.05021311643  
-0.2552121183  
-0.8444740344  
-0.7211384557  
-0.9424849728  
-0.7261787137  
-0.2382648783  
-0.572477255  
-0.3697262518  
-0.1080298835  
-0.01363068305  
-0.002339896155  
0.312138853  
-0.1086833732  
-0.4068719543  
-0.5977155132  
-0.5187160232  
-0.5986716524  
-0.3937355315  
-0.3027443228  
0.3454443504  
0.3893406076  
0.3442041085  
0.686614468  
0.618958644  
0.5046781289  
0.5347025715  
-0.00302759112  
0.645645341  
0.6539113565  
0.5321257927  
0.2112055621  
0.332068764  
0.132662874  
0.02508436229  
-0.3228463484  
-0.3393783465  
-0.296239616  
0.08990551797  
-0.287717511  
0.09872368027  
-0.3997888909  
-0.6681739637  
-0.1991374981  
-0.3533402915  
-0.8523246057  
-0.8217776156  
-0.6981433202  
-0.9326558701  
-1.481940729  
-1.35799406  
-1.310480648  
-1.229973122  
-1.34735138  
-1.127757598  
-0.7075839264  
-0.7130720883  
-0.440594413  
-0.4331427629  
0.01562770497  
0.116853225  
0.4759875943  
-0.1493636738  
0.4509673696  
0.4094291961  
-0.001002388294  
-0.6318890239  
-1.018881455  
-0.9772055393  
-0.949793531  
-1.573477542  
-1.229229577  
-1.27768311  
-1.180616823  
-1.016258434  
-0.9220207316  
-1.069888457  
-1.176098129  
-1.275974028  
-1.35653  
-0.9936487347  
-0.5452026522  
-0.5263311845  
-0.1785144526  
0.02502446596  
-0.05150541519  
0.04188821803  
0.3800330171  
0.07427290203  
-0.6200327105  
-1.085356629  
-0.5903274097  
-0.4655346425  
-1.119218113  
-0.527205783  
-1.107658672  
-1.321446637  
-0.4769549228  
-0.4284114225  
-0.5967719643  
-0.3812311199  
-0.2202227923  
0.1765576595  
0.5664849664  
0.322359054  
0.3963757643  
1.287041708  
1.109064172  
0.4176766556  
0.2919672856  
0.02392979088  
-0.1439985095  
-0.1162359791  
-0.7730814529  
0.1323564886  
-0.3117668745  
-0.1912244244  
-0.3131967794  
-0.2249481016  
-0.1155143536  
-0.1817692458  
0.9280507298  
0.7866064155  
1.03133649  
1.153086002  
1.109178965  
0.8316764868  
0.5622521499  
0.6561484169  
0.2563245547  
0.281783849  
0.175635643  
-0.2199625058  
-0.300975427  
-0.7171113169  
-0.008941080933  
-0.5030478926  
0.1517798975  
0.209495788  
-0.1459848203  
-0.04331822132  
0.006545372019  
-0.4130659452  
-0.7025985784  
0.1497283865  
-0.2358131319  
-0.01104629495  
-0.5325814878  
-0.1597232324  
-0.1454095526  
-0.03171361186  
-0.588856932  
-0.2395980835  
-0.6339770576  
-0.5704468774  
-0.3511028154  
0.05000664233  
-0.2598530395  
-0.225709919  
-0.9292095256  
-0.613883466  
-0.8191830542  
-1.044853588  
-0.510140198  
-0.6615169618  
-0.6553116302  
-0.4411322543  
-0.3541507801  
-0.4578328214  
-0.4777312555  
-0.4388603294  
0.1922623182  
-0.178712082  
-0.08718786483  
0.2232704688  
0.5168093196  
0.4608911658  
0.4600971494  
0.6936091532  
-0.114926665  
0.1706566609  
0.4936327949  
0.1874306719  
0.5416791194  
0.4030379643  
0.3113083759  
0.61826879  
0.5696057174  
0.6730514657  
1.054251791  
0.9904113565  
1.257395507  
0.8677774813  
0.3987236631  
0.1955708683  
0.2882086676  
-0.6221747004  
-0.7558873929  
-0.9755503511  
-0.7384041077  
-0.7155967156  
-0.5981079335  
-0.6994895671  
-0.5395814789  
-0.0160454105  
-0.2182227161  
0.02140298535  
-0.07212788335  
-0.04996449154  
-0.5673411316  
-0.6285583074  
-0.7098453898  
-0.5114042631  
-0.8337761532  
-1.211732611  
-0.8429849049  
-1.053489531  
-0.9692845267  
-1.002999424  
-0.6199536665  
-0.5933299963  
-0.4802263137  
0.1981921209  
0.4432380081  
0.3461963348  
0.5775036452  
0.3287155274  
-0.1223967156  
0.4984341142  
0.455710139  
0.5110647886  
0.6522864341  
0.7268360837  
0.329293964  
0.687426197  
0.4709812839  
0.1721976168  
-0.1101292129  
0.2344237217  
0.09652398585  
0.6315674179  
0.5780980889  
0.5951305851  
0.7717227344  
1.241887701  
1.095189296  
1.131829553  
0.9005414099  
0.4758183337  
0.5777987499  
0.1091477485  
-0.07260928072  
0.09778215247  
0.01086567042  
-0.1492546996  
-0.1104336546  
-0.3207098021  
-0.3436038923  
-0.01355942912  
-0.1654085472  
-0.4576364007  
-0.1453549714  
-0.3053782767  
-0.4848294817  
-0.1689048955  
-0.02118820468  
0.143603867  
-0.02893966756  
0.6886869124  
1.112142547  
1.41756579  
1.409383565  
0.4727839461  
0.6581971998  
0.3921004725  
0.2843620624  
-0.1817735274  
-0.3004468478  
-0.3929296378  
-0.2172654903  
-0.2971650046  
-0.8495871633  
-1.109387584  
-0.4479855912  
-0.358132404  
-0.6277617359  
-0.4568822788  
-0.2349162407  
-0.6348885905  
-0.5617327122  
-0.385706279  
-0.6711497771  
-0.4342437951  
-0.1668996488  
0.3867397913  
0.2611108049  
-0.1885604911  
0.1988825963  
0.4504461044  
0.610640597  
0.3432128069  
0.4001071397  
0.04644670125  
-0.2123489561  
0.2390646167  
-0.05766074879  
-0.1369869306  
-0.007549679616  
-0.1266487051  
-0.1549208084  
0.2875249527  
-0.1044493911  
-0.1604059991  
0.1683882946  
-0.1248377281  
0.1064019025  
0.164252749  
0.3675965979  
1.04606502  
1.037195077  
1.243910087  
0.9652552566  
0.8417735847  
0.7472300689  
-0.2357231466  
-0.01426451522  
-0.2845010258  
-0.5197337928  
-0.7793750816  
-0.6101785806  
-0.5007300944  
-0.5739705334  
-0.326021512  
-0.438215562  
-0.04034433732  
-0.1785059439  
-0.1587758689  
-0.0148988136  
0.6439652085  
0.371774913  
0.7435766829  
0.7009428709  
0.7326189764  
0.3894067245  
0.0191195482  
0.2474188062  
0.4243627638  
-0.232203051  
0.370251205  
-0.1019841198  
0.05686612545  
0.2641065655  
0.6652891448  
1.101767237  
0.9240705822  
1.042896333  
1.095703596  
1.05459198  
0.724129312  
0.5551297882  
0.9269249481  
0.5417824882  
0.2877554705  
-0.3947361814  
0.1324098192  
-0.2903873242  
0.1100235139  
-0.06097512445  
0.04253547676  
-0.2573450754  
0.1280861232  
0.07382126848  
0.0447577603  
-0.2229739103  
0.2531144415  
0.5156737279  
0.2044674885  
-0.1884573327  
0.1075575579  
-0.1158037117  
-0.3119702854  
-0.4654041972  
-0.6183429556  
0.09700159303  
-0.2552368844  
0.04570152409  
0.3043056126  
0.1477993823  
0.6431811056  
0.4671788412  
-0.03475856388  
0.8186160167  
0.1517201067  
0.64195864  
0.9681272198  
1.779495037  
1.427188802  
1.360052946  
1.769733414  
0.693351736  
0.7307544088  
0.153865867  
-0.150233634  
-0.3673307154  
-0.6781737855  
-1.267702382  
-0.7824635228  
-1.180074129  
-0.8851736132  
-1.150466194  
-0.9461404831  
-0.7531786441  
-0.4487799223  
-0.998913413  
-0.5186327081  
-0.3271400248  
-0.2007363044  
-0.1084236909  
0.2263500132  
-0.01070354007  
-0.01014687117  
0.1003208835  
0.1460363492  
0.4775789454  
0.6161087283  
0.4459326713  
0.7647524014  
0.9524552095  
0.4668937325  
0.2218512492  
-0.03209850405  
0.4136165528  
0.1985727448  
0.3909630712  
0.8249386738  
0.6937985931  
0.7046512  
0.744023378  
0.5642811584  
0.8124783352  
0.8609664067  
0.4836294951  
1.234507175  
1.19086882  
1.033301341  
0.4742962551  
0.8783956477  
0.8787473308  
0.6947335481  
0.6242216367  
0.551502672  
0.5625535162  
0.3529096733  
0.4314205695  
0.1947864049  
-0.1118715907  
0.6646344682  
0.9685826412  
1.456488837  
1.473322278  
1.464606249  
1.760710111  
1.274841897  
1.114596513  
0.6236075901  
0.1460685908  
-0.0249887978  
-0.3160955122  
-0.7139256495  
-0.8192505655  
-0.5449496778  
-0.2181752977  
-0.3133321288  
-0.9747898379  
-0.7990313807  
-0.7417589103  
-0.3628964077  
-0.2427999618  
-0.3354230088  
0.1807921551  
0.02363229197  
0.6000354654  
0.4671486964  
0.4361162802  
0.2655258727  
0.4672140976  
0.3838125048  
0.2263218664  
-0.05243974611  
-0.2546929725  
-0.4047528491  
-0.4417736687  
-0.0127981333  
0.1287847855  
-0.3038498284  
-0.3220450309  
-0.01980168818  
0.2577341049  
0.1660736349  
0.3608252539  
0.7650195377  
0.8559551105  
0.8379798414  
0.9185017271  
0.8561795568  
0.3364951222  
0.1637201  
0.5018807087  
0.2961735003  
0.02520373603  
-0.05818359735  
0.3532276243  
0.3350749575  
-0.1030822136  
0.281118087  
0.117875946  
0.07620311638  
-0.2549089647  
0.02699892443  
0.09049075712  
-0.1081387219  
-0.2663556143  
-0.2751057893  
-0.443042618  
-0.09169098255  
0.3226464745  
0.1960374901  
-0.1925623893  
0.01586730917  
0.3858578656  
0.4477261772  
0.6531053376  
-0.119879089  
0.5045623146  
0.758936504  
0.6828118689  
0.3205523897  
0.1958892915  
0.6923942307  
0.09693772643  
-0.3632528158  
-0.2779452285  
0.04391522208  
-0.314170502  
-0.6037005003  
-0.5790180457  
-0.6907322995  
-0.9400049826  
-0.40920897  
-0.4567819201  
-1.0117314  
-0.7003107814  
-0.3111811014  
0.121268844  
0.6451852661  
1.103485544  
1.320123655  
1.029074793  
0.4190289642  
-0.01471393346  
0.1774859853  
-0.1775316704  
-0.5764467086  
-1.007998297  
-0.498622271  
-0.5017800917  
-0.6536359695  
-0.8497281862  
-0.9822465401  
-0.7300455742  
-0.667657497  
-0.5708239531  
-0.6569832061  
-0.4474197478  
-0.6675222227  
-0.4757651728  
-0.4666285429  
-0.5195282816  
-0.3055524899  
-0.2047133762  
0.06393796278  
0.2599074097  
0.3733285476  
0.2928453569  
0.3956038161  
0.4599626886  
0.7715024696  
-0.1448182209  
0.4769798302  
0.1584218294  
0.2032720856  
-0.1807897041  
0.02250616202  
0.521253143  
0.2705399266  
-0.06610903132  
0.03500709518  
0.08453417143  
-0.2477366501  
0.2173899669  
0.2630582769  
0.09258203699  
0.2493095862  
0.3216930644  
0.9961802349  
0.4893587736  
0.9494848903  
0.7515428503  
0.4108235959  
0.8752921439  
0.5863859731  
0.6888437473  
0.9391772852  
0.2525691574  
0.4536940887  
0.4025665258  
0.5805591102  
0.8123223732  
0.6679821351  
0.1413763834  
0.73355248  
0.7946546764  
0.834360646  
0.588278928  
0.4407598119  
0.3989851983  
0.2212923348  
-0.06338004414  
-0.7950339354  
-0.2905667714  
-0.3091612125  
-0.09375672177  
-0.6031946238  
-0.6345808219  
-1.27393598  
-0.6519345569  
-0.6058871064  
-0.5953380643  
0.07169226959  
-0.20069034  
0.00266785989  
-0.1579997602  
0.3255563329  
0.6131385795  
0.7951130808  
0.01880018099  
0.5956347367  
0.3586624001  
0.2335539346  
0.5568653552  
0.3937807632  
-0.1442157274  
0.2487848837  
0.03438867223  
-0.31951964  
-0.3186811123  
-0.5710839207  
-0.3092770913  
-0.4111623155  
-0.3557900018  
-0.6606230097  
-0.609703264  
-0.1920081806  
-0.1977405687  
-0.4116970747  
-0.4093878851  
-0.6533605511  
-0.148660417  
-0.745990935  
0.0987421808  
-0.2838204949  
0.03334494099  
0.1669453994  
-0.4469547616  
-0.3532839723  
0.6492696774  
-0.02439220477  
-0.3195200494  
1.054028901  
0.6839099295  
0.4075301531  
0.4298865267  
0.5022461272  
0.2751542563  
0.171720713  
0.001054713551  
0.5012921148  
0.4305451158  
-0.03224107306  
-0.5425432629  
-0.4809903611  
-0.04783218708  
-0.1516656817  
-0.319689329  
-0.1033563711  
0.1104378191  
-0.1438027772  
0.1045069057  
-0.3264764837  
-0.7575356624  
-1.197365586  
-0.6317788719  
-1.090054527  
-0.4810336658  
-0.5061061741  
0.1421529403  
-0.613789994  
-0.6072670279  
-0.6716386873  
-0.773660546  
-0.5373629529  
0.007079994523  
-0.06485633384  
0.0872321843  
0.4510234167  
0.8600388762  
0.8913312137  
0.3799012776  
0.8256598566  
0.0489822499  
-0.3678980195  
-0.2705537477  
-0.4120260204  
-0.7902572679  
-0.4061240163  
-0.4260135198  
-0.02647292252  
0.02763080218  
0.01573874632  
-0.2402002957  
0.3377648543  
0.5552131114  
0.4343685217  
0.5591057343  
0.3168410548  
0.4319896821  
0.3268958098  
0.3313444523  
0.581854505  
0.5969041007  
0.4998259791  
0.09908680296  
0.01140437595  
-0.05320421134  
0.1630508131  
0.5276301199  
0.08230849206  
-0.1766628793  
-0.01629405529  
-0.07666745268  
0.3989154313  
0.01501412828  
0.1257906748  
0.01792289101  
-0.1756085573  
0.7288451777  
0.5839711038  
-0.08736430267  
0.6500323447  
0.6340618425  
-0.1384093598  
0.4940776241  
0.2306368102  
0.2646806542  
0.284499162  
0.7166932882  
0.3510196993  
0.7169477076  
0.29095989  
0.7219620714  
0.8556600611  
1.209276355  
0.8203029489  
0.6845346492  
0.530952389  
0.04863806138  
0.9912992531  
0.6729098068  
0.7480441575  
0.706099886  
0.5536503519  
0.4361461439  
0.1770392206  
0.1549909475  
-0.6104432031  
-0.906231188  
-0.2424940541  
-0.9374152457  
-0.7648489667  
-1.037589544  
-0.5365753103  
-0.7433782397  
-0.1182322666  
-0.5869934061  
-0.4282768288  
-0.4888392827  
-0.8041086179  
-0.5244865943  
-0.5664589284  
-0.836636046  
-0.295470763  
-0.2683388193  
-0.7451794222  
-0.9873140584  
-0.4853369573  
-0.1105657899  
-0.5374943853  
-0.5779824136  
-0.5237983915  
-0.8910393953  
-0.333007555  
-0.4075658944  
-0.3031674094  
-0.3302169132  
-0.5495654368  
-0.5530569799  
0.1312286906  
-0.1443187759  
-0.2216240415  
-0.2091036623  
0.1252148302  
0.6587628912  
0.4906652868  
0.030054302  
0.3038357374  
0.06501966725  
0.08991681947  
-0.1513168553  
0.01487840298  
0.04104467537  
-0.0638767862  
-0.2908642234  
-0.3502141098  
0.07541457444  
-0.4983424493  
0.1358180127  
-0.0664882217  
0.5938643047  
0.4032272562  
0.4339672944  
0.5433991856  
0.6894608642  
0.3491061364  
1.230613006  
1.037890743  
0.6731456791  
0.8720426217  
0.6499522538  
0.1810445795  
0.03637726207  
-0.1752285589  
-0.3673484059  
0.02247095159  
-0.4808656739  
-0.5266764486  
-0.6863513677  
-0.9978981561  
-1.012640661  
-0.6706451069  
-0.9253313195  
-1.091160747  
-0.9244792656  
-1.393215113  
-0.8745589168  
-0.8466511622  
-0.08215318145  
-0.1685295994  
-0.3632056724  
-0.02905759546  
0.6365101407  
0.1803878313  
0.5135911221  
0.4627973153  
0.3546780524  
0.8478594925  
-0.263783582  
-0.2895871359  
0.4847290673  
-0.3299745387  
0.2884639315  
0.04185215571  
0.4635058415  
0.2773478222  
0.4423224738  
0.3537771814  
0.3852847602  
0.3466605033  
0.009694178254  
-0.011850619  
-0.1172591533  
-0.3976823813  
-0.8998954144  
-0.9211311323  
-0.4701125631  
-0.5570044443  
0.3811646881  
0.3145725197  
-0.1641658897  
-0.4490970173  
-0.02499160888  
-0.4321137951  
0.1364048821  
-0.4911959822  
0.05138250853  
-0.03095068273  
0.1303321118  
0.4258035779  
0.02765023047  
-0.3841535046  
-0.6765826107  
-0.6039591833  
-0.5925500543  
-0.7721816963  
-0.9042986275  
-1.419396397  
-1.232173474  
-0.7132117494  
-0.3871886317  
-0.1405280839  
0.06994438867  
-0.02581490562  
0.001869135492  
-0.3844937686  
0.4476674389  
0.6159193218  
0.5557725178  
0.7359344569  
-0.05630652334  
0.3112970716  
-0.05267376317  
0.3773356181  
0.5185964285  
-0.04637446178  
0.2542300445  
0.6933554699  
0.5316762899  
-0.05186462159  
0.8479654574  
0.6221520976  
0.3604141843  
0.648293944  
0.1005811712  
-0.2033176672  
-0.5284807342  
-0.3245345013  
-0.1723965532  
0.3910601066  
0.4436282624  
0.5770115982  
0.4805097551  
0.5794289999  
0.6235247309  
0.3469236838  
0.3027803235  
0.4406577634  
0.5572464278  
0.1553928809  
0.6381979934  
0.3893288924  
0.1827134706  
0.2556585341  
0.6743862285  
0.6486393601  
0.01096448041  
0.008564532712  
0.3880066871  
0.7997127047  
1.223217291  
0.2670259819  
0.6615813285  
0.468472431  
0.5467479363  
0.6613944006  
0.585905561  
0.4257794623  
0.02680814206  
-0.2182096087  
-0.8698364409  
-0.5300752582  
-0.04086696709  
-0.5798469073  
0.2604416596  
-0.1463701827  
-0.2645853804  
-0.3765286298  
-0.47700062  
-0.6257146447  
-0.5253792994  
-0.851012534  
-1.187266422  
-1.281759556  
-0.7988903659  
-0.5722028187  
-0.9626167933  
-1.252291565  
-0.6992173445  
-1.075375521  
-1.200176299  
-0.7999999581  
-0.6892887317  
-1.064817558  
-0.9542694943  
-1.118358852  
-1.179854651  
-1.134909232  
-0.3567474817  
-0.1755368135  
-0.176295739  
-0.169392314  
-0.8448673131  
-0.5046802175  
-0.4838612366  
-0.419468858  
-0.1683052222  
0.05317251415  
0.2324364144  
0.1189217562  
0.1560892679  
0.5091031848  
0.9671924055  
0.8237478541  
0.8887928282  
-0.1095362389  
-0.0862502971  
0.7560974312  
0.1119027597  
0.2617344735  
-0.1933611231  
-0.1641963957  
0.2127551638  
-0.1690081598  
-0.03225221984  
-0.410332796  
0.04732242962  
0.5898685737  
0.3579983643  
0.4030609716  
0.5493573923  
0.2718863966  
0.1033337469  
0.5288757819  
0.1036973224  
0.2290139578  
0.3582642541  
0.772491028  
1.090646804  
0.8083273554  
0.677968971  
0.6143190441  
0.396780951  
0.682549699  
1.074256557  
0.3136754959  
0.7862900617  
0.3629431713  
0.1287161203  
0.4703802876  
0.4977873973  
0.422832081  
0.07464529578  
0.4179221991  
0.1274186563  
-0.3719381175  
-0.02623191443  
-0.3893497582  
-0.4870338106  
-0.03441157362  
-0.5118493796  
-0.244257831  
-0.40429414  
0.06786768853  
-0.03206932313  
-0.6564603495  
-0.2535425564  
-0.3128762681  
0.07109676537  
0.3357091621  
0.349108583  
0.6446252539  
0.3958075605  
0.2074935081  
-0.5029653698  
-0.08633287022  
0.009301881883  
-0.1694574769  
-0.1337574768  
-0.4514508643  
-0.5383812227  
-0.2239275695  
-0.3187113797  
-0.3053502716  
-0.4825319481  
-0.6819756745  
-0.3074405889  
-0.2336394223  
-0.5829746146  
-0.2161594983  
-0.4973273997  
-0.3210163342  
0.6145336367  
0.9643100528  
0.4153040101  
0.51890014  
0.888539567  
0.4338476973  
