0.8848451159  
0.4997010565  
0.3631580888  
0.6382356473  
0.3973185291  
0.4502841419  
0.516756954  
0.1579934039  
0.6343599265  
-0.2343694019  
0.2489770588  
0.5163283419  
0.2214458786  
-0.07855979934  
0.02238998624  
0.1776688029  
-0.2408978667  
0.08293749743  
-0.0364322504  
-0.2916610265  
0.05207380739  
0.05740868247  
0.06794580186  
0.4279684895  
0.363779281  
0.2790505479  
0.2089605084  
0.3274259249  
0.2962899826  
0.1556282365  
-0.07788804291  
-0.2231847773  
-0.05840783156  
-0.3674206421  
-0.3502639488  
-0.4891595127  
-0.2212380984  
0.07827299646  
0.001762181196  
0.1497886374  
-0.223506612  
-0.04130096029  
0.4113620549  
-0.03734230932  
0.3621969857  
0.2492488569  
-0.1807713589  
-0.2998231404  
-0.1265273776  
-0.6668062913  
-0.04733937201  
-0.3058417786  
0.1434447484  
-0.1899990357  
-0.003851450583  
-0.2266034286  
0.01667633129  
-0.03687620347  
0.2547680431  
0.2683442812  
0.5317578958  
0.2071326175  
0.4105024911  
0.1936808084  
-0.1664276724  
-0.2153314913  
0.3340918516  
-0.2467287752  
-0.685429904  
-0.8242798106  
-0.4886082886  
-0.3254813079  
-0.401743024  
-0.6434299465  
-0.5370676196  
0.08835409145  
0.04983431296  
-0.1030029906  
-0.0686813693  
-0.0138254457  
0.4230528542  
0.7969766773  
0.5420825219  
0.3602310097  
0.3640103253  
0.2888227477  
0.4667702619  
0.2833123934  
0.1265460279  
0.3811969868  
0.1966533286  
-0.09237331691  
0.2110197546  
0.4957504349  
0.0141188278  
0.00555743262  
-0.3127997566  
-0.1330723862  
-0.3820528521  
-0.06842141156  
-0.5119571378  
-0.5237124116  
-0.4394746212  
-0.1891658418  
-0.2981420526  
0.001020425659  
0.1300841343  
0.09081795519  
-0.00292596269  
0.08086156953  
-0.263825193  
-0.06934883261  
-0.3113743377  
-0.5528282311  
-0.6202347181  
0.08348116094  
-0.1156365547  
-0.02426037459  
0.03896525196  
0.4061507261  
0.7832635659  
0.6289103612  
0.6959427251  
0.7080533244  
0.5963462952  
0.7344642205  
0.4227446339  
0.5248698386  
0.6255605954  
0.6510276193  
0.02510864163  
0.343368343  
0.2429616651  
0.6424189634  
0.7754182343  
0.1481705894  
-0.2162320644  
0.053586796  
0.2996332162  
-0.1448537419  
-0.1422197307  
-0.4036353937  
-0.3479371121  
-0.3473671189  
-0.4551860613  
-0.9157577588  
-1.275504812  
-1.145123368  
-0.8426897024  
-1.205510979  
-1.102398336  
-0.5479768681  
-0.8836384413  
-0.5418790917  
-0.07734279115  
0.4284596963  
0.403534044  
0.6802060226  
0.4503467429  
0.2082886475  
-0.154677725  
-0.3344629481  
-0.1283357445  
-0.3421377033  
-0.3627297081  
-0.5740352353  
-0.7340614533  
-0.5972294106  
-0.3636951058  
-0.3446688691  
-0.8086704993  
-0.6425856762  
-0.5850680879  
-0.4220189971  
-0.6148982609  
-0.1201968328  
-0.2020113344  
-0.220625444  
-0.1295746851  
0.3613257175  
0.3477474518  
0.5348376667  
0.1985978774  
0.04801351723  
0.06985510139  
-0.2473659869  
0.1275234613  
-0.1461467835  
0.1368565813  
-0.180373613  
-0.3623407636  
-0.1513550168  
-0.5227082953  
-0.2193394868  
-0.1611088007  
0.3896061485  
0.07193734023  
0.354779392  
0.7775759098  
-0.1087458335  
0.6172645573  
0.7690140638  
0.1860390592  
0.517598067  
0.3089324095  
0.3179269458  
0.3466847664  
0.04556344547  
-0.1369063455  
-0.1081895094  
-0.3387282171  
-0.215166318  
0.1815434325  
-0.1154633593  
0.6787056311  
0.6720083842  
0.5018534543  
0.5538536517  
1.075316644  
1.014654409  
0.7548152667  
1.008052326  
0.8388886422  
0.8791489276  
0.5343503527  
0.5557953413  
0.4000844067  
0.8545193355  
0.3235129884  
0.2537477048  
0.3968286636  
0.2474601778  
0.4591261952  
0.5406247199  
0.2752935362  
0.4806836363  
1.040582435  
0.2744866959  
0.6677345073  
0.7676842855  
0.3911084792  
0.3805497638  
0.3209541617  
-0.1895290517  
0.08227374945  
0.5018303181  
0.1684454446  
0.2406449945  
0.2553925143  
-0.1085993181  
0.1532888763  
-0.3565726243  
-0.0009002893475  
0.2172365387  
-0.5522707532  
-0.3844188614  
-0.6000542476  
-0.6834537595  
-0.6475024494  
-0.5969648621  
-0.7357833954  
-0.5939735274  
-0.7395756412  
-0.7369587065  
-0.8590192373  
-0.1407726127  
-0.3670137966  
-0.3977139008  
0.1960458604  
-0.3948301461  
0.1270955243  
0.2482138498  
0.6407421571  
0.6716159451  
0.2333781337  
0.7614828082  
0.4961749536  
0.1299289654  
0.5273257132  
0.3324687461  
0.4558857317  
0.4873254424  
0.3874498748  
0.7971690742  
1.316330081  
1.240898931  
0.9735069702  
1.346071319  
1.097393954  
0.900719145  
0.5188570785  
0.4390960491  
0.3078267784  
0.01601344432  
-0.3614506961  
-0.26595656  
-0.7002990102  
-0.3320443355  
-0.2946737455  
0.3554964981  
0.2041827517  
0.3494452585  
0.08626150378  
0.09581812826  
-0.1664050045  
-0.5107079423  
-0.5033684386  
-0.5132209571  
-0.7702250054  
-0.4305822906  
-0.2114512708  
-0.3429203135  
-0.973904632  
-0.6644706922  
-0.6514286867  
-0.5793796317  
-0.4832907964  
0.08839139118  
-0.02264768023  
0.3136289317  
0.1774839375  
0.03537281174  
-0.1212395453  
-0.4743269236  
-0.3544829397  
-0.1887034321  
-0.001945315047  
-0.01045667551  
0.1208608322  
-0.003386434228  
-0.2958180998  
0.01833528296  
-0.4078148378  
-0.4222099404  
-0.117672082  
0.3143878781  
-0.0310760188  
0.3056529115  
0.1635543472  
0.7591249736  
0.8340080249  
1.018054645  
0.8028164071  
1.127834289  
0.5844804588  
0.683287857  
0.1402707963  
0.2537138691  
0.294503466  
-0.1359127535  
-0.1062193505  
0.01844339039  
-0.6086805577  
-0.2686365471  
0.03084365206  
0.2206824946  
-0.7386639754  
-0.5294985111  
-0.4134690573  
-0.5747862823  
0.1414917863  
-0.4484837301  
-0.5147763507  
0.06729580025  
0.5229481839  
0.3842795794  
0.4938964546  
0.7424231917  
0.4405360188  
0.4348961237  
0.2403873415  
0.2214944372  
0.3336020607  
-0.09972284566  
0.002418424874  
-0.08437186665  
-0.6394075654  
-0.3230207203  
-0.1709186604  
-0.3811463355  
-0.4011041731  
0.2176141145  
-0.6124800958  
-0.2350147658  
-0.3145500811  
0.04673143514  
-0.4943659666  
-0.3675504287  
-0.5386763677  
-0.5253541795  
-0.2289229058  
-0.4534950173  
-0.4891707413  
-0.1709138979  
0.04834976151  
-0.3160073326  
0.1834002398  
-0.2125803065  
-0.1380307676  
-0.3915415513  
-0.3629900085  
-0.1493584308  
-0.06707236474  
-0.1942432639  
-0.03610707345  
-0.2708045251  
-0.2014269598  
-0.2786891964  
0.1115489638  
-0.8863924551  
-0.1815485943  
-0.05683965221  
0.07055250646  
0.4146365167  
0.53447328  
0.3799209857  
0.5501000217  
0.5541454731  
0.925177347  
0.4609241732  
0.2658146018  
-0.1163928536  
-0.3309499125  
-0.3816717989  
-0.6944272271  
-0.6101190341  
-0.5148127228  
-1.05666845  
-0.7347071338  
-0.7420879329  
-0.8747215351  
-0.5761017683  
-0.1885387178  
-0.1987979557  
0.3766895887  
0.9053622647  
0.5126492674  
0.3356848413  
0.08902647779  
0.6616295012  
0.2809117506  
0.1440844591  
-0.6339487433  
-0.4001853767  
-0.4627430675  
-0.1872991448  
-0.179575285  
-0.02807144606  
0.418657511  
0.4011987447  
0.5936866768  
0.5280272378  
0.6904611946  
0.5839027035  
0.3569097328  
0.4171286406  
0.6029368192  
0.3056456374  
-0.5921088777  
-0.6522334699  
-0.3855926241  
-0.2459444778  
-0.08130365121  
-0.3734941726  
-0.6123343665  
-0.6841584529  
-0.8444072726  
-0.6957117414  
-0.5563867442  
-0.458616808  
-0.6054582164  
-0.1115222737  
-0.2271421686  
-0.3461628817  
-0.3384272645  
-0.5186711164  
-0.07905132411  
-0.4633617274  
-0.3777736963  
-0.3890728163  
-0.3939620419  
-0.166547294  
-0.3044824601  
-0.4736393456  
-0.267563709  
-0.3094502935  
-0.588791088  
-0.05535516221  
0.110679442  
0.4920873564  
0.2488904872  
0.5312130836  
0.7513493538  
0.902814769  
1.036911867  
0.4823941538  
0.4248107424  
0.1627130082  
0.2054220631  
-0.1517743918  
-0.397553866  
-0.5588206087  
-0.3838731784  
-0.4357026148  
-0.3800472052  
-0.6010486081  
-0.8009220877  
-0.4824754421  
-0.3607078394  
-0.5438530271  
-0.5192927051  
-0.08853353256  
-0.07777755035  
0.1076004508  
-0.2629897879  
-0.1490230609  
-0.5465531924  
-0.7597289171  
0.1652538195  
0.08370306567  
-0.1177722971  
-0.1379705272  
-0.2335616361  
-0.1979230293  
-0.1128953106  
-0.06607701619  
-0.05099316991  
0.01683880213  
0.1607023153  
0.06548019733  
0.5669745133  
0.05197710694  
0.1845111227  
0.212246358  
0.5864211621  
-0.01083129261  
-0.07837544212  
0.09526996789  
0.7031372908  
0.7218737376  
0.645280525  
0.8551567706  
0.9451417181  
0.2626750877  
0.3216254213  
0.2909171748  
0.3075953352  
0.3221753942  
-0.1624668735  
0.2911929329  
0.04104803224  
-0.1458855305  
0.4853533749  
0.4546059832  
0.8924926325  
1.291890765  
1.575882169  
1.450180999  
1.040199948  
1.114733713  
0.3749261802  
-0.08870809036  
-0.3038942324  
-0.3888593333  
-0.6893418678  
-0.7504314228  
-0.7815644107  
-0.8118052377  
-0.8225296823  
-1.047018033  
-1.1648431  
-0.8355452437  
-0.9880191818  
-0.56332437  
-0.5162785285  
-0.4389157465  
-0.7366073627  
-0.4456171603  
-0.3703254291  
-0.4796282923  
-0.1499910726  
-0.6164153408  
-0.2960631678  
-0.01277174983  
-0.6029505119  
-0.1111648776  
-0.4996136513  
-0.4088017868  
-0.4438342992  
-0.2754686634  
-0.6002171189  
-0.3975542377  
-0.6564061965  
-0.2757286006  
0.1664404665  
0.3770937809  
-0.02786057754  
0.1573126896  
0.2601852418  
0.242980394  
-0.184860177  
0.2614337056  
0.1008766708  
-0.1826634463  
0.01489272701  
0.1801954534  
0.2234615961  
0.1887242975  
0.01795069833  
0.1818439733  
-0.1313897686  
-0.1902441972  
0.003483596155  
0.06974135111  
-0.2735742894  
-0.4950844231  
-0.4992924533  
-0.6561705197  
-0.2355950235  
0.05656738082  
-0.3218252752  
-0.3626641397  
-0.4851550813  
-0.4146453538  
0.3204786475  
-0.7963366202  
-0.01980527928  
-0.4111108475  
0.02823479852  
0.2426947374  
0.406882856  
0.7692020752  
0.5640015861  
0.6544094433  
0.2282905155  
-0.2997555375  
-0.1837726355  
-0.4163699529  
-0.2649539762  
-0.6368125337  
-0.884587391  
-0.8341492628  
-0.6283781928  
-0.9259963603  
-0.6435904694  
-0.4294948688  
-0.3921914123  
-0.9277141967  
-0.04944057692  
0.7320041791  
0.9043382096  
0.8409551784  
1.233130612  
1.145519191  
0.5123442133  
0.4948058495  
0.1645591669  
0.04625969575  
-1.246436812  
-0.9987057453  
-1.055471648  
-0.9165477291  
-0.8231484178  
-0.94250997  
-1.18509267  
-0.8045706686  
-0.9089783267  
-0.6508268387  
-0.9410439085  
-1.004513473  
-0.9684799119  
-1.124856613  
-0.5330207521  
-0.2283532693  
-0.2930948651  
-0.3191056369  
-0.3072027885  
-0.5722500904  
-0.5283619236  
-0.03093831694  
-0.1232391438  
-0.3704489321  
0.2838154812  
-0.2434816285  
0.2385114866  
0.007215110606  
0.004957687024  
-0.3400195443  
-0.0803493586  
0.5082700294  
0.2577879228  
0.06272786888  
0.06399092135  
-0.2141602534  
-0.06423368125  
-0.1289657167  
-0.02173022203  
0.004443021046  
-0.04192648501  
0.7512811414  
0.3512762175  
0.380395374  
0.4624552594  
0.3850808294  
0.6581015288  
0.6406940155  
0.2731335886  
0.3271479493  
-0.2203642128  
-0.320087267  
0.330748534  
0.3361715109  
0.002341667465  
0.3704050353  
0.4295725408  
1.263199  
1.241754474  
1.403265568  
1.102515394  
1.483109902  
0.9561161187  
0.7272152446  
-0.232945311  
-0.2621747082  
-0.4718887519  
-0.3343974188  
-0.09566045337  
-0.6814286892  
-0.5828917473  
-1.155806647  
-1.069319143  
-0.4050039479  
-0.9030786056  
-0.9805176257  
-0.3236232568  
0.08602304534  
-0.2219045335  
0.2866225382  
0.3860187053  
0.1133717884  
-0.08079684451  
0.2656806024  
0.3027779899  
0.4690109697  
-0.2238676533  
-0.08268429872  
-0.2357217917  
0.09718616379  
-0.6617850474  
-0.5376779491  
-0.5913337784  
-0.2707584492  
-0.3883863535  
-0.4743771318  
0.150939022  
-0.1079579276  
-0.3934924695  
-0.3613151146  
-0.5867563762  
-0.3491107276  
-0.8606854511  
-0.5751211832  
-0.5107535315  
-0.4906729019  
-0.1389232741  
-0.3071323619  
-0.1231531556  
0.1836532679  
0.2375993859  
0.001201588264  
0.5967748858  
0.6018728813  
0.5121316816  
0.8936742768  
0.5422776361  
0.7531574292  
0.9313473597  
0.5610946146  
0.7237142712  
0.2250800468  
0.5885341143  
0.5286384993  
0.3096348503  
0.490361703  
-0.1928033786  
-0.228444099  
0.4607034572  
0.06213501382  
-0.01598637735  
0.06937893819  
0.5087645379  
0.06211457316  
-0.06142328704  
-0.3507662041  
-0.4670803018  
-0.5715043186  
-0.5031311  
-0.631580499  
-0.4998063786  
-0.04050672987  
-0.191326944  
-0.1717473742  
-0.08271966586  
-0.9419394736  
-0.2259579241  
0.2208790025  
0.5418390313  
0.01825349044  
0.1698819427  
0.2839312745  
0.4860718321  
0.6280121751  
0.2922299945  
0.1972718089  
-0.2264805579  
-0.5710426526  
-0.462338647  
-0.5483021648  
-0.5114514047  
-0.352971041  
-0.1582176897  
-0.2435960896  
-0.1104285343  
0.07991612457  
-0.2423707445  
0.5071123852  
0.501991502  
0.7467274393  
0.8008166309  
0.6882962451  
0.6212000491  
0.6442041342  
0.9884590963  
1.108384623  
0.5883602832  
0.8881809101  
0.2880563623  
0.5718560766  
0.4148734776  
0.3659669394  
0.5656638399  
-0.006036455194  
0.1472966686  
0.04422635394  
0.362761792  
0.3540334058  
-0.07322712181  
-0.1991351792  
0.4164784959  
-0.1100162098  
0.2374440667  
0.4853876568  
0.1276685921  
0.07641748994  
0.3705737281  
0.3227553144  
0.376913766  
0.3525168305  
0.2864859101  
0.8233501877  
0.599802469  
0.5544928689  
0.6922064791  
0.1886254014  
0.5891772723  
0.56545906  
0.5301651297  
0.7834786931  
0.4944788837  
0.900848759  
0.5884004942  
0.9681910756  
0.8684467123  
0.8384844403  
0.525140615  
0.3927941921  
0.5357683404  
0.02890278486  
-0.3337522422  
-0.9673337483  
-1.048479351  
-1.043006311  
-1.255265707  
-1.396205614  
-0.9552371629  
-0.6025213959  
-0.7664172558  
-0.3035426216  
-0.5645569022  
-0.09060898322  
-0.4625379141  
-0.8103526052  
-0.5092616106  
-0.8794898731  
-0.6521644912  
-0.7906258265  
-0.673504917  
-0.8536134885  
-1.03130702  
-0.6214443088  
-0.3989031831  
-0.4751736888  
-0.453634271  
-0.4932228689  
-0.5018158106  
-0.6661764735  
-0.4700781656  
-0.6878049017  
-0.6132449444  
-0.6638058777  
-0.6278664642  
0.2780443022  
0.2061712016  
-0.1264723735  
0.2357153834  
0.6588207188  
0.6648921661  
0.6943832131  
0.5142663266  
0.3103398601  
0.2700610742  
0.4791370944  
0.5829575436  
0.4124045665  
0.1862989527  
0.6422913664  
0.2692614855  
0.489062243  
0.7670620616  
0.07909743138  
-0.2013042223  
0.3998364358  
0.3455904245  
0.656106101  
0.594407964  
0.3913801603  
0.3688812028  
0.5603253369  
0.9338492535  
0.7951845612  
0.9699095216  
0.7543969486  
0.7267576118  
0.7758542234  
0.5699380614  
-0.06558893609  
0.1264005945  
-0.2428423379  
-0.4867412832  
-0.4646513139  
-0.6848595704  
-0.6034743774  
-0.6751318773  
-1.139706241  
-0.8538742373  
-1.072601185  
-1.481733729  
-1.166793992  
-0.8497172141  
-0.5108107921  
-0.5868762728  
-0.2186313737  
-0.2989939543  
0.1254381627  
0.3154985856  
0.5612276167  
0.516766094  
0.4595583339  
0.6769196445  
0.5142905155  
-0.07732968147  
-0.4346126439  
-0.7263709695  
-0.5917169683  
0.01530876184  
-0.3349558677  
-0.09848068205  
0.3953637906  
0.2234691418  
0.5511405006  
0.3944789687  
0.434195584  
0.4003909115  
-0.3569727619  
0.1840073569  
-0.1030492435  
-0.2544668885  
-0.6065277844  
-0.411731332  
-0.7470074979  
0.2963970224  
0.3798724318  
-0.01828534483  
-0.1180461928  
-0.1822757609  
0.07843416953  
-0.5364362324  
0.06226788029  
0.1563889676  
0.1118525854  
0.4133116498  
0.3519394828  
-0.1043066681  
-0.3996361261  
0.01308706058  
-0.2533733857  
-0.3828365114  
-0.7391734047  
-0.4388149308  
-0.55560379  
-0.9741922164  
-0.4792884889  
0.3298197304  
0.2361626203  
0.3699142276  
0.7194302914  
0.4103739495  
0.4012852046  
0.9180730324  
0.5499248596  
0.496070658  
0.5288935921  
0.3568861915  
-0.08369039868  
0.1864790352  
0.1730093187  
0.2974067042  
0.2498147135  
0.705820458  
0.8080538976  
0.8680185973  
0.8708033452  
0.5709404986  
0.611878595  
0.4970868032  
0.3791719208  
0.1106715145  
0.08718789932  
-0.05332874803  
0.2879636911  
-0.1681625364  
0.0613241357  
0.1144467245  
0.06669231747  
0.09115551762  
-0.4277610597  
0.1348868521  
0.3824736478  
0.2613187758  
0.08673105059  
0.2217316158  
0.6623260106  
0.926336679  
0.7225347754  
0.412081013  
0.4611207028  
0.5770461211  
0.5910024526  
0.4978338898  
0.7223036068  
0.9637682407  
1.346611134  
1.413219916  
1.035243654  
1.096521907  
1.168948309  
0.2452776689  
0.2098123977  
-0.4146270145  
0.3758025726  
-0.2789795038  
-0.5726644733  
-0.8352492558  
-0.04518508814  
0.3422293137  
-0.103853671  
0.2905438665  
-0.04137805552  
0.1269773381  
0.06177825269  
-0.03677123286  
-0.1707723641  
-0.5111758421  
-1.113660511  
-1.216765981  
-0.8146722635  
-0.9561101546  
-0.8118482592  
-0.6605627958  
-1.055401426  
-0.878468637  
-1.445740819  
-1.555366285  
-1.046592303  
-1.209657212  
-1.326137433  
-0.7333424115  
-0.6459610574  
-1.293208891  
-1.073150502  
-0.9058309494  
-0.3114001442  
-0.2212611243  
-0.3039066573  
-0.4319091053  
-0.3315372982  
-0.3902723075  
-0.1388965222  
-0.03519138541  
0.02754476753  
-0.4556930865  
0.1223456547  
0.02984558604  
0.0958296906  
0.4503011122  
0.1219296426  
0.07018056749  
0.1404796541  
0.5904906431  
0.8181100702  
0.5790587518  
0.04014735897  
0.315414846  
0.4398457139  
0.02626555516  
0.7283849903  
0.1452131429  
0.1296719885  
0.2661418017  
0.4621307726  
0.9698447289  
0.5155163806  
0.1002327867  
0.2825847119  
-0.02616935793  
0.002160416626  
-0.1126482988  
0.4164177777  
0.1868768822  
0.4324216426  
0.6431158509  
0.7595899548  
0.9084985272  
0.2720086007  
0.04070104743  
0.3169835604  
0.1323139184  
0.09366599703  
0.2359515804  
0.01920816154  
-0.09899382225  
0.324720559  
0.54629974  
0.7253365466  
0.2686776775  
0.7011051795  
0.1891165668  
-0.08943100523  
0.1780702326  
0.3205701067  
-0.340709673  
-0.06883670857  
-0.1279659838  
-0.07285227651  
0.4573490832  
0.6179137137  
0.1929765959  
-0.08167696699  
-0.1887900919  
-0.05907332736  
0.4943335608  
0.489823667  
0.6707193435  
0.42496623  
0.3134523505  
0.3650348167  
0.1095668179  
0.1912248088  
0.1518670376  
-0.05347857355  
-0.335343458  
-0.867295071  
-0.8245310082  
-1.003009416  
-0.8804127224  
-1.35053856  
-0.9035685105  
-1.147417771  
-0.5931248952  
-0.4445714683  
-0.8116667722  
-0.9119423115  
-0.7199279132  
-0.7812531957  
-0.3575552217  
0.1240194681  
0.3482662499  
0.1253957341  
0.3049960234  
0.3445051931  
