2.218438469  
1.532577573  
0.4971079042  
0.2049902931  
-0.2915832037  
-0.5712062186  
-0.9692928148  
-1.219831551  
-1.168265363  
-1.322687127  
-1.159029075  
-1.393412277  
-0.8091663981  
-1.115827838  
-0.6691884774  
-0.7456408948  
-0.7195792697  
-0.7114309262  
-0.6088690998  
-0.5945819362  
-0.813466361  
-0.3916395329  
-0.2307892823  
-0.1753959583  
-0.4458132819  
-0.124334496  
0.0247003206  
0.1365350545  
-0.09365997287  
-0.2566733073  
0.1612171522  
-0.1281750013  
-0.2117767235  
-0.518093431  
-0.2433659428  
-0.2501183117  
-0.1684658109  
-0.4642575754  
-0.3925358461  
-0.4668000242  
-0.28872873  
-0.5958172176  
-0.414992603  
-0.2546076227  
-0.08206514895  
-0.03895870642  
0.1470361426  
0.0697323382  
0.3008960187  
-0.04686762433  
0.1158180536  
0.06345724116  
-0.02801316942  
0.03369036401  
-0.002761982209  
0.1066697156  
-0.02574381703  
0.1734626599  
0.08569533409  
0.4267423191  
0.2552621252  
0.760398564  
0.6772813854  
0.7346038853  
0.8647687173  
0.9515765648  
0.8150933747  
0.9086964984  
1.044251811  
1.008194751  
0.7793483218  
0.9870946674  
0.8519617056  
0.3577052568  
0.4334192779  
0.4945958561  
0.1780306707  
0.06235852557  
0.2282125  
0.2318996618  
0.4155311135  
0.4567758711  
0.2443766198  
0.5864363064  
0.5071471741  
0.3035103828  
0.4525720088  
0.440979793  
0.1217017353  
-0.1645463486  
-0.04768602422  
0.2590630445  
0.3629285288  
0.3126152873  
0.4473801591  
0.4416180447  
0.4711691961  
0.3418503876  
0.6433298801  
0.6169828917  
0.6428565137  
0.3924099497  
0.5116646175  
0.3669994853  
0.2508546034  
0.02983662947  
-0.05959227175  
-0.1179157028  
-0.3206652387  
-0.4252827373  
-0.452253218  
-0.1579850376  
-0.111151234  
-0.2657288711  
-0.5221391693  
-0.6851596639  
-0.6744016188  
-0.7959370528  
-0.9591035601  
-0.8967052254  
-0.9684006038  
-0.9327433624  
-0.968256431  
-0.7848088619  
-0.8527112485  
-0.6375260527  
-1.119948218  
-0.8897287481  
-0.9777077995  
-1.046396852  
-1.224649297  
-1.134004723  
-1.003893279  
-0.8745275351  
-0.7204604771  
-0.6785698023  
0.02634675296  
-0.1118279123  
-0.09697891709  
0.3013200684  
0.2964719207  
0.7483590028  
0.8384969414  
0.9133526827  
0.6948988912  
0.3778824241  
0.4661194717  
0.1357995334  
0.08011883063  
-0.1569326249  
-0.0247200085  
-0.1951300428  
-0.1755194342  
-0.3305866834  
-0.1418367176  
0.06462156895  
0.1006409757  
0.4840663313  
0.2335320309  
0.6087086945  
0.4854360513  
0.6311329565  
0.2952793548  
0.2132066722  
-0.02269656883  
-0.06084379727  
-0.345344059  
-0.2449572664  
-0.3079157478  
0.05279413106  
-0.007256616357  
-0.5213679545  
-0.1840160115  
-0.3799236792  
-0.3989347917  
-0.8023481268  
-0.4697126233  
-0.4341436772  
-0.3571073821  
-0.6677637154  
-0.699966891  
-0.3879223444  
-0.5641910841  
-0.1249913643  
-0.5785813807  
-0.6355277788  
-0.2724100167  
-0.5274188043  
-0.358453599  
-0.465781249  
-0.2703101893  
-0.3317468933  
0.03098067192  
-0.3122060573  
-0.2616651908  
-0.3621757078  
-0.1132006526  
-0.1731501181  
-0.167160949  
-0.4318191853  
-0.4031933922  
-0.5708765448  
-0.7293476179  
-0.861912862  
-0.7642617704  
-0.8253038289  
-0.7588903035  
-0.2830420002  
-0.1159593234  
-0.2639148414  
-0.2216455798  
0.4980217584  
0.7007513382  
0.9809880322  
1.838358161  
1.883020289  
1.529292352  
1.630051142  
1.336468594  
1.113058933  
0.4345642783  
0.4351414036  
0.2918739296  
0.417559969  
0.2334957132  
0.4010830989  
0.2394853487  
0.4171469305  
0.0684629591  
-0.1563685182  
0.01439792229  
0.08915306591  
0.09633612935  
0.1672402818  
-0.2339102369  
-0.1186147075  
-0.00895610576  
-0.001517072294  
-0.1796639304  
-0.09625263514  
-0.02966115983  
0.1136831476  
-0.2460822007  
-0.2437932675  
0.07309218942  
-0.1186875292  
0.1287681508  
0.2556801074  
0.6449754569  
0.3084520049  
0.9237519065  
0.7673443306  
1.151073954  
0.623440638  
0.4589376485  
0.1248403085  
-0.05504378572  
-0.2962912643  
-0.2834956291  
-0.08960972808  
0.02402612207  
0.1169814448  
-0.1542029381  
-0.1950842014  
-0.07937041592  
-0.07977980581  
-0.4601116443  
-0.2420112905  
-0.2357776202  
0.1808351713  
-0.1970393498  
-0.3760420934  
-0.2327451863  
-0.1547503617  
-0.2772161102  
-0.2999203665  
0.1301471561  
0.2311318778  
0.6435005825  
0.149691762  
0.2517142039  
0.01473767003  
0.113513779  
-0.009063800266  
-0.1155326014  
-0.1773564737  
0.3070577294  
0.3399438278  
0.2386287797  
0.4233085237  
0.4069078597  
-0.01288432436  
-0.00493151363  
0.1229070756  
0.1127934876  
0.2449551668  
-0.05243319396  
0.6291755253  
0.3443273833  
0.6291845823  
0.5198158332  
0.707449824  
0.6034452041  
0.7260490006  
0.5695361922  
0.5925020394  
0.7734947096  
0.8998416967  
0.5057488374  
0.7382600641  
0.6916487109  
0.8279683938  
0.6445887896  
0.4245541422  
0.2333565322  
0.2725915111  
0.137096367  
-0.01945127519  
0.208648442  
0.1244204986  
0.4150239841  
0.285575087  
0.5220456726  
0.6185472915  
0.3404101885  
0.7430862598  
0.8056928202  
0.821047887  
0.2483010096  
0.4170708121  
0.3134053499  
0.2288704379  
0.1166964635  
-0.05723193998  
0.4939609125  
0.4974687274  
0.5379859704  
0.2444663835  
0.7131559397  
0.4907722356  
0.6881117916  
0.03572150324  
0.1879959426  
-0.1378167448  
0.02949393878  
-0.2790373265  
-0.1314380235  
-0.2320208912  
-0.112773799  
-0.5187613831  
-0.41502677  
-0.3193949689  
-0.3936190644  
-0.4440308138  
-0.4620791153  
-0.3527663927  
-0.370137114  
-0.3730663634  
-0.3272579588  
0.05455823592  
-0.04265312476  
0.09026540672  
-0.05651401146  
0.05287143011  
0.2051508874  
0.076300553  
0.339317088  
0.7485665331  
1.101401485  
1.227635065  
0.7668558926  
0.6628077182  
0.5531829294  
0.629074648  
0.6658580398  
0.3055716267  
0.4971969042  
0.5630906056  
0.8527056515  
0.7296905724  
0.6592168215  
0.6228911273  
0.9283324423  
0.7772799974  
0.4122559096  
0.3857279166  
0.169459694  
0.385733367  
-0.05604528199  
0.07332770662  
-0.127276072  
0.08131271614  
-0.1089181086  
-0.05249960524  
-0.1809804544  
0.2621552308  
-0.01960879368  
0.3901570158  
0.4837585874  
0.3984913897  
0.2750964763  
0.4367751522  
0.5634640152  
0.6044921141  
0.4481551336  
0.7810846628  
0.8100059566  
0.8629020793  
0.7235515265  
0.4505660046  
0.2897943259  
0.2327247982  
0.3170911095  
-0.2330217141  
-0.4297268448  
-0.2275272782  
-0.07035717476  
0.06347756678  
-0.2283913025  
0.3128247413  
0.2736228892  
0.6448073351  
0.08247670039  
0.0315692272  
0.05934331417  
-0.03174990199  
-0.0613801013  
-0.5264679815  
-0.3384264678  
-0.4140148245  
-0.2372583429  
-0.2859086439  
-0.1289668324  
0.1454105467  
-0.08272473957  
-0.1245572148  
0.3354303303  
0.1607121188  
0.1318849487  
0.07235149505  
0.03883349019  
-0.02349840873  
-0.002008557838  
-0.06232415952  
-0.07717461348  
0.2420677432  
0.1757392354  
0.346283268  
-0.1249547018  
0.3899080067  
0.2627366372  
0.3013917986  
0.3292138914  
0.3409509952  
0.5236453533  
0.3640276432  
0.2544083019  
-0.002354878459  
-0.06865962556  
-0.09171129418  
-0.5007877307  
-0.7172170629  
-0.690680981  
-0.6187397632  
-0.5220289964  
-0.6185139217  
-0.5248507676  
-0.3894553272  
0.1382049492  
-0.2006947657  
-0.1024968956  
0.2320307683  
-0.1052658061  
-0.5499437989  
0.02206338254  
-0.0721830634  
-0.3691543636  
-0.4936322171  
-0.385787031  
-0.4969092317  
-0.69329916  
-0.680521417  
-0.5419883179  
-0.3593907095  
0.2906016407  
-0.3851018533  
-0.2918290207  
-0.2747905874  
-0.1250085238  
-0.005039604945  
-0.223033501  
-0.1785690495  
0.2697462467  
0.100734331  
-0.1463495836  
0.05675440877  
-0.03160325027  
-0.3805946108  
-0.5795813475  
-0.5936195221  
-0.384508181  
-0.3001044804  
-0.2337910605  
0.1533274652  
0.2043399797  
0.460333319  
0.3924243946  
0.262895724  
0.1822805522  
0.4577990867  
0.3413058299  
0.4482515952  
0.3494156849  
0.495220048  
0.5093582623  
0.7428282637  
0.8505924047  
0.6541693301  
0.7606075083  
0.9141150338  
0.9685981096  
0.7698216036  
0.8605693601  
0.7925098119  
0.729293496  
0.2719074752  
0.2314633959  
0.4040324587  
0.5487809797  
0.6774152841  
0.5841465112  
0.4721921396  
0.2490919544  
0.09297569193  
0.05257096163  
-0.1698228046  
-0.1998401855  
-0.4416121265  
-0.4040079784  
-0.3729586655  
-0.2054272314  
-0.3770860487  
-0.5615022649  
-0.6449930409  
-0.589805079  
-0.6549655063  
-0.8531383694  
-0.8513901801  
-0.8088209824  
-0.635915797  
-0.7775878849  
-0.8673194308  
-0.8288418415  
-0.8129312313  
-0.6566351909  
-1.315487219  
-1.248610465  
-1.343325203  
-1.158105817  
-1.11277809  
-0.7876556426  
-0.4636253097  
-0.3073949853  
-0.4747825725  
-0.3749890546  
-0.2966697069  
-0.2615553734  
-0.3893657636  
-0.3643951325  
-0.2689842687  
-0.0389347158  
-0.291647705  
-0.2374669302  
-0.1398343272  
0.0517525076  
-0.1805844923  
-0.2930514676  
-0.2700999678  
-0.2107360299  
-0.4548959608  
-0.7509593764  
-0.5568904797  
-0.3851349731  
-0.5190373325  
-0.7569148926  
-0.5474176096  
-0.822380061  
-0.834409474  
-1.241977633  
-0.9706642376  
-0.9367560817  
-0.7213547487  
-0.9075771614  
-0.8675484566  
-0.8351954962  
-0.5908458495  
-0.5989143516  
-0.5148749449  
-0.2626359378  
-0.2078053101  
1.562182898  
1.369140507  
0.8887204425  
0.9635338422  
0.7955271741  
0.9885154953  
0.481652637  
0.3927854979  
0.3491624668  
-0.02170295618  
-0.4765513397  
-0.03220516928  
0.1275976207  
0.1377260207  
0.08350008806  
0.1947811716  
0.08987496195  
0.2406097118  
-0.1097123217  
0.1202129788  
-0.143838528  
-0.234778722  
-0.5378425623  
-0.8471020295  
-1.103060616  
-1.098929528  
-1.242393093  
-1.556694141  
-1.366614635  
-1.164953803  
-1.167314009  
-1.351861336  
-1.235531787  
-1.329664524  
-1.14287458  
-1.389145572  
-1.219381093  
-1.25242259  
-1.077808302  
-1.26775155  
-0.933970649  
-1.132606985  
-1.103244463  
-1.211442402  
-0.9443060808  
-1.08388899  
-1.097917899  
-0.929185751  
-0.8517766487  
-0.8753166993  
-0.8873412474  
-0.7229209302  
-0.5813622765  
-0.7327285852  
-0.6435812272  
-0.5959176667  
-0.3376705779  
-0.4731914594  
-0.5863941852  
-0.4171699454  
-0.4929738316  
-0.5156998915  
-0.5157407071  
-0.4920796342  
-0.4886571895  
-0.5520176631  
-0.2055608145  
-0.06880523743  
-0.0771551906  
-0.2222376926  
0.03908023685  
-0.2374000976  
-0.5382504864  
-0.6357097786  
-0.4031906862  
-0.5906556742  
-0.8458542472  
-0.770234398  
-0.8608935208  
-0.8967229068  
-0.8284945225  
-0.750428147  
-0.4811485206  
-0.567527434  
-0.4764205214  
-0.5201932603  
-0.3218317584  
-0.6078296658  
-0.8177078177  
-0.562658484  
-0.5377780711  
-0.6407536594  
-0.6452474848  
-0.4910008488  
-0.5774731685  
-0.6889305181  
-0.6089914895  
-0.4897923363  
-0.3504557989  
-0.2862432071  
-0.2533530457  
-0.1521903111  
-0.3111137169  
-0.2746882541  
-0.4296359778  
-0.1598846855  
-0.369980223  
-0.1069368587  
-0.643256858  
-0.3348840323  
-0.008090713554  
-0.2426976003  
0.1498536308  
0.266290307  
0.194061501  
0.4165547392  
0.5832174668  
0.4649803564  
0.1807229087  
-0.04569314268  
-0.2962479042  
-0.5271134458  
-0.4824054184  
-0.382052311  
-0.4144982567  
-0.3848368259  
-0.5879927562  
-0.6861779301  
-0.6388914728  
-0.5670364849  
-0.6641197506  
-0.5124398249  
-0.336192535  
-0.3079643145  
-0.4249440507  
-0.1076151493  
0.02647994398  
0.1047463513  
-0.298461239  
-0.03626656198  
-0.06796869629  
-0.06853020476  
-0.3025963491  
-0.2060563688  
-0.4692140689  
-0.2229235704  
-0.5038925327  
-0.1518507165  
-0.2341817895  
0.2706395005  
0.2159986974  
-0.03280566893  
0.00673260876  
0.1218625538  
-0.2535443678  
-0.4853490358  
-0.3243124603  
-0.1889560395  
-0.3391898354  
-0.1421758062  
-0.05672054243  
0.03739314269  
0.1148265677  
0.03931573049  
0.0894961653  
-0.1947926962  
0.03726884282  
-0.3605480698  
-0.5707645219  
-0.4720558537  
-0.6856895698  
-0.6578712611  
-0.9964854317  
-1.121834788  
-0.9530017585  
-0.8756833285  
-0.9201559576  
-0.8469028012  
-0.6820921532  
-0.4694612446  
-0.4490315548  
-0.5734866772  
-0.3532918034  
-0.272642562  
-0.3800288216  
-0.4984071311  
-0.2925563729  
-0.5918014425  
-0.1995407843  
-0.4151334327  
-0.1127197822  
0.04289818958  
0.3520503618  
0.1912461269  
0.4529039458  
0.4024845408  
0.4598352568  
0.1605947655  
0.137489092  
0.2319087825  
0.02067413453  
-0.1259457582  
-0.09853726745  
-0.03137539735  
0.02116490648  
0.07554485264  
-0.001231976492  
0.002817021888  
0.1190351385  
0.03137143378  
0.08399259627  
-0.02411388703  
-0.004236182391  
-0.3522288402  
-0.1423947839  
-0.3842824962  
-0.1567287015  
-0.5959106113  
-1.121120698  
-1.212838016  
-0.8466925286  
-0.08802180302  
0.4946827756  
0.5402606789  
0.7638916182  
0.8049007131  
0.4879465767  
0.4249719735  
-0.08423377331  
-0.4571863075  
-0.8167894374  
-1.015704341  
-1.508527452  
-1.746136958  
-2.222187095  
-2.371220021  
-2.207634121  
-2.007538936  
-1.036855148  
-0.3295100159  
-0.781594527  
-0.8014684786  
-0.6403528783  
-0.3804811345  
-0.4584712816  
-0.4447423055  
-0.2300480153  
-0.3214979014  
-0.03520498063  
-0.01438201727  
0.1775868018  
0.009700567775  
-0.03511431016  
-0.2182433176  
-0.09994850194  
-0.1983604983  
-0.12804726  
-0.1068160034  
0.2123649303  
0.3035840987  
0.568117802  
0.428806045  
0.5898793386  
0.2313042403  
0.343253865  
0.1738009806  
0.3453793955  
0.3186685314  
0.4654687372  
0.5241819426  
0.8136419999  
0.6629359449  
1.016620247  
0.7606410723  
1.087251791  
1.031969465  
1.031686042  
1.205847855  
1.149121745  
0.9863945581  
1.151252599  
0.8095616657  
0.8686180261  
0.9872877876  
1.095990752  
0.9505741728  
0.781556308  
0.7951825407  
0.6786274898  
0.8043631085  
0.7132158061  
0.9498748668  
1.111692331  
1.303513554  
1.021021871  
1.111154872  
1.0142876  
0.6411137411  
0.460526531  
0.2636194268  
0.308351912  
0.07259655046  
0.4596530381  
0.1923424885  
0.0769105795  
0.1696361516  
0.1027040777  
0.02886647199  
-0.001428824791  
0.2900220632  
-0.1322278716  
0.2213529442  
0.0167583513  
0.008063044373  
0.1734532877  
0.4738099986  
0.7474944547  
0.8614876012  
0.5490763931  
0.7927329458  
0.6834743574  
0.9944203212  
1.140360625  
1.384516543  
1.03522616  
1.006375171  
0.9563639969  
0.7631698917  
0.4730513062  
0.4233569548  
0.3402157983  
0.2256528096  
-0.07063907897  
0.2224402064  
0.3748996258  
0.7055306105  
0.7696402819  
0.9337457808  
0.6420932152  
0.704576368  
0.8322593328  
0.9817711216  
0.4668422507  
0.5323663404  
0.1804224255  
0.2300951713  
-0.08387775397  
0.08612394148  
-0.07689075858  
0.3403092929  
0.1603837442  
-0.3488606716  
-0.3853466179  
-0.5973389319  
-0.486990477  
-0.7132549059  
-0.7387234993  
-0.743607807  
-0.8981863114  
-0.8940768288  
-0.1881795036  
-0.3575356043  
0.3893523191  
0.5396932844  
0.8551911829  
0.506962866  
0.5280776416  
0.3735153571  
0.4105133045  
0.07369188896  
-0.0682303274  
-0.09398907167  
0.1500378275  
-0.07246504243  
-0.06251168381  
-0.02704836723  
0.2621028093  
-0.1109063294  
0.1611825856  
0.2727522943  
0.7325413856  
0.257288724  
0.5043147274  
0.6229784426  
0.7816045924  
0.7632729986  
0.829910313  
0.7943083993  
0.8664220095  
0.7620063618  
0.487439921  
0.4538554393  
0.3364512629  
0.679985814  
0.3442101024  
0.4412360791  
0.3396706776  
0.4313545597  
0.1825853382  
0.1193840278  
0.01364340196  
0.04980598222  
-0.2797239951  
-0.3060982845  
-0.1497035697  
-0.1004569398  
-0.3469566743  
-0.1870178456  
-0.2987080732  
-0.002940437557  
-0.2732516936  
-0.3261323849  
-0.3438234288  
-0.2677272125  
-0.3442386162  
-0.553721441  
-0.3965616518  
-0.5166116574  
0.03605594477  
-0.1961611563  
-0.151682533  
-0.1271705747  
-0.09826873543  
-0.3014744126  
-0.2508369398  
0.1045637256  
0.3089267983  
0.283994908  
0.2598845498  
0.5603736416  
0.5815988207  
0.4380664331  
0.3189306801  
0.5929268113  
0.344741704  
0.5386787623  
0.01212586357  
0.2495103321  
0.471035689  
0.6601041978  
0.4631773064  
0.6245446437  
0.4800226406  
0.4927727799  
0.4541365866  
0.3984510724  
0.4486808593  
0.4172168375  
0.6187786818  
0.5588119298  
0.5030633409  
0.8075205308  
0.8632446259  
0.5057834292  
0.4340147891  
0.474642133  
0.5775188548  
0.3081756124  
0.861177107  
0.574721362  
1.053002461  
0.6406191227  
0.8543499828  
0.6494647416  
0.8743938224  
0.7474166738  
0.5873448747  
0.4819953976  
0.5036523388  
0.3244170586  
0.2172756974  
0.1983541904  
0.3645598062  
0.348002795  
0.4433734651  
0.06876978581  
0.2426986265  
0.1638465402  
-0.0673741627  
-0.06037015208  
-0.258246156  
-0.3961526704  
-0.3884760453  
-0.3518934166  
-0.003541887596  
-0.1027061731  
-0.3286816051  
-0.2059113731  
-0.2698367622  
-0.470383455  
-0.6051814  
-0.5903289526  
-0.3001261285  
-0.5707659049  
-0.6377375876  
-0.1454220128  
-0.05058930403  
-0.003475725491  
-0.08849339128  
0.2675082807  
0.1052036221  
0.2049217994  
-0.4197283463  
-0.02588671654  
-0.5352317394  
-0.006231325909  
-0.387724077  
-0.2146580925  
-0.3250990793  
-0.0410478594  
-0.1961938038  
-0.05464858158  
-0.385214615  
-0.1544438273  
-0.5026240501  
-0.4342185816  
-0.8113628708  
-0.4517087237  
-0.6224443849  
-0.5613000735  
-0.6039117427  
-0.3547604085  
-0.3244733247  
-0.4573086667  
-0.5062958594  
-0.452801647  
-0.5180149051  
-0.4069771439  
-0.6193149034  
-0.281779681  
-0.2475649048  
-0.2385465487  
0.09252054505  
0.3324645075  
0.427012938  
0.2137176807  
0.04789362909  
0.6367879067  
0.6111986403  
0.6219193696  
0.8302769233  
1.091617472  
1.294554475  
1.160833627  
1.431477931  
1.465381247  
1.386076393  
0.9818301598  
0.8635573653  
0.637230066  
0.2591008874  
0.1187802838  
0.1792854737  
0.1625863301  
0.4363454837  
0.1906198786  
0.3420965562  
0.4467990658  
0.5715783091  
0.5569406953  
0.2822807778  
0.5211681807  
0.5259239213  
0.6000765105  
0.4632872653  
0.2975288974  
0.2665392327  
0.06857440808  
0.2892674999  
0.8281558188  
0.874271901  
1.181807277  
0.7968373053  
0.642754368  
0.6992100129  
0.6505860332  
0.3450007753  
0.2338573362  
0.2348589866  
0.1541041692  
0.04380902508  
-0.2552957048  
0.06269826349  
-0.2359049222  
0.0575789141  
-0.1457371259  
0.2695317034  
0.2175401476  
0.3709152272  
0.1172964032  
0.1575218341  
0.3522143638  
0.4943659745  
0.4701532869  
0.03264700712  
0.0555565582  
0.07033060767  
-0.006559331198  
-0.2002107611  
-0.04605827839  
