1.143213059  
0.9090563708  
0.6330165017  
-0.3436620907  
-0.9204009528  
-1.099136549  
-1.626058818  
-1.234073128  
-1.582966724  
-1.168545567  
-1.223586833  
-1.06323922  
-0.858467996  
-0.9331343693  
-0.05045678415  
0.4323140907  
0.02839263024  
-0.1490571412  
-0.456354847  
-0.705976833  
-1.476770762  
-1.386040628  
-1.747544727  
-1.672668632  
-1.292271131  
-0.8410501199  
-0.8863163817  
-0.3213303233  
-0.157863273  
-0.9727124029  
-0.6012585376  
-0.9678227428  
-1.018551064  
-1.594771146  
-1.629023472  
-1.475601975  
-1.591258217  
-1.441188639  
-1.761554896  
-1.457465653  
-1.120279596  
-1.153656066  
-1.381888632  
-1.179067087  
-1.065801763  
-1.279617155  
-1.148007748  
-1.271589701  
-1.024952081  
-1.123134364  
-1.262134615  
-1.619721953  
-1.223764862  
-0.8059755174  
-1.049180901  
-1.053491188  
-1.183115214  
-0.6117930571  
-0.1860363433  
-0.2800932981  
-0.5864776831  
-0.475343795  
-0.3072615957  
-0.3953596601  
-0.1241159168  
0.6474328837  
0.5720612948  
0.3662327747  
0.6434558946  
0.8755560406  
0.8157354171  
0.3423163479  
0.4627966709  
0.8277333721  
0.8229083806  
0.4952173866  
0.1367354711  
0.6181651171  
0.4919485504  
0.5837664533  
1.203205961  
1.179714378  
0.6726325384  
0.9400022038  
0.710286216  
0.6067637536  
0.5191023716  
0.3217154281  
0.3224881289  
0.3183289898  
-0.07051611635  
0.1638583591  
0.3619401675  
0.2604323364  
0.6325368616  
-0.1601700169  
0.3414926347  
0.3948553162  
0.09577130251  
0.1980099801  
0.4526819589  
0.9349850001  
0.8677180227  
1.038303879  
0.9036759387  
0.9937987256  
1.239176496  
1.40353938  
0.8293442668  
0.9841686335  
0.5403550333  
0.1371877306  
0.3407963801  
0.09872802475  
-0.117640199  
-0.1023583829  
-0.379366773  
-0.4885176349  
-0.5102467869  
-0.6649190746  
-0.6265323444  
-0.1645551953  
-0.508903316  
-0.5887939574  
-0.8127179839  
-0.3472492509  
-0.8088169566  
-0.4701671898  
-0.946559504  
-0.4082164653  
-0.7190737195  
-1.34223548  
-1.140943445  
-1.013307476  
-0.5092441148  
-0.2477805611  
0.02011097514  
0.1076946685  
0.1218418694  
0.7603751508  
0.6898045772  
0.6329013321  
0.4027431519  
0.3863965785  
0.6923896722  
0.2189209403  
0.6203104214  
0.4362395964  
0.4221508272  
0.5017577757  
0.3632991115  
-0.1153743492  
-0.4831048743  
-0.07253265296  
0.01512258172  
0.154711408  
0.5191971531  
1.222910442  
1.208192182  
1.403280722  
1.57853357  
1.580397674  
1.090153223  
0.8573329465  
0.1033293434  
0.194129576  
0.08622327658  
-0.1382947777  
-0.4945595309  
-0.3859208999  
-0.04812500533  
-0.7904985163  
-1.410688735  
-1.374108324  
-1.138277612  
-1.465842136  
-1.090474617  
-0.7354993744  
-0.2800303431  
-0.03465700082  
-0.134544336  
0.02365418287  
-0.1404870459  
0.2622014458  
-0.02119776426  
-0.03531430579  
0.2313763158  
0.2121980429  
0.3482943954  
-0.1088492203  
-0.3470917139  
-0.5379193374  
-0.4233006438  
-0.1029134525  
-0.4507301276  
0.1297441421  
0.166474354  
0.6203154744  
0.6424610606  
0.3214448585  
0.700372774  
0.5088604134  
-0.119428946  
-0.2075097059  
-0.630810259  
-0.9746909166  
-1.142432432  
-0.9698795353  
-0.8061581  
-0.2853996943  
-0.6017923148  
-1.364775519  
-1.372112257  
-0.3812516514  
-0.4199159673  
-0.5371596398  
-0.3466611624  
0.1216322371  
-0.3612420873  
-0.07063771228  
-0.2505328153  
-0.3727056973  
-0.9671847758  
-0.9276200833  
-0.7459314403  
-0.5208507041  
-0.6319103821  
-0.07882537255  
0.2077432661  
0.2107494039  
-0.1444928349  
-0.09233387602  
-0.1772915966  
0.0936464673  
0.1417076619  
-0.5894007631  
-0.5593198636  
-1.016715092  
-0.9527938973  
-1.225147119  
-0.8855806234  
-1.03909411  
-0.9551778738  
-0.6860291361  
-0.3449025681  
-0.1057678607  
-0.2960238676  
-0.004682691687  
0.3714994186  
0.07925420708  
0.3442544602  
0.006251650497  
0.2871576173  
0.07326316421  
-0.1077220156  
-0.09616115534  
-0.1663234598  
-0.2744463047  
-0.5816807223  
-0.7011976021  
-1.065421141  
-0.9133707386  
-0.9150789837  
-1.104482255  
-1.442935509  
-1.07145277  
-1.076178926  
-0.642140928  
-0.7664830685  
-0.3997040719  
-0.1109867421  
-0.164663647  
0.1204681347  
-0.2452148971  
-0.2249319447  
-0.06242863171  
0.03993281574  
0.257388637  
0.4055803874  
0.2821159095  
0.4455907581  
0.1881094951  
0.1323647382  
-0.533175502  
0.04776406689  
-0.3812846504  
0.3989144323  
0.3368302078  
0.5946872279  
0.6194902819  
0.7602842875  
0.6132600628  
0.1284848905  
0.2254980494  
-0.4236831396  
0.1710601181  
-0.1096288718  
0.1772578239  
0.3000241613  
0.8005320522  
0.6071116449  
1.043993368  
0.8606318049  
1.151221596  
1.19574885  
0.8566961336  
1.11811697  
1.128573634  
1.221801795  
0.5939991464  
0.54892709  
1.051281535  
1.003974642  
0.731044028  
0.6581928743  
0.9164502659  
0.7430641901  
0.4132231299  
0.5469788932  
0.4900814872  
0.9885919987  
0.4689539704  
0.7539519435  
1.042894517  
0.8141542876  
0.2964018174  
0.370301506  
0.1152552666  
-0.4563360772  
-0.9443880037  
-1.097424079  
-1.370962162  
-0.6292064441  
-0.293136851  
-0.2049351783  
0.0904850584  
0.1064908175  
0.3247001338  
0.7608290376  
0.3071838103  
0.6466912142  
0.08997305501  
-0.5488967123  
-1.089598418  
-1.178402889  
-0.8622531389  
-1.2242129  
-0.7575757796  
-0.6683657423  
-0.5572043143  
-0.4426571098  
-0.3806921017  
-0.7481371251  
-0.4065102078  
-0.1484265038  
-0.2668326158  
-0.1855651527  
0.007801990439  
0.5042980675  
0.6343794363  
0.8117368183  
0.8493649592  
0.7263217496  
0.7553216599  
0.7645231469  
0.9451367197  
0.658506767  
0.6999825356  
0.6941510629  
0.8024498451  
0.3168848948  
0.8771426961  
0.4901238858  
0.6402767697  
0.3550902894  
0.292482068  
0.2733337215  
-0.03404644508  
0.1540150175  
0.3074208969  
0.3378330653  
0.1687573257  
0.8268151563  
0.9373902808  
0.6921914119  
0.72653933  
0.7745207706  
1.377066451  
0.8027596643  
0.7569702391  
0.7358274998  
0.8115054189  
0.7253446733  
0.1399216601  
-0.1461428608  
-0.5216143882  
-0.8599185594  
-0.7083610566  
-0.5760670142  
-0.3034251985  
-0.3323431673  
-0.209908542  
-0.04142961023  
0.102615932  
0.3610363961  
0.6492299766  
1.071194206  
0.7875256802  
0.6941659105  
0.5124041981  
0.1171260737  
0.09498757663  
0.008953576788  
-0.2875580351  
-0.3817720315  
-1.141501303  
-1.291947962  
-1.049607652  
-1.137329476  
-0.6226502812  
-0.2290194851  
-0.03937180616  
-0.09030376981  
-0.466400672  
-0.1218589413  
-0.5386046726  
-0.5386231581  
-0.9159848042  
-0.5490170903  
-0.7747462468  
-0.6261377191  
-0.5943385101  
-0.06590511212  
-0.116606157  
-0.06253755437  
-0.04126073506  
0.1391495748  
0.3087626095  
0.1692907457  
-0.05007998983  
-0.1225213805  
-0.4963530149  
-0.3702615032  
0.1641049243  
0.5514794065  
0.3204212802  
0.3323523802  
0.4232965205  
0.2605512783  
1.094349639  
0.8966026371  
0.396371366  
0.4721781818  
0.6302153711  
0.6902791346  
0.1040876707  
-0.08431343568  
-0.0350067361  
-0.4558363685  
-0.6407447011  
-0.4514129078  
-0.7877243031  
-0.5645197588  
-0.232224643  
-0.07018653297  
0.2008319768  
-0.07204332924  
-0.2869908908  
0.9349157949  
-0.02559843588  
0.3310955376  
0.1719299562  
-0.2254098792  
-0.7267565593  
-0.06293404018  
-0.6271511542  
-0.9362862201  
-0.8935423633  
-0.4882391991  
-0.1120129393  
-0.5989556465  
0.06170582549  
-0.6456207426  
-0.7598090319  
-0.1405764674  
-0.812542953  
-1.208603655  
-1.195635876  
-1.043026065  
0.07439210144  
0.0514255466  
-0.1416368585  
0.4753277468  
0.4527510454  
-0.1619620175  
-0.2253759222  
-0.5242424222  
-0.8855944073  
-1.268810033  
-0.9869611013  
-1.032230163  
-0.9584118847  
-0.549127944  
0.01299492931  
0.09278892429  
0.3661474903  
0.1063634184  
0.2065371366  
0.4889593531  
0.5728723146  
0.5762347461  
-0.05013548866  
0.5092603408  
0.156254124  
0.1646589318  
0.518115369  
0.3665303302  
0.6249483138  
0.5963874338  
0.5080080922  
0.7467967586  
0.6504652939  
0.7698251183  
1.127315827  
1.430514253  
1.167419151  
0.8847464297  
0.9152813025  
0.9752623174  
1.182160451  
0.456130801  
0.1945091511  
0.4710675688  
0.2788023227  
0.3961437011  
0.3828993904  
0.6934575092  
1.136060342  
0.4831839533  
0.8210946981  
0.6206995222  
0.749150428  
0.4663708796  
0.5177039064  
0.5414787523  
0.7465801416  
0.1136087185  
0.2330426832  
-0.1409831651  
-0.3572773518  
-0.1195977195  
0.3448705754  
0.4970689766  
0.07217473975  
0.6422145042  
0.611326516  
0.5843361827  
0.3783896729  
0.608869253  
0.6975209174  
1.242348982  
1.344283537  
1.416573961  
0.9619151045  
1.141661854  
0.9271916174  
1.26947459  
1.092134677  
1.084699694  
1.227828735  
0.7171460932  
1.453728428  
0.8924952996  
0.8740832496  
0.594045651  
0.49972035  
0.1341574973  
-0.1012771139  
0.01622274643  
0.3258624421  
-0.02389173872  
0.2351191718  
0.5555336179  
0.6262679013  
0.3401777575  
0.1783406142  
0.1136473244  
0.4582431483  
0.5191485648  
0.5340266071  
0.4679512725  
0.3602104745  
0.2884545156  
0.2694955261  
0.2702415912  
0.4084917585  
0.902213082  
0.5518302321  
0.4607872263  
0.3538572855  
2.347960342  
1.866661487  
1.451690565  
1.196184819  
1.300911843  
1.423112738  
0.9918463848  
0.7416813533  
0.264416996  
0.0206261081  
-0.465226464  
-0.2738805406  
-0.5881113804  
-0.8629110624  
-1.104378406  
-1.220589078  
-1.639219947  
-1.46001145  
-1.745601113  
-1.438540652  
-1.673453263  
-1.624340505  
-1.487499467  
-1.669671266  
-1.535462934  
-1.279269652  
-0.7985421731  
-1.211513967  
-1.372793586  
-1.026453634  
-0.9989708524  
-1.233447811  
-1.07004763  
-1.214047813  
-0.9244665098  
-0.9606154147  
-1.272095295  
-1.08289017  
-0.916723692  
-1.055171029  
-1.23127037  
-1.035079037  
-1.059275715  
-1.245106762  
-0.448379418  
-0.7202029705  
-0.4703105944  
-0.3960461945  
0.1006018664  
0.1190966978  
-0.007783114044  
-0.5633971428  
-0.3315675239  
0.1128765949  
0.2231311983  
-0.1504373096  
-0.3407442469  
-0.04443673914  
-0.2965043752  
-0.3841093834  
-0.3136709433  
-0.4554500867  
-0.4718300762  
-0.4503333452  
-0.5208958179  
-0.7490559703  
-0.2363619726  
-0.01814114244  
0.3224859963  
0.2734437267  
0.4070317973  
0.5084549893  
0.100229557  
0.3771152953  
0.0804906323  
0.05180134429  
0.08230416248  
0.1426438255  
0.1685804249  
0.22835966  
0.2840014562  
0.2224672875  
0.02407047336  
-0.1980699022  
-0.09661564409  
-0.5911403408  
-0.8313692068  
-0.5046885051  
-0.7012033371  
-0.7001315492  
-0.8691237884  
-0.7997876359  
-0.567756422  
-0.2875972099  
-0.518501993  
-0.03321107888  
-0.285738837  
-0.5945279709  
-0.02048882481  
-0.1616553477  
-0.02548293377  
-0.2455583376  
-0.2206668329  
-0.1466454973  
-0.8117418793  
-0.4677667884  
-1.014635107  
-0.9386955018  
-1.07526931  
-0.58834056  
-1.083314913  
-0.7158817508  
-0.619831543  
-0.4944611986  
-0.6293223792  
-0.5053671963  
-0.7319933259  
-0.3317256955  
-0.1492813259  
-0.1773112095  
-0.5454064808  
-0.497445627  
-0.5797794406  
-0.6904950836  
-0.7566104477  
-0.6100491894  
-0.8291588914  
-1.171261289  
-1.013730835  
-0.1953915821  
-0.2073639005  
-0.3192592724  
-0.2538221753  
0.05099224836  
-0.1418562454  
-0.0695054013  
0.1323421692  
0.4836842933  
0.6406781364  
0.6270356572  
0.3562442348  
0.9816344975  
1.076223838  
0.3599875352  
0.1458222395  
0.3799742614  
0.2733407984  
0.3153014688  
0.2541905865  
0.5618561765  
1.321068067  
1.113319908  
1.098884895  
0.939476237  
1.01594029  
1.105186175  
1.206765112  
1.235162357  
1.547257512  
1.464635829  
1.511171237  
1.009746069  
1.394462548  
1.151189731  
1.081847321  
0.7127450751  
0.4814452589  
-0.140528154  
-0.4324103451  
-0.9022499988  
-0.9990306414  
-1.024972243  
-0.8516677585  
-0.8484558397  
-0.8123704019  
-0.8311233135  
-0.190375813  
-0.03496285137  
-0.053585275  
0.2055474818  
0.4687948624  
0.6001107006  
0.2672183109  
0.5872647271  
0.4794611819  
0.6888203874  
0.9904526436  
0.6318112624  
1.145709769  
1.143592276  
1.19602942  
1.001246643  
0.8547421476  
0.8708429007  
0.7321579073  
0.8511782639  
1.248255786  
1.418071708  
1.186087611  
1.636266028  
1.749415546  
1.502699988  
1.748571372  
1.671927696  
1.924334963  
2.184116732  
2.044434902  
2.041931147  
2.297556297  
2.223361449  
2.25204566  
1.525900156  
1.511029972  
0.6925144163  
0.6384116705  
-0.2154379172  
0.07826606882  
-0.249848026  
-0.2068031686  
0.1996838611  
0.4915661323  
0.3857856304  
0.997994395  
0.581703767  
0.5261586572  
0.4925889886  
0.02613816161  
0.4077059622  
-0.1002518045  
-0.3612959817  
-0.8954789431  
-1.332612689  
-1.136358171  
-1.225856808  
-1.309567796  
-1.523787737  
-1.951146993  
-1.990352276  
-2.985206293  
-2.994809476  
-2.035817061  
-1.697538965  
-1.457211998  
-1.25162963  
-1.065118809  
-0.8524103217  
-0.6053364797  
-0.6129934279  
-0.1500255885  
-0.114412795  
0.05807338663  
0.100463824  
0.1716124707  
0.01203345405  
0.1721078971  
-0.1626839218  
0.2464779947  
-0.01412873219  
0.08217813511  
0.02614616021  
0.3497612842  
0.207078326  
0.01875581781  
0.1617228743  
0.2972396334  
0.2884576264  
0.6319059896  
0.2333623539  
0.5039638303  
-0.006465201611  
-0.4769512158  
-0.8027586724  
-0.8242808026  
-0.8384175611  
-0.9689010161  
-1.105154756  
-1.033291285  
-0.1754700147  
-0.5815011625  
-0.2521053027  
0.1560039932  
0.4125404004  
0.3756518439  
0.343807105  
0.8115854095  
0.6421842916  
0.3051079121  
0.1441136559  
-0.311397065  
0.1796871711  
0.08612892724  
0.2715412758  
0.3464755119  
0.4493032661  
-0.01682771477  
0.2719140744  
0.406701001  
-0.03696496964  
0.03168543705  
-0.05061212376  
-0.2421849116  
-0.5203784214  
-0.3894664561  
0.04792326827  
-0.3929890113  
-0.3548339919  
-0.4105137304  
-0.07485702076  
-0.07269991018  
0.05061920027  
-0.06944292371  
0.1861380825  
0.8903707344  
0.7623632907  
0.6673432883  
0.8264588868  
1.822731938  
1.667327542  
1.235763398  
1.218143138  
0.8390688432  
0.4326960815  
0.166946303  
0.07402798153  
0.002405891363  
-0.09094820575  
0.2319796944  
0.4789071374  
0.6991512158  
0.6373384795  
0.2768797195  
0.4877240664  
0.5204052429  
0.5703413613  
0.4898646301  
0.7571213256  
0.6184722338  
1.279209424  
0.5897266268  
0.7700156558  
0.3716335232  
0.5819918864  
0.3856475964  
0.5731967815  
-0.04376999633  
-0.09733189652  
-0.09947259638  
0.004123123337  
-0.4707813131  
-0.4952924152  
-0.3551395394  
-0.8149218039  
-1.121664267  
-1.338268884  
-1.001455727  
-0.5641536596  
-0.6231854549  
-0.7463784215  
-0.6656498681  
-0.8850474157  
-0.8970402729  
-1.702679633  
-1.066543084  
-1.134057098  
-0.9274826913  
-0.8065486798  
-0.7635348531  
-0.4937419667  
-0.3357276761  
-0.1032153497  
-0.4461623825  
-0.6018730301  
-0.1923014357  
-0.6214098122  
-0.8018554139  
-0.9342112929  
-0.5915720401  
-0.484761849  
-0.5437403872  
-0.3407296235  
0.1207464136  
0.3279891213  
0.4279221886  
0.3751879301  
0.7363875547  
0.8541310104  
0.9852484316  
0.7387478858  
0.8333404005  
0.7679298321  
0.3842878814  
0.7189052272  
0.2001543734  
0.7195221353  
0.5825047553  
0.3603701755  
0.3544280603  
0.5697557833  
0.6571741225  
0.561569306  
-0.131410005  
0.04230423067  
-0.3476946433  
-0.767597249  
-1.090024259  
-0.5739985286  
-0.6771552827  
-0.7111773562  
-0.8364089779  
-0.5336576532  
-0.4428794262  
-0.6979859201  
-0.9623675771  
-0.9477006972  
-0.9586110336  
-1.029480357  
-0.7940844332  
-0.9289910122  
-0.4876254668  
-0.6298425094  
-0.172291212  
-0.1891702029  
-0.1096902271  
-0.2872345318  
0.05783066857  
0.0753744918  
0.1791477577  
0.8175404677  
0.2386161634  
0.1235109446  
-0.002467319716  
0.4196269296  
-0.008626145045  
0.1788718342  
-0.08355643703  
0.3812465636  
-0.1024339418  
0.2691342421  
0.3023785272  
0.7728039362  
1.094939207  
1.095429493  
1.571534994  
1.366034844  
1.715708631  
1.720886855  
0.9133893077  
0.806966062  
0.6149995942  
0.2174559282  
0.4132083156  
0.4015111854  
0.3349308817  
0.2663516909  
0.1816430283  
0.09614409433  
0.7642227644  
0.6802313861  
0.9319068373  
0.4709828484  
0.8059574204  
0.5746171349  
0.3020239745  
-0.4155528068  
-0.5736758645  
-0.02191331403  
0.03432712438  
0.1092506712  
0.02192604737  
0.3633672205  
0.5467094783  
0.504634264  
0.5446961306  
0.3805759032  
0.2510242859  
0.1127479022  
0.184011852  
0.4713119888  
0.3578923189  
0.3532293568  
0.1731694465  
0.2054183026  
-0.4655271752  
-0.8375140542  
-1.162575089  
-1.035238435  
-1.270259224  
-1.078017443  
-0.8369667054  
-0.568108586  
-0.5143192597  
-0.6670050776  
-0.7155349668  
-0.8395637042  
-0.9278476099  
-0.6412681285  
-0.4083679332  
-0.09574813487  
-0.009811148239  
0.001142548818  
-0.5404555613  
-0.229604874  
-0.7574239217  
-0.6022599923  
-0.9558042076  
-0.7479187221  
-0.5379790174  
-0.1023216375  
-0.327927263  
0.2188260137  
-0.2041245107  
0.04954042542  
-0.1943616012  
-0.055000424  
-0.2331272917  
-0.5251757974  
-0.6553582669  
-1.101635417  
-0.8142970961  
-1.181092065  
-1.147237272  
-1.173919703  
-0.7626526166  
-0.8400995059  
-0.6436701736  
-0.6999966044  
-0.2708948238  
-0.5438906019  
-0.4021847051  
-0.6833305933  
0.06229451047  
-0.4313519732  
-0.5724023925  
-0.4645416649  
0.06604677059  
0.01003090219  
-0.1751855081  
0.3832691504  
0.7853289994  
1.079027558  
0.819630714  
0.9281217283  
1.15564646  
0.8829807237  
1.06877514  
0.5484713414  
1.111657622  
1.065183363  
0.9099561231  
0.7965424438  
0.410422952  
0.2342174115  
0.314717909  
-0.1901532718  
0.4195645946  
0.6190195748  
0.6089986572  
0.5772238825  
0.6485034218  
1.069628504  
0.3307228567  
0.4573734117  
0.1206135414  
0.2172343897  
-0.1878725825  
-0.3132979948  
-0.2177419277  
-0.04092920167  
0.2613367592  
0.9626083097  
0.9597852325  
1.082477413  
1.099266203  
1.013130833  
0.5115504071  
0.727886261  
0.8564294869  
0.4898699183  
0.1286354605  
0.2251642535  
0.6398662568  
0.514280246  
0.5719096426  
0.3567838838  
0.7133745127  
0.3142285808  
0.6338643405  
0.2202588697  
0.2932069658  
0.454889662  
0.3339431816  
0.1318840351  
0.329245635  
-0.004445636591  
-0.2898845345  
-0.3781234553  
-0.002578544021  
0.3567350487  
0.5317391568  
0.7364323993  
