0.03995628275  
-0.7871842176  
-1.276442761  
-0.5867531324  
-0.7820456068  
-0.9090282944  
-0.8646453409  
-0.972942167  
-0.6179515342  
-0.5034281491  
-0.8347464161  
-0.8307937091  
-0.5926443816  
-0.6959621369  
-0.9708289005  
-1.116283341  
-0.6880736524  
-0.5955986963  
-0.5385770705  
-0.9802672256  
-1.030396104  
-0.8900339785  
-1.079468483  
-1.900474588  
-2.017460158  
-1.470898683  
-1.128557073  
-1.014916269  
-1.337484494  
-0.8498815128  
-0.4198762273  
-0.3794305456  
-0.9242679135  
-0.8962058839  
-0.8329343327  
-0.8109532583  
-1.090218748  
-0.6564612516  
-0.6095849332  
0.2142703743  
-0.1311159064  
-0.01923575784  
0.4113919011  
0.5315026282  
0.1335273771  
-0.2938127488  
0.00818673317  
0.1133584823  
-0.5058865903  
-0.4770111976  
-0.5995496008  
-0.4962115191  
-1.074782488  
-1.08727359  
-0.9147612964  
-0.4132084772  
-0.4931141014  
-0.3348626766  
-0.1647318186  
0.1595351377  
-0.1028525895  
0.2089816667  
-0.1905562118  
0.1942273596  
-0.242788417  
-0.3533762573  
0.04195021291  
0.2307249467  
0.4379347439  
0.3311134002  
0.284601627  
0.7234672102  
0.8295813197  
0.6807417698  
0.3751157372  
0.5045040229  
0.5735444802  
0.5493183022  
0.6957274561  
0.3083254236  
0.5651272199  
0.9094547574  
0.5399673795  
0.5048783382  
-0.1923689112  
-0.1871673771  
-0.3343128999  
-0.5160550162  
-0.3246138086  
-0.4496403829  
-0.3658140118  
-0.5119989324  
-0.3874400424  
-0.7452767975  
-1.092654067  
-0.6726615813  
-1.226445502  
-1.677535066  
-1.117286677  
-1.014277607  
-1.569833865  
-1.31717778  
-1.122806571  
-0.6467337461  
-0.7662986408  
-0.6357658517  
-0.6279753563  
-0.715060214  
-0.7032079864  
-0.5586197914  
-0.5479754753  
-0.2431102087  
0.006375462044  
0.02561480646  
-0.1032857909  
0.2856304422  
-0.06544331227  
0.02351226397  
-0.2696109165  
-0.1910459373  
-0.6445952291  
-0.5088010338  
-0.180123268  
-0.04858605229  
-0.4727721647  
-0.8379004442  
-1.235681625  
-1.451912893  
-1.474103883  
-1.823901782  
-1.973341149  
-1.708763595  
-1.050884917  
-1.386513456  
-1.367561902  
-1.343236398  
-1.220064405  
-0.9115333999  
-1.434865874  
-1.280723117  
-1.402428625  
-0.8683558523  
-0.2496324079  
-0.5875700843  
-0.9036429518  
-1.031326799  
-0.2457639034  
-0.4214622607  
-1.106785234  
-0.7203616674  
-0.5733973029  
-0.5433305287  
-0.6837121597  
-0.9621674242  
-0.832857734  
-0.7615388034  
-0.9884637781  
-0.9801699137  
-0.7122172725  
-0.4332304334  
-0.4513795237  
-0.8784649875  
-0.6459088037  
-0.2840734119  
0.09582245065  
-0.3256737412  
-0.3197686833  
-0.07854533237  
0.0695802529  
0.1931410263  
-0.5966373722  
-0.2360969124  
0.3092980245  
0.1204559393  
-0.1182128712  
0.00618281606  
0.4493829302  
0.3837868833  
-0.2024655655  
-0.1940504515  
-0.2854192851  
0.2225099467  
0.01016215562  
-0.5742103401  
-0.8692900787  
-0.2749080417  
0.4365011752  
0.0505237515  
0.1718135845  
0.735255991  
1.118613063  
1.008244463  
0.7729636886  
0.7326131911  
1.03085413  
1.217801737  
0.5697347985  
0.8912202337  
0.9614746662  
1.07555158  
0.3395545331  
0.5092251893  
0.3515869958  
0.8748159963  
-0.1871435562  
-0.1459581767  
0.455447448  
0.4195748212  
-0.5994554336  
-0.7799254968  
-0.2866830096  
-0.08772934759  
0.2117818333  
0.8821495505  
0.9475926855  
0.7077350738  
0.9377128079  
1.299360917  
0.8087259527  
0.2320421993  
0.6601663501  
0.5019047031  
0.7161650421  
-0.07256418186  
0.2859590219  
0.3183262425  
0.733359905  
0.3779727245  
0.1343814568  
0.290092045  
0.4237733078  
0.6440563237  
0.08358109987  
-0.5747061374  
-0.6799512806  
-0.5597720309  
-0.01173421814  
-0.934927206  
-1.016011568  
-0.412460897  
0.03784004009  
-0.435939337  
-0.7892347526  
-0.09920443821  
0.08329354697  
0.2869876838  
0.6560105139  
0.9877815973  
0.4535684489  
0.4916013604  
0.9252727133  
1.529566812  
0.6776739697  
-0.2467268501  
-0.03003013993  
0.4032328991  
0.3934541377  
-0.07851864478  
0.7264885858  
1.244535545  
1.124784249  
0.5181250512  
0.6738138644  
1.304770001  
1.078061325  
0.5453260167  
0.6251380347  
0.9775937348  
0.7804930531  
0.7454662381  
0.3536309007  
0.645579638  
0.9900591461  
0.6079179041  
0.783407607  
0.8030063716  
1.495382039  
1.483336372  
0.9499826722  
1.041248868  
1.491796373  
1.40497058  
0.8520839661  
0.735366654  
1.277525568  
1.36360554  
1.293006118  
1.212187867  
1.713062576  
1.929159538  
1.34154236  
1.022501744  
1.442356698  
1.807971079  
1.706062936  
0.9792574648  
0.9841095348  
1.128855651  
1.343071664  
0.8012248485  
0.9385453114  
1.445382871  
1.264222132  
0.9983685814  
0.8507042467  
0.9781313528  
1.02992576  
0.764716125  
1.222018213  
1.132258504  
1.406661795  
0.682610913  
0.833269731  
0.673873258  
0.5320433408  
-0.06712795562  
0.1600319088  
0.4591373741  
0.7058975736  
0.4435082453  
0.6205479144  
0.9407803055  
1.030640938  
0.907001369  
0.9343114725  
1.401354359  
1.389628186  
0.7418065463  
1.010328211  
0.8752452884  
1.261511409  
0.1517615176  
0.2797448568  
0.1995074505  
0.5396893282  
0.3223450941  
0.4662415999  
0.5418742425  
0.8335820168  
0.4518696432  
-0.2719798182  
-0.4209946697  
-0.1095605053  
0.2912911323  
-0.1763379332  
-0.04070729458  
0.1184561103  
0.2712857978  
-0.1924011393  
0.01136477962  
0.1646955366  
0.2524601472  
0.03155978342  
-0.1340837171  
0.3995137071  
0.1750231921  
-0.09820453479  
-0.4952763083  
0.3466141602  
0.7301907828  
0.89493097  
-0.06838254053  
-0.5051137908  
-0.32809169  
-0.4963025533  
0.1071867683  
-0.05190832495  
0.1748427744  
0.03453007646  
-0.6217079063  
-0.6610250739  
-0.813603773  
-0.3109376507  
-0.3025146219  
-0.4521044025  
-0.6491920378  
-0.667688317  
-0.4843572458  
-1.080315247  
-1.100101639  
-0.7792834783  
-0.5766149457  
-0.7149904887  
-1.096758422  
-0.6496140808  
-0.8305826412  
-1.04634062  
-1.000053883  
-0.91113539  
-0.4954605571  
-0.2074404328  
-0.05665783296  
0.07602968001  
0.1901013107  
0.4099674098  
0.4210627112  
0.1570619871  
-0.3296875564  
-0.307067434  
-0.8184284836  
-0.980310354  
-1.017140245  
-0.4904795315  
-0.6243505687  
-0.3529499009  
-0.2886765618  
-0.4185319958  
-0.4798248226  
-0.2327850949  
-0.2181755045  
-0.08900633296  
0.2793204378  
0.2213952991  
0.1393639733  
0.1947782339  
0.4817067464  
0.3796643044  
0.2101138931  
-0.02145060652  
0.2757978714  
0.03352057031  
-0.4000035545  
-0.8655184759  
-0.442390002  
-0.284143478  
-0.05571135098  
0.004858354617  
0.1870863057  
0.12617297  
0.1089889785  
-0.1123626825  
0.6232783723  
0.4785983141  
0.7487221417  
0.2633255282  
0.2428667496  
0.2851667433  
0.1880285835  
-0.004965130082  
0.3969753599  
0.4932952717  
0.7298446609  
0.4616567551  
0.2591356805  
0.5333611177  
0.8812489054  
0.7988222932  
0.6869805911  
0.5018452709  
0.2770215201  
0.6493036121  
0.1800296441  
0.1765196459  
0.01058185007  
0.4124238288  
0.2014671944  
0.2199484877  
-0.3186171004  
-0.3300448445  
-0.4872456232  
-0.96211282  
-1.212510446  
-0.8214320453  
-0.7934519532  
-0.2253907135  
-0.2231361073  
0.3917612682  
0.4031311321  
0.414613703  
0.7131413489  
0.5600588437  
0.3873873354  
-0.6340951897  
-0.8198444296  
-0.9903816497  
-1.024443622  
-1.107094717  
-0.6173718633  
-0.6440391726  
-0.05246417788  
-0.427848606  
-0.3069478717  
-0.4843096807  
-0.2693250914  
-0.4292904956  
-0.4350120294  
-0.8135134902  
-0.4318939538  
-0.9584937885  
-0.6287698453  
-0.905360538  
-0.06411264733  
1.237184017  
1.59020472  
1.61684678  
1.661218427  
1.437574444  
0.4111920514  
0.6949436761  
0.1439389675  
0.01473665402  
-0.1460256732  
-0.2666077689  
-0.3528435949  
-0.3728207257  
-0.6200329694  
-0.3215901133  
-0.6314548269  
-0.2642969935  
-0.7232802029  
-0.7059474164  
-0.3468503812  
-0.2865806412  
0.07710029792  
0.03099761074  
-0.5255848259  
-0.9835217725  
-0.892056785  
-0.7859517428  
-0.7265316698  
-0.8955205629  
-0.6082848369  
-0.4596847965  
-0.253127904  
-0.03723601058  
-0.4538763512  
-0.5114023982  
-0.1868872524  
-0.3108601859  
1.303101953  
0.8284955018  
0.5998342665  
0.1539799556  
-0.1352622243  
-0.04204248193  
0.2878496587  
0.2612572044  
-0.1224893233  
0.4838543098  
0.6703880169  
0.7567970751  
0.5495274497  
0.69945532  
1.087684365  
0.8444789769  
0.8829494146  
0.5387377795  
0.821490342  
1.013664606  
0.2328853491  
0.137301414  
0.366476866  
0.3014522802  
0.2414789646  
-0.1642035745  
-0.5873619879  
-0.2167011349  
0.2446881872  
0.1267858692  
0.2959833824  
0.2620053274  
0.5303208239  
0.4669907839  
0.5999671503  
0.8003747828  
0.802817749  
0.5733936422  
0.313363676  
0.03720944846  
0.2276470211  
0.320620858  
0.2475879579  
0.5639801486  
0.5248764323  
-0.1225497163  
0.1807152711  
0.3711781353  
0.8020432936  
0.2395751238  
-0.3307466688  
0.1748700941  
0.2866607519  
-0.2376024021  
-0.3186964803  
-0.2296431951  
0.1655786727  
-0.01343999442  
-0.1570034673  
-0.1958166823  
0.2581384737  
0.05661114183  
-0.143002449  
-0.05373001115  
0.2306221064  
0.4556657258  
0.2964172889  
0.1534967967  
0.1209160467  
0.1467324887  
-0.2630430207  
0.3970688061  
0.08439337889  
-0.4136583611  
-0.4329475802  
-0.3979020001  
-0.6209538683  
-0.8959169329  
-0.3838206977  
-0.004305353489  
-0.3583499473  
-0.6490376442  
0.237334361  
0.4814974375  
0.1070531772  
-0.08396577094  
0.3297138741  
0.255438804  
0.00556345289  
-0.2863090449  
0.4009825947  
0.3909670897  
-0.06008777388  
-0.1091129123  
-0.01638246173  
-0.2551519022  
-0.532189976  
-0.7143415581  
-0.8661647575  
-0.5058945992  
-0.825686612  
-0.9044727768  
-0.4908254234  
-0.3452492851  
-1.058073312  
-1.024897448  
-0.4936962992  
-0.3491206012  
-0.9523614426  
-0.686807926  
-0.7268063055  
-0.5885493061  
-0.8359433724  
-0.5974042593  
-0.2647244603  
-0.1489881511  
-0.7931695775  
-0.6305551797  
-0.3140549691  
-0.9166306119  
-0.7195056282  
-0.34444481  
-0.1090300596  
-0.381182351  
-0.8499624954  
-0.4861476314  
-0.5912437587  
-0.4162221864  
-0.9134670077  
-0.5452438902  
-0.6516610122  
-0.9661040892  
-0.5183022167  
-0.1587314918  
-0.2313145462  
-0.4969880539  
-4.954476619e-06  
0.2546313144  
-0.1981621734  
-0.3593966627  
0.2528621943  
0.04088275407  
-0.235040477  
-0.1088942141  
0.04425960434  
0.1713132122  
-0.0783246072  
0.05962030103  
0.1420366051  
-0.06639310683  
-0.07860234418  
0.05443282136  
0.3488205718  
0.1389501295  
0.0342175262  
0.1872069521  
0.09917828152  
-0.3579925567  
-0.7487368897  
-0.5550579183  
-0.4783039195  
-0.5843631051  
-0.6590782888  
-0.5545468832  
-0.2132266073  
-0.6205313201  
-0.7232896879  
-0.2987293728  
0.1480298421  
-0.1461734282  
-0.7267962313  
-0.3645140741  
-0.1297930574  
-0.3225439891  
-0.762138765  
-0.6159455704  
-0.7321740153  
-0.6776171679  
-0.7608291318  
-0.8508547585  
-0.4746776719  
-0.6081837751  
-0.2958408583  
-0.1932507537  
-0.4201399625  
-0.4667608128  
0.2144867071  
0.2692552321  
0.2462752597  
0.226707053  
0.01046889523  
-0.1756545014  
-0.5935282514  
-0.5436564521  
-0.6187689301  
-0.9140123035  
-1.066210047  
-1.217386472  
-0.873694552  
-0.834680101  
-0.6339609149  
-0.6484428637  
-0.3817752892  
-0.3629805852  
-0.4730465974  
-0.5795352475  
-0.3872715176  
-0.3979510936  
-0.5952732041  
-0.8352067504  
-0.7441642661  
-0.9381624822  
-1.043478561  
-1.614566962  
-1.279240217  
-1.376406538  
-1.528462819  
-1.4641329  
-1.363919489  
-0.5382782187  
-0.6968279783  
-0.366646848  
-0.5419108979  
-0.4952328172  
-0.6180082545  
-1.014439004  
-0.9412250319  
-0.5462614965  
-0.8979499856  
-1.218070969  
-0.9104235406  
-0.6480292975  
-0.9768392162  
-1.016459826  
-1.09632635  
-0.8236280693  
-0.6690745922  
-1.1150732  
-0.9547485852  
-1.080469619  
-1.027502568  
-1.600950181  
-1.800200397  
-1.280357179  
-1.583129406  
-1.359708538  
-1.602159043  
-1.585115641  
-1.334621741  
-1.4835637  
-1.311073879  
-1.151966634  
-1.333882356  
-0.9827853525  
-0.9448921149  
-0.9010198705  
-0.926839768  
-1.150198063  
-1.170343509  
-1.644393451  
-1.903788938  
-1.986177218  
-1.813590599  
-1.940380249  
-1.855168542  
-1.555536757  
-1.471167849  
-1.935329686  
-1.535710957  
-1.730728066  
-1.590837197  
-2.349651424  
-1.87730612  
-1.89622699  
-1.787052837  
-1.811631427  
-1.586326823  
-1.541522793  
-1.304965075  
-1.251272474  
-1.080724341  
-0.7656778268  
-1.165130078  
-1.616684877  
-1.270846214  
-1.191486001  
-1.313032017  
-0.8612095879  
-0.1304971176  
-0.7941616839  
-1.5542777  
-0.5882920483  
-0.2304159622  
0.3933677062  
0.5917305239  
0.9444495374  
1.006831679  
1.060952147  
0.9926467098  
0.5796760243  
0.6271360395  
0.4405426583  
-0.03617474176  
-0.0103737799  
-0.3592359448  
-0.9430983202  
-0.9706436241  
-1.284980722  
-1.289841855  
-0.2387082605  
0.2473771773  
-1.04718483  
-1.9055278  
-1.420690674  
-1.268430463  
-0.8726501031  
-0.7810623769  
-0.4394880947  
-0.4572054153  
-0.5055704196  
-0.5214244117  
-0.3190137437  
-0.9138544141  
-0.9952210679  
-0.6709042679  
-0.6612431198  
-0.4910332707  
-0.9704236444  
-0.7458167018  
-0.5387782872  
-0.139122557  
-0.5607629154  
-0.2935585799  
-0.1589514797  
-0.05980971968  
-0.3167325394  
-0.3879276425  
0.2413683311  
-0.06535222587  
-0.125938755  
0.8926022421  
1.048644693  
1.09711789  
1.005771813  
1.407306365  
1.440217994  
0.5153252344  
-0.005159886032  
0.1138754351  
-0.09897693346  
0.3416998459  
0.151570791  
-0.150899567  
-0.4036154635  
-0.3658081687  
-0.09385504398  
-0.3457404122  
-0.2557870104  
-0.23146894  
-0.3002198429  
-0.2238965961  
-0.06339691221  
0.4698833295  
0.6536000737  
0.2409039873  
0.5763906737  
0.7879325103  
1.012751152  
1.263496121  
1.49033604  
1.27465948  
1.693366518  
1.562729881  
1.389807195  
1.053174349  
1.212436302  
0.921191897  
0.8632787017  
0.259437343  
0.1441986165  
0.1014856619  
0.138783042  
-0.0304924613  
0.1075345668  
0.3030301507  
0.5821691595  
0.2827983013  
1.14159472  
1.062967753  
0.7235356425  
0.5889124427  
0.290291925  
0.3967302226  
0.4163032055  
0.3806768494  
0.209442917  
0.5527687444  
0.5634511905  
0.4256055875  
0.4910453838  
0.5986808835  
1.042582863  
0.3840993251  
0.1674009873  
0.8349723643  
1.011755499  
1.315507595  
0.7962025388  
0.5427189037  
0.3995997753  
0.4529360433  
0.6234456433  
0.4351517642  
0.5054018365  
0.9533500088  
0.8847385355  
0.8757575036  
0.8731157201  
1.213066596  
0.9480765603  
0.2312202198  
0.09430269251  
-0.3103700223  
0.1978761807  
0.2431734158  
-0.05871353543  
0.4221514629  
1.451340781  
1.678660544  
1.405903899  
0.9604031832  
0.9856854877  
1.017099812  
1.253516308  
1.152273951  
0.7653619773  
0.5802056652  
0.3261769074  
0.5911317378  
0.6468358733  
0.3108454799  
0.5877446702  
0.6779882082  
0.3576045971  
0.1127984112  
-0.03105609863  
0.2561741536  
-0.2254311739  
-0.3982436763  
-0.1038939213  
0.1080350365  
-0.1402051622  
-0.1630424343  
0.1393290333  
0.03587478322  
0.05863672875  
0.2535530003  
0.005223611871  
0.2745092217  
0.4498064468  
-0.08358928503  
0.3704534924  
0.7349457448  
0.5110818081  
0.7930282733  
0.9999077864  
1.143035219  
0.649336216  
0.9402516034  
1.10606158  
1.293598034  
0.9298888222  
0.3670262925  
0.4879401587  
0.6773368102  
0.397388399  
0.4859576784  
0.5579162772  
0.5761839477  
1.278612701  
0.9118350984  
0.599912082  
0.6800907547  
0.7272992102  
0.6358332174  
0.1714517991  
0.2927038632  
0.6767671503  
0.7876606549  
0.9383789186  
0.2641849099  
0.8333674542  
1.067478099  
0.8593823713  
0.9568462123  
1.267012642  
1.341381958  
1.402757826  
0.9841517568  
0.7317944013  
0.8682165019  
0.3371528649  
-0.06889999674  
0.2601009499  
0.2735813087  
-0.01510129635  
-0.04701614508  
0.09096907202  
0.568109424  
0.7438699252  
0.3661660704  
0.3755571911  
0.7453105772  
0.6848140649  
0.8799715472  
0.526086683  
0.6658662776  
0.5816482082  
0.4883729124  
0.173575282  
0.04308032663  
0.3588079069  
0.08342544027  
-0.2225408636  
-0.1903160475  
0.3088237479  
0.2064021728  
-0.01937382606  
0.04295167572  
0.3138247097  
0.2589166148  
-0.1188711094  
-0.4561400325  
-0.04361216898  
0.05205638076  
0.3428918829  
0.1734802577  
0.02401087371  
0.6058267354  
0.7022812607  
0.3821108809  
0.5913694423  
0.8954769415  
0.8625533947  
0.5763250955  
0.6724811156  
0.9231289669  
0.5980155105  
0.607010817  
0.4199199176  
0.2777576326  
0.5814670761  
0.5287868174  
0.4424038702  
0.2815363984  
0.2716323596  
0.4672317966  
0.3715760177  
0.5611713432  
0.6966257812  
0.4922309881  
0.7289451431  
0.4739505249  
0.4855944095  
0.1729977704  
0.4533796575  
0.8944622955  
0.5752772278  
0.7091297558  
0.7870871675  
1.269606866  
0.8350248168  
0.7844186013  
0.5554145981  
1.255354281  
1.30066728  
1.024259667  
1.086864749  
1.364186694  
1.045207962  
0.8235330644  
0.8594950256  
1.071209064  
1.065349234  
0.8580554555  
0.6574332927  
0.9229838975  
0.9203229064  
0.5843048988  
0.7666456115  
0.7950302335  
0.972070318  
0.7136273691  
0.4285593072  
0.6375708378  
0.7551523148  
0.7666657215  
0.7509711688  
0.8229774934  
1.230545919  
0.6517063871  
0.6989992905  
0.6598849672  
0.9967816467  
0.923926999  
1.090722832  
0.8101132176  
0.4418900986  
0.5935985646  
0.6127619261  
0.359972034  
0.9240697879  
0.2683207249  
0.2436197799  
0.2111409656  
0.5790503781  
0.7963080406  
0.08102564735  
0.567795305  
0.6117119238  
0.9565680497  
0.560666307  
0.4444914084  
1.094781566  
1.298684068  
1.069870968  
1.034659057  
1.130578217  
1.212866473  
0.8590380103  
0.6777569357  
0.6028419897  
0.4209479864  
1.017205975  
0.5819200073  
0.744938658  
0.8734550816  
1.07357403  
0.329739274  
0.4195794967  
0.7338035549  
0.6201800889  
-0.0569776778  
-0.06539672918  
0.1485140154  
0.2451642007  
-0.07381609988  
-0.1481088506  
-0.1067183576  
-0.1733504064  
-0.2775858147  
-0.7684575226  
-0.6760319802  
-0.8266682424  
-0.343423486  
-0.9228323774  
-0.7310215589  
-0.2450789631  
0.04308836743  
0.08589735003  
-0.5580105874  
-0.1587083936  
-0.4584447172  
-0.2516962329  
-0.4339832669  
-0.555631426  
-0.3598077102  
-0.04572242377  
-0.5044273328  
-0.3675261313  
0.05758608606  
