1.25936924  
0.9758752833  
0.9653922107  
0.5837567433  
0.5546404513  
1.009276381  
1.196260955  
0.9718717863  
0.8206434227  
0.6803072302  
0.4405401221  
0.9385687409  
0.8921499939  
1.033453333  
0.9793811691  
1.207438501  
1.41658594  
1.122965448  
1.293822805  
1.060977342  
1.114911523  
0.9616915492  
1.240722033  
1.024312273  
1.115010173  
1.307752032  
1.394433866  
1.29406568  
0.9015387029  
0.4633494834  
0.6640848105  
0.7995604895  
0.6664921245  
0.6891737177  
1.216983999  
0.958828855  
1.013556746  
1.015757684  
1.058428283  
0.6580720578  
0.9590541401  
0.8904590655  
1.116965563  
1.09615311  
0.667884754  
0.6706161304  
0.6369661567  
0.9576899527  
0.798041042  
0.9473311834  
1.186092604  
1.129841788  
1.314996753  
1.439566617  
1.264353357  
1.106302352  
0.9903076667  
0.9192753943  
1.024848618  
1.07283391  
0.8095286596  
0.7208345667  
0.3743430832  
-0.4315319646  
-0.2735325474  
-0.9627043987  
0.3804816952  
0.3238212749  
-0.7109311916  
0.01217820731  
0.7521192332  
1.089427035  
0.9417318753  
0.3720242764  
1.616695569  
0.9349534988  
0.5782401547  
0.6048957078  
0.1050528844  
0.3525225789  
-0.1027010594  
0.2467461274  
0.236706072  
0.485383034  
0.6330982026  
0.5595211957  
0.808671168  
1.128641243  
1.622197943  
1.99865292  
1.67243621  
0.775548761  
0.6659331323  
0.3465191102  
0.1635203038  
-0.007681296793  
0.2719243332  
-0.1020012659  
-0.4960530526  
-0.362617977  
-0.5103150406  
-0.4190999794  
-0.133961177  
-0.362454676  
0.07988714169  
-0.3262091806  
-0.05434441572  
-0.2200726429  
0.1163515317  
0.2713938426  
0.7552240469  
0.4863127615  
0.2567549039  
0.6755573713  
0.4036273213  
0.5096047236  
0.7167846505  
1.1221227  
1.145317481  
1.09301173  
1.712560659  
1.792861299  
1.509523369  
1.979866601  
1.839368566  
1.840688285  
1.685786011  
1.817448184  
1.875941419  
1.785574551  
1.775691436  
1.70396487  
1.925401858  
1.834589144  
1.875328636  
2.30834364  
2.202304017  
2.063381383  
1.488770161  
1.139072656  
1.325433199  
0.9561470888  
1.228133926  
0.7302860454  
0.474458504  
0.8388828813  
0.8296587788  
0.8496955158  
0.9354955758  
0.6604796977  
0.1836212649  
-0.3234341035  
-0.4594668293  
-0.04930167045  
0.3390241439  
0.08114026153  
-0.1291978385  
0.05100415813  
-0.2856051632  
-0.9284731077  
-0.9625037541  
-0.7221629214  
-0.3475679404  
-0.6357045559  
-0.7070747424  
-1.052908301  
-1.176685759  
-1.080414277  
-0.4876153391  
-0.7327356357  
-1.040673795  
-0.2879493572  
-0.2762782733  
0.03003388561  
0.05061625683  
-0.008562196619  
0.1686027251  
-0.07245327125  
0.3037533094  
0.1851658968  
-0.2524031988  
0.3503281735  
0.1620745541  
0.140140446  
0.02871287403  
0.3568468211  
0.03641516003  
0.09290578871  
0.4783789745  
0.08332665706  
0.2292847299  
0.2746580914  
-0.09780027493  
0.2290836051  
0.09438415777  
0.126921384  
0.1968301264  
0.228324953  
0.1612576249  
0.006301833568  
0.3648443006  
0.4740419886  
0.2329752974  
-0.2601964153  
-0.1302151577  
-0.1126340338  
0.08340799875  
0.2723174335  
0.2495613598  
0.07055090176  
-0.003888943689  
0.4793892431  
0.2799362894  
0.2787240222  
0.1372302192  
0.3269146627  
0.04207343225  
-0.2450922094  
-0.01895363931  
-0.3674045918  
-0.4518636588  
0.1249208246  
-0.02442998618  
-0.3441636609  
-0.3686162371  
-0.2594413668  
0.06064462933  
0.1876273952  
0.160592598  
0.6949651874  
0.326635504  
0.3352481138  
0.08173048081  
0.1597586973  
0.3508673889  
0.433173175  
-0.04272741213  
0.09228785681  
0.06012838062  
0.2033321297  
0.09531365494  
0.3679735314  
0.6014500399  
0.7666053332  
0.497865506  
0.658446969  
0.6110131155  
0.5450279652  
0.2626237278  
0.6586208567  
0.6634321818  
0.3528479455  
0.5094088091  
-0.09831196501  
-0.3942874265  
-0.3938707182  
-0.3072010819  
-0.5172764284  
-0.3898899311  
-0.3787280531  
-0.5333486561  
-0.531910046  
-0.5353724275  
-0.4167282916  
-0.5688959913  
-0.7515276896  
-0.5781929031  
-0.4395898414  
-0.1286109777  
0.06854717269  
-0.174059914  
0.5165916142  
0.3464537098  
0.3526306426  
0.177178535  
-0.2282832104  
-0.1850458385  
-0.1463755407  
-0.03204293554  
0.1303451222  
-0.06288202127  
-0.04970379952  
-0.07031306222  
-0.113925761  
-0.00541376037  
0.5589374406  
0.7387063299  
0.6075440092  
0.5815071583  
0.06991188265  
0.143367464  
-0.03107550167  
0.3609984404  
0.120194373  
0.674981507  
0.3188081824  
0.1287980786  
0.1794931292  
0.3159890307  
0.7459243468  
0.6204963696  
0.7348766882  
0.6636923147  
0.6679382368  
0.1738134795  
0.02111061098  
-0.05306746639  
-0.4317935243  
-0.5223731556  
-0.7325197736  
-0.5619972552  
-0.6685542306  
-0.6744061463  
-0.5358515381  
0.04645197162  
-0.03457313699  
-0.05379896358  
0.05078680666  
-0.09629905985  
0.133356652  
-0.04801968211  
0.1994234676  
0.1265268025  
0.2798115373  
0.1426583559  
0.3378393083  
0.06930339112  
-0.3402895678  
-0.3175304825  
-0.3847598538  
-0.574732384  
-0.4911129932  
-0.54632261  
-0.2430118913  
-0.04974070571  
0.1901327981  
0.2708684609  
-0.2492133729  
-0.08670751316  
0.1720411947  
-0.2737121331  
-0.2803517717  
-0.3731222564  
-0.04714384129  
-0.4810862784  
-0.8494056503  
-0.4837600899  
-0.5275624744  
-0.3731672967  
-0.3017428796  
-0.3901397051  
0.006148234023  
0.2838899017  
-0.09079299728  
-0.2747916367  
-0.4093828292  
-0.7295656244  
-0.7539998631  
-1.18334185  
-1.073495938  
-0.9131078092  
-0.9789276339  
-0.7485362161  
-0.5183242216  
-0.6422947015  
-0.4083472451  
-0.4170288948  
-0.2326203569  
-0.4950676048  
-0.5064449893  
0.01364785041  
0.100085342  
0.225193768  
-0.02196102745  
-0.00565772903  
-0.06672183929  
0.1575202926  
-0.03697570454  
-0.04458391114  
0.06548789641  
0.07354239631  
0.04679571012  
0.1163970077  
0.7503352561  
0.704618357  
0.485521131  
-0.08365493437  
-0.4065176275  
-0.6792008619  
-0.6598572336  
-0.7378891332  
-0.8490162915  
-1.00779489  
-0.7297299245  
-0.8575752624  
-1.19616144  
-0.9053599127  
-1.290496736  
-1.259007136  
-1.264882045  
-1.002486394  
-1.120845042  
-0.8961965117  
-0.6023493019  
-0.7939058064  
-0.1958939077  
-0.0334047002  
-0.4171758703  
-0.3344660158  
-0.2497078128  
-0.1378602529  
-0.5247084782  
-0.2256106074  
-0.06004169367  
0.1154179401  
-0.1103395033  
0.07664540802  
0.1775425125  
0.1524147336  
0.3919581644  
0.311518555  
0.2749851021  
0.5156834591  
0.7593493932  
0.7381830303  
0.3500567045  
0.1672996801  
-0.1770635008  
-0.4999295142  
-0.7199078468  
-1.003218431  
-0.4144680227  
-0.9298692792  
-0.7358762802  
-0.752901378  
-0.9486523641  
-0.7153155245  
-0.4618376599  
-0.06921277679  
-0.4324691673  
-0.3352439602  
0.02931610429  
-0.3111307358  
-0.2756658674  
-0.07579074784  
0.0240142979  
-0.03716532877  
-0.2771194802  
-0.1329361953  
-0.1022936502  
0.2040062058  
0.007748784925  
-0.1309971017  
-0.06602071978  
-0.03521784027  
-0.3614746867  
-0.7786389154  
-0.3826136195  
-0.4645367762  
-0.574164523  
-0.7069372578  
-0.3907138852  
-0.4296622521  
-0.6132475383  
-0.6819444716  
-1.12610482  
-0.5225043952  
-0.7726340476  
-0.712321194  
-0.9703433402  
-0.5886416361  
-0.9437882222  
-0.7285140038  
-0.6089432915  
-0.2889236867  
-0.58789825  
-0.5930567639  
-0.5188521083  
-0.6060856315  
-0.4807094294  
-0.5303061764  
-0.3807923344  
-0.3977485316  
-0.5860909368  
-0.8074271492  
-0.8409921427  
-1.080757429  
-1.195635114  
-1.279233465  
-0.9603049898  
-0.9650355569  
-0.7333562531  
-0.4702899381  
-0.101896113  
-0.493007192  
-0.3247357871  
-0.01789257033  
0.07640784247  
-0.0639395092  
-0.08541794408  
0.4061023943  
0.04546421072  
0.01523489853  
-0.3939849323  
0.009633798968  
-0.2872372695  
-0.04203932785  
0.3231838657  
-0.2903416338  
-0.4287300951  
-0.4030519946  
-0.5546054503  
-0.8821028403  
-0.5482019422  
-0.5769887345  
-0.344423335  
-0.5520873979  
-0.6339701248  
-0.9088026111  
-0.4469355541  
-0.5823592069  
-0.4418141069  
-0.1645590441  
-0.8213369855  
-0.9055021831  
-1.11324164  
-0.9468507962  
-1.016188427  
-0.7420483588  
-1.100393919  
-1.006581783  
-0.7035405224  
-0.4535635739  
-0.5441048636  
-0.5498818777  
-0.691837363  
-0.6141593431  
-0.438702425  
-0.7980913492  
-0.9612813646  
-0.8914826202  
-0.8504992962  
-0.8730076419  
-0.8959286344  
-1.16068138  
-0.9758386109  
-0.8493768357  
-0.3768332621  
-0.604454642  
-0.460537492  
0.3372480232  
-0.6630932687  
-0.375711917  
-0.2464283122  
-0.278310961  
-0.3924275539  
-0.378810972  
-0.7805130689  
-0.994442544  
-1.020182489  
-0.8193624417  
-1.147960046  
-1.011186273  
-0.4200954031  
-0.5871749662  
-0.4417325282  
-0.2694028524  
-0.1648651164  
-0.3010776694  
-0.5581494358  
-0.4936399171  
-0.7633007987  
-1.000251306  
-0.8990238362  
-1.409120945  
-0.5354800714  
-0.5034304907  
-0.8987807842  
-0.7722617873  
-0.9771059244  
-0.5578999627  
-1.083737301  
-0.7131334633  
-1.234239173  
-1.494585872  
-1.476303041  
-1.259367279  
-1.200308276  
-1.363484711  
-1.018140973  
-1.088290317  
-0.8040883163  
-0.4035017299  
-0.6558495829  
-0.7683216166  
-0.5529428202  
-0.08885590131  
-0.1712744257  
-0.4923903353  
-0.4588039377  
0.2582972365  
0.1642525676  
-0.2824558227  
0.3213283802  
0.2981200257  
0.08107137874  
-0.07991977305  
-0.100585101  
0.8535547737  
1.145176481  
0.4864599197  
0.6367717081  
0.5892352145  
0.7573342106  
0.9099298435  
0.6183678296  
0.2445460677  
0.246070832  
0.8616113044  
0.7565255998  
0.2946899861  
0.6371382589  
0.02985986352  
0.3286183551  
0.3652742266  
0.2987405343  
0.01003416987  
0.07418225633  
0.9236629503  
0.5526629002  
0.4638622734  
0.7621703611  
0.4387892269  
0.4222672452  
0.2874572999  
0.06612581456  
0.4473086803  
0.4684287959  
0.4602731493  
0.5456305896  
0.2601937789  
0.3929232711  
0.1575515263  
-0.07875211369  
0.08881651169  
0.3612621407  
0.3115673636  
0.3864879849  
0.6908595388  
0.4691389462  
0.5786174868  
0.7362711361  
0.8903562698  
0.6550789796  
0.6471785207  
0.496083886  
0.5177302667  
0.4515739336  
0.4669528721  
0.3615466339  
0.1704603311  
0.6362607325  
0.3978129554  
0.3211451805  
0.4374454097  
0.2422696071  
0.2932714281  
0.7093430771  
0.5364558393  
0.3491828503  
0.2488374705  
-0.04742065998  
-0.05891449249  
0.1180086787  
-0.200423031  
-0.3368961116  
-0.158828013  
-0.3186877708  
-0.6880987591  
-0.09713805818  
-0.3916451462  
0.146575869  
-0.1223572956  
0.2191057531  
-0.244820044  
-0.02438478983  
-0.05740185602  
-0.0770830332  
0.09487307152  
0.04274315506  
0.2626415364  
-0.1143767745  
0.0111197697  
0.135720045  
0.255343485  
0.2778189789  
0.1344275837  
0.204326521  
0.0605220415  
0.08916880734  
-0.01185640652  
0.5016420521  
0.0601760735  
0.2540960271  
0.01715865285  
0.465288645  
0.3602600485  
0.7018573117  
0.4437905175  
0.4286215693  
0.2383298344  
0.2412972773  
0.1388268342  
0.3588707408  
0.3376090576  
0.2752965785  
0.2964813682  
0.2890500492  
0.4760098947  
0.4074431818  
0.3129173482  
0.1649542786  
0.2543813669  
0.4708238795  
0.2451555561  
-0.04056095269  
-0.0305430659  
-0.1422922666  
-0.1991367538  
-0.4647273103  
-0.6908958539  
-0.7404284541  
-0.5176055214  
-0.01306291763  
-0.3151758214  
-0.5673789777  
-0.6630259304  
-0.8776907346  
-0.597114655  
-0.6542884798  
-0.4752488048  
-0.1345727821  
-0.5982565471  
-0.01098002978  
0.07127255601  
0.2072951939  
-0.1532397931  
-0.1299332438  
0.1484955172  
0.1231407744  
0.235041732  
0.3630773437  
0.1543717015  
0.7255132276  
0.6742995145  
0.7750798604  
0.287651735  
-0.195973665  
0.2068534515  
-0.03494205482  
-0.4544132625  
0.159656084  
-0.02820204949  
0.2885639646  
-0.3256019698  
-0.374854534  
-0.1360099313  
-0.2316011209  
-0.3067937401  
-0.4495836429  
-0.6507663408  
-0.5871458491  
-0.5944126441  
-0.612148715  
-0.4331285965  
-0.4416080553  
-0.2723823377  
-0.7533431724  
-1.023256153  
-1.103689534  
-0.5492527377  
-0.4383376661  
-0.1866952489  
-0.3814104834  
-0.2829676306  
-0.1093758582  
-0.07315303591  
-0.1005120134  
-0.02585937321  
-0.02694683554  
0.3519138244  
0.4748355793  
0.7664442181  
-0.1834421327  
-0.3432239388  
-0.367523415  
-0.389749639  
-0.7010795608  
-1.12421833  
-0.9550821957  
-0.6301312216  
-0.3533444127  
-0.714848306  
-0.1842386132  
-0.0714917862  
0.5356870701  
0.3727515834  
-0.07091639333  
0.0430512489  
0.003793438472  
-0.4749848657  
-0.02980098759  
-0.4221692619  
-0.1700540258  
0.03930643304  
0.4573645892  
0.008358959813  
0.4184903381  
0.5921963812  
0.7189158282  
0.278734108  
0.7371069079  
0.5424365421  
0.6086841134  
0.4984103027  
0.5616474506  
0.1715391286  
0.1058060097  
0.6921009732  
0.4206352677  
0.4319333986  
0.39229243  
0.2536852671  
0.1158561561  
0.3748309353  
0.3592293497  
-0.2303739778  
-0.4303117035  
-0.4165640427  
-0.4166688506  
-0.658138841  
-0.5262911059  
-0.5592086758  
-0.8033923772  
-0.6721107454  
-0.9205186122  
-0.4179803026  
-0.8808492219  
-0.5191464751  
-0.5249653724  
-0.5951002875  
-0.8007253027  
-0.8911367978  
-0.1836441153  
-0.05015405672  
-0.1559539601  
-0.04515086834  
-0.203029992  
-0.07835811871  
-0.1357943504  
-0.176579822  
-0.5259381186  
-0.9930132451  
-0.439051928  
-0.4920920667  
-0.5811094536  
-0.5831423837  
-0.5620500468  
-0.02247977751  
-0.3043102515  
-0.2324681589  
-0.4165586254  
0.003860726707  
0.05378842148  
-0.5994303431  
-0.2244579833  
-0.9493118935  
-0.3094710621  
-0.3364770878  
-0.7259690274  
-1.001613379  
-0.4924868763  
-0.4886650939  
-0.4990553659  
-0.08858691398  
-0.1016674499  
-0.1905197755  
0.00142920617  
-0.0182482802  
0.2048057261  
-0.3460109611  
-0.5229436283  
-0.3056806682  
-0.2981751494  
-0.2812886034  
-0.6987898717  
-0.5605016263  
-0.8895235401  
-0.6517173648  
-0.4755091393  
-1.086788206  
-0.5695092538  
-0.9137397853  
-0.8948115058  
-0.781227208  
-0.2973163946  
-0.3650974952  
0.05938197248  
-0.02523483092  
-0.3568641358  
-0.5593668812  
0.0142697627  
-0.2852360568  
-0.2258503454  
-0.02890393329  
0.08513530848  
-0.1745271912  
-0.154306709  
-0.3528841007  
-0.6956778803  
-0.5090291919  
-0.7121530052  
-0.9057638697  
-0.6830947319  
-0.7605414257  
-0.9834425542  
-0.5760463803  
-0.5194144702  
-0.5743325644  
-0.3159266246  
0.06900217864  
0.2903511978  
0.1401581446  
-0.02666072454  
0.4624105377  
0.3181167136  
0.214620163  
-0.02007590909  
-0.07432174326  
-0.179279136  
-0.05372350231  
0.2534038025  
-0.06978510844  
-0.3034268568  
-0.01955445524  
-0.1602603557  
0.02815203545  
-0.01380629764  
0.3323288031  
0.7898692632  
0.7747570675  
0.4868467655  
0.6130392416  
0.3518576483  
0.4399288584  
-0.3110841224  
-0.6042683854  
-0.861515018  
-0.6099831209  
-0.6114340695  
-0.6759922294  
-1.097789995  
-0.9196937384  
-0.8123091418  
-0.6340850923  
-1.028189377  
-0.9526150243  
-0.4887380787  
-0.7785394555  
-0.9337461314  
-0.4095499764  
-0.7840509742  
-0.8201326059  
-0.8781132766  
-0.9929053786  
-1.044208436  
-0.8415447624  
-0.6071259975  
-0.7826009006  
-0.9379833705  
-0.6940063369  
-0.8942378641  
-0.6461298482  
-0.5252955006  
-0.01969160248  
-0.2532400265  
-0.01813254723  
0.1418737975  
-0.1039613653  
-0.1788974484  
-0.0114807105  
-0.4315402258  
-0.34194835  
-0.5361404636  
0.2131168118  
0.155222884  
0.1659936975  
0.06071338095  
-0.04841785266  
-0.0514939539  
0.5659447722  
0.3106500158  
0.1086379034  
0.1950283621  
0.4247170768  
0.5124115627  
0.399904752  
0.09565655709  
0.1617732636  
-0.08080662001  
0.411262533  
-0.08698646753  
0.1078841596  
0.02596385273  
0.2006943076  
0.577723591  
0.4039202901  
0.2112039754  
-0.2326666641  
0.02689473916  
0.7283310708  
-1.083702257  
0.4500999264  
-0.5010998457  
-0.006176363247  
0.6727221896  
0.07895878883  
0.02533531158  
-0.2360146175  
-0.7191439289  
-0.2878459371  
-0.4749318073  
-0.9032830197  
0.530396352  
-0.3765206296  
-0.1007590501  
0.2085773556  
-0.0007964394229  
-0.003267621122  
-0.1365418893  
0.03838866616  
-0.01748808905  
-0.1650021344  
-0.6641420787  
-0.518391108  
-0.9295507757  
-0.6249403034  
-1.001478726  
-0.3500188308  
-0.5290826499  
-0.3845892133  
0.1229805378  
0.4300916389  
0.07708305524  
0.2453254672  
-0.07699206486  
-0.4703628784  
-0.1060339459  
-0.1177267926  
0.005999492283  
0.09245477807  
0.3245741178  
0.1312267805  
0.4147316649  
0.5837003652  
0.1775931256  
0.5422939475  
0.5317350501  
0.8073422932  
0.6047250253  
0.1319007422  
0.5216444918  
-0.07137264416  
-0.3459453983  
-0.3113432536  
0.1285227299  
-0.008279969068  
-0.1304327475  
0.2826271072  
0.3251209411  
0.4557251438  
0.1312483756  
0.4274345281  
0.7576654393  
0.8695438831  
0.8896942026  
1.952478408  
1.073364314  
2.286240869  
1.157054252  
1.105263037  
1.552362111  
1.472452257  
0.9810450875  
0.4612861082  
0.02319136258  
0.1841554745  
-0.1967122837  
-0.2626885506  
-0.2795714138  
0.1471062731  
0.4222005649  
0.1725954852  
0.3294968725  
0.2798007752  
-0.09848558094  
0.3347462717  
0.6443101897  
0.4631635797  
0.2196705306  
-0.1784549747  
0.02163661651  
-0.45020682  
0.2021342666  
-0.003703906129  
0.3359580805  
0.3032583242  
0.4908501086  
0.5015653074  
0.01621883849  
0.08344871911  
0.2851885637  
-0.01905617436  
0.4377114261  
0.4304158349  
0.6556395426  
0.5176277642  
0.3856238166  
1.096399722  
1.192850757  
0.786958916  
1.095738598  
1.298815514  
1.033009643  
1.207564669  
1.008301243  
0.4118842627  
0.4062160339  
-0.04201116446  
0.04182582842  
0.3243779582  
0.2921900029  
0.0149239835  
-0.09145286505  
-0.2496287153  
-0.1118610976  
0.2676098358  
-0.1652079665  
-0.01310074957  
-0.05686846101  
0.008593364782  
0.1438317546  
0.4154604765  
-0.2086458131  
0.1333921418  
-0.06454502933  
0.03337133483  
-0.023434319  
-0.4020840722  
-0.4705678738  
-0.1753876938  
-0.1690492958  
-0.111737699  
-0.1972428307  
0.1878770559  
0.1832649767  
0.09834075324  
0.4138119262  
0.8182591198  
-0.04621222728  
0.2354900016  
0.1857685692  
0.1214153077  
0.1186268208  
0.32485683  
1.562014254  
0.2963515997  
-0.4348629948  
-0.0141534033  
0.6356643317  
-0.323209461  
-0.00196290467  
-1.151132293  
-0.3797853208  
-0.7792832302  
-0.8900896394  
-0.8079184267  
-0.6512805164  
-0.594973843  
-0.2161266979  
-0.5363325197  
0.2300561993  
-0.3157298598  
0.3729949479  
0.3621235013  
0.1702190247  
0.3359566188  
0.7234785133  
0.7649915738  
0.6142610807  
