-0.3552363575  
-0.8485933946  
-1.158866254  
-0.9417371803  
-0.8938552289  
-0.1632524974  
0.007190645099  
-0.320248357  
0.2543674019  
0.1729943456  
0.2001438671  
0.332200434  
-0.256521967  
-0.4853266448  
-0.4257508571  
-0.3378450612  
-0.7432338532  
-0.9224368487  
-0.4910036405  
-0.7197833241  
-0.6296198299  
0.07907099121  
-0.5989323218  
-0.1899219387  
-0.234177394  
0.08573094004  
0.2881870913  
-0.2776001854  
-0.03315146642  
-0.03018445523  
-0.04655582551  
0.2307138419  
-0.07938604646  
-0.0583451415  
0.04505136097  
0.01405210582  
0.1893226111  
0.282035768  
0.3022396315  
-0.05661938975  
-0.07460521553  
-0.1037116342  
0.3356661301  
0.4369854812  
0.4857698783  
0.3977788223  
0.477829754  
0.352408588  
-0.1425583383  
0.1276607038  
0.09603603716  
-0.1451234362  
-0.08316195198  
-0.2944605658  
-0.03146078048  
0.1001543304  
0.1759489129  
0.05723915063  
-0.03887459416  
0.2707662458  
0.3813210675  
0.292246508  
0.03995466472  
0.3245902023  
-0.09431778135  
0.06858333931  
1.03936105  
0.7471542024  
0.5477699287  
0.4349562071  
0.6927268642  
0.4010987115  
-0.04842681543  
0.4397571576  
0.3901516696  
0.1742480327  
0.03963497414  
-0.637160833  
-0.7495288411  
-0.4845598818  
-0.9444972109  
-0.09750976143  
0.1294848963  
0.1244878064  
-0.4582640552  
-0.1874015396  
0.06192721406  
0.8250438151  
0.2322880376  
0.4451626346  
0.1236172759  
0.5298788339  
0.147317624  
-0.2752815271  
-0.6665247985  
-0.4596827035  
-0.6310203597  
-1.204653766  
-0.8799804847  
-1.168707764  
-0.9219311141  
-0.7089304862  
-0.7709558085  
-0.5985008843  
-0.2730337613  
-0.7336144896  
-0.4900296605  
-0.09696016943  
-0.2544576685  
0.01114893396  
0.1000847603  
-0.1812266503  
-0.1974010194  
-0.656068425  
-0.08448629396  
-0.1103971232  
0.01210953893  
-0.2859774368  
0.5263488587  
-0.01889275836  
-0.05524924675  
-0.4180579962  
-0.1303475213  
-0.4396909133  
-0.4448914491  
-0.5735087525  
-0.3817353798  
-0.2035509154  
-0.000669120375  
0.03773728338  
-0.02390716158  
0.5966141066  
0.4579939128  
-0.1808219148  
0.504296726  
0.31273535  
0.156277015  
-0.09346965496  
0.3064287252  
-0.1153069489  
-0.3495671766  
-0.4534934827  
-0.03005263117  
-0.3479838052  
0.006223523674  
-0.4090805713  
0.3590829766  
-0.2643548401  
0.1692058652  
0.03573633315  
0.4893389672  
-0.0128223218  
0.08118322011  
-0.03490748011  
1.099970491  
0.4056011935  
-0.2588183448  
0.2056158707  
-0.2932176041  
0.3376340493  
-0.06697620181  
0.01235159733  
0.1047187259  
0.5025816148  
0.235260847  
0.2411838286  
-0.09228566546  
0.2703906705  
-0.3001785111  
0.3181704766  
-0.1935712479  
0.0615083404  
-0.06004291052  
0.1989876761  
0.2870242883  
0.141822145  
-0.1222925141  
-0.06739893311  
0.05975528083  
-0.1672984716  
0.0883641197  
-0.271051148  
-0.5236051727  
-0.3220020574  
-0.6590402178  
-0.1311971128  
-0.1060000304  
0.1452147575  
-0.4227213525  
-0.5613521308  
-0.4439782043  
-0.8792631284  
-0.3942472839  
-0.4077449829  
-0.6278492135  
-0.8959088639  
-0.7277299727  
-0.8318933048  
-0.5898203481  
-0.06297915387  
-0.001657659347  
-0.7371965139  
0.09179487361  
-0.6291834177  
-0.52556492  
-0.2764166083  
0.1750349488  
-0.173474187  
-0.6761027663  
-0.7414247482  
-0.7539432727  
-0.4865231592  
-0.4922046983  
-0.3449403716  
-0.0918096877  
-0.227548799  
0.09312599134  
0.1067979566  
-0.04637500155  
-0.147333622  
-0.5294636378  
-0.5443305377  
-0.5859587338  
-0.3421245236  
-0.8928415241  
-1.107438298  
-0.8820136863  
-0.2701226666  
-0.4332525125  
-0.5089155406  
-0.3128239756  
-0.1527765792  
-0.03675453128  
-0.4922534583  
-0.6305989095  
-0.4010586075  
-1.031904903  
-0.574690354  
-0.650175278  
-0.6437425929  
-0.8324529856  
-0.6333726712  
-0.4143428973  
-0.001321303144  
0.001063843803  
-0.05058323121  
-0.4060276761  
0.2002159581  
0.05936521444  
0.2269494743  
-0.01136635053  
0.04321095253  
0.1441305742  
0.2340115164  
-0.2388395145  
0.4985502553  
0.3445508343  
-0.227219068  
0.2644177058  
0.1996310682  
0.2592458716  
-0.479070308  
-0.8168277527  
-0.1959191517  
-0.2165745634  
0.02855179487  
-0.2005993963  
-0.1143671308  
-0.02847119138  
0.1104474171  
-0.3317085291  
0.2724526598  
0.3240121695  
0.6525725766  
0.4875088007  
0.1028150772  
0.3458600737  
0.2996655742  
0.3789383451  
-0.2013314433  
-0.01057949109  
0.09526934288  
-0.1928118726  
0.08491708709  
-0.04234021449  
0.1500183964  
0.04887485153  
0.3943367622  
0.4862906894  
-0.01266017105  
0.2741378023  
0.3639197226  
0.4689787471  
0.5003621657  
0.04265884855  
0.3008913559  
0.1220409787  
0.3596391853  
0.3725706562  
0.7429567279  
0.5607005203  
0.3111057384  
0.3521706302  
0.4751233553  
0.01739313558  
0.5701769423  
-0.3193689246  
0.08368130302  
-0.2787283197  
0.07636188224  
0.2382883628  
-0.04308335643  
0.3067234475  
-0.1969271094  
-0.01822052525  
0.04622654516  
0.1667619074  
0.1047462579  
0.180763693  
0.5548790116  
0.6411712926  
0.8182688629  
0.5988866494  
0.5020837225  
0.4681515899  
0.552283842  
0.136138917  
0.1513142777  
-0.2144790187  
0.0322330151  
0.3798522881  
0.3497811078  
0.3508053112  
0.5166313022  
0.8110010205  
0.9308092686  
0.6810735744  
0.9183242075  
1.298294627  
0.9552973124  
1.358408663  
0.5707294091  
0.4725022495  
0.5859781647  
0.1917203623  
0.2514330175  
0.1173719337  
0.07150711562  
0.1308461784  
-0.1421090058  
0.1669686755  
0.129396717  
0.6427811567  
0.3215283377  
0.7197422089  
0.4813134843  
0.7492266724  
0.4329476582  
0.06863102262  
0.3029669053  
0.1693770824  
0.1215503323  
0.04444582701  
0.1836341755  
-0.951101484  
0.4019999402  
-0.3286619961  
0.0001158420167  
0.1805279144  
0.08705169689  
-0.06313231636  
0.2712418456  
-0.1149861137  
0.5932168802  
-0.07300925783  
0.02534757706  
-0.2037813029  
0.02358275997  
-0.1928846104  
-0.02524387481  
0.4399781319  
-0.02373276233  
0.3752105405  
-0.03843019693  
0.872174612  
1.014750457  
0.8917149215  
0.6927220393  
0.9650423813  
0.322546905  
0.3093423351  
-0.09949110622  
0.1007056248  
0.4276132979  
0.1662067048  
0.3479114562  
-0.007213816583  
-0.104183723  
0.2001663842  
0.07189861789  
-0.2129820414  
-0.5150960386  
0.02321856501  
-0.03639331941  
-0.05269784816  
-0.2077898266  
0.1448729511  
0.5126449405  
0.1382570389  
-0.0092577604  
0.03043637142  
-0.4000643011  
0.1078920074  
-0.01770838709  
-0.1547274438  
0.1098422282  
-0.2259236088  
-0.07003525335  
0.3838861629  
0.2049349829  
0.1538301894  
0.4212644786  
0.6206553605  
0.5017264468  
0.3470685347  
0.4612509773  
0.1986628355  
0.1500061151  
0.03127362379  
-0.09707097532  
-0.5780780759  
0.2021891532  
-0.1823126664  
-0.6491320411  
-0.282260917  
-0.9169985402  
0.3454962442  
0.1137150883  
0.03233344711  
-0.2586387751  
0.3180922126  
0.2399184038  
0.347791982  
-0.1951854748  
-0.1852617727  
-0.1956581969  
-0.1188650922  
-0.596807123  
0.05821668103  
-0.3317276182  
-0.4176443831  
-0.0171586356  
0.02203824738  
-0.8001523509  
0.02104308515  
0.0843241873  
-0.1134459555  
0.1019066051  
0.003994118608  
-0.03210546306  
-0.3514603765  
-0.1893820156  
-0.563244701  
0.4254455644  
0.2679473934  
0.1413290455  
-0.09463194738  
-0.354552931  
0.198854016  
0.08543119587  
-0.1474533207  
-0.0161403924  
0.3043516863  
0.4274414919  
0.03410493617  
0.528055054  
0.6450798979  
0.5311442325  
0.1636484679  
0.5586424709  
-0.2969719841  
-0.9595875411  
-0.750267556  
-0.4353069347  
-0.542180528  
-0.2215527433  
-0.4938299765  
-0.3191925165  
-0.6352710218  
0.008375512516  
-0.465979655  
-0.03559790502  
0.02693869144  
-0.1927893072  
0.1795418672  
0.1918410913  
-0.2543996753  
0.5090759563  
0.06421213474  
-0.492926886  
-0.2778587528  
-0.1498902406  
-0.1695497187  
-0.06514210859  
-0.5064417989  
-0.218741132  
0.05315494982  
0.2058973578  
0.2899305238  
-0.1275808362  
-0.170888752  
-0.1297301122  
-0.2271461337  
-0.6110707545  
-0.1333727374  
0.1020793924  
-0.2431627172  
0.4384662148  
0.5978319444  
-0.04073649483  
0.4190244652  
0.3122241102  
0.1778021946  
0.3457371116  
-0.03600548822  
0.01207421961  
0.132074634  
-0.02042429223  
0.2066542753  
0.3396892546  
0.3215178983  
0.3703993157  
0.598740643  
0.7166046216  
0.4325991378  
0.4754053569  
0.4815758154  
-0.01091311572  
0.1078650131  
-0.2077821901  
-0.1856297832  
-0.3311755212  
-0.4382294202  
-0.05356197965  
-0.1768889689  
-0.431618539  
0.007258639057  
-0.02752445552  
0.4485964281  
-0.03805528209  
0.3817781771  
0.6929629047  
0.603326285  
1.102874102  
1.356625344  
0.8664056105  
0.5934947062  
0.7273976583  
-0.188692621  
0.002297286312  
-0.2798809231  
-0.151946105  
-0.5427997688  
-0.2716844747  
-0.5219565304  
-0.6386401099  
-0.00785359797  
0.3135878176  
-0.1021002166  
0.08177526456  
0.2198739158  
0.05921269681  
0.1877133082  
0.2673162962  
0.3078660837  
-0.0259063067  
0.1144794435  
0.4795727826  
-0.001848941746  
0.2628868007  
0.01307172774  
0.1506207946  
-0.3017256815  
-0.2423830645  
-0.2876293745  
0.03419102902  
-0.5221627281  
0.3022984732  
-0.3484511982  
-0.1689104311  
-0.6786737511  
-0.5448780599  
-0.2780976197  
-0.337665738  
0.2484509743  
-0.28514131  
0.4322992821  
0.7132502565  
0.3819508133  
0.4608149396  
-0.005024722665  
-0.3283337057  
-0.2134166561  
0.1084804346  
-0.4067795556  
-0.3317553607  
-0.1994389867  
0.1064997334  
0.2997022895  
0.4540603912  
0.6663746983  
0.7938516091  
1.134807705  
0.8995607185  
1.018440776  
0.907413644  
0.2349344061  
0.4016806684  
0.1735710998  
0.3285291752  
0.1160664367  
0.06067974088  
-0.5178134982  
-0.08723269601  
-0.0249402331  
-0.3467969023  
-0.2576332822  
0.2793014548  
0.213193873  
-0.06577542781  
0.2750578696  
0.4938566684  
0.6340073769  
0.2519190362  
-0.1450768142  
0.2193156368  
-0.07881533601  
-0.1052107032  
-0.3071759319  
0.2465306846  
-0.2896642507  
0.254131118  
0.04843761724  
0.1525292098  
0.3595430514  
0.5471717612  
0.2314387643  
0.1875615181  
0.6553385897  
0.09541380857  
-0.01243484865  
-0.3507779407  
0.4638025155  
-0.06520691839  
-0.4424847077  
-0.4955459462  
-0.1676322286  
-0.1842676393  
-0.1143666384  
-0.2978393134  
-0.1648778119  
0.08666277072  
0.2080317637  
0.619049235  
0.6177831354  
-0.01194805281  
0.9196441111  
0.8109394666  
1.052040857  
0.5682079517  
0.3880559038  
0.3924133096  
0.1754061515  
0.180031727  
0.1955099013  
0.2058604868  
-0.2576427696  
-0.233509797  
-1.039958629  
-0.1069099851  
-0.6100839297  
-0.2105428274  
0.4267062282  
-0.2419592615  
0.1433663149  
-0.2154541592  
-0.09532438717  
-0.04086130729  
0.4427091225  
0.8800408512  
0.5841607799  
0.4088612998  
1.180808186  
0.7035945071  
1.162646969  
0.7573585819  
1.089267482  
1.140367666  
0.8672113994  
0.971529355  
1.195352758  
1.409308081  
0.9397245877  
0.8689657195  
0.6427195897  
0.6470717732  
-0.07004573489  
-0.3594949359  
-0.2263787918  
-0.3615597699  
-0.008792999638  
-0.2458000298  
0.1293755966  
-0.5746135717  
-0.2249641213  
-0.2648615216  
-0.5304929863  
-0.2584096039  
-0.3513458484  
-0.1661818179  
-0.1398472964  
0.3190562845  
0.1505578004  
0.1198822896  
0.2066345262  
0.06786631449  
0.3666833352  
-0.3298738353  
0.215919145  
0.09788157629  
-0.4425584546  
-0.3567808631  
-0.08555088161  
-0.11661274  
-0.1886449015  
-0.5380738851  
-0.8621241125  
-0.7893398762  
-0.8682490147  
-0.7651235973  
-1.097834374  
-0.6145952566  
-0.6173080837  
-0.2999083412  
0.3495038473  
0.5500405853  
0.1489512699  
0.3004849822  
0.3975371145  
0.3575723164  
0.006699607823  
-0.1000280607  
-0.1520654166  
0.003740405952  
-0.08436511252  
-0.007915368405  
-0.4015286391  
-0.6790748117  
0.0308720009  
-0.6186728408  
-0.2055552522  
-0.01617541125  
0.3764267075  
0.1507261096  
0.1026742928  
0.4695649516  
0.7250930491  
0.6039926991  
0.01003784776  
-0.1659434991  
-0.3963292423  
-0.4755426789  
-0.7976424205  
-0.8594518492  
-0.9044233095  
-0.7566400171  
-0.8697690186  
-0.74285344  
-0.2486865328  
-0.5061642132  
0.0103452289  
0.1657012163  
0.2092902429  
-0.1025231787  
0.2243208397  
0.3988012804  
0.6156187842  
0.4533457463  
-0.1281185804  
0.4798152265  
0.6778794759  
0.4904418039  
0.6118135914  
0.2363691822  
-0.01086352522  
0.1564252727  
-0.3239488218  
-0.3007295683  
-0.3877411779  
-0.6947179317  
-0.2280150736  
0.1489664438  
-0.3072840349  
-0.4458068248  
-0.01979815742  
0.3293358006  
0.3804277347  
0.2336769345  
0.2894952648  
-0.2159592555  
-0.03018533245  
-0.0727395819  
-0.3685039547  
-0.5018646263  
-0.379653786  
-0.3683189224  
-0.4094615256  
-0.4505276626  
0.01021165674  
-0.1544473989  
-0.3576401106  
-0.5774597594  
-0.3063265087  
-0.3387431057  
0.1451204073  
-0.03298592136  
-0.2910847779  
-0.06205162656  
-0.03970884387  
-0.4304247212  
-0.4908114426  
-0.3412782302  
0.04452934001  
0.5693117919  
0.3684766418  
0.4170398956  
0.9363546985  
0.5150970886  
1.125539619  
0.7898859689  
0.4140921505  
0.1496537356  
0.07012220604  
0.5200243034  
0.0556309801  
0.2967262338  
-0.003502369343  
0.2222801013  
0.7860893085  
0.4917118146  
0.5227893377  
0.2641715256  
0.3615364452  
0.3219818563  
0.1800262436  
-0.07451935098  
-0.02904519483  
-0.04405147427  
0.3034210693  
-0.1453123096  
-0.1523572264  
-0.1972226885  
-0.76654646  
-0.2012792538  
0.1828568002  
-0.5258280158  
-0.1999024763  
0.03287807335  
0.06458029143  
0.2490737712  
-0.3288119502  
-0.08909051779  
-0.05692743087  
0.5434974085  
-0.2077817994  
-0.5866293769  
-0.5781280057  
-0.1774974573  
0.1289457669  
-0.454301154  
-0.6441937094  
-0.575137571  
-0.01110327929  
-0.05866375407  
0.2742543279  
0.7593694586  
0.5278048097  
0.9587581242  
1.022568249  
0.9438608944  
0.8563456302  
0.3919933854  
0.5748281594  
0.763724694  
0.06707699898  
0.08553627178  
-0.1631606862  
-0.3506994987  
-0.6161123395  
-0.2927327899  
-0.3771331002  
-0.6405180551  
-0.6711924688  
-0.7542883717  
-0.8368723468  
-0.4549119364  
-0.1490962849  
-0.3006111253  
-0.1338899006  
0.1796264149  
0.3094358415  
0.3661364855  
0.4470455171  
0.3598329235  
0.5630366935  
0.7390380785  
0.2687295427  
0.2937376343  
0.3151939983  
0.3740764238  
0.3830060925  
0.140479112  
0.3116541223  
0.2563671358  
0.6225824243  
0.4134031542  
0.4173559  
0.6959583554  
0.6853422893  
0.4799428881  
0.8105513733  
1.14525718  
0.2846940832  
-0.01954587465  
0.1417617275  
0.3067371824  
-0.01549611212  
0.09690528923  
-0.1712665446  
-0.07253244756  
0.2377397131  
0.2634529064  
0.1506458794  
0.1994904278  
0.4166032541  
0.839903088  
0.829882677  
0.4862992355  
0.6164934177  
0.4308223825  
-0.2217923798  
-0.2595549019  
-0.3188219601  
-0.3469008249  
-0.4065256956  
-0.4500788723  
-0.5628348136  
-0.5854776314  
-0.1831568116  
-0.2606758383  
-0.5068459488  
-0.5845558863  
-0.324074932  
-0.3069369129  
-0.7241013462  
-0.561872998  
-0.668663538  
-0.5690754021  
0.04648629427  
-0.3454955221  
-0.366776984  
-0.2408367349  
-0.4032837798  
-0.2641321194  
-0.1967063723  
0.2372418629  
0.3568287418  
0.8286435596  
0.6877736259  
0.8417950987  
0.6087645915  
0.5733755602  
0.3200678518  
-0.3883082955  
-0.3942873789  
-0.4723054215  
-0.438811935  
0.03517350384  
-0.1350296733  
-0.4416979156  
0.1346427522  
-0.2712635599  
-0.5982543865  
-0.4912731899  
-0.1638553171  
0.3258015548  
-0.03556361556  
0.1598157997  
0.1407052242  
-0.05731441077  
0.7329360186  
-0.1719985385  
0.08757929198  
0.2672250573  
0.2794899377  
0.4751926454  
0.4345344285  
0.5818013191  
0.5028528753  
0.3192037607  
0.4011031876  
0.4255987722  
0.3508881867  
-0.01447083597  
0.07969570243  
-0.38903349  
-0.5844038258  
0.1349895803  
0.4909010686  
1.531880115  
1.24461538  
-0.4461441409  
-0.2426868716  
0.01506254039  
0.2929551866  
0.5103460453  
-0.3772240637  
-0.8106362537  
-0.9083505712  
-0.9453566305  
-1.157201512  
-1.335130341  
-1.066381301  
-0.5223997577  
-0.6835299472  
-0.8021404632  
-0.073053128  
0.06872540482  
-0.1403854256  
-0.1939471746  
0.05312587281  
-0.2430590107  
0.1896141014  
-0.3805625222  
-0.9698117716  
-0.890332432  
-1.299345405  
-1.627074312  
-1.17609292  
-0.5932434816  
-0.4394525487  
-0.4966651015  
-0.03650747727  
-0.1551365711  
-0.9276590119  
-0.9470246572  
-0.2506394637  
-0.163456852  
0.01023588131  
0.08852161562  
0.3408801618  
0.1474212108  
-0.2473499993  
-0.1100975618  
0.259349918  
0.2927953898  
0.1834351927  
-0.1206139047  
0.1823484838  
-0.3693119395  
0.189557054  
-0.2121790868  
0.06662054333  
0.08523035347  
0.2221387669  
-0.09266099824  
0.07089329098  
0.2247729466  
-0.2603280299  
-0.1784889439  
-0.3225407538  
0.0809264418  
0.02801738987  
0.3239850592  
0.3197576981  
0.6905822216  
1.467553515  
1.16582197  
2.847099232  
1.517576958  
1.376879676  
1.536503271  
1.704194837  
0.7899010852  
0.6965692106  
0.3236188046  
-0.4855426548  
-0.5086323044  
-0.6228963391  
-0.3357796521  
-0.1374045242  
-0.3924514045  
-0.1641165024  
0.1843001642  
0.03345700346  
0.1147300079  
0.683910451  
0.8904289375  
1.118236167  
1.114120047  
0.7966047935  
1.198661376  
1.07880258  
0.7385979019  
0.4318231162  
0.5075958175  
0.462095588  
0.728337877  
0.4178771134  
0.7567229206  
0.2340645099  
0.6884668668  
1.156956359  
0.5277991673  
0.1616467848  
0.1232728111  
0.394114345  
0.3157974085  
0.9453029903  
0.7739915692  
0.591660141  
0.7451669133  
0.9255856841  
0.9493185581  
0.7686700141  
0.9847107604  
0.3219347678  
-0.5818596734  
-1.146406903  
-0.6403600412  
-0.3882477463  
-0.3390773432  
-0.5231112804  
-0.0913787238  
-0.4691650485  
-0.5630607776  
-0.1348985453  
-0.1240221795  
0.1200603548  
-0.03512409209  
-0.4741280992  
-0.2755210077  
-0.8162394623  
-0.6197008607  
-0.2451615017  
-0.7412716994  
-0.3201591135  
-0.113973092  
0.1048125173  
-0.1395746353  
-0.4070148706  
-0.7076814587  
-0.4363122286  
-0.1262889423  
-0.1557053205  
-0.7644599428  
-0.6632982282  
-0.781955268  
-0.9517981595  
-0.7402064831  
-0.8084988734  
-0.3010876326  
-0.7522983319  
-0.5939311595  
-0.3135859103  
0.2919199433  
-0.7633519315  
-2.018399594  
-1.245082881  
-0.914268374  
-1.854972729  
-1.898401948  
-2.349993608  
-2.198253863  
-1.988413257  
-1.421789674  
-1.393605152  
-1.517662913  
-1.241033931  
-1.411937214  
-1.238601015  
-0.8109591287  
-1.403930555  
-0.7297870724  
-0.667471539  
-0.9369384297  
-0.3891752053  
-0.5787464598  
-0.1779665872  
-0.01784482012  
