0.1233633559  
-0.06351220789  
-0.1389013009  
-0.3458939218  
-0.1216600586  
0.09864771049  
0.1996402107  
0.5001092866  
0.377493694  
0.1913422342  
0.3593408093  
0.4445555749  
0.1768661013  
0.2213546031  
0.1598273368  
0.2233797836  
0.2078546841  
0.09291492261  
-0.003182528653  
0.07841825711  
0.1692349089  
0.345752805  
0.4343858735  
0.1241000292  
0.09515509191  
0.2016775696  
0.1796083129  
0.3379323378  
0.3027841881  
0.2743459082  
0.2216002365  
0.2318162549  
0.1613412673  
0.0785638456  
0.3167103314  
0.507674987  
0.2585331972  
0.1454539152  
0.4366745215  
0.4655618642  
0.5380783123  
0.4376961678  
0.6070281798  
0.4731414134  
0.3924561179  
0.4988015639  
0.5476547283  
0.5273850806  
0.56175329  
0.3692104196  
0.01561389249  
-0.03093950197  
-0.2491373099  
-0.07037664721  
0.07716405316  
-0.03196566891  
-0.104969775  
-0.1115640868  
-0.02133997418  
0.1935779928  
0.08969385383  
0.02392644601  
-0.3536856318  
-0.7242443479  
-0.3114703297  
-0.4901397885  
0.3458416628  
0.4648402661  
0.2168649823  
0.476923721  
1.316898766  
1.771628983  
0.875208385  
0.7487761433  
1.095379936  
1.275297186  
0.8300894875  
0.6301169148  
0.4616654183  
0.1427320367  
-0.3364764593  
-0.3241951399  
-0.2148904148  
-0.3148762625  
-0.5015247413  
-0.2594654897  
-0.3319195769  
0.1049011632  
0.3812931414  
0.5527417195  
0.4846239928  
-0.08120548414  
-0.7031542181  
-0.6334691875  
-0.7945284626  
-0.440178622  
-0.630330016  
-0.869785578  
-1.043152392  
-1.333882537  
-1.240728744  
-1.021585362  
-0.5075782261  
-0.3766172562  
-0.2466233519  
-0.4438559631  
-0.7567986274  
-0.858693807  
-0.6005440909  
-0.2737043466  
0.09457598886  
-0.3094406648  
-0.58383452  
-0.4111822971  
-0.4679009303  
-0.05664968598  
-0.08750715008  
-0.1158231494  
-0.1694296741  
-0.02821458312  
-0.1948290634  
0.004211499294  
-0.2765899714  
-0.00478300635  
-0.21020248  
-0.4174776195  
-0.4588702507  
-0.2635197703  
-0.2327773175  
-0.1502664027  
-0.1595930069  
-0.09510256603  
-0.008756325483  
-0.1925180691  
0.1030055702  
0.1961502995  
0.06580539276  
-0.04736110205  
-0.2206488789  
-0.3901446647  
-0.4258449968  
-0.3972157521  
-0.08046381891  
-0.02730951328  
-0.07237665243  
0.004599847894  
-0.1456808656  
0.007317018823  
0.255278924  
0.03926200201  
-0.1103345091  
-0.4960307319  
-0.3739774941  
0.1299462936  
0.7161012972  
0.6207134203  
0.6611263484  
0.816546746  
0.6523733861  
0.587160181  
0.420832352  
0.5083989026  
0.2123667435  
-0.06657519159  
-0.5101725941  
-0.5474473099  
-0.215626536  
-0.2412413327  
-0.3092502189  
-0.4466206085  
-0.5254762033  
-0.5054830995  
-0.619958356  
-0.37883693  
-0.4716601692  
-0.2707305579  
-0.4343785357  
-0.5772241175  
-0.4829285065  
-0.4019023577  
-0.6014890298  
-0.3224876699  
-0.5801591115  
-0.6431617742  
-0.4619817125  
-0.6401847243  
-0.6319591154  
-0.5736933818  
-0.3620885397  
-0.4368566316  
-0.5605154824  
-0.5743360831  
-0.8577809399  
-1.029206627  
-1.117708012  
-1.024364867  
-0.8589739771  
-0.9241014288  
-0.9433885152  
-0.8246930298  
-0.8364922409  
-0.7402215497  
-0.9564303073  
-1.054735029  
-0.8616029481  
-0.5517449675  
-0.4486566131  
-0.2928240402  
-0.2559986024  
-0.3651144613  
-0.2213925218  
-0.1416514581  
-0.4469080736  
-0.4449245056  
-0.5469803689  
-0.4554454884  
-0.4242117692  
-0.3478191881  
-0.2824465821  
-0.3463777306  
-0.4921053697  
-0.5087920739  
-0.5622739709  
-0.5530726813  
-0.7947463973  
-1.007428358  
-0.7828599571  
-0.6379203498  
-0.5924426918  
-0.5311117631  
-0.2438991468  
-0.1775228956  
0.001728477201  
-0.04707382106  
0.02563767105  
-0.05521103628  
0.05741826283  
-0.08424203422  
-0.1788868412  
-0.2796803652  
-0.3692586872  
-0.4481466958  
-0.1464751603  
-0.08351600682  
-0.3206256152  
-0.2680145398  
-0.1060292259  
-0.10050092  
0.06569348912  
-0.156478784  
-0.1654924291  
-0.04254623091  
-0.03760576884  
-0.02410803662  
0.01040936862  
0.2474785551  
0.1086290904  
-0.2768245571  
-0.3994950779  
-0.7190480313  
-0.8658481941  
-0.9602315596  
-0.8570800987  
-0.7299121493  
-0.6439753603  
-0.4694865192  
-0.1674289513  
0.005246980601  
0.2248965367  
0.3652677865  
0.5061377784  
0.6736524914  
0.5201560712  
0.5071927113  
0.2586461697  
0.112579939  
-0.136867942  
-0.217322302  
-0.07856313077  
0.04924467854  
0.02664281277  
0.2935780333  
0.0491146259  
0.290874912  
0.3590708787  
0.61362829  
0.9301372702  
0.8108363319  
0.7899062423  
0.730062833  
0.6576585885  
0.4259838481  
0.3132732792  
0.2702748423  
0.3021388107  
0.1800626041  
-0.02164559221  
0.2160487548  
0.3198815817  
0.5491861274  
0.7936054146  
0.6989875547  
0.7473631468  
0.5906821169  
0.8438716821  
0.7518867033  
0.6708025182  
0.6435528587  
0.4549759083  
0.2997748626  
0.4009898458  
0.2936369481  
0.4359846074  
0.3781372338  
0.2972910269  
0.2457615378  
0.5997474935  
0.6903447706  
0.7906308343  
0.8680762514  
1.073208418  
1.191819117  
1.109346562  
1.259719424  
1.080780258  
1.129184204  
0.6762136854  
0.621546197  
0.4190797916  
0.3173380329  
0.1315474456  
0.0756814798  
0.05110813088  
0.3058505287  
0.5701443604  
0.7230037542  
0.6261364539  
0.4218914999  
0.5210605852  
0.3369269835  
0.4667258834  
0.3432512796  
0.08466523827  
-0.1508007667  
-0.1085732115  
-0.2002098827  
-0.3790414384  
-0.3168593169  
-0.3928252877  
-0.4251733271  
-0.2614925992  
-0.2158971527  
0.06759511855  
-0.2231177758  
-0.2276314812  
-0.2435977801  
-0.005308241685  
-0.005652760361  
-0.0573255402  
-0.02955444118  
0.01734872462  
0.3741327486  
0.2013232881  
-0.05633953663  
-0.1439679898  
-0.1926641025  
-0.009613120798  
0.03364265457  
0.3089342156  
0.2524416182  
0.2687478359  
0.3746249727  
0.4782019498  
0.3119446186  
0.326482128  
0.1132203758  
0.06915334661  
0.1813237371  
0.1897679753  
0.36335744  
0.327722777  
0.6784459074  
0.6639019657  
0.9710489769  
1.188886593  
1.003077069  
0.862044016  
0.6671236366  
0.6008309446  
0.3412041355  
0.481621824  
0.4512087211  
0.06845514422  
0.3805900103  
0.2227118797  
-0.08743290996  
-0.2875514277  
-0.565936222  
-0.4968395046  
-0.4366904352  
-0.3367406347  
-0.1666598035  
-0.04718870815  
0.233830034  
0.247517082  
0.2994482685  
0.1532198185  
0.4160439269  
0.5302151404  
0.5287245622  
0.5500984849  
0.4494268469  
0.6405371548  
0.670335556  
0.7007201612  
0.3092845422  
0.03587365908  
0.03570781685  
0.1004671194  
0.1697786151  
0.1820263715  
0.4428108351  
0.8447823984  
0.8345539857  
0.9034064387  
1.094259179  
1.194609073  
0.6561929976  
0.5404191865  
0.4290445724  
0.3783618016  
0.291715103  
0.4083418457  
0.301749169  
0.2863977826  
0.3519335312  
0.4711136781  
0.4282580035  
0.5015966992  
0.2260153043  
0.2917037904  
-0.01826689925  
-0.09948684005  
-0.08923154666  
0.01019212609  
0.1823931306  
0.2775116268  
-0.03391802916  
0.03916741093  
0.1366725804  
0.3644095461  
0.2984838283  
0.4902909881  
0.1604876421  
0.2480215038  
-0.06186295954  
-0.3488631611  
-0.1747470158  
-0.07531897869  
0.000883219933  
0.02840989686  
-0.1257009007  
-0.514523772  
-0.4201941101  
-0.4304021936  
-0.3606074923  
-0.1799979728  
0.004797477069  
-0.3726192319  
-0.3150729696  
-0.3304835531  
-0.4701318714  
-0.218565116  
0.07050264812  
0.06901687772  
-0.2442260138  
-0.3165190532  
-0.4008015435  
-0.6137586336  
-0.3859553338  
-0.5306559624  
-0.4733109328  
-0.4630631469  
-0.4287142274  
-0.7685626111  
-1.015670722  
-1.03005261  
-0.8681311447  
-0.7790000285  
-0.8441575756  
-0.7041778253  
-0.5536767126  
-0.3144713214  
-0.3437698775  
-0.3462170786  
-0.4668258554  
-0.2080627569  
-0.1768076345  
-0.2465178497  
-0.05569777417  
-0.0450707307  
-0.05719940158  
0.1501465263  
0.07591365263  
0.1526549207  
0.2657403382  
0.2056817141  
0.1493809053  
-0.02493039484  
-0.1775512894  
-0.002632227671  
-0.05988347709  
-0.07879566151  
-0.3188367743  
0.006842017951  
-0.1475063426  
-0.2528707635  
-0.112250437  
0.00311037448  
0.02241951749  
-0.01711144414  
0.05940679484  
0.06854270151  
-0.05703997083  
0.2248494587  
-0.08707645919  
-0.01086007603  
0.1322398116  
0.3478057967  
0.4996587308  
0.3139828156  
0.4673207402  
0.7063176266  
1.056425106  
0.9194368511  
0.6175436099  
0.9648804584  
0.6833011747  
0.3940842447  
-0.01370001415  
0.03050142048  
0.0211790009  
-0.2881718248  
-0.1163763599  
-0.6349665372  
-0.425306712  
-0.3732235948  
-0.359631967  
-0.1620737303  
-0.1653712521  
0.2510897742  
0.05457001202  
0.3394705638  
0.697764695  
0.4039358104  
0.1550972725  
-0.01604291361  
-0.06310444559  
-0.2527580655  
-0.5028368541  
-0.7296037732  
-0.5730068345  
-0.2590806301  
-0.4260312611  
-0.3869935497  
-0.2638678862  
-0.4186524587  
-0.01421208441  
-0.1459720335  
-0.01074491178  
0.2840524497  
0.2717548172  
0.4796835876  
0.3108305731  
-0.3780766408  
0.0977307506  
0.2075630714  
0.08365305161  
0.1336375364  
-0.1141353121  
-0.2582993145  
-0.4564721271  
-0.3647238176  
-0.675285155  
-0.6919447726  
-0.6935581892  
-0.4999462909  
-0.6848928465  
-0.7483388139  
-0.8814655428  
-0.6780945379  
-0.6522604965  
-0.4931154872  
-0.7172697294  
-0.5128954165  
-0.3146969791  
0.01983075038  
-0.05912754138  
0.3160232203  
0.2807402431  
1.10895112  
0.7726501743  
0.4558889341  
0.2711148433  
0.03507353994  
0.1044185246  
0.08292554645  
0.4746150356  
1.028160628  
0.8334741728  
0.9705224437  
1.264128305  
1.342668285  
1.095899703  
0.8951384804  
0.872149684  
0.4525010409  
0.39191907  
0.6145434413  
0.220446637  
0.04205326831  
0.1334718273  
0.02629578488  
-0.1114442396  
-0.09195424328  
0.08922842015  
0.05400561377  
0.3397406791  
0.7348090663  
0.3329753202  
0.2195763116  
0.3510117704  
0.3310068005  
0.4787501035  
0.4207430134  
0.2531006292  
0.3007378162  
-0.02908764596  
0.1364339131  
0.1244352356  
0.244498815  
0.3918585483  
0.4857267027  
0.3944038647  
0.2722556054  
0.5829595436  
0.6961445935  
0.1433474883  
0.04811688263  
0.0461816855  
0.07675346523  
0.3203039504  
0.5737485651  
0.2143391953  
0.2043532978  
0.3806107927  
0.3202375897  
0.2170570753  
0.30983173  
0.4279708761  
0.4560230513  
0.5700781485  
0.9622000107  
1.016610559  
0.7931176271  
0.80620961  
1.058459852  
1.213379156  
0.8420304638  
0.8301413787  
0.4329131165  
0.2918867027  
0.3145211427  
0.2450917734  
-0.02387593117  
0.07893406426  
0.2273760215  
0.06327073623  
0.01215651327  
0.003627862693  
0.1719242193  
0.3367951827  
0.1549883596  
-0.0949619749  
-0.2358694419  
0.2066752057  
0.3992683448  
-0.1172600924  
-0.1363347675  
0.1345554208  
0.235897145  
0.1438690693  
0.2166073289  
-0.1138589929  
0.06939913442  
0.4153073496  
0.6454777713  
0.6449151687  
0.5885792596  
0.8316339364  
1.145311507  
1.125807822  
0.5056686272  
0.4776887717  
0.2695686942  
0.0716044097  
-0.373513153  
-0.789970153  
-0.4662233993  
-0.4057492332  
-0.3937276096  
-0.5527162328  
-0.3171252583  
0.01086368824  
0.1295229857  
0.178575589  
0.4109712702  
0.3598383556  
0.4098079638  
0.5047176902  
0.4082461265  
-0.132986701  
0.004620505469  
0.2304709849  
0.3590748113  
0.1523648221  
0.05439018023  
-0.107558073  
-0.07886931631  
-0.2020122156  
-0.6608420627  
-0.2127455494  
-0.3376432091  
-0.286172563  
-0.2726423751  
-0.4269852637  
-0.7494640414  
-1.066096279  
-0.5691206143  
-0.3778140385  
-0.4816675333  
-0.1435519706  
-0.01836602309  
0.3563799996  
0.1451805149  
0.124890627  
-0.2966237302  
-0.2530479739  
0.119600943  
-0.03484134783  
-0.3874110535  
-0.5749927345  
-0.5431511245  
-0.4294115001  
-0.6543017497  
-0.6863099966  
-0.2069875153  
0.03429818027  
0.2077201388  
-0.06431607957  
-0.1067668525  
0.4105176356  
0.7376157389  
0.5796274863  
0.4019395399  
0.4041942508  
0.365404382  
-0.09070866184  
-0.5748293046  
-0.796750113  
-0.6147301858  
-0.9627486194  
-0.9046471713  
-0.8961794265  
-0.5514520789  
-0.2515961242  
-0.5753430322  
-0.4885791946  
-0.5051990446  
-0.09471014883  
0.1415259826  
0.2265894921  
0.2133951742  
0.3933130325  
0.259650671  
0.4336595527  
0.4724122754  
0.1515326056  
0.02167897325  
0.3341734499  
0.6714981438  
0.4512548528  
0.06418807048  
-0.3647802638  
-0.3722300047  
-0.5562288385  
-0.6843054306  
-0.4983270139  
-0.1734599704  
-0.4105883619  
-0.009902368047  
0.04997009177  
-0.1957483852  
0.1770104756  
0.3580872589  
0.949850094  
0.480212642  
0.03494387038  
0.1800121964  
-0.2639281623  
-0.2346531031  
-0.2923339875  
-0.3238803854  
-0.1584035052  
0.01689373239  
0.1466002651  
-0.2477557063  
-0.2669580408  
-0.2604113014  
-0.1995196631  
-0.3407119365  
-0.515222306  
-0.2029065218  
-0.2919952744  
-0.1594739047  
-0.2648682269  
-0.3199985001  
-0.2074579578  
0.01288569678  
-0.02147780257  
0.04500646538  
0.3397208641  
0.4951568601  
0.5405364396  
0.8110487838  
0.6991566177  
0.8420415042  
0.6208111781  
1.077620919  
0.9737694438  
0.6880866338  
0.6697372921  
0.7089954918  
0.5594757461  
0.4409461982  
0.1630595615  
0.09593123471  
0.01889387241  
0.3025714372  
0.346448098  
0.4253871369  
0.4457533447  
0.5581324432  
0.2712573659  
-0.2859076216  
0.07723902084  
0.07812898832  
0.1874687252  
0.2548468053  
0.2368726571  
0.07535882009  
0.2439107094  
0.185503658  
0.3664576926  
0.445326856  
0.05536689325  
0.006813197669  
-0.04543594756  
0.2395847669  
0.04792501778  
-0.1110790706  
-0.1509326335  
0.06811678633  
-0.1470154598  
-0.8727234376  
-0.4485845209  
-0.6042138491  
-0.2100970489  
-0.2847857326  
-0.3143074739  
-0.1915591058  
0.1375099484  
0.3018151843  
0.5632588337  
0.6017291362  
0.7887704232  
0.958417083  
1.359738256  
1.28105332  
0.6678567864  
0.007854142601  
-0.3714453701  
-0.3966641369  
-0.4457039383  
-0.6391079463  
-0.5641639162  
-0.310616689  
-0.3263449468  
-0.08228894454  
-0.06938603262  
-0.2693711589  
-0.3733632901  
-0.4031851546  
-0.3578410377  
-0.257555903  
-0.1582453731  
-0.1920198574  
0.1211393635  
0.316238655  
0.3942789978  
0.6820136269  
0.7792469266  
0.7610082529  
0.6084788498  
0.5522467508  
0.5127128119  
0.2716848265  
0.5181737087  
0.5401976945  
0.5853583014  
0.8420720849  
0.8690771687  
0.7807517387  
0.7867995302  
1.00453859  
0.9678414409  
1.404382949  
1.324343802  
1.134433603  
0.9996765888  
1.260081649  
1.291286377  
0.9356581743  
0.2126386903  
0.4515211004  
0.2771847599  
0.198364158  
0.2429422794  
-0.1275753472  
0.02605389209  
-0.1907434243  
0.124257457  
0.3952834228  
0.630322912  
0.611679554  
0.5655167822  
0.4378965279  
0.1241543519  
0.336996593  
0.001217244345  
-0.1015353655  
-0.02935605594  
0.0914093871  
-0.05436735733  
-0.3697639766  
-0.356140731  
-0.4732082208  
-0.5182136667  
-0.6399993038  
-0.4645150834  
-0.4456704978  
-0.2946655725  
-0.1830740755  
-0.1554192054  
-0.401987359  
-0.3966847565  
-0.4828220445  
-0.2592194457  
-0.2209386494  
-0.1816310165  
-0.1301374606  
-0.02437246669  
0.112448629  
0.5788435669  
0.6977742231  
0.6638255774  
0.725349034  
1.067452183  
1.178404187  
1.358816209  
1.306148358  
1.209667818  
0.7534540791  
0.5683318849  
0.3801955893  
0.03844577507  
-0.4485264138  
-0.3472913635  
-0.5330233901  
-0.5379333633  
-0.274830416  
0.06063991237  
-0.04213499387  
0.09977219566  
0.4406892287  
0.4814723279  
0.372798517  
0.4525451064  
0.4887216564  
0.8157985589  
1.115256609  
0.6838980194  
0.3687225964  
0.524237166  
0.6886126781  
0.5270148604  
0.336657399  
0.02771810026  
0.2715191268  
0.3463520495  
0.2000042779  
0.08204137842  
0.1055128201  
-0.07191685246  
-0.1467238696  
-0.2035993869  
-0.5210746015  
-0.05214798729  
0.2352422209  
1.031478773  
0.7822786927  
-0.9787201576  
-0.632528269  
-0.6735544184  
-0.8864659635  
-0.4356266628  
-0.008322175168  
-0.8258359695  
-0.9263629721  
-0.6179295024  
-0.2559408535  
-0.4530130686  
-0.5808821943  
-0.2014194161  
-0.6016489394  
-0.552788912  
-0.1480670302  
0.3251409758  
0.411120149  
0.3598112156  
0.3672269299  
0.2867846069  
0.02711634963  
-0.1569965401  
-0.4910424538  
-0.8917577676  
-1.482168565  
-1.165891554  
-1.161455404  
-1.120890397  
-0.5714773703  
-0.5535756026  
-0.2913351334  
-1.048485231  
-1.931659885  
-2.414617791  
-1.414123062  
-0.6468233716  
-0.7250995422  
-1.018910898  
-0.6785429705  
-0.6531087282  
-0.6106265819  
-0.481104145  
-0.2101941162  
-0.4456515795  
-0.06623536751  
-0.1100043055  
0.0900862701  
-0.2052820822  
-0.2536821233  
-0.5358851423  
-0.6681149366  
-0.6043117401  
-0.6042235869  
-0.4522929499  
-0.4148397919  
-0.2757711185  
0.0352554122  
-0.006809166131  
0.0345420866  
0.2303262757  
0.1130798831  
0.2307420282  
0.7129959901  
0.776493375  
1.521836827  
0.6657136258  
1.822378452  
1.109253511  
1.697524314  
1.498834235  
1.615223124  
1.205849154  
0.4464968136  
-0.2069761486  
-0.7786038899  
-1.117564205  
-1.242107393  
-1.061541189  
-0.7834609578  
-0.5122581509  
-0.6277184835  
-0.8689846042  
-0.6834508657  
-0.4997769355  
-0.3328703706  
-0.2916503602  
-0.3881010539  
-0.02148508129  
-0.346689673  
-0.2794529856  
-0.156773118  
-0.09959853034  
-0.4081834494  
-0.2299033733  
-0.2099475064  
-0.1003032389  
-0.03795116556  
-0.3468426574  
-0.1809379272  
-0.4563263006  
-0.2000856377  
-0.2739755477  
-0.7062119435  
-0.7522684566  
-0.9073774888  
-0.5353188836  
-0.1964534323  
-0.2548705868  
-0.1742500571  
-0.3622777143  
-0.4504634165  
-1.007507591  
-1.259817625  
-1.254360794  
-1.342691903  
-1.514197045  
-1.441131635  
-1.465853318  
-1.070571555  
-0.5635518162  
-0.7113975232  
-0.4903015472  
-0.6828924006  
-0.5692423004  
-0.5318659009  
-0.6763338098  
-0.56029311  
-0.8093689419  
-0.8752956269  
-1.031320866  
-1.282098688  
-1.405082857  
-0.8689491196  
-1.020590508  
-0.7370006121  
-0.4479095505  
-0.2375994282  
-0.6346961291  
-0.5772503227  
-1.014701343  
-1.014552875  
-0.7773914515  
-0.5023905096  
-0.800614966  
-0.4090832471  
-0.6593436456  
-1.094498365  
-1.361781134  
-0.9173094722  
-0.8152464232  
-1.443135715  
-0.7033946182  
-0.05496938778  
0.739152147  
0.8294300856  
0.1103531798  
-0.02341502125  
0.4747246555  
0.1747455562  
0.07026450892  
-0.5252375199  
-0.6765815929  
-0.4276479335  
-0.5073839999  
-0.6375448585  
-0.5358691109  
-0.3454571705  
-0.2857414975  
-0.2990921859  
-0.1728149183  
-0.3285347355  
-0.283509785  
-0.4338128403  
-0.5426133526  
-0.3315268302  
-0.1206337759  
-0.1651600297  
-0.03442745234  
