0.02007545044  
-0.346383726  
-0.4684410242  
-0.6469835045  
-0.6549450003  
-0.5677521265  
-0.5237512791  
-0.491862469  
-0.5524744856  
-0.5753623808  
-0.5909452045  
-0.6445269164  
-0.6294851709  
-0.7349440974  
-0.7767899216  
-0.5202126465  
-0.4104468721  
-0.2992482227  
-0.2113644991  
-0.4812227987  
-0.117304436  
-0.2053786224  
0.09669185377  
0.09594562482  
0.07880369038  
0.06449812347  
-0.1037306596  
-0.1283073134  
-0.2529781987  
-0.4119488781  
-0.6738765421  
-0.6437824583  
-0.6808151136  
-0.6784984151  
-0.5753983051  
-0.5933885032  
-0.6347032788  
-0.4451724853  
-0.5866963212  
-0.5398151955  
-0.5237163515  
-0.2125748785  
-0.5533622944  
-0.4937921232  
-0.5845520346  
-0.5456284267  
-0.5002417232  
-0.441277692  
-0.3591829959  
-0.56869462  
-0.5803656647  
-0.5032340808  
-0.5062280156  
-0.443980662  
-0.3388120235  
-0.4776284806  
-0.6120403608  
-0.6548966551  
-0.6001285288  
-0.4763449527  
-0.5700719728  
-0.6021677569  
-0.6179735693  
-0.693090379  
-0.5323778646  
-0.4758415464  
-0.4629466712  
-0.4869204296  
-0.4664605868  
-0.5203301178  
-0.5230489046  
-0.4122888966  
-0.5052864407  
-0.2615710915  
-0.3950670204  
-0.4234293113  
-0.2492835497  
-0.2152425598  
-0.3534808834  
-0.276304698  
-0.353378768  
-0.3529519046  
-0.3908559258  
-0.293424539  
-0.4071349891  
-0.3490728749  
-0.3010920143  
-0.2410916066  
-0.263566899  
-4.146922773e-05  
0.06098700452  
-0.2697079087  
-0.2249963191  
-0.2248214046  
-0.2459191541  
0.02550046082  
-0.01032253819  
-0.1221935223  
0.0882064795  
-0.3543234832  
0.09111193575  
-0.4305988208  
-0.6550428897  
-0.3378850588  
-0.4481986592  
-0.1554414375  
-0.1923007802  
-0.5223043808  
0.2317918695  
0.3534875251  
0.05254682664  
0.1422266224  
-0.2436976544  
-0.261364204  
-0.4511365391  
0.08645719114  
-0.03615810499  
-0.4993808754  
-0.4265971387  
-0.6446841879  
-0.6279020141  
-0.4975173581  
-0.6571218979  
-0.4758926241  
-0.7864872456  
-0.4245341971  
-0.5339713293  
-0.7632146928  
-0.7261471554  
-0.6513775172  
-0.7591786976  
-1.044050026  
-1.162023658  
-1.257796857  
-1.182148297  
-1.024619614  
-1.223681694  
-1.178651249  
-1.25444534  
-0.7853025463  
-0.5625380484  
-0.2762640217  
-0.1473006812  
-0.2595300563  
-0.07240576354  
0.3263030522  
-0.1810233286  
-0.4217137599  
-0.4962133696  
-0.1629968257  
-0.2389304889  
0.2115904799  
0.5488372812  
-0.08241568881  
-0.5561246054  
-0.6501624942  
-0.8382436278  
-0.9666877763  
-0.9661252787  
-1.092667052  
-1.069379669  
-1.231139242  
-1.129609743  
-1.334449654  
-1.170375663  
-1.132905671  
-0.8270552458  
-1.030835561  
-0.4405485438  
-0.8682025835  
-0.6019017161  
-0.5219481087  
-0.9049293878  
-0.6458469575  
-0.2398987551  
-0.005821778863  
-0.1784394515  
-0.09368641954  
-0.399053347  
-0.3615614247  
-0.506938984  
-0.2585627379  
0.08746474766  
0.04469744873  
-0.09592333931  
-0.05256575934  
-0.003403398684  
-0.3410862656  
-0.3605775752  
-0.3180842475  
-0.2501313817  
-0.3638594792  
-0.1473118313  
-0.2105269954  
-0.2045037633  
-0.3097248379  
-0.5711081402  
-0.3578497858  
0.1145704972  
-0.07352095591  
-0.0601572119  
-0.2075073427  
-0.2039400352  
-0.4211708418  
-0.4496487183  
-0.4169240662  
-0.2884832741  
-0.3812141179  
-0.1158504513  
-0.5330335862  
-0.4369459627  
-0.5079295261  
-0.2592232933  
-0.790936576  
0.3698215702  
1.246507403  
0.9612057606  
0.8563828993  
0.4860947148  
0.08956190084  
0.3069808336  
0.6179341916  
0.127648861  
0.1842635322  
-0.28581251  
-0.1070553769  
-0.09753306993  
0.09337110233  
0.09032254718  
0.2501334391  
0.1543333517  
-0.3375954976  
-0.1899466495  
-0.3031127681  
-0.4387119001  
-0.1835251562  
-0.206395945  
-0.4646907258  
-0.2009449981  
-0.3464655784  
-0.4763050324  
-0.3558620422  
-0.351389855  
-0.5307113794  
-0.3102884139  
-0.4144374852  
-0.3434427377  
-0.3201402177  
0.0463397999  
-0.4214353495  
-0.4900344017  
-0.5024843719  
-0.6122792738  
-0.4444295595  
-0.4578901686  
-0.3714472458  
-0.3070248765  
-0.4287233868  
-0.376918237  
-0.3912760006  
-0.4818971208  
-0.3584131016  
-0.4352635934  
-0.3617634729  
-0.3133774034  
-0.1455192907  
-0.3964310478  
-0.2487303244  
0.07077463105  
0.3878671253  
1.039399827  
0.7821305018  
0.6205481996  
0.7492118139  
0.3175629753  
0.1389194981  
0.5292628135  
0.07305855811  
0.2341524812  
0.2368577066  
0.01315336753  
-0.3167517825  
-0.1393592089  
-0.2065766307  
-0.2249729767  
-0.1867368126  
0.1145540461  
-0.4023780758  
-0.3015324373  
-0.4731726907  
-0.3209286154  
-0.465594734  
-0.1611930105  
-0.561708047  
-0.9497832118  
-1.094830784  
-1.126443001  
-1.180386346  
-0.9664450843  
-0.2556629332  
0.05771147962  
0.01193497457  
-0.4549315894  
-0.5631176042  
-0.6867935287  
-0.4609171084  
-0.5843381285  
-0.6737651027  
-0.9368186499  
-0.9149688607  
-1.240851659  
-1.203543092  
-1.311764205  
-1.375054586  
-1.531886738  
-1.322771368  
-0.959762952  
-1.074213318  
-0.8087695479  
-0.7718818279  
-0.5612373649  
-0.3154048475  
-0.3613853874  
0.1326742325  
0.7912566561  
0.4378369374  
0.8632862159  
0.6402141209  
0.3378678167  
0.156054306  
-0.02633757393  
-0.1011254845  
0.03522965082  
-0.1857520852  
-0.05187228101  
-0.1906445495  
-0.1156811996  
-0.03276762178  
-0.02351024494  
-0.1235515882  
-0.01672775746  
0.6651142825  
1.578650651  
1.464240662  
1.023312212  
0.8358271804  
0.4901474799  
0.6353439859  
0.02371117941  
-0.2350421467  
-0.2431189841  
-0.01685824451  
-0.01117307518  
-0.0113487753  
0.01253562728  
-0.02470745744  
-0.05615129593  
1.191841039  
0.6864176182  
0.4823281469  
0.2066037895  
0.1881764232  
0.0769987467  
0.001958520848  
0.09250178172  
-0.01379680358  
-0.3227884738  
-0.2866415595  
-0.2740489225  
-0.1885490406  
-0.2350260063  
-0.06752383956  
0.08010619231  
-0.0425613412  
0.2047969504  
0.170801222  
0.7209464879  
0.4684013454  
0.3271072664  
0.3630199977  
0.5101092799  
0.4813089123  
0.2165840141  
0.2173455893  
0.03037405848  
0.04728024245  
-0.07729456709  
0.2365972405  
0.1010829474  
0.06056626697  
0.186578237  
0.2141659557  
0.1807472633  
0.3652368067  
0.0704409766  
-0.03000903978  
-0.0151791445  
0.2626456031  
-0.08173625109  
-0.01322755573  
0.03508043109  
0.2777257291  
0.411512507  
0.3982455937  
0.4157443846  
0.5384397069  
0.1787574725  
0.1416245439  
0.1645600995  
0.2712414143  
0.3464901706  
0.5318510064  
0.507531301  
0.1744260501  
0.4415062673  
0.4246769269  
0.3447858  
0.328295734  
0.4918538487  
0.4411461062  
0.09147521023  
0.2110795395  
0.2055157199  
0.3272872751  
0.5085739872  
0.2400576195  
0.5516681553  
0.342968923  
0.272878207  
0.2350688154  
0.3128614768  
0.3460876176  
0.3779511571  
0.3092304671  
-0.0006141724446  
0.1523205497  
0.03305953014  
0.1920885007  
0.1471979112  
0.2053789728  
-0.1570000871  
-0.2029543802  
-0.1569714727  
-0.1672136695  
0.01681675909  
0.1014364175  
0.1820540026  
-0.1704741932  
0.02522925783  
-0.153810281  
0.04820610515  
-0.09600848494  
0.07917868644  
-0.2496423445  
-0.2402951101  
-0.1915381198  
-0.2220361152  
-0.2947394115  
-0.06568929543  
-0.03812388979  
-0.1691468389  
-0.1842045848  
-0.1385916745  
-0.09773887037  
0.1205218546  
0.1088650581  
0.39073382  
0.3337199821  
2.932141075  
3.639988462  
1.949211313  
1.328673382  
0.8744397448  
0.7429849092  
0.09614513906  
-2.633403582  
-2.693178143  
-0.7423711801  
0.4352831171  
0.5575894488  
0.328757548  
0.2164372065  
0.3342110176  
0.3539728611  
0.2414964352  
0.3267889315  
0.2634195218  
0.2953201458  
0.4641767673  
0.4206919893  
0.2704425478  
0.2948308714  
0.2223870544  
0.1245643343  
-0.02959592985  
-0.01077982043  
-0.02085029309  
0.2301851425  
0.4066027849  
0.6078971894  
0.5415503636  
0.5525551005  
0.7363558254  
0.5009415521  
0.4221245701  
0.5001272042  
0.6423030562  
0.3437335619  
0.565371532  
0.6382402442  
0.4818774323  
0.766622641  
0.6844552106  
0.3181564961  
0.4483429181  
0.4682746565  
0.5209497544  
0.5079703537  
0.5505242064  
0.3703518277  
0.5335724685  
0.4583752812  
0.4971779971  
0.4104356375  
0.5123143631  
0.4991941817  
0.3696211985  
0.5820171118  
0.6957061353  
0.7977162248  
0.7932085876  
0.7003755994  
0.5370861263  
0.7248347555  
0.3651614042  
0.2757033201  
0.1848672147  
0.5787642305  
0.2814848692  
0.3495216913  
0.2254860676  
0.5069934466  
0.3783887335  
0.6619910217  
0.4225282204  
0.4943396238  
0.5929425058  
0.5182388941  
0.7493994044  
1.057361218  
0.7743482881  
0.977294991  
0.7829340743  
0.9227042795  
0.9293889552  
0.6635540712  
0.7406780586  
0.6776154751  
0.3944788839  
0.7756345364  
0.8852143108  
0.7264372718  
0.636016245  
0.7019612918  
0.651235122  
0.9450959462  
0.7830671318  
0.9700032709  
1.014141549  
0.7847411642  
1.053008339  
1.004517942  
1.104269609  
1.17674541  
1.263538891  
0.6511864868  
1.022387246  
1.077910531  
1.502081963  
1.417775116  
1.610991746  
1.284442922  
1.413123076  
1.883864267  
1.917473532  
1.646890756  
2.088338564  
2.253270591  
1.67288678  
1.739740156  
1.886536184  
1.76711352  
1.798310467  
1.439679692  
0.893057328  
0.7174710837  
1.495668534  
1.003598965  
1.240815917  
1.283535755  
0.1983803055  
-0.05121565492  
0.106421131  
-0.3678062927  
-0.2714222611  
-0.4439508211  
-0.3632664659  
-0.1550768885  
-0.1811676423  
-0.2075214824  
-0.04291858982  
-0.1194062216  
0.1206185725  
-0.188667931  
0.2153304546  
0.1708884111  
-0.05409854468  
0.03892750033  
0.06532137088  
0.1137863486  
0.1814240685  
0.219490277  
0.0007155039166  
-0.1280565198  
0.3325147239  
0.3350170994  
0.3898551579  
0.6689448197  
0.5670782687  
0.2269445977  
-0.1402062961  
-0.5522329689  
-0.4440850056  
-0.4666661073  
-0.590285188  
-0.846995261  
-0.9713083408  
-1.175297352  
-1.704650967  
-1.64038007  
-1.448898016  
-1.399257322  
-0.9624709814  
-1.030564536  
-1.113860067  
-1.178010747  
-1.030193264  
-0.9600755085  
-0.9961576214  
-1.028317868  
-0.9514992216  
-0.8490233887  
-0.9052764351  
-0.9126458669  
-0.9723126823  
-0.8923498642  
-0.6962921905  
-0.6209511026  
-0.7318712169  
-0.3969055411  
-0.2071524332  
-0.396917357  
-0.3194561301  
-0.1202883186  
-0.3350184943  
0.02306104568  
-0.1677551237  
-0.006605449248  
0.199714201  
0.07748486429  
-0.06526532478  
0.214489549  
-0.02422242484  
-0.1216279293  
-0.3640188304  
-0.3242656606  
0.1740421091  
0.2331893698  
0.2953193321  
0.6011722678  
0.2820707172  
0.432008843  
0.5369862684  
0.5680688895  
0.4059750873  
0.02197025011  
-0.29434403  
-0.5153618469  
-0.5279332889  
-0.7089767324  
-0.7730023948  
-0.78300867  
-0.8128622724  
-1.043785574  
-0.8056749346  
-0.7036855022  
-0.5111623642  
-0.6739893653  
-0.4707704082  
-0.6038852717  
-0.8880327955  
-0.6734986787  
-0.5863439538  
-0.7819684559  
-0.6032286061  
-0.7152077211  
-0.3232489185  
-0.4122414975  
-0.3973330012  
-0.3854339045  
-0.2217937728  
-0.3301739317  
-0.585182546  
-0.5182079543  
-0.3593685594  
-0.3723638222  
-0.4459434228  
-0.3235877092  
-0.5013471639  
-0.3376186012  
-0.2322644188  
-0.28140749  
-0.4315703917  
-0.04677295901  
-0.01631753226  
0.08574253013  
0.01214770012  
0.2321561994  
0.3512370609  
0.2092687106  
0.110355481  
0.4883167877  
0.5956092661  
0.6802844715  
0.4727130261  
0.4204721736  
0.09350486947  
0.1173310133  
-0.02296102191  
0.1228578559  
0.4032968759  
0.003958082763  
0.1197156624  
-0.1620873774  
-0.05982455767  
-0.1523027699  
-0.1421618467  
0.09462168294  
-0.2977930545  
-0.3302679558  
0.01209115086  
-0.3826243059  
-0.3051909652  
-0.1963255465  
-0.4074354462  
-0.4876408449  
-0.2998452738  
-0.3754157755  
-0.5480749032  
-0.5524882928  
-0.5032864275  
-0.2712595505  
-0.4927858016  
-0.7459137329  
-0.4246160413  
-0.4239225565  
-0.3361925778  
-0.3402494213  
-0.155852747  
-0.2944205375  
-0.4486046409  
0.1119930776  
0.101053244  
-0.05270479984  
-0.02051774785  
0.2309664101  
0.1985794474  
-0.2021520673  
0.02029698703  
0.2671027118  
0.2211664493  
0.268882555  
0.5493946059  
0.2372277562  
0.004672233346  
0.3349642927  
0.5420855141  
0.3168586884  
0.3482303173  
0.5902938235  
0.02399867362  
0.1293972961  
0.4364103068  
0.3300213968  
0.4251124787  
0.3543674731  
0.7264870097  
0.467314532  
0.1191617072  
0.1983002413  
0.7539571572  
0.3646783596  
0.2350552122  
0.3770325692  
0.07576934009  
-0.2187461173  
-0.05784654074  
0.2234806165  
0.04014871363  
0.1174112761  
-0.1252206338  
-0.3099957776  
-0.4885676415  
-0.2885998861  
-0.2833677914  
-0.3326247896  
-0.5224930333  
-0.5210124879  
-0.7868499237  
-0.5952650356  
-0.780221198  
-0.6196452651  
-0.7011581067  
-0.763949088  
-0.6342347991  
-0.4348386823  
-0.8905305284  
-0.9566413465  
-0.9857855727  
-0.9930784112  
-0.8974446203  
-0.877201268  
-1.025362872  
-0.8812240704  
-0.9020525885  
-0.6952314281  
-0.8703387318  
-0.7657137506  
-0.4805580828  
-0.8574563658  
-0.938124124  
-0.804180936  
-0.6231030611  
-0.5570128825  
-0.4702101359  
-0.2702600681  
-0.5716390432  
-0.7016280334  
-0.4279050823  
-0.5368830101  
-0.4132681274  
-0.2167894092  
-0.06831558065  
-0.3884697036  
-0.07315186752  
0.0947285533  
0.08788203134  
0.1905498256  
-0.03270019406  
-0.2397637722  
-0.07009354867  
0.135081914  
-0.03768311278  
0.06161588119  
0.3639993153  
0.1396667124  
-0.1157517448  
0.06670544179  
0.3185142585  
0.4329308838  
0.5113152245  
0.7392137883  
0.6777123462  
0.433377709  
0.08034286617  
0.5478205473  
0.5361328719  
0.5211104399  
0.2855542424  
0.2538509312  
-0.2271328768  
-0.2775067377  
-0.4870748403  
-0.3786966567  
-0.5313561653  
-0.6079042208  
-0.9360615915  
-1.125965186  
-0.6845577754  
-0.5940807566  
-0.7232081696  
-0.5945488013  
-0.4061363588  
-0.4344426221  
-0.4044374259  
-0.7417522116  
-0.8276202273  
-0.6059728876  
-0.5794051648  
-0.4986296579  
-0.5474726722  
-0.3582869491  
-0.7460022981  
-0.3946889796  
-0.1658512182  
-0.1360253444  
-0.1582552857  
0.02981796399  
-0.07284896051  
0.0158496582  
0.3142684252  
0.06737538556  
0.36702708  
0.37652534  
0.1711630652  
0.2364053986  
0.676136418  
0.3872975635  
0.5470785743  
0.7582228937  
0.3973104268  
0.5502543711  
0.5806091768  
0.4136929264  
0.2325374956  
0.116362891  
0.06946238759  
-0.3795458429  
-0.2903127144  
-0.1460287309  
0.02160799527  
0.194224185  
0.0215473144  
0.3480388901  
0.03760224136  
0.01696681474  
0.5137643313  
0.1933209753  
0.1901015911  
0.2946512981  
0.1600694583  
0.04609954861  
0.2201086753  
0.0720596929  
0.3388645906  
0.4804184215  
0.6048971369  
0.1155090748  
0.6322093403  
0.6881425729  
0.6361296926  
0.6472040049  
0.8760629294  
0.5372577506  
0.4318207615  
0.5700419142  
0.7523433178  
0.906914675  
1.0010828  
0.8868833829  
0.6222845968  
0.7347535909  
0.8996658943  
0.8493191321  
0.7913537375  
0.893777988  
0.9240473962  
0.6544166351  
0.4320911271  
0.5577885764  
0.456963963  
0.3839594983  
0.3400813797  
0.2291915274  
0.4013587684  
0.4389305798  
0.1245273829  
0.1734765942  
0.3369685959  
0.05240790901  
0.1619721941  
0.1206613724  
-0.01849799679  
0.2955604585  
-0.3027090583  
-0.5940392338  
-0.6418928479  
-0.3840296782  
-0.1372641762  
-0.1863789165  
-0.1788049686  
-0.02216009641  
-0.03990376642  
-0.5884719367  
-0.4756902129  
-0.4963986945  
-0.1113544686  
0.2526253703  
0.4298269222  
0.3367856979  
0.2152978276  
0.0586576134  
0.09786968724  
0.2904361749  
0.359323987  
0.5828159799  
0.9784536027  
0.5569138926  
0.4202932124  
0.547778197  
0.6406939081  
0.5065351613  
0.4255394149  
0.420700362  
0.1973540415  
-0.3811166803  
-0.2257278156  
-0.2158115075  
-0.1145404433  
-0.1593809162  
-0.1151901068  
0.08065049893  
-0.2442932398  
-0.5727928493  
-0.3151237332  
-0.2935635586  
-0.03664984263  
0.04265009935  
-0.05827847618  
0.0001309705995  
-0.2318533208  
-0.2648948079  
0.08950281446  
0.2011579272  
0.1748113682  
0.09461119124  
0.1378442658  
-0.02225864829  
0.3249754548  
-0.01500767761  
0.04826070007  
-0.01503218973  
-0.03840442187  
0.0117049681  
0.1230976665  
0.1269443293  
0.2468327634  
0.377852368  
0.02815745855  
0.3026200999  
0.3018791917  
0.1053346653  
0.1637538162  
0.2344915058  
0.3505650153  
0.09052920327  
0.2978299374  
0.794818677  
0.6496788377  
0.5001017397  
0.8133620205  
1.018183745  
0.6173073707  
0.6440435841  
0.7389109799  
0.5334308966  
0.693626347  
0.6861651271  
0.806286018  
1.127031489  
1.032662893  
1.305506043  
1.059133751  
1.278622967  
1.233894996  
1.132542299  
0.8861848582  
1.00234719  
0.7741753238  
0.4031014924  
0.2839857368  
-0.1272973616  
-0.4489071997  
-0.8572142692  
-1.011664023  
-0.8546822215  
-0.8264259139  
-0.5499105322  
0.196438977  
0.1734596332  
0.2704054895  
-0.1523984345  
-0.0912292767  
-0.3821312052  
-0.2335881015  
-0.4096465725  
-0.483567077  
-0.6861541077  
-0.7060902637  
-1.022873369  
-1.451685659  
-1.244981423  
-1.182064253  
-1.315240195  
-1.060329436  
-0.9475695514  
-0.9650008833  
-1.101631851  
-1.406301492  
-1.156664802  
-1.113632379  
-1.049042103  
-0.8136206989  
-0.7266536355  
-0.7574307988  
-0.6214368065  
-0.4114374409  
-0.107902791  
-0.4020019488  
-0.3117317435  
-0.1150235327  
0.04123033744  
0.2773245155  
0.3301482677  
0.3570647541  
0.4086464058  
0.490368152  
0.5476008888  
0.6854888036  
0.6282369917  
0.5054513138  
0.3265105849  
0.255640625  
0.3653153421  
0.2935190078  
0.3003403566  
0.3487936377  
0.1990916368  
0.501624688  
0.2401462508  
0.1030177741  
0.1996807621  
0.06250549618  
0.2932251638  
0.2910077885  
-0.125003832  
0.06055249022  
0.5123984741  
0.2497993086  
0.2311748393  
0.4553618741  
0.5638950855  
0.08216983762  
0.2360114333  
0.5198261793  
0.7845491535  
0.8416906115  
1.02659692  
0.8866356409  
0.6292173215  
1.202248526  
1.419204903  
1.337617828  
1.27540386  
1.274853733  
1.315726451  
0.8914186371  
0.8909248683  
0.7798627011  
0.9697143638  
0.8901405848  
0.8072148346  
0.789750947  
0.7475940962  
0.210470476  
0.6219605964  
1.020512905  
0.8127876204  
0.7170948926  
0.7510582475  
0.9042001169  
0.7048339864  
0.4759603554  
0.7455962195  
0.9284888653  
0.9982395855  
0.9233184886  
0.87756391  
0.7438296791  
0.6398272686  
0.5604001974  
0.8593306609  
0.8306664735  
0.6420593281  
0.7462653441  
0.779729706  
0.5452379806  
0.9296637018  
0.9272114965  
0.9286433486  
