-0.6126160526  
-0.801325842  
-0.8997806706  
-0.5922839055  
-0.6872791591  
-0.8118182221  
-0.8211718405  
-0.4675102565  
-0.8764070703  
-0.6448016627  
-0.3716230605  
-0.6667094233  
-0.2695260969  
-0.7645356416  
-0.831045143  
-0.4803071264  
-0.8067508919  
-0.07380974104  
-0.06083759896  
0.02056491479  
-0.1460141561  
0.1213478675  
0.1528550011  
-0.03430201743  
0.03812994169  
-0.185785427  
-0.3996554619  
-0.1161078635  
-0.4150195568  
-0.7812799345  
-0.7804142463  
-0.7496415181  
-0.5404087726  
-0.7155095682  
-0.6093572879  
-0.5220076348  
-0.8963533751  
-0.851631256  
-0.400612143  
-0.5837781804  
-0.7748239439  
-0.930536734  
-0.8363798866  
-0.8024898654  
-0.7779435779  
-0.4880750071  
-0.6974852409  
-0.7323908919  
-0.5010406713  
-0.3495190816  
-0.5839799686  
-0.1517333431  
-0.06601519602  
-0.2392454236  
0.1419410119  
-0.329003562  
-0.2561033636  
-0.2318851972  
-0.2415121484  
0.4251583434  
-0.02678074718  
-0.5451907184  
-0.415880132  
-0.4254324232  
-0.4457652762  
-0.3381749344  
-0.3534115162  
0.2080066897  
-0.2706599798  
-0.2002734028  
-0.03884353826  
0.2864015703  
-0.4592947239  
-0.2081362248  
-0.593169006  
-0.3347312046  
-0.1322128289  
-0.4442314592  
-0.4091526796  
-0.3101308844  
-0.3229678091  
-0.2789508718  
-0.2816896735  
-0.4765664191  
-0.1657179882  
-0.3185522289  
-0.422384023  
-0.3982238159  
-0.2592588484  
0.1549352636  
0.2714608129  
-0.04575178051  
0.3173381192  
0.1992994432  
0.8604087395  
0.5912347263  
0.4689313772  
0.07502682121  
0.4601357467  
-0.2433669462  
0.5178528883  
-0.9059917093  
-0.7727338383  
-0.3048089425  
-0.3920040228  
-0.08099330555  
0.1085229287  
-0.301898895  
0.04003255355  
0.6485869441  
0.1966675132  
0.03868501113  
-0.453665054  
-0.2127556986  
-0.6569748379  
-0.1282875667  
-0.6436145724  
-0.3194315214  
-0.8257769017  
-0.8700138187  
-0.6752887376  
-0.3550730398  
-0.7850422082  
-0.4141018213  
-1.127537306  
-0.5928435165  
-0.8776284406  
-0.9738038956  
-0.7479762109  
-0.8680406322  
-0.8343979191  
-0.8271462554  
-0.9118185287  
-0.9520895772  
-0.8431277163  
-0.7307229986  
-0.5881955968  
-0.9164927243  
-0.3964148718  
-0.6706096514  
-0.4444439879  
0.1263095838  
-0.04209543251  
0.005695138113  
-0.2120967737  
0.1175985642  
-0.277346002  
-0.5928287484  
-1.149464791  
0.3609221139  
-0.3376644952  
0.1656112175  
0.07605870781  
0.1214682256  
-0.5210205886  
-0.8763368808  
-0.0523500251  
-0.3001947622  
-0.4962957015  
-0.4680832016  
-0.5347102388  
-0.6748919981  
-0.7414576874  
-0.3679505437  
-0.4815468222  
-0.3361201526  
0.07130149444  
-0.2378393955  
0.2416246871  
0.3407077352  
0.5785196246  
0.4888806611  
0.3254768841  
0.4939945225  
0.4381143264  
0.04628735073  
0.2758560019  
0.04831979377  
-0.04181251046  
-0.1440444781  
-0.8570702701  
-0.4493174842  
0.1170072231  
-0.2299938647  
0.1408835056  
-0.457301839  
-0.419982978  
-0.2982940988  
-0.824948007  
0.2205311797  
-0.1437784157  
-0.1934869575  
-0.124170132  
-0.2828132163  
-0.329945567  
-0.3381338392  
-0.337875563  
-0.09859425011  
0.2208393207  
0.2098984589  
-0.1677272334  
-0.3122787143  
-0.4175104458  
-0.6329686945  
-0.2392793935  
-0.4984829587  
0.008059252771  
-0.5036905444  
0.1486104198  
-0.2002807509  
0.01233845755  
-0.3426782771  
-0.1138287073  
-0.835807588  
0.772658352  
2.520567266  
2.264408675  
2.009340597  
1.443139852  
0.8056408692  
0.8282390551  
0.1681956448  
-0.3029991359  
0.0715977766  
-0.1872016379  
0.002541734913  
-0.4249899924  
0.3622312042  
0.5224302568  
0.6256029036  
0.2676202883  
0.017874557  
0.02031638748  
0.3721569081  
0.392013596  
0.177866423  
0.2811436022  
0.2973049565  
0.1828890627  
0.176234981  
0.4482209124  
0.5236845457  
0.03373158897  
0.07449199793  
0.1888778237  
-0.1099978134  
0.1183640805  
0.4338832368  
0.2779379014  
-0.5783578037  
0.02812391752  
-0.2727932382  
-0.2122671401  
-0.1386536645  
-0.04669616616  
-0.002612714456  
-0.1792374097  
-0.3342479853  
0.05602203533  
-0.2030192441  
-0.1100095362  
-0.6189012687  
-0.104931895  
-0.1918888333  
-0.08400262468  
-0.3449926536  
-0.3090813307  
-0.3454962914  
0.213427021  
0.3745466276  
1.296673853  
0.9567976897  
0.7729975444  
0.8126759228  
-0.1252816775  
0.4587683402  
0.6707217067  
0.5387719322  
0.2321636593  
0.4858358337  
0.4976596115  
-0.2287274334  
0.1649520761  
0.08261494491  
0.0197078836  
0.05951217691  
-0.2446857748  
-0.1902988586  
-0.4119704273  
-0.4558442845  
-0.4197923469  
-0.3996028806  
-0.499134108  
-0.05061452437  
-0.7940873559  
-0.7899935857  
-0.817606918  
-0.6612313761  
-0.7724330786  
-0.2238896877  
0.2772204656  
0.1916584281  
-0.333579455  
-0.08743259145  
-0.2067823595  
-0.09516221783  
-0.3563000325  
-0.5724281883  
-0.752027062  
-0.5737773607  
-1.086234037  
-1.132153912  
-1.593013147  
-1.188505427  
-1.254700477  
-0.7354777407  
-0.6854289883  
-0.7366652143  
-0.2568438434  
-0.03420452485  
0.2744488086  
-0.284282202  
-0.02047456736  
0.7274804848  
1.057055291  
0.8744071983  
1.664683236  
1.032500012  
0.6616025612  
0.380360746  
0.1918212852  
0.1754187168  
0.6514658152  
0.2060793879  
-0.1546511417  
-0.5197721647  
-0.2861099272  
-1.002946679  
-0.615591246  
-0.5693267238  
0.008865891333  
0.7972026494  
1.151982519  
1.298082534  
0.8908295291  
0.7078455109  
0.2379192242  
-0.2977700652  
-0.4116522117  
-0.4145788302  
-0.0949972247  
-0.08376872973  
-0.1091791823  
-0.6116862399  
-0.4596820786  
-0.8127173303  
-0.3198370327  
1.31210003  
0.3730897143  
0.1166594427  
-0.1608882915  
-0.5746728712  
-0.1966359259  
-0.01961927901  
0.02489574696  
0.06418417308  
0.0107989917  
-0.071926306  
-0.15200488  
-0.09370047345  
-0.06079608685  
-0.01901192793  
0.03758203892  
0.2233692072  
0.6037283457  
0.1153090922  
0.3653099415  
0.5597408329  
-0.2608198464  
-0.0929314052  
0.1466746889  
0.3120961673  
0.1475256754  
0.05762189494  
0.2449961226  
0.2630494231  
-0.2211244198  
0.04989755807  
0.3166432436  
0.02712010217  
0.3893108709  
0.3150722552  
0.2441719372  
0.4126641237  
0.2811884585  
0.228287842  
0.6033362767  
0.5422515141  
0.2785165011  
0.1052346485  
0.7061133319  
0.7382076019  
0.6449338513  
0.6992033553  
0.4820336593  
0.3939258815  
0.0419595938  
0.2394979648  
0.4497158783  
0.14972972  
-0.00474052242  
0.4529317249  
0.1485003631  
0.1621083774  
0.1063893058  
-0.1123043157  
0.1358633175  
0.3576261222  
-0.02572769313  
-0.1511657809  
-0.2937540121  
-0.1816550235  
0.130463821  
0.3086644436  
0.6052146164  
0.3365671613  
0.2208400996  
0.01886099019  
0.05956819217  
0.1934530324  
0.757707896  
0.5005716496  
0.5047930662  
0.3171989848  
-0.004799648935  
0.1587156882  
0.2402840639  
0.4384377828  
0.2317961659  
0.2185703988  
-0.03291199388  
-0.1572049436  
-0.1433725279  
0.2316511344  
0.1215966545  
0.3159172374  
-0.2666352235  
-0.03897526817  
0.1084548138  
-0.4385950439  
-0.05520831925  
0.206443677  
-0.04539652108  
-0.1615285546  
0.1859091354  
-0.08499494042  
0.07193051882  
0.1149432558  
0.08870560853  
0.302252078  
-0.08960596419  
0.1745883608  
0.2523713937  
0.3892912168  
0.7435570563  
0.4432421345  
0.8360517119  
0.2218283356  
3.722165775  
4.442715111  
1.64508966  
0.4679980789  
0.03716142982  
0.187800071  
-0.9776087159  
-4.58556864  
-3.71182061  
-0.8990629901  
0.8695504286  
0.328521843  
-0.1810979989  
-0.4841813296  
-1.034393169  
-0.3939499078  
-0.9946630682  
-0.1072976175  
-1.089339323  
-0.2674896199  
-0.4018742504  
-0.03872321824  
-0.2824600604  
-0.01024296401  
-0.2544591179  
0.03075178677  
-0.3432795744  
0.1760791587  
-0.2354857915  
0.315017523  
0.2192195403  
0.3364794263  
0.2992590087  
0.8400858472  
0.7271982414  
0.5590352594  
0.4384327131  
0.4200605293  
0.230902674  
-0.1830961964  
0.4532108486  
0.4337305936  
0.3545243285  
0.355323496  
0.4869787109  
0.4411799283  
0.2711064064  
0.7564470037  
0.8093298208  
0.6652419211  
0.5695123169  
0.1225586229  
0.301044868  
0.5503610874  
0.5847807609  
0.2842110169  
0.4443924047  
0.1803060635  
0.09546676489  
0.3155575369  
0.7958855434  
0.6873181323  
0.3537977337  
0.7417086688  
0.1106865994  
0.349996821  
0.3266163969  
0.1757654517  
0.4836602297  
-0.1615741517  
-0.05124844077  
0.2630520257  
0.1529043766  
0.485242525  
0.1629609875  
0.5372777676  
0.5507851457  
0.1566074727  
0.5824877687  
0.6285705649  
0.8819629097  
0.7997624693  
0.6905587314  
0.7831364977  
0.7435225252  
1.02910836  
0.5252728845  
0.021650733  
0.4626604591  
0.330891868  
-0.04019821933  
0.1308628393  
0.454514574  
-0.14483599  
-0.3029608154  
-0.1012491774  
0.3381362089  
0.4968205922  
0.3983995703  
0.320590451  
0.2781322868  
0.09809845527  
0.1245336866  
0.5584476915  
0.6581647192  
0.5962512984  
0.4947900753  
0.4030960556  
0.7642803489  
0.232931894  
0.9576187575  
0.8437231456  
0.6496287155  
0.1367391222  
0.111268296  
0.5261648804  
0.8347384518  
1.016492662  
1.547679737  
0.7680489468  
0.4882968113  
0.5350257023  
0.8829118841  
0.7601522825  
0.5710235583  
0.3579639942  
0.3402690938  
0.2292738133  
0.5077907448  
-0.09993270158  
0.3055850723  
0.2500450241  
0.766091445  
0.3222275129  
0.3277537739  
0.153008432  
0.3534231855  
-0.1366354331  
0.2524813651  
0.168690631  
0.1024757527  
-0.1293088103  
-0.2233692994  
0.1113426515  
0.2098944452  
0.161759689  
0.390162267  
0.09359802483  
0.280545957  
-0.09530414319  
0.491941616  
0.2582343403  
0.3064069579  
0.4064464072  
0.4557567838  
0.2834251236  
0.9512185819  
0.6856372252  
0.6709792592  
1.400014819  
0.6221400335  
0.7819682994  
0.5484315521  
0.5613276258  
0.06791186472  
0.2120228065  
0.2436170502  
-0.004738526173  
0.002194206989  
-0.2649422834  
-0.8055162855  
-1.107906309  
-0.5684388092  
-0.5846414014  
-0.2030774427  
-0.510451281  
-0.3508183959  
-0.9343164352  
-0.3963728585  
-0.4545347811  
-0.5661142742  
-0.3339689621  
-0.6690112439  
-0.5106582554  
-0.6468545313  
-0.4233406313  
-0.2556265675  
-0.5347920659  
-0.2092630801  
-0.1267832691  
0.08469150949  
0.08633090564  
0.2007631384  
-0.09267812075  
0.3046255378  
0.0203467765  
-0.0571599182  
0.4120213651  
-0.05625680601  
0.08643515022  
0.281104296  
0.1817445233  
-0.07856271393  
0.4626844556  
0.003339858239  
0.0221076289  
-0.1270632806  
0.2966913163  
0.2582646167  
0.5453056286  
0.8102784854  
0.6130295388  
0.8143132532  
0.757397024  
0.966845124  
1.12938051  
0.9674001836  
1.026835745  
0.316163779  
0.4023932302  
-0.0510320046  
0.007933001682  
0.1301145816  
-0.0567912622  
-0.2394946463  
-0.4645418893  
-0.4168873896  
-0.5156473059  
-0.4843155027  
-0.3583738948  
-0.1392551876  
-0.3491156537  
-0.6601838221  
-0.5429285497  
-0.5589542061  
-0.556073009  
-0.4382559458  
-0.1483187307  
-0.3273888296  
0.04645550974  
-0.2406225386  
-0.4277820498  
-0.2896142823  
-0.1605206621  
-0.0293153311  
-0.09856665243  
-0.1138716877  
0.2615296167  
-0.1892368741  
0.008491159277  
0.1397580435  
-0.1187374497  
0.2598864135  
-0.004093800025  
0.123939474  
-0.1542609673  
-0.1517764542  
-0.04614543528  
-0.04920035282  
0.3083907351  
0.2582283114  
0.0274246899  
0.01662715963  
0.3625289041  
0.6670083293  
0.7072623253  
0.614894074  
0.3070582898  
0.09055055769  
0.2357600471  
0.3051207604  
0.5304387009  
0.3795384638  
0.3293801565  
0.3347787855  
-0.1354327843  
0.1470878429  
-0.03015400601  
-0.09924744361  
0.2720063907  
0.06934676306  
0.1886809265  
0.27927335  
0.07436402102  
0.2170484382  
-0.2086351794  
-0.1583013425  
-0.1086756925  
-0.008211176647  
-0.01910741275  
-0.3174592671  
-0.2045752612  
-0.3583094689  
-0.1356440738  
-0.2745126392  
-0.4948295264  
-0.5988680232  
-0.1726236362  
0.2670519527  
-0.2276581289  
-0.06597564671  
0.2494923838  
-0.001281120788  
0.2941408693  
0.2201865  
0.4574248642  
0.5513031648  
0.3314072948  
0.4397463182  
0.1631257342  
0.189247073  
0.438949105  
0.5383681862  
0.3822404073  
0.2281890922  
0.3307531869  
-0.1065181523  
-0.02568467345  
0.6888188087  
0.3103926599  
0.2161163311  
0.4951866443  
-0.1468823992  
0.09272997075  
0.3341540539  
0.2935066388  
0.4175249066  
0.2551702604  
0.1883852572  
0.2559934162  
0.2880918942  
-0.2180677562  
0.1137668241  
0.2938225167  
-0.1449187045  
0.2694003718  
-0.2181738621  
-0.4593654625  
-0.1313863432  
-0.1166016295  
-0.08538279767  
0.04859430134  
-0.131859628  
-0.4048222675  
0.04284838262  
-0.3878289482  
0.06751652668  
-0.03696041897  
-0.01872990535  
-0.06228268351  
0.1183733545  
0.09202715592  
-0.3006840326  
0.01008481895  
-0.08278134402  
0.01072129598  
-0.103830101  
0.4364212772  
-0.446098406  
-0.4349873315  
-0.3405533158  
-0.4647896049  
-0.5088764036  
-0.1571842071  
-0.8150221404  
-0.5932112951  
-0.2980070572  
-0.3032190748  
-0.5375859296  
-0.1490553059  
-0.529487725  
-0.6960492039  
-0.7108762293  
-0.8334075742  
-0.4956467552  
-0.468116962  
-0.4789174414  
-0.3239049943  
-0.4750781369  
-0.5898198584  
-0.6005733511  
-0.5965542034  
-0.2704515413  
-0.2174078804  
-0.3675944296  
-0.2258338362  
-0.3273859909  
0.1334707907  
0.32835631  
-0.1636242093  
0.2797586232  
-0.4839021769  
-0.07463607706  
0.1904636697  
0.01549727777  
0.0960574779  
0.3973641412  
0.0563451411  
-0.2385563319  
-0.1757275883  
0.08098832084  
0.4222273441  
0.8930829029  
0.4826932414  
0.5080736564  
0.01327666864  
0.2236300678  
0.638004541  
0.1544538463  
0.1600853401  
0.3079273262  
0.08661229938  
0.01186803807  
0.03056537462  
0.2200366493  
-0.04792793843  
-0.1113613654  
-0.5398389475  
-0.5281839878  
-0.531478236  
-0.5459206169  
-0.7053341755  
-0.5294740566  
-0.2167746656  
-0.1459022309  
-0.4523558989  
0.1207069553  
-0.5489946807  
-0.5272198387  
-0.4750235419  
-0.7022562426  
-0.2680258944  
-0.4102448773  
-0.3831364692  
-0.7670692599  
-0.7321363464  
-0.4816116523  
-0.4119537657  
-0.2393013077  
-0.3416313775  
-0.1618829241  
-0.1986501833  
-0.05279300238  
-0.05815432906  
-0.3970579986  
-0.3883012899  
-0.4042677545  
-0.6735574874  
-0.04329200069  
-0.1227667334  
0.2007771901  
0.05327355027  
-0.6089174455  
-0.2332008681  
0.08938646811  
0.3673241051  
0.00897589856  
0.0694235155  
0.03578618103  
-0.2531749424  
-0.5718268025  
-0.4342846296  
0.1462245316  
-0.08148589464  
-0.04739390494  
0.5395984445  
-0.1592611647  
-0.1914539318  
0.3704556638  
0.3082764215  
0.1333786064  
0.3041905443  
0.03062806702  
0.08049923389  
0.3815312358  
0.01598088653  
0.1549470156  
0.4775362032  
0.3565626963  
0.07534490743  
-0.03294303765  
0.3530690166  
-0.01843212852  
0.1118757757  
0.1398531911  
0.1723309758  
0.1101094015  
-0.01835195002  
0.2927284229  
0.3220558288  
0.259076433  
0.08330251381  
0.1572839782  
-0.2638299212  
-0.04627218413  
0.06364757553  
0.2909739319  
0.02810517383  
0.05673942257  
0.07728216266  
-0.2152690274  
-0.4365752713  
-0.4137301351  
-0.09659392006  
-0.6597135161  
-0.3704512183  
-0.1700563807  
0.07180688296  
-0.2629659925  
0.02919616317  
-0.02534186897  
0.1120049918  
0.1285430295  
0.2208547101  
0.1365313205  
-0.5161986728  
-0.2301458306  
-0.4521189436  
-0.8508396295  
-0.5084502251  
-0.247254806  
-0.2046299736  
-0.341638404  
-0.7638393885  
-0.3115474689  
-0.7680420087  
-0.632643746  
-0.9112487613  
-0.898852191  
-0.4020888754  
-0.1093252481  
-0.02646610765  
0.09508843884  
-0.2152001629  
-0.5078429453  
-0.3803836058  
-0.3728301751  
-0.01660098686  
0.5632293463  
0.2110193161  
0.2329789601  
0.2563681432  
0.4002087386  
0.5055887406  
0.5172470537  
0.1543896639  
-0.009056491716  
-0.1577400576  
-0.2940972662  
0.01745839717  
-0.2788278238  
-0.2282464343  
-0.3802586847  
-0.09776577358  
-0.1321263768  
-0.7979254084  
-0.5993284797  
-0.296582733  
-0.3350955563  
0.09711862453  
0.2912497347  
0.06854610754  
-0.2310743619  
-0.3044357915  
-0.3638182883  
-0.2939655179  
-0.3500623526  
-0.337820052  
-0.2266908037  
-0.4792722507  
-0.06006565735  
-0.482079832  
-0.2451028754  
-0.002871558239  
-0.485276849  
-0.44939481  
-0.3303073098  
-0.1611205664  
-0.2614953515  
-0.3039062062  
-0.4877923055  
-0.2923661807  
-0.4381836212  
-0.2118888312  
0.09313637473  
-0.2717638354  
-0.06093275769  
-0.2026294338  
-0.1175351502  
0.2806485582  
-0.1014018216  
-0.09312971811  
0.01570201804  
0.4466507188  
0.2057132948  
0.2512531098  
0.2896971671  
-0.0169897527  
-0.1160776168  
0.05898677798  
0.1210706484  
0.3530867672  
0.4646879762  
0.4681090541  
0.9029305482  
0.8876076229  
0.9337831739  
1.224359688  
0.8077949292  
0.6015818577  
0.9512462518  
0.2457116766  
0.1928421515  
-0.3698693287  
-0.274406211  
-0.4933605297  
-0.5840661876  
-0.4981916802  
-0.1836788703  
0.3912135276  
0.7475484291  
0.8223685254  
0.8269012089  
0.6147896513  
0.5648602276  
0.02356978038  
0.2327209123  
0.2454931515  
0.4137234448  
0.1878382179  
0.2466811096  
-0.2339212964  
-0.4668115696  
-0.7012663815  
-0.512573227  
-0.1371892201  
-0.09690155466  
-0.1957744716  
-0.5447540826  
-0.4934024688  
-0.8142173682  
-0.558344926  
-0.3817022027  
-0.6377253233  
-0.5081936664  
-0.6425203178  
-0.007192513614  
-0.4436458207  
-0.3121668281  
-0.3512150753  
-0.1832240854  
-0.04916937086  
0.3663913043  
0.5200170144  
0.6738862354  
0.5172389992  
0.2601579689  
0.3942708679  
0.7999333829  
0.2854073834  
0.568061703  
0.1900844634  
0.09193564738  
0.4430908539  
-0.01797791942  
0.1722132939  
0.4469732839  
0.06228901449  
-0.0417504905  
0.03653402995  
0.02746481201  
-0.2207043628  
0.134552871  
0.1606388527  
-0.06322212785  
-0.01734870555  
0.2409302325  
-0.0824139874  
-0.3402845814  
-0.06866190709  
-0.2364484745  
0.0231017083  
0.2578532482  
0.264794695  
-0.3322765253  
-0.3724301176  
0.06035205392  
0.1508213219  
0.4244038449  
0.03704504835  
0.1925425138  
0.1444174815  
0.5634963234  
0.7295988508  
0.7561080125  
0.6990843285  
0.5865702391  
0.3970315963  
0.04058071676  
0.06456863351  
-0.03319697503  
0.286465169  
0.3503330246  
0.008185337224  
0.09645831896  
0.5581381789  
-0.5920873551  
0.06117176693  
0.2408799568  
0.2998413559  
-0.1682282416  
0.249444089  
0.1942024714  
0.5270133474  
0.1496711859  
0.3874209717  
0.4437233997  
0.3064465485  
0.4302808734  
0.1767748837  
0.8581216914  
0.2889282298  
-0.1041410854  
0.3170420791  
0.5934288253  
0.2424501676  
0.3044726997  
0.4814865094  
0.107263031  
0.1974294517  
0.3932824992  
0.2666218953  
