0.5887593246  
-0.256263984  
-0.4247882799  
-0.443245596  
-0.7001933499  
-0.4923238924  
-0.4609697783  
-0.5617921005  
-0.5337082746  
-0.1810843831  
-0.06605333008  
-0.3494381711  
-0.007443742385  
-0.1798913802  
-0.3117216291  
-0.1829958574  
0.08433275546  
-0.1731770621  
-0.01628069406  
0.4055247829  
0.6276014813  
0.7074738625  
1.170237716  
1.047319512  
0.6640465866  
0.8258790052  
0.6653861884  
0.6587165474  
0.680801024  
0.223141959  
0.03888837787  
0.2697441059  
0.04595981704  
0.2916220954  
0.9251804209  
0.2891422599  
-0.09023811514  
0.1465908305  
-0.1529694399  
0.231519796  
0.1620245351  
0.2739625444  
0.04734462928  
-0.3185184748  
-0.3116743563  
-0.3177786713  
-0.2985805307  
-0.1124121096  
-0.153715853  
-0.5187109215  
-0.3650901063  
-0.2742734949  
-0.2562682273  
-0.1441300417  
0.1737442437  
-0.1914160197  
-0.3565972482  
-0.5799037254  
-0.6648226491  
-0.3659794689  
-0.3729077415  
-1.030544473  
-1.097801633  
-1.106609757  
-0.6544774134  
-0.5874774116  
-0.3676805253  
-0.3028293444  
-0.4697775257  
-0.3693419929  
-0.3092733996  
0.07232475829  
-0.21489914  
-0.2594974369  
-0.2201261248  
-0.08228847959  
-0.0153559092  
0.02565829375  
-0.2104127069  
-0.3610431521  
-0.2454300521  
-0.5699177474  
-0.4154146201  
0.06608032656  
-0.1445047166  
-0.3332586268  
-0.1739589988  
-0.2471268747  
-0.1887629784  
-0.08504152025  
0.291664663  
-0.2379893724  
0.18478127  
0.2440177748  
0.3203167502  
0.6551534953  
0.2350481107  
0.05033285834  
0.2313015974  
-0.3704269044  
0.303078611  
0.5048255361  
0.1739706874  
0.8927106493  
1.130040376  
1.202277522  
1.172532673  
0.8784980167  
1.050181394  
1.450042219  
1.421504406  
1.113709732  
0.8218067275  
0.8991248299  
0.8503192666  
1.43322726  
0.8283040076  
0.7090485409  
0.6051253317  
0.3517272502  
0.243964234  
0.3921221557  
0.4767106615  
0.2540386395  
0.08078436236  
0.382016176  
0.1150015295  
0.2639193227  
0.4937009475  
0.5869628882  
0.5134267897  
-0.4193969474  
-0.3257919586  
-0.6518237486  
-0.752070395  
-0.864880386  
-1.307151123  
-1.058086183  
-0.8652093765  
-0.1826299566  
-0.3840152487  
0.2358243468  
0.4822828964  
0.4638197748  
0.5072651417  
0.8390392116  
-0.06275928642  
-0.5230270782  
-0.4907606103  
0.5716228451  
0.3889658257  
0.5234668783  
0.7312439967  
-0.3355639129  
-1.166147845  
-1.202201806  
-0.9568497649  
-1.000024798  
-0.9275615763  
-1.120339612  
-1.045027091  
-1.522321636  
-1.332772025  
-1.843955018  
-1.597873867  
-1.788990701  
-1.612524002  
-1.811849293  
-1.294074681  
-1.305529377  
-0.9677808185  
-0.7695208812  
-0.7399295672  
-0.1768535752  
0.3605347661  
0.618652295  
0.6128832411  
0.6280453952  
0.7433458649  
0.6527158306  
0.5737914698  
0.8769763251  
1.103170364  
1.332341915  
1.084647221  
1.152690697  
1.152893159  
0.4048176344  
0.4986633509  
0.3948979431  
0.2064726633  
0.07461355808  
0.1958869578  
-0.07925706774  
-0.09247448127  
-0.5309660419  
-0.7046722252  
-0.2489811064  
-0.1322376495  
-0.4318448689  
-0.2878438122  
-0.6595539095  
-0.4594537223  
-0.5061856094  
-0.5317439368  
-0.325785986  
-0.4662222269  
-1.090762841  
-0.5421891326  
-1.13462599  
-1.029418759  
-1.325507656  
-1.061245807  
-1.365097227  
0.1035632802  
2.03767464  
1.915153495  
1.467901369  
1.319829154  
0.5154782291  
0.7874830147  
1.077156213  
0.5903978555  
0.5379185028  
-0.0297981179  
0.4536921363  
0.2706981216  
0.77897813  
0.775793843  
0.6150410807  
0.2021658252  
-0.4591333963  
-0.6050368164  
-0.6276590119  
-0.8069199763  
-0.5515834713  
-0.7518468257  
-0.8384346548  
-0.7756264759  
-0.8585563325  
-0.9141719832  
-0.5575662201  
-0.1949923018  
-0.7211602493  
-0.5970587129  
-0.6821800061  
-0.4220792165  
-0.7503690736  
-0.5901757117  
-0.9571886297  
-1.026024486  
-1.064052216  
-1.033780775  
-0.7637365046  
-0.7591136533  
-0.6069376336  
-0.6233360675  
-0.5138215323  
-0.5500615918  
-0.4938393908  
-0.7161926651  
-0.7842639779  
-0.3885834822  
-0.4622103952  
-0.2409580153  
-0.5508750553  
-0.3771609673  
-0.4280900536  
-0.0538365003  
0.5465498183  
1.684165801  
1.313508794  
1.30728252  
1.021882159  
0.5089014302  
0.3225361042  
0.8164364659  
0.739827527  
0.8384694723  
0.7053828679  
0.6668527661  
-0.6161939536  
-0.2502313349  
-0.006855804821  
0.3764344589  
0.09920507117  
0.488110904  
-0.2926411164  
-0.137669474  
-0.3956445598  
0.2147363399  
-0.1755171612  
-0.09391582907  
-0.5611389324  
-0.7330297927  
-1.401213954  
-1.269412867  
-1.262433963  
-1.108992068  
0.1763350769  
1.14739083  
1.467627369  
1.088728436  
0.8757457876  
0.367887703  
0.3791480407  
-0.172963612  
-0.170290432  
-0.5294970689  
-0.8432537134  
-1.04329011  
-0.8160082105  
-1.415821682  
-1.549969302  
-2.046122553  
-2.032962608  
-1.455855436  
-1.48431233  
-0.8156925835  
-0.3438677597  
-0.3579757773  
0.1219635272  
-0.04946647466  
0.3448607037  
1.321362784  
0.7413879445  
1.588775212  
1.342163502  
1.165454916  
1.134281793  
0.7646861805  
0.9263795519  
0.8193564754  
0.6549438723  
0.603407998  
0.4369197262  
0.3168192912  
0.4511954841  
0.3500588569  
0.2882809548  
0.5792002951  
1.74530127  
2.525416227  
2.647270495  
2.319596737  
2.487432285  
2.003750812  
2.128108546  
0.8896029965  
0.8646322592  
0.5816882843  
0.6504673361  
0.8208694285  
0.3673411733  
0.5922489299  
0.4911514565  
0.2773490465  
1.62600048  
0.8150283601  
0.9528378903  
1.192937592  
1.130360529  
1.078805801  
0.7469393813  
1.199817329  
1.050293674  
0.5482075336  
0.282516426  
-0.09520863237  
-0.09964003544  
-0.6114712307  
-0.5466130307  
-0.3420850304  
-0.3684702953  
-0.1089046965  
-0.2136061778  
0.1559790884  
0.2375132956  
0.01038263677  
0.2863614947  
0.7478870852  
0.8994288977  
0.8507243301  
1.001473063  
0.430466757  
0.4009583603  
-0.1517319829  
0.06435384411  
-0.3048273281  
-0.1976815702  
-0.1791117804  
-0.2045931355  
-0.2181294282  
-0.1076669513  
-0.07524506159  
-0.3281853755  
0.05938304157  
0.08991981804  
-0.05801884606  
-0.34769666  
-0.1426426132  
0.001573235169  
0.5808667529  
0.1223728773  
0.1710342893  
0.04528948421  
-0.1896830821  
0.1360673061  
0.1587652106  
0.276482762  
0.3250039963  
0.4234778439  
0.3235456891  
-0.0001415841788  
0.02760995479  
0.2334993856  
-0.0882900753  
-0.2731347898  
-0.166641772  
-0.3043977018  
-0.6623095105  
-0.3179250164  
-0.2977345409  
0.0715076778  
0.2437390277  
0.2318169857  
0.5526597335  
0.2954906751  
0.04608992798  
-0.1347208912  
0.4948707453  
0.3994126382  
0.2241494096  
0.01652378721  
-0.178317141  
-0.1672289462  
0.2593153145  
0.5256936814  
0.3764825734  
0.5310243934  
0.3622592463  
0.1108963213  
-0.1526914544  
-0.4900220098  
-0.3450904865  
-0.1706619775  
0.0004289045995  
-0.594562107  
-0.6047740247  
-0.6068572062  
0.1667189508  
-0.2912841267  
0.0221640519  
-0.5137836661  
-0.955549028  
-0.2773364551  
-0.2986201992  
-0.7307958798  
-0.4060163833  
-0.7012700765  
-0.9783745443  
-1.118439228  
-0.6793456136  
-0.820782487  
-0.4034700202  
-0.5878438707  
-0.01111997738  
-0.2407300749  
1.117444927  
2.189324001  
1.084820148  
0.8935559473  
0.4294964223  
0.4992743409  
-0.3501817816  
-3.470129446  
-2.994495148  
0.1819034788  
1.46043205  
1.457433605  
1.042486211  
0.6687548786  
0.6735438403  
0.5906370334  
0.2581003012  
0.35852355  
-0.1356141197  
-0.005830439989  
0.3973114156  
0.3686787273  
0.2880981209  
-0.139400861  
-0.3149056953  
-0.465225738  
-0.9398721746  
-0.6684002637  
-0.6681858831  
-0.4625977969  
0.3222387336  
0.2923859157  
0.08098542779  
0.2665966199  
0.3557880838  
-0.02610335543  
-0.1500632334  
-0.4670544425  
-0.450899959  
-0.7683492064  
-0.8095794874  
-0.458749856  
-0.7704292851  
-0.4727868283  
-0.3975326834  
-0.6840787658  
-0.6304734411  
-0.5844822432  
-0.2917136026  
-0.3342574119  
-0.1577268623  
-0.3120114578  
-0.7837138905  
-0.5660384569  
-0.6859727642  
-0.4317220326  
-0.3532233044  
-0.4269048314  
-0.5183553071  
-0.2481852753  
-0.132322321  
0.3064652996  
0.4427639617  
0.3991230734  
0.2490320711  
-0.02112406567  
0.1101698474  
0.06616311522  
0.003964518699  
-0.01896855135  
-0.523332582  
-0.5392970058  
-0.4909755206  
-0.6753649647  
-0.3327145903  
-0.01201752011  
-0.1549552132  
-0.0536260283  
-0.3503592416  
-0.06848638967  
0.145598681  
0.469261547  
0.09803194573  
0.3512932384  
0.2355523094  
0.3024356254  
0.4439420043  
-0.09333895508  
-0.09437823977  
0.128763758  
-0.3781059094  
-0.04032533105  
0.1014581697  
-0.2487030747  
-0.4798374106  
-0.2546564983  
-0.3170150237  
-0.2930092301  
-0.1197835457  
0.6475107068  
0.2669552527  
-0.1154709021  
0.0171143152  
0.07217593043  
0.0990090628  
0.1370561335  
0.1367413583  
-0.6698275608  
-0.02482147672  
-0.4519320069  
0.08963289297  
-0.04461355654  
0.4111873233  
0.3461565732  
0.00699665066  
0.6304896183  
0.3148926382  
0.4919763727  
1.253785797  
1.276927824  
1.053610875  
0.6348308467  
0.8457265466  
0.2090911679  
0.03573796684  
-0.6628531626  
-1.409824021  
-1.373313629  
-0.7158252802  
-1.046379071  
-0.8353457471  
-0.5683220526  
0.6985760798  
0.0892417582  
0.5188401189  
0.1528070506  
0.400035583  
0.2491246837  
0.2535647263  
0.8853501184  
0.6515064321  
0.6318662056  
0.6499867981  
0.4290583712  
0.348499918  
0.2343437291  
0.7016929033  
0.7553795719  
0.2339003065  
0.2830825613  
0.3314338377  
0.2952438353  
0.7180522363  
0.61091542  
0.7728234704  
0.2858528572  
0.4085817393  
0.6096126964  
0.6656241647  
1.157076267  
1.323343987  
0.795847324  
0.7035693392  
0.5399394975  
-0.02981079079  
0.2562887951  
-0.2648653943  
-0.01035057787  
-0.3240674785  
-0.3664119075  
-0.9306909978  
-1.170295377  
-0.9053680948  
-1.292894615  
-0.7094486261  
-0.7815001538  
-0.2872955136  
-0.5772489617  
-0.3794212243  
0.09480796258  
-0.09189879203  
0.2206245133  
0.3458589148  
0.4412038371  
0.135097701  
0.2689492121  
0.1732990994  
0.4680981433  
0.7416581527  
1.034665078  
0.431201839  
0.9591604188  
0.9870670509  
0.8234353854  
0.6969093761  
0.6287482495  
0.1153357527  
0.7180663937  
0.5214622086  
0.2066323374  
0.309703996  
0.2343875749  
0.361312856  
0.5415483518  
0.2741430076  
0.2555449597  
0.0307301436  
-0.08049428525  
0.4056837148  
0.8092259691  
1.099290028  
1.261925804  
0.7723993489  
0.9552684696  
0.9414220037  
1.192044581  
0.9528326424  
1.180134652  
0.3605621938  
0.1079739783  
0.02367247957  
-0.524592157  
-0.3512504469  
-0.6568190061  
-0.681174225  
-1.061061669  
-0.8842088295  
-0.573295831  
-0.3293192438  
-0.3645872389  
0.2062474434  
0.06379295135  
-0.03375815871  
-0.03108791468  
-0.007524615115  
-0.1415417549  
-0.2173656273  
-0.4014559338  
-0.1319298479  
-0.009648962304  
0.2241115809  
0.09973088023  
0.3228361262  
0.1654582406  
0.02557668734  
-0.07233337443  
-0.121030914  
-0.1241865716  
-0.2176743476  
0.03072574423  
-0.2410284185  
0.2489993253  
0.1342759708  
0.0888037966  
-0.1044466787  
0.3235976746  
0.6266658012  
0.6338091604  
0.6665780165  
0.7644343073  
0.8939935473  
0.7895602463  
0.6482027692  
1.208111309  
2.029986513  
1.251794374  
1.306125581  
0.9903505931  
0.9516241663  
0.9876680752  
1.058890241  
0.779019996  
1.042915205  
1.064907354  
0.8977738301  
0.5894359301  
0.8004001394  
1.047615754  
0.7535452275  
1.062245282  
0.562785334  
-0.05103910575  
0.2901829436  
0.03115970489  
-0.102632101  
0.2734986087  
0.1857267484  
0.02465437172  
0.4781313191  
0.422512819  
0.2790836191  
0.6647405488  
0.628201798  
0.7971786515  
0.623237624  
0.04061239832  
0.5033122229  
0.3704200883  
0.364122256  
0.455648149  
0.8211745376  
0.3447003863  
0.1504437088  
0.7959565644  
0.4903505595  
0.6215930517  
0.4186622509  
0.826953549  
0.9149074245  
0.4104026649  
0.3482005532  
0.8511774402  
0.9261958696  
0.8900683294  
1.127937516  
0.8920111324  
0.3716412752  
0.7684262519  
1.120697714  
0.6638852552  
0.4759493605  
0.8916750812  
0.4007932769  
0.4699572769  
0.9408457784  
0.7196382182  
0.4964977996  
0.4787202323  
1.054003968  
0.8341273205  
0.4341956499  
0.3559401883  
0.9515795566  
0.7925607383  
0.5042615688  
0.7866198661  
0.5537332377  
0.2981554344  
0.7400900753  
0.8521180961  
0.9158901003  
0.9233967314  
0.9809126685  
0.3188553975  
-0.220581352  
-0.04549893787  
-0.2157373782  
-0.7322374891  
-0.4571423247  
-0.299024787  
-0.9227930594  
-0.7926672832  
-1.002345857  
-1.370921123  
-1.080292314  
-1.074755273  
-0.8742898936  
-0.7284011994  
-0.924536734  
-1.313055134  
-1.130244395  
-1.281912083  
-1.188165043  
-0.9672517948  
-1.25467871  
-0.8705963721  
-0.6998731477  
-0.5274714991  
-0.4895392523  
-0.5708666848  
-0.4630313381  
-0.9465926174  
-1.414727241  
-1.168170585  
-0.9714461477  
-0.6200304436  
-0.5815260384  
0.01411585686  
0.1523057785  
-0.2148452533  
-0.01729216285  
0.2678290412  
0.3702051704  
0.5912188372  
0.652970446  
0.06863677765  
0.2798550221  
0.2279715355  
0.3324293589  
0.1822916541  
-0.3093566206  
-0.4545566408  
-0.5215840837  
-0.2672040025  
-0.5084735414  
-0.2063355696  
0.1928826689  
-0.08477351366  
-0.4802234809  
-0.3738842873  
-0.09773969014  
0.4385495225  
0.6589945239  
0.7007918035  
1.264886564  
0.2215211046  
0.1395884611  
0.3702894297  
0.14181358  
0.08605380656  
-0.04937235819  
-0.4053874085  
-0.9270662475  
-0.4654636857  
-0.8479107232  
-0.8006741395  
-0.843205034  
-0.9924027841  
-1.516880613  
-2.17758315  
-1.602125779  
-1.605177158  
-1.217108271  
-1.250819661  
-0.9498117264  
-0.7275094858  
-0.4975014213  
-1.13944809  
-1.19663615  
-0.7202302762  
-0.6499931089  
-0.6719732079  
-0.5652152154  
-0.3840246167  
-1.152710429  
-0.8778304169  
-0.2973643668  
-0.3231991069  
-0.3592670067  
-0.1213284698  
-0.1580061582  
-0.1558459383  
0.6013088184  
-0.02572255915  
0.6013911305  
0.5786553032  
0.1008467573  
0.04390959735  
0.5802966031  
0.1687039004  
0.3394975725  
0.2085301878  
-0.5595549812  
-0.4811741516  
-0.5090998637  
-0.4658152729  
-0.4629011905  
-0.4487083776  
-0.542368059  
-1.255915998  
-0.845233085  
-0.4544999248  
-0.1594766916  
0.1367310596  
-0.0266079654  
0.3364000031  
-0.00980331632  
-0.2942474275  
0.4247944095  
0.05815978836  
0.04853267567  
0.07921605889  
-0.7879893425  
-0.5602723567  
0.03522296657  
-0.3826056975  
-0.250673855  
0.2615466733  
0.03158915773  
-0.535493408  
-0.08376550663  
-0.1946595689  
-0.07479704903  
-0.2012237965  
0.3326897134  
-0.2559347026  
-0.2109482473  
-0.1524420116  
0.3872246201  
0.6138696954  
0.825328545  
0.6507019173  
0.2793071406  
0.1124331464  
0.4602767515  
0.2610095692  
0.4381399748  
0.5332409766  
0.6192747402  
0.1778300446  
-0.1287201849  
-0.2643715187  
-0.1938283715  
-0.1313044296  
-0.2770727543  
-0.429875982  
-0.01039879557  
-0.0473209669  
-0.7036250556  
-0.6001352789  
-0.287436118  
-0.4519823258  
-0.3704569896  
-0.266402297  
-0.3260059005  
-0.3939545065  
-0.3696817568  
-0.8597781358  
-0.9467245966  
-0.7044441862  
-0.3339783036  
-0.148543142  
-0.3295053805  
0.1989914903  
0.1807032579  
-0.5167961259  
-0.5876559444  
-0.5214414511  
-0.06793304992  
0.01241999716  
0.1167159053  
-0.0242851861  
-0.3135627511  
-0.5446833789  
-0.6715506561  
-0.1148574813  
0.119347023  
0.07378405531  
0.7837669282  
0.0007907115394  
-0.4954810876  
-0.4035787005  
-0.3592310673  
-0.5824194823  
-0.8749583221  
-1.139981441  
-1.557337654  
-2.375902958  
-1.991668977  
-1.7181609  
-1.971047279  
-1.821787533  
-1.464928528  
-1.345421268  
-1.564692489  
-1.866897  
-1.387789948  
-1.172257207  
-0.7321562278  
-0.6831791311  
-1.043109366  
-0.6749927678  
-1.286887547  
-1.530585848  
-1.122956611  
-1.152818384  
-1.207009771  
-0.9276492142  
-0.7890438536  
-1.277303839  
-0.7534990195  
-0.7667217003  
-0.7641032006  
-0.8687997877  
-0.8493977651  
-1.04101198  
-0.6610109027  
-0.6167019006  
-0.5329073272  
-0.4061061009  
-0.828180062  
-0.4963316721  
-0.5141699619  
-0.6568591766  
-0.5819755533  
-0.4398846255  
-0.1164578043  
-0.6518351479  
-0.5180688582  
0.393509651  
0.3387399495  
0.2589638064  
0.9452340442  
0.8557861975  
0.7364224142  
0.5724715033  
1.142077907  
0.9986264264  
1.2435742  
1.071536915  
1.546234054  
2.452662796  
1.785882301  
1.865171316  
2.086421665  
2.433476029  
1.980180666  
1.583339261  
1.285118386  
0.9603681434  
0.5150161118  
0.7644090966  
0.8904955999  
0.4121551026  
0.6868074454  
-0.07206993828  
0.07215661676  
0.4357855177  
0.5361716131  
0.8333181488  
1.952390149  
1.752081398  
1.454770628  
1.111491418  
0.9636476549  
0.4745264855  
0.2178151982  
0.3907214052  
0.3885811111  
0.05457903034  
0.1535717842  
-0.3966953438  
-1.078859357  
-0.8071614269  
-0.4113582564  
-0.405819177  
0.08190932013  
-0.1919754494  
-0.2439029816  
-0.6660918147  
-0.904869039  
-0.853435074  
-0.950705007  
-1.04695538  
-0.9805531475  
-1.258479323  
-1.439783287  
-1.326277958  
-0.9209573343  
-0.337877195  
-0.7995923195  
-0.46149091  
-0.33136365  
-0.1974365987  
0.08586548648  
-0.3918729487  
-0.5902065929  
-0.387297499  
-0.2950247904  
-0.4105351367  
-0.5981216047  
-0.9557742958  
-0.7470704075  
-0.8425095624  
-0.8831926776  
-0.4829813096  
-0.6505599326  
-0.6018773057  
-0.3999220914  
-0.5088542308  
-0.146688641  
-0.5089806418  
-0.4756372971  
-0.2897022033  
-0.4491875917  
0.2617699964  
0.2116328813  
-0.5068364999  
-0.4902961804  
0.07476093334  
-0.4450614384  
-0.1486754443  
-0.07047243716  
-0.1223433453  
-0.399135985  
-0.1589004052  
0.0009302542246  
0.3428765578  
0.5817171619  
0.5434165554  
0.2689621521  
-0.04128168166  
0.7085283885  
0.8516481431  
0.6415171135  
0.3636625974  
0.4787000669  
0.1767688751  
-0.4195378287  
-0.2593874048  
-0.1273182545  
0.2002134208  
-0.1522844153  
0.09410217738  
0.1235156953  
0.3845277835  
-0.306376404  
0.3053869252  
0.8196647612  
0.9259467712  
0.6609366777  
1.049062622  
1.016474088  
0.6672786179  
0.5188319913  
0.550351698  
1.335550506  
1.564525202  
1.031833266  
0.9960763144  
0.8525276808  
0.1404048508  
0.1917126492  
-0.07139340635  
-0.3667737092  
-0.4881436401  
-0.9187216915  
-1.083558949  
-1.486020082  
-0.9011834742  
-1.237982827  
-0.6126412097  
