0.04171489626  
0.4307957626  
0.2037281278  
0.06306390522  
-0.152287235  
-0.2816144295  
-0.2182104978  
-0.3372949655  
-0.7838017458  
-0.5871182941  
-0.3679415998  
-0.6267915556  
-0.6511461222  
-0.8350712074  
-0.7028419338  
-0.8766211308  
-0.9609953081  
-0.3823705367  
-0.6418093439  
-0.4569414477  
-0.7636383404  
-0.2992003619  
-0.4332391597  
-0.969858374  
-0.4336008134  
-0.5676643394  
-0.5438264581  
-0.05810646465  
-0.361078313  
-0.4943231075  
-0.5333473093  
-0.4176136112  
-0.335155948  
-0.4024094538  
-0.1353706856  
-0.5351846028  
-0.2862877644  
-0.1473965135  
-0.1629000579  
-0.5554399077  
-0.4788729683  
-0.00592883334  
-0.5210774081  
-0.4079093151  
-0.6679083289  
-0.2917589093  
-0.1841845586  
-0.5112086722  
-0.4912263566  
-0.3004259042  
-0.3037379443  
-0.8335132109  
-0.4069244813  
-0.7249056845  
-0.7571331219  
-0.7116494297  
-1.304137357  
-0.3148863818  
-0.1943513224  
-0.3453614595  
-0.1524690983  
-0.580202455  
-0.3173852959  
-0.305621639  
-0.1966431942  
-0.07704276885  
-0.0509237332  
-0.1063390768  
-0.008665275119  
-0.1866990891  
-0.1823285638  
-0.1195942875  
0.1808486564  
-0.1272728334  
-0.3364696472  
-0.1816365108  
0.1791340061  
-0.3400547862  
-0.1021564447  
-0.05055163182  
-0.0414294115  
0.1860785195  
0.1560661523  
0.2438769934  
-0.07467081341  
0.1021246976  
0.02928129124  
0.1515419125  
-0.1142842397  
0.2206325276  
0.4657671569  
0.1349236496  
0.3203968044  
0.3915194168  
0.3571687568  
0.4378507404  
0.3463624199  
0.1372153378  
0.5620556649  
-0.5685573478  
-0.2850416929  
-1.078296853  
-1.194655402  
-0.7740321199  
-0.6417670711  
-0.4485085836  
-0.3704487709  
-0.9556575211  
-0.7564109406  
-0.4630041049  
-0.232646452  
-0.4385279963  
-0.9831749627  
-0.389492062  
-0.9285307935  
-0.6840101362  
-0.7048115748  
-0.7470462518  
-1.207475425  
-0.8645799605  
-1.009550903  
-0.7567936358  
-0.3409239325  
-0.5259217357  
-0.7268885949  
-0.8225458274  
-1.191304453  
-0.9800943059  
-0.483782909  
-0.6112130639  
-0.6110309876  
-0.7898138786  
-0.7365756793  
-0.788634705  
-0.4720974076  
-0.4528952414  
-0.8351032241  
-0.4002266699  
-0.5536164165  
-0.3578551332  
-0.1111716475  
-0.2508497823  
-0.1346364137  
-0.3697543262  
-0.4542100156  
-0.5760825418  
-0.7468002601  
-1.033980409  
-1.025514584  
-0.707982031  
-0.5690916895  
-0.0420351025  
-0.09107375396  
0.3987970757  
-0.2537299592  
-0.4351435633  
-0.2976604315  
-0.2079196094  
-0.243611322  
-0.5553550579  
-0.6498130728  
-0.7200350023  
-0.7273556188  
-0.4300073945  
-0.04910971183  
-0.1573339036  
-0.04944653041  
0.3442747007  
0.3186582676  
0.1312316556  
0.03762479124  
0.206764415  
0.1628821512  
-0.04785854769  
-0.06975134983  
0.4178749754  
0.2573221436  
0.327212769  
0.3705805447  
0.2376557177  
-0.2946523304  
-0.3132180282  
-0.3352441739  
-0.370196517  
-0.1787190296  
-0.3987796952  
-0.7576605866  
-0.5352394912  
-0.6144229569  
-0.6006798802  
-0.1959342504  
0.1679848598  
-0.2056932945  
-0.2171361037  
-0.3649262151  
0.1033683221  
-0.1223957942  
-0.1606773027  
0.3412298869  
-0.1302843048  
0.08411739321  
-0.4423306181  
-0.3461273124  
-0.6279447272  
-0.7966633261  
-0.6781249462  
-0.5856650142  
-0.7120495601  
-0.3225623599  
-0.1481376142  
-0.1940503306  
-0.2688271277  
0.2328303752  
-0.645620307  
1.359448716  
2.561575141  
2.787082587  
2.063028066  
1.14332205  
0.6412454662  
0.9148768903  
0.13283515  
-0.3420358088  
0.06991703204  
-0.3104948803  
-0.169675435  
-0.2718815857  
0.3068120909  
0.4087251697  
0.6554028623  
0.73947956  
0.07011605662  
0.3591388311  
0.5039396184  
0.4489611382  
0.6263664687  
0.5369787611  
0.6758614845  
0.357249516  
0.2795327927  
0.3015642673  
0.5171794094  
0.3616610984  
0.06995040474  
0.02418177253  
0.2163775419  
0.2951658594  
0.165342722  
0.2177903172  
-0.3336200476  
-0.215412637  
-0.321920339  
-0.08594858378  
0.02353107272  
0.08358323418  
0.1266084627  
0.2891986951  
-0.09772585383  
-0.0005217835907  
-0.1902335993  
-0.3277896054  
-0.2741507891  
-0.1166491545  
-0.1786869295  
0.1231202888  
0.2633398171  
0.0597490625  
0.1525100931  
0.7447095383  
0.4634367317  
2.396734095  
2.025090802  
1.225683855  
1.244568  
0.5643327658  
0.7955077036  
1.376923872  
0.8404015388  
1.278832044  
1.199721933  
0.8633071991  
0.0839306992  
0.3500760888  
0.6972541208  
0.4006625233  
0.7168242973  
0.7925338642  
0.316248567  
0.1750550979  
0.1070850625  
0.211235656  
0.1119617783  
0.2924666911  
0.3064844162  
-0.6009874161  
-0.5705086511  
-0.6252318122  
-0.6832543  
-1.115199203  
-0.1008461647  
0.6341634384  
0.3407534296  
0.08080220262  
-0.1251175611  
-0.1496380458  
-0.1596176652  
-0.278703793  
-0.02169933248  
-0.4307571444  
-0.8472555861  
-1.326123551  
-1.105527432  
-1.449369923  
-1.451723239  
-1.181378531  
-1.135620027  
-0.7501110576  
-0.8757786448  
-0.4899299394  
-0.7523127651  
-0.7564233211  
-0.60005394  
-1.08975811  
-0.02871187887  
-0.2891012267  
-1.123250418  
0.4312899737  
0.5850571533  
-0.2963434342  
-0.2892243092  
-0.1132044784  
-0.4682687916  
-0.4418089563  
-0.2409125609  
-0.1880611173  
-0.4227131047  
-0.2750665873  
-0.7641634969  
-0.485749873  
-0.3560339011  
0.04886723099  
0.4227369111  
1.139110945  
0.4420565487  
-0.09632422388  
0.2479286364  
-0.2316676942  
-0.1331234982  
-0.5915579679  
-0.7386888396  
-0.5399395956  
-0.7091175654  
-0.2223194491  
-0.04554134587  
-0.2923103039  
0.05539431692  
-0.3529400236  
0.7789305747  
0.3607350229  
-0.2044887494  
-0.2757519479  
-0.1731031696  
-0.1694201352  
-0.08862565328  
0.06194974041  
0.1183657773  
0.1017104943  
-0.2429338098  
-0.3159299421  
-0.2227098871  
0.02524159088  
-0.2901130089  
0.2363061889  
-0.1683929754  
0.1244095346  
0.5228079436  
0.2776294703  
0.4392046063  
0.1531983041  
0.04275232425  
0.01720299212  
0.1003046288  
0.01829233277  
-0.09916883851  
-0.4282693193  
-0.1370137953  
-0.1334159381  
-0.02498916595  
0.01245670332  
0.2106091661  
-0.03591777179  
0.400698495  
0.3427463019  
0.2359386376  
0.2216775711  
0.262387064  
0.38010491  
0.7077170128  
0.05930634747  
-0.1747899003  
0.3824175596  
0.388369972  
0.1656704306  
0.3341666099  
0.1197266305  
-0.1459057746  
-0.3135570028  
-0.06319238037  
0.1622790906  
-0.08168823293  
0.2067630011  
0.2012877524  
0.01547083629  
-0.3836887206  
0.3578523761  
-0.1956772184  
0.5116006813  
0.2465034875  
0.2702033116  
0.4272376629  
-0.05241338784  
0.004331986646  
0.04432355291  
0.4082137916  
0.567195383  
0.4784386925  
0.0002791020205  
0.003194248758  
0.2279762623  
-0.05185646375  
0.2070058956  
0.6182106483  
-0.002872776916  
0.1330781485  
0.1258440997  
0.1439348714  
-0.006003759838  
0.2677422501  
0.3783168615  
-0.03360361617  
-0.3400890544  
-0.1831951128  
-0.6178321394  
-0.02035621804  
-0.3177713607  
-0.09569011286  
0.04761239121  
0.06359839428  
0.09512941206  
0.09318249417  
0.2562408798  
0.1021092625  
0.08582600269  
-0.05698808786  
-0.1228025088  
-0.3079178727  
0.1312666883  
-0.1675194165  
0.1489144952  
0.0493349097  
0.02483470162  
0.2293232305  
0.1164512146  
0.2943907189  
0.3278715987  
0.364357089  
0.4725789859  
0.1785055313  
4.741914465  
6.580722889  
3.328752351  
0.3422873241  
-0.04974328699  
0.5031472384  
-1.340625868  
-5.215418199  
-4.683206434  
-0.9714904608  
0.6876319009  
0.3261795747  
0.07060895353  
-0.2696747462  
-0.3245990561  
-0.2039540298  
-0.3826117331  
-0.08914547691  
-0.2182722274  
-0.09835708993  
-0.05724471293  
0.08561461891  
-0.2777883363  
0.02816437943  
0.07539837202  
-0.1471842449  
0.1563862213  
0.04095415456  
0.1638991542  
0.2032400643  
-0.07983735658  
-0.379618217  
-0.2010996521  
0.1396689181  
0.5753299016  
0.5097632451  
0.3430209584  
0.9438317675  
0.6867949426  
0.4664370283  
0.5263881391  
0.32332937  
0.537276323  
0.5909679943  
0.4702394886  
0.3433609529  
0.5630065966  
0.3590297418  
0.4285910225  
0.7720057944  
0.6543731523  
0.3887280147  
0.3386330925  
0.297960836  
0.6551737582  
0.4294577913  
0.3404550316  
0.26146595  
0.2750072436  
0.08423294972  
0.1269558962  
0.5839432846  
0.6677160235  
0.4979919239  
0.2893153398  
-0.05524652331  
0.8032554895  
0.489030167  
0.4573506586  
0.418926128  
0.5053117281  
0.6879218809  
0.6755794256  
0.5565788085  
0.8291978386  
0.5551946869  
0.481008721  
0.9267500068  
0.4160239845  
0.8233121936  
0.9194240857  
0.9388124169  
0.4977175585  
0.3030475322  
0.8099564387  
0.575907243  
0.6775736618  
0.2752938311  
0.6589307193  
0.6698085179  
0.6541198579  
0.5514651841  
0.5017655665  
0.1336822984  
-0.01022180111  
0.3073799551  
0.4170118706  
0.3334984194  
0.6453102699  
0.4629750737  
0.3467493574  
0.06716086413  
0.4690252155  
0.3680298927  
0.2411331042  
0.6157224624  
0.7326172153  
0.4421018746  
0.4423910773  
0.02695402483  
0.7842992253  
0.4279179559  
0.3732627977  
0.08355659881  
0.6599637595  
0.3046811196  
0.4499998621  
0.7592257281  
0.7243250225  
0.6974779702  
0.5024518529  
0.2886064589  
0.8772094248  
0.4128322857  
0.9353458588  
0.409423514  
0.05880830386  
-0.328605778  
0.02849815263  
0.1464757828  
0.2956830523  
0.3655762074  
0.1993243873  
0.1133611017  
0.2597895887  
0.1342162975  
-0.08786721077  
0.1146450243  
-0.5060531447  
-0.4559637353  
-0.2173840858  
-0.09764228098  
0.1357859437  
-0.03649279093  
0.5435353674  
0.4964613919  
0.657601908  
-0.01759187268  
0.1054203847  
0.5151803731  
0.5477704024  
0.5300585347  
0.4612514137  
0.1568314875  
0.07848718468  
0.0721565215  
0.5121857513  
0.1727845463  
0.3187570545  
0.7339842665  
0.6994573858  
0.380463407  
0.2983346881  
-0.129859799  
-0.3475661908  
-0.5274296771  
-1.024743826  
-0.6658053803  
-1.149195365  
-1.224403206  
-1.348498072  
-0.9808754672  
-1.287546041  
-1.01092779  
-0.7126222672  
-0.7867761826  
-0.7155386173  
-0.8804185465  
-0.5577072991  
-0.5235551191  
-0.02925087699  
-0.3454573638  
-0.29751013  
-0.4039636556  
-0.1953073808  
0.07485069846  
0.2236908966  
0.2494348949  
0.5279300883  
0.4157760361  
0.5776257564  
0.7645525758  
0.6411596886  
0.8039136699  
0.6407449454  
0.1638739902  
0.2809692926  
0.4413041605  
0.1570923439  
0.5832656609  
0.4258315921  
0.1747484671  
0.4617443544  
0.3635434198  
-0.002414792583  
0.02542932411  
-0.0798697225  
-0.19242589  
0.3983350348  
0.7296491375  
0.7784492272  
0.4108310696  
0.8628890856  
0.3728821452  
0.6187495955  
0.8907783348  
0.5683422016  
-0.3938176237  
-0.4402841395  
-0.4220625913  
-0.742155135  
-0.3735697143  
-0.8834896492  
-0.8951615892  
-1.321386393  
-1.304306247  
-0.696736674  
-0.6736925224  
-0.3924195113  
-0.8939479474  
-0.2154254642  
-0.8552105716  
-0.9190931289  
-0.4401545665  
-0.5025467324  
-0.4128622843  
-0.1629712973  
-0.2658248974  
0.280599753  
0.1173502725  
0.1517186756  
0.2114780962  
0.5114438036  
0.2926340552  
0.5383273199  
0.27553735  
0.3168902391  
0.3415319973  
0.2490848462  
0.7322295256  
0.1155470189  
0.2693537244  
0.1463387101  
0.2969712349  
0.04852330573  
0.2218822998  
0.5732521471  
0.3292863411  
0.5854223426  
0.4245684365  
-0.002614472062  
0.2524055662  
0.6108013134  
0.8054241004  
0.6733441705  
0.5228886715  
0.2979415144  
0.3922679557  
-0.2171655598  
-0.05101774016  
-0.2141732588  
0.3405400502  
-0.3342433441  
0.05302288438  
0.265597025  
0.04574820644  
0.5536718348  
0.6452874655  
0.6801626449  
0.2785727845  
0.4305101537  
0.2418951643  
0.2450946505  
0.3434973904  
-0.06222121061  
-0.08549863911  
-0.2653378293  
-0.2107404939  
-0.6274355368  
-0.4435719728  
-0.3170452347  
-0.2682521407  
-0.1271495484  
-0.1973510528  
-0.1142441806  
-0.1440847886  
0.09605304145  
-0.09106570415  
0.3382293391  
0.3325417286  
-0.05841087436  
0.08001752993  
0.1822480796  
0.2875300835  
0.3457739036  
0.7860130435  
0.7789009078  
0.08004554772  
-0.103382215  
0.2717487722  
0.09658790075  
0.3299914886  
0.2101998102  
0.155291206  
0.1948876155  
0.1558084335  
0.1374721907  
0.2789520425  
0.590837288  
0.903043687  
0.6644166163  
0.4563736212  
0.5792187534  
0.4098879477  
0.1776860037  
0.1407135206  
0.3938855625  
0.4008185044  
0.3091787527  
0.254391077  
-0.5498112357  
-0.150629083  
0.400537867  
0.3612127645  
0.0376066136  
0.08001960044  
0.09080147874  
0.1690205955  
0.1112088235  
0.3237288007  
0.4616822109  
0.1483735466  
0.07952304074  
-0.5412343194  
0.1265658354  
-0.1088150621  
0.1301843458  
-0.1844940406  
-0.2679936737  
-0.4567856798  
-0.4901578697  
-0.3873668256  
-0.8920525309  
-0.878143665  
-0.4285556746  
-0.2723507604  
-0.6067649936  
-0.5664537945  
-0.6350979887  
-0.3512380679  
-0.5075031521  
-0.3709885694  
-0.6080166323  
-0.5001960633  
-0.4184482911  
-0.5982889836  
-0.4944224867  
-0.525238357  
-0.2646847565  
-1.194669055  
-0.5118331502  
-0.7754489348  
-0.8042908314  
-0.3880802997  
-0.3212196946  
0.1379172738  
0.04227326164  
-0.0576612033  
-0.4021238132  
-0.1709415662  
0.3284524621  
0.1992445331  
0.4830849335  
0.1849464426  
0.4310271958  
0.7239125087  
0.8267812228  
0.9901973164  
0.9587329725  
0.599951381  
0.624370371  
0.7573753895  
0.8869314022  
1.004359433  
0.7822675025  
0.8097311944  
0.6881584952  
1.170496884  
0.7761956065  
0.5291154501  
0.03629819755  
0.8319778734  
0.9643419995  
0.1669949893  
0.5729357331  
0.3023080055  
-0.1626103856  
0.1314047407  
0.188370687  
-0.133678954  
-0.02888049235  
-0.3020101468  
-0.2680003793  
-0.2080482382  
-0.1524938192  
-0.469648731  
-0.5623390226  
-0.952069715  
-1.499958081  
-1.324878965  
-1.033027827  
-0.3593928255  
-0.7083267069  
-0.230925757  
-0.5628967457  
-0.1504772331  
-0.7919626177  
-0.4635302363  
-0.2257883486  
-0.02600454742  
-0.1371807621  
-0.3016370294  
-0.806920205  
-0.4062293555  
-0.6080861185  
-0.3855867833  
-0.3355130714  
0.13862343  
-0.06400427979  
-0.1025988654  
0.1232186598  
0.1703436264  
0.5906382297  
0.3714754337  
-0.001146734956  
-0.06592090079  
0.2467098806  
0.1911861078  
0.4613553332  
1.297846674  
0.7029906457  
0.5764081304  
0.4706848367  
0.5829995418  
0.8646537526  
0.9171229112  
0.3892917819  
0.2440502712  
0.1270207176  
-0.1632250885  
-0.2486394204  
-0.2163816312  
0.1953100517  
0.5070019042  
-0.01752867415  
0.05851272204  
-0.06808712964  
0.3841367029  
0.5804618169  
0.8237631704  
0.3088992161  
-0.02221007408  
0.1154446264  
-0.1128608671  
0.144542263  
0.4131706473  
0.3589969636  
0.02561840314  
-0.003086341587  
0.08025323214  
-0.2263290347  
0.07783283186  
0.0307948213  
0.4503993888  
0.1139586029  
-0.1838811334  
0.1203969103  
0.3930612341  
0.1447365682  
0.2791191256  
0.4038952175  
0.5491544498  
0.4389422864  
0.6979208758  
0.8441811136  
0.8087102975  
0.4405535129  
0.7817378287  
0.6983029136  
0.3972244014  
0.1488262557  
0.0232415903  
0.1498309238  
-0.1039500464  
-0.1091842501  
0.09918429511  
-0.2898976553  
-0.5503467714  
-0.4765841495  
-0.4578921761  
0.1745402624  
0.1038022058  
0.2907283533  
-0.2392940196  
-0.1270302198  
-0.04537312181  
-0.09621018303  
0.1199901652  
0.09144873573  
0.3873405283  
0.05828489194  
0.5583153812  
0.4473472743  
0.6308889287  
0.2357012907  
0.3667197354  
0.483449797  
0.41580698  
0.5081465416  
0.8200953045  
1.290792172  
0.6134424781  
0.2210393999  
0.7024781189  
0.06660313698  
0.03524880853  
0.2856901793  
0.7326096617  
0.5905196281  
0.3336982871  
0.08986638098  
-0.07805213064  
0.09275085838  
0.07325598884  
-0.7459850393  
-0.6559453225  
-1.077216048  
-1.337513041  
-1.181651996  
-1.3180161  
-0.9741149252  
-0.9413060411  
-0.8642510545  
-1.294345477  
-1.47960321  
-1.111767541  
-0.6682375415  
-0.6430314412  
-0.2691667184  
-0.7696910107  
0.01337456  
-0.4841091667  
-0.4307650493  
-0.93634168  
-0.4120567653  
-0.6021614271  
-0.24979502  
-0.1185471515  
-0.5528989046  
-0.2284838392  
0.06899427287  
0.01258872032  
0.04310092775  
0.1286101103  
0.58935157  
0.4809916183  
0.3642224794  
0.4519727485  
0.666158451  
0.02129910437  
0.4648574368  
0.3142483631  
0.1672944812  
-0.2384989018  
0.4919312464  
0.1657960121  
-0.3526360712  
-0.5161224665  
-0.008833249781  
0.3841617564  
0.1552569339  
-0.4147488952  
-0.03640086194  
0.140298924  
-0.2456721246  
0.09366432832  
0.08289686259  
0.4474610714  
0.1268270785  
0.4064871625  
0.7823365709  
1.148282861  
0.6305558406  
0.873948646  
-0.1325866  
0.8146943469  
0.6337749191  
0.8231565867  
0.6031365737  
0.7276365449  
0.5472701043  
-0.1617704399  
-0.4972483625  
-1.237140088  
-0.9765022229  
-1.277680101  
-1.094620273  
-1.64395303  
-0.9477399336  
-0.9072295949  
-0.833691267  
-0.7002839188  
-0.7552916669  
-1.251515761  
-0.958576879  
-0.9134406163  
-1.250763789  
-1.374184764  
-1.423661513  
-1.51473627  
-1.759478531  
-1.789177166  
-1.785501407  
-1.687819219  
-1.749570838  
-1.594288812  
-1.503331038  
-1.518757523  
-1.591696422  
-1.837918545  
-1.581373082  
-1.798764214  
-1.511216954  
-0.9972205884  
-1.313213775  
-0.6040055847  
-0.5961131164  
-0.7806234104  
-0.6866010156  
-0.4855876817  
0.1000351254  
-0.248564038  
0.13141106  
0.492676478  
0.3576307524  
0.4807015752  
0.7250688914  
0.6909007444  
0.7328486815  
0.8163916604  
0.8461661913  
0.7850292463  
0.1753015419  
-0.03089969896  
0.0003744902062  
0.1171901599  
0.3570999028  
-0.1236911716  
0.1707645477  
0.02937891492  
0.4477083703  
0.1097354137  
0.1944431603  
-0.04639790502  
0.2228481725  
0.1848678335  
0.007489551498  
0.04960663906  
0.3423084146  
0.8244400224  
0.5543585723  
0.407103918  
-0.004487222178  
-0.01388576798  
0.04061810842  
0.1982374083  
0.5523895314  
0.3889067345  
0.4267368331  
0.2888650932  
0.3945824255  
0.5997764607  
0.6535750187  
0.7900955305  
0.8518040499  
0.7536115441  
0.4832717889  
0.6485397627  
0.001593578462  
0.4448447603  
0.9249529641  
0.8612622803  
1.034932335  
0.7507442692  
0.4603218632  
0.8989513096  
0.2202671556  
0.4430802969  
0.8390229225  
0.839989152  
1.069866611  
0.6893522935  
0.2690068777  
-0.2681079861  
0.2811221807  
0.4473514312  
0.5230045145  
0.06475499459  
-0.1849585051  
-0.238102324  
-0.02049022466  
-0.02666397297  
-0.315407352  
-0.1837139411  
-0.4229626138  
-0.2333094973  
-0.3979938564  
-0.3748449637  
-0.1730956347  
-0.1133623178  
-0.1796823692  
-0.259324562  
