4364.520671  
4350.091138  
4308.850279  
4308.810707  
4315.152395  
4341.735824  
4343.880374  
4335.472455  
4321.950239  
4331.356662  
4322.427092  
4324.583047  
4324.76985  
4317.455372  
4289.702059  
4313.236192  
4320.921929  
4314.782422  
4327.552572  
4330.435606  
4332.176996  
4343.07363  
4327.97934  
4327.054595  
4336.831723  
4336.932869  
4341.613462  
4330.677971  
4337.483385  
4331.107032  
4354.261377  
4331.528194  
4345.440098  
4340.681395  
4338.071718  
4368.305233  
4353.776414  
4332.711725  
4333.265691  
4323.193611  
4343.995369  
4330.824726  
4320.291564  
4319.750162  
4316.904227  
4314.231849  
4313.867011  
4306.798961  
4305.948881  
4306.900219  
4317.493995  
4341.225644  
4344.193877  
4324.384734  
4335.025248  
4334.688242  
4358.855  
4350.230874  
4339.143447  
4342.086694  
4335.863244  
4340.383598  
4340.393603  
4317.369963  
4330.05885  
4327.167875  
4350.610069  
4342.186932  
4356.079807  
4360.03629  
4346.622698  
4351.033693  
4360.470487  
4349.212049  
4344.968308  
4342.742958  
4347.515436  
4353.262097  
4349.574534  
4337.439591  
4343.721982  
4351.252237  
4346.507192  
4339.334247  
4325.633776  
4320.821566  
4324.110702  
4347.818941  
4335.234319  
4315.903298  
4314.419239  
4306.794839  
4307.846168  
4311.694545  
4312.863974  
4313.103429  
4327.783964  
4324.894596  
4332.205372  
4326.551105  
4316.930061  
4325.045356  
4335.744154  
4344.967475  
4334.576954  
4325.360042  
4333.771543  
4332.279719  
4326.801992  
4346.439169  
4328.893483  
4343.123673  
4330.422521  
4353.544307  
4362.457149  
4339.571566  
4328.212323  
4323.447505  
4314.14178  
4320.039213  
4317.103266  
4318.443801  
4329.999211  
4328.919183  
4332.670418  
4325.843584  
4323.766965  
4328.437683  
4328.444346  
4348.087735  
4361.59447  
4353.32141  
4340.094926  
4342.766455  
4367.187066  
4370.300298  
4368.78526  
4363.567703  
4368.512173  
4367.689374  
4382.690257  
4369.528442  
4359.158471  
4360.050645  
4364.0492  
4358.267224  
4348.595481  
4356.114422  
4351.189591  
4359.450194  
4365.388847  
4363.454755  
4353.487167  
4363.125296  
4356.608141  
4377.906375  
4369.723234  
4360.252358  
4355.217676  
4343.863445  
4366.731084  
4370.166858  
4363.497343  
4350.128056  
4355.037082  
4353.20352  
4335.703077  
4327.235596  
4314.881025  
4323.263194  
4342.844847  
4324.329292  
4328.647425  
4327.715525  
4334.392022  
4353.869439  
4342.956208  
4327.293616  
4342.455331  
4340.160576  
4362.174794  
4353.258383  
4344.684731  
4331.587036  
4325.201931  
4347.051328  
4344.522704  
4337.853644  
4333.134905  
4327.665728  
4336.338658  
4349.535879  
4342.779776  
4323.171483  
4331.100146  
4341.715365  
4308.484899  
4294.382047  
4304.992866  
4318.43719  
4317.112219  
4349.588762  
4317.842278  
4313.419943  
4303.683972  
4313.986858  
4329.10185  
4336.196742  
4339.225698  
4319.648119  
4338.744235  
4344.13027  
4322.893302  
4317.845419  
4322.423664  
4348.105964  
4350.854828  
4350.100646  
4334.786317  
4331.934912  
4371.045762  
4338.486648  
4325.647201  
4314.612488  
4325.118308  
4349.889036  
4324.508379  
4316.805781  
4319.368549  
4335.152379  
4344.030757  
4340.620026  
4317.56521  
4322.424468  
4339.440797  
4353.859525  
4348.274172  
4336.926211  
4342.690903  
4339.519282  
4343.288521  
4328.22363  
4309.146419  
4307.75057  
4322.973365  
4334.062999  
4340.257381  
4326.850297  
4341.042878  
4337.535813  
4328.212011  
4340.888992  
4327.981208  
4299.677669  
4310.183246  
4330.30635  
4345.945766  
4323.27496  
4341.812561  
4327.056583  
4341.444687  
4343.808042  
4326.085815  
4321.709698  
4321.462287  
4323.66579  
4346.382601  
4332.450523  
4322.609874  
4319.899662  
4343.323468  
4354.481788  
4336.563713  
4333.215888  
4328.736912  
4340.65228  
4331.087553  
4313.802559  
4308.525867  
4311.393036  
4326.533445  
4330.868222  
4314.167824  
4309.460365  
4294.204335  
4321.192916  
4344.09722  
4330.884403  
4322.552422  
4323.692259  
4320.754722  
4339.341825  
4325.391358  
4311.385568  
4309.701564  
4332.797502  
4334.317717  
4346.694677  
4335.596467  
4323.974919  
4333.812028  
4324.910439  
4326.660832  
4304.697598  
4323.933249  
4340.508513  
4283.836587  
4302.458489  
4320.530642  
4346.484165  
4353.98243  
4345.847031  
4330.941994  
4321.809168  
4343.630209  
4324.611067  
4316.699083  
4329.784939  
4345.889031  
4343.452709  
4335.668419  
4332.739855  
4345.342046  
4373.503896  
4350.521842  
4342.243899  
4329.111615  
4345.346872  
4351.649784  
4342.142015  
4313.392923  
4314.094061  
4323.635537  
4335.640998  
4306.986145  
4301.648154  
4297.648347  
4326.035254  
4344.6913  
4330.73419  
4334.255211  
4338.700465  
4362.32736  
4360.724742  
4340.948772  
4345.859252  
4350.692072  
4334.173742  
4321.51992  
4332.86128  
4328.562407  
4352.523209  
4341.267742  
4338.834955  
4340.936056  
4329.186562  
4336.552974  
4329.087575  
4336.174723  
4321.519382  
4316.576237  
4332.020099  
4313.769475  
4312.444968  
4305.693604  
4319.656714  
4307.03939  
4306.395184  
4317.958334  
4333.895267  
4348.339681  
4355.910069  
4353.094838  
4343.764114  
4348.797002  
4351.789456  
4350.924076  
4340.28218  
4333.798042  
4337.478804  
4346.123608  
4337.494753  
4326.753524  
4345.958561  
4356.930524  
4384.577212  
4371.228567  
4345.783226  
4337.445306  
4335.123567  
4344.72246  
4335.76976  
4319.872419  
4317.407396  
4319.267656  
4340.858041  
4337.477291  
4328.267071  
4340.771802  
4340.948825  
4352.379259  
4329.516936  
4336.119689  
4330.378215  
4346.392652  
4342.360283  
4317.316126  
4316.563083  
4323.10076  
4338.828499  
4327.169612  
4320.639972  
4322.689419  
4310.147206  
4330.038628  
4329.720403  
4317.564628  
4330.629869  
4356.425468  
4359.598891  
4349.562866  
4310.241779  
4321.823619  
4321.577782  
4330.282962  
4328.455273  
4317.923471  
4321.66339  
4329.21082  
4342.562974  
4354.426429  
4329.704543  
4343.792878  
4357.790732  
4368.329849  
4351.431867  
4334.906617  
4344.705866  
4335.172133  
4342.458987  
4328.279742  
4302.120983  
4301.602631  
4300.568134  
4321.454416  
4340.594188  
4317.235116  
4336.351753  
4344.568431  
4363.416808  
4350.380498  
4314.156001  
4311.578603  
4316.734263  
4310.961344  
4319.862119  
4307.057515  
4308.34398  
4304.135706  
4321.054289  
4324.511789  
4318.501429  
4321.46304  
4323.381117  
4337.214645  
4341.56342  
4321.982023  
4324.041163  
4322.405362  
4332.586432  
4330.208614  
4317.964243  
4328.301911  
4324.00022  
4340.827597  
4341.6261  
4327.465973  
4327.594264  
4328.789444  
4340.423626  
4351.489301  
4333.853344  
4310.598668  
4312.391216  
4308.600434  
4331.368376  
4347.446715  
4337.087735  
4332.121434  
4352.586385  
4344.662138  
4340.131257  
4357.892469  
4336.420262  
4335.653742  
4342.643251  
4377.884003  
4377.52228  
4347.003392  
4334.664565  
4336.450886  
4336.845054  
4339.444857  
4332.388538  
4329.274529  
4343.013719  
4358.273198  
4363.686996  
4334.130873  
4345.200871  
4366.324415  
4356.320554  
4348.18352  
4334.323487  
4328.791873  
4342.020573  
4342.988612  
4324.091798  
4318.429378  
4321.435355  
4346.389086  
4330.619177  
4310.287254  
4307.87634  
4322.897921  
4333.04417  
4337.126244  
4345.716552  
4334.007756  
4334.332752  
4350.604275  
4328.142754  
4317.442299  
4315.703989  
4327.114766  
4369.956537  
4341.548751  
4334.715207  
4326.665038  
4324.68872  
4317.310857  
4306.957851  
4297.29078  
4305.971484  
4311.074907  
4323.00616  
4335.290429  
4304.73868  
4304.768991  
4321.911656  
4338.804162  
4328.899553  
4300.963024  
4307.348213  
4304.670682  
4322.058006  
4337.896228  
4346.380879  
4346.268499  
4365.306598  
4368.889861  
4375.913078  
4368.998046  
4346.36387  
4314.787217  
4307.37662  
4307.985071  
4291.543845  
4274.941796  
4269.855625  
4308.807988  
4288.583725  
4284.197259  
4293.168012  
4286.882642  
4293.391551  
4301.384197  
4284.17417  
4279.360992  
4272.62945  
4258.411451  
4253.676626  
4242.713347  
4195.970577  
4208.97978  
4229.730695  
4220.341093  
4248.554785  
4311.825465  
4307.661383  
4312.924491  
4335.672609  
4327.573233  
4331.686951  
4331.85973  
4347.548128  
4342.89127  
4338.798542  
4350.717709  
4366.287845  
