3396.599801  
3390.528796  
3386.125296  
3392.445711  
3390.256599  
3383.411535  
3384.748158  
3392.981583  
3390.560962  
3395.656823  
3392.932334  
3389.731209  
3393.197492  
3397.273791  
3393.678874  
3387.144549  
3388.130226  
3390.264243  
3397.060786  
3388.439731  
3383.45639  
3390.868257  
3398.694146  
3395.021359  
3389.145768  
3387.158336  
3391.49754  
3383.403487  
3384.677735  
3391.994892  
3379.888725  
3378.19152  
3383.584241  
3386.46944  
3385.958128  
3381.992974  
3387.249788  
3386.560197  
3399.073317  
3400.694439  
3388.513255  
3405.033238  
3398.850794  
3402.16485  
3401.000666  
3394.858999  
3391.23794  
3396.611378  
3397.460195  
3394.978644  
3399.063633  
3393.386112  
3400.804921  
3405.241521  
3413.424453  
3398.584628  
3407.712955  
3404.208008  
3400.165605  
3396.784407  
3391.430948  
3388.707302  
3386.415888  
3387.309668  
3389.673744  
3378.889535  
3389.501877  
3386.204562  
3379.472395  
3400.77908  
3393.180345  
3396.83957  
3382.403269  
3399.141148  
3402.6498  
3393.428364  
3396.218002  
3385.98975  
3389.82047  
3394.661256  
3393.18425  
3397.969632  
3398.887693  
3388.842961  
3399.772336  
3393.345096  
3391.263296  
3385.51461  
3393.891063  
3400.229829  
3389.224376  
3397.891391  
3392.821703  
3392.005425  
3405.617861  
3397.882341  
3394.963897  
3397.029447  
3392.676227  
3395.658978  
3395.274781  
3397.19126  
3391.114835  
3394.162181  
3408.233696  
3405.508313  
3397.0336  
3390.494642  
3399.637469  
3392.821272  
3392.629953  
3384.113683  
3393.474836  
3374.845998  
3380.404535  
3380.602597  
3384.526552  
3380.727979  
3380.857634  
3379.2049  
3382.385395  
3383.560794  
3382.203735  
3393.5509  
3387.466986  
3390.559749  
3390.357242  
3386.674143  
3391.950653  
3377.783186  
3387.492062  
3391.123349  
3395.138359  
3386.759776  
3393.76171  
3387.885522  
3388.867568  
3396.463114  
3392.685322  
3389.325431  
3388.458044  
3393.975842  
3391.398805  
3392.866442  
3388.484756  
3391.158544  
3394.499259  
3387.722379  
3388.27095  
3391.055294  
3403.058077  
3393.232219  
3396.715098  
3390.808722  
3389.492825  
3394.932174  
3386.97372  
3385.945236  
3386.340148  
3393.428965  
3386.95366  
3389.272145  
3392.268473  
3391.713094  
3399.673521  
3394.557453  
3399.651413  
3388.145461  
3396.936864  
3389.747769  
3396.041964  
3395.539533  
3390.085277  
3389.596285  
3398.176855  
3401.279035  
3397.595086  
3390.688432  
3386.215846  
3391.987823  
3397.682551  
3393.128045  
3388.486982  
3391.675775  
3391.260382  
3395.821254  
3396.919955  
3393.639091  
3386.959058  
3385.613394  
3387.015515  
3379.768489  
3378.048106  
3383.419581  
3383.048437  
3391.849949  
3393.647746  
3390.169831  
3389.689369  
3393.669823  
3390.137385  
3388.443576  
3386.906548  
3378.289462  
3389.982029  
3394.236403  
3391.179603  
3376.130871  
3387.653992  
3387.759466  
3396.048469  
3402.525492  
3395.746315  
3397.461938  
3401.164582  
3404.685607  
3392.101087  
3400.590307  
3391.693683  
3385.022892  
3389.274825  
3393.400541  
3384.094085  
3397.353843  
3405.777089  
3407.153921  
3397.585912  
3401.449994  
3395.863729  
3390.161494  
3393.560805  
3401.603505  
3395.844143  
3388.090782  
3392.904998  
3392.264905  
3396.50701  
3385.295109  
3386.046391  
3389.457497  
3393.340259  
3399.627765  
3398.094749  
3400.295966  
3393.294555  
3390.638671  
3389.910607  
3389.745532  
3384.966303  
3385.836502  
3394.151618  
3388.891801  
3385.563815  
3396.210084  
3394.322629  
3389.343105  
3397.074148  
3402.76286  
3396.035533  
3394.61989  
3388.781577  
3395.320799  
3397.294223  
3390.625343  
3393.914891  
3392.267948  
3401.078508  
3394.198914  
3398.367757  
3406.530809  
3398.722098  
3405.984149  
3394.58629  
3391.940825  
3403.294965  
3392.870409  
3395.826994  
3388.668767  
3394.91763  
3391.813303  
3389.323989  
3395.116235  
3395.656076  
3393.628041  
3397.228981  
3395.458491  
3391.216027  
3393.043688  
3392.192463  
3388.24  
3396.056588  
3389.349137  
3388.587415  
3383.904222  
3393.724166  
3397.289832  
3406.55602  
3404.547562  
3396.031559  
3402.31341  
3395.746058  
3403.482844  
3403.034116  
3392.922366  
3409.634546  
3394.326256  
3409.010926  
3397.61823  
3400.332574  
3401.989713  
3396.818938  
3403.734207  
3403.509914  
3397.497235  
3396.722129  
3387.20921  
3391.791708  
3393.230901  
3387.823291  
3390.499627  
3395.959122  
3399.477261  
3392.919777  
3399.577915  
3396.414726  
3396.413671  
3401.47996  
3391.63597  
3392.648849  
3393.84643  
3394.600544  
3391.65396  
3385.776273  
3384.250087  
3382.682474  
3388.885946  
3400.834099  
3394.960147  
3381.47969  
3399.503713  
3393.07059  
3398.260874  
3394.355024  
3381.816812  
3380.280658  
3390.847003  
3398.481211  
3400.524753  
3407.167847  
3399.169057  
3412.915777  
3407.570152  
3402.217763  
3398.433471  
3395.243386  
3401.907766  
3392.237529  
3389.425079  
3390.447845  
3382.741246  
3380.034074  
3373.783044  
3370.555196  
3367.776836  
3378.165239  
3370.111117  
3376.103709  
3383.474237  
3383.163967  
3385.010263  
3386.258472  
3384.075621  
3377.509796  
3379.141631  
3377.751401  
3375.144528  
3385.809023  
3395.17435  
3396.855432  
3399.597261  
3391.294431  
3388.82481  
3395.259339  
3399.233807  
3397.27887  
3396.865026  
3405.320318  
3408.145057  
3407.640576  
3400.989096  
3399.957797  
3396.082653  
3399.130983  
3402.728502  
3394.732142  
3399.367252  
3395.108619  
3402.371265  
3398.721836  
3391.019933  
3394.154935  
3398.976002  
3394.600102  
3396.784916  
3388.99689  
3391.37967  
3393.557517  
3400.00934  
3400.006065  
3397.431655  
3396.820908  
3405.853361  
3396.890411  
3400.498078  
3399.990694  
3392.786526  
3392.471329  
3387.682507  
3394.328836  
3380.346825  
3376.113096  
3384.499409  
3393.839819  
3394.312118  
3387.300143  
3389.149355  
3400.034992  
3385.609351  
3392.750553  
3395.695099  
3392.440153  
3397.532714  
3397.569873  
3399.777642  
3404.109829  
3399.183236  
3395.711122  
3394.466122  
3392.93475  
3402.234254  
3390.700233  
3389.041776  
3390.799868  
3394.293557  
3395.807111  
3387.298013  
3382.720184  
3393.273716  
3386.492072  
3400.992092  
3388.276583  
3386.901381  
3388.512277  
3381.820344  
3380.009691  
3384.959487  
3387.620615  
3388.086969  
3403.995687  
3405.840495  
3395.342641  
3392.878381  
3391.91428  
3391.950233  
3386.006938  
3381.880332  
3374.856947  
3388.167301  
3390.663257  
3390.711884  
3399.302999  
3396.473385  
3397.855045  
3393.322597  
3385.499454  
3385.413143  
3384.658892  
3389.802231  
3392.306316  
3390.443376  
3387.86445  
3396.731978  
3394.713978  
3391.0718  
3394.520567  
3394.22273  
3392.815055  
3394.999792  
3396.733221  
3399.05151  
3391.6175  
3394.090249  
3393.571394  
3398.696984  
3389.806028  
3384.567983  
3385.743222  
3383.756351  
3407.207853  
3395.740128  
3395.646749  
3389.642882  
3387.471737  
3392.797485  
3392.753597  
3392.143573  
3391.176446  
3393.958549  
3393.994351  
3396.795175  
3391.822139  
3390.541448  
3391.521135  
3398.98762  
3403.427582  
3406.19523  
3409.815111  
3400.608707  
3405.553853  
3400.140532  
3400.914936  
3403.52774  
3398.030428  
3397.66639  
3401.250051  
3403.583986  
3397.869422  
3399.658419  
3397.549409  
3401.294685  
3396.699352  
3387.013993  
3391.880527  
3388.401421  
3390.572125  
3393.427429  
3392.483386  
3383.612782  
3396.640687  
3399.671484  
3398.862117  
3389.382629  
3388.576585  
3400.766752  
3396.003462  
3392.086362  
3377.584435  
3389.766248  
3378.369821  
3394.202639  
3390.081642  
3392.813989  
3390.697567  
3400.180629  
3391.175417  
3389.24294  
3393.167105  
3397.653921  
3398.903417  
3401.999877  
3390.255939  
3392.762609  
3400.318944  
3396.626653  
3392.165852  
3403.145989  
3408.902244  
3407.692434  
3398.575458  
3406.973961  
3405.264751  
3405.976439  
3403.128325  
3401.535323  
3411.184586  
3404.366413  
3402.391302  
3389.70969  
3373.796374  
3372.17096  
3376.175115  
3365.841177  
3375.008105  
3373.134182  
3382.886559  
3380.283295  
3393.080696  
3383.111667  
3381.688443  
3391.230682  
3380.221927  
3377.319404  
3378.827937  
3391.020912  
3393.776001  
3389.220893  
3394.54706  
3390.322948  
3400.305733  
3396.097409  
