3397.077189  
3392.482684  
3396.419279  
3400.244843  
3407.53892  
3410.662764  
3394.05616  
3399.392539  
3396.264141  
3389.619109  
3394.544793  
3392.334899  
3392.637298  
3390.102185  
3388.372648  
3385.162936  
3390.419794  
3387.581287  
3398.221925  
3389.589513  
3393.050001  
3381.559524  
3386.608725  
3390.653334  
3387.316154  
3389.878165  
3383.998226  
3394.573173  
3388.108084  
3383.363877  
3389.58857  
3390.093031  
3390.629395  
3389.1139  
3389.473596  
3392.001059  
3375.10721  
3389.326806  
3385.156418  
3384.394194  
3385.923648  
3381.368081  
3384.164974  
3389.019142  
3389.523444  
3391.186237  
3386.514824  
3388.124282  
3383.525861  
3390.290431  
3387.037421  
3388.971233  
3379.808951  
3380.559747  
3386.661052  
3391.253827  
3397.48802  
3391.470692  
3395.726295  
3393.15899  
3395.698106  
3393.46836  
3391.347832  
3385.135466  
3386.048711  
3392.031556  
3393.917798  
3384.894099  
3384.092106  
3385.065051  
3380.874999  
3381.574244  
3379.87262  
3384.309389  
3384.850657  
3393.739457  
3394.578037  
3382.434866  
3390.456433  
3386.083014  
3392.2383  
3388.525767  
3379.683377  
3386.497923  
3382.271885  
3387.261817  
3393.152754  
3393.572374  
3392.045215  
3391.180205  
3388.458682  
3390.463542  
3392.403967  
3380.257574  
3380.229064  
3388.957841  
3406.632597  
3391.690407  
3388.700182  
3376.907149  
3378.395808  
3393.644264  
3391.305597  
3396.297679  
3385.047546  
3387.738416  
3384.829368  
3391.193919  
3384.313788  
3382.580448  
3389.950805  
3393.208481  
3394.265043  
3386.728209  
3385.319305  
3386.134165  
3388.791735  
3382.821993  
3392.590012  
3388.033017  
3400.365721  
3392.459549  
3390.336032  
3388.946774  
3389.344857  
3384.226709  
3389.438669  
3389.09158  
3390.252492  
3380.201927  
3374.659656  
3376.63503  
3384.503348  
3392.196842  
3387.433542  
3386.610682  
3384.815941  
3389.00219  
3383.892371  
3395.644785  
3388.361911  
3397.238492  
3397.062567  
3408.268822  
3407.57642  
3400.280968  
3396.518498  
3397.255139  
3398.506968  
3393.421322  
3397.242535  
3389.499129  
3386.463207  
3382.854412  
3394.476914  
3393.993478  
3394.330091  
3398.244741  
3403.569236  
3402.095533  
3409.964487  
3407.744904  
3413.840353  
3415.059015  
3404.724715  
3392.587439  
3395.452228  
3397.275707  
3393.807686  
3394.996595  
3397.440456  
3397.159382  
3404.397829  
3398.350596  
3396.196361  
3401.140212  
3400.734036  
3403.018035  
3405.082664  
3399.617058  
3400.125949  
3397.156699  
3407.548105  
3397.38005  
3389.983885  
3392.113011  
3401.901173  
3397.862961  
3397.409515  
3400.758618  
3404.142289  
3409.170985  
3403.448416  
3402.558511  
3406.724759  
3412.571603  
3397.50157  
3407.757386  
3405.517621  
3403.610711  
3400.030988  
3394.03784  
3391.491973  
3396.888476  
3403.783111  
3401.11995  
3398.235377  
3402.322317  
3408.162194  
3406.962245  
3405.124502  
3398.241348  
3397.605704  
3400.824399  
3397.175927  
3405.968406  
3398.590196  
3403.621662  
3404.926259  
3402.384781  
3404.794934  
3407.448149  
3405.258516  
3400.012574  
3407.764965  
3399.488059  
3389.368571  
3388.32469  
3397.949303  
3398.444115  
3397.40922  
3397.846685  
3387.701703  
3395.836649  
3395.756337  
3399.391561  
3398.346507  
3400.944752  
3409.433864  
3401.753981  
3394.618552  
3397.652467  
3400.526052  
3410.133936  
3406.831288  
3408.278244  
3401.284441  
3394.168539  
3394.746935  
3393.810939  
3392.394778  
3387.133633  
3392.739487  
3396.162003  
3412.38308  
3409.308825  
3418.37743  
3410.718596  
3416.247672  
3408.027986  
3398.204053  
3399.51143  
3386.452082  
3387.892241  
3387.409579  
3388.326447  
3381.361774  
3390.654201  
3398.076551  
3402.440012  
3403.595337  
3412.87286  
3408.011404  
3415.892231  
3417.719336  
3412.481163  
3400.381442  
3398.000239  
3397.85632  
3400.086498  
3398.003556  
3393.493741  
3388.281835  
3388.822597  
3396.821602  
3400.269447  
3396.073818  
3389.530415  
3393.702159  
3394.475542  
3400.45207  
3393.950103  
3387.539656  
3404.761944  
3404.407926  
3401.144156  
3396.615723  
3399.030843  
3391.070764  
3397.978312  
3395.879014  
3400.370062  
3399.752413  
3399.640623  
3398.305352  
3404.3639  
3396.319579  
3390.146507  
3402.320573  
3399.538551  
3400.98611  
3407.121204  
3408.104142  
3401.184969  
3402.601  
3392.916804  
3396.642314  
3398.593375  
3398.327796  
3390.417313  
3392.211409  
3402.73825  
3407.877082  
3408.466149  
3399.787212  
3406.179363  
3412.684173  
3421.593553  
3413.237706  
3409.131238  
3412.795512  
3395.720814  
3396.216252  
3393.63493  
3393.199018  
3392.984367  
3395.74686  
3395.940912  
3397.182118  
3404.918987  
3407.723176  
3409.01092  
3398.983524  
3400.77178  
3404.665497  
3406.406311  
3408.777042  
3401.324928  
3408.517465  
3399.61065  
3400.510909  
3398.043207  
3405.625405  
3409.398694  
3405.996354  
3401.307069  
3400.00341  
3400.006554  
3398.661758  
3394.32963  
3402.664045  
3402.938971  
3398.307435  
3396.629282  
3393.968869  
3399.859741  
3394.584115  
3393.553303  
3410.61555  
3422.877965  
3419.366765  
3423.68822  
3414.55213  
3414.839829  
3412.23449  
3409.723574  
3402.327666  
3399.117923  
3396.140099  
3403.643874  
3400.146613  
3397.585357  
3400.587157  
3417.864939  
3410.015914  
3417.142434  
3405.611631  
3420.853146  
3417.039848  
3410.309726  
3415.313037  
3396.116742  
3398.562322  
3404.175943  
3399.65622  
3399.032071  
3401.908189  
3403.039972  
3416.51193  
3423.686536  
3423.039821  
3410.399804  
3414.816197  
3411.961044  
3409.474784  
3394.309738  
3402.158273  
3400.602607  
3397.604707  
3396.701622  
3388.042116  
3394.362342  
3396.494693  
3384.603448  
3401.500424  
3397.511791  
3400.101115  
3413.941809  
3413.989161  
3408.59181  
3397.202237  
3402.501171  
3402.817346  
3395.973009  
3403.552939  
3390.394574  
3392.215343  
3399.236897  
3397.473544  
3395.244017  
3394.049718  
3392.549562  
3398.744327  
3402.330474  
3404.356748  
3391.776266  
3403.358348  
3400.521204  
3403.672933  
3401.414956  
3401.925747  
3405.082702  
3413.435138  
3406.366804  
3411.563486  
3404.74295  
3403.043321  
3407.493033  
3407.326515  
3406.342145  
3400.980658  
3399.059347  
3407.276487  
3402.334033  
3401.114677  
3400.457279  
3400.849975  
3405.483085  
3395.211291  
3402.160283  
3400.41144  
3399.669096  
3401.200979  
3404.177426  
3402.405883  
3408.682145  
3408.828537  
3409.817089  
3410.950746  
3400.076561  
3394.013275  
3391.689829  
3395.720054  
3394.534617  
3394.170118  
3393.857639  
3388.748998  
3394.123278  
3401.058261  
3412.016414  
3403.571709  
3405.656544  
3400.994841  
3409.002374  
3408.234172  
3405.725489  
3401.626992  
3403.056229  
3403.209591  
3400.574299  
3408.222963  
3400.097707  
3386.406359  
3401.142951  
3422.075718  
3418.005676  
3409.70224  
3402.195218  
3404.693283  
3401.619058  
3393.437907  
3394.217731  
3388.898116  
3401.407261  
3392.484452  
3396.294432  
3397.571933  
3397.155895  
3392.944071  
3401.696504  
3406.514535  
3407.881583  
3396.262913  
3404.337421  
3404.228225  
3411.530683  
3409.179984  
3410.553139  
3400.663459  
3405.332274  
3399.633956  
3400.353129  
3392.4257  
3399.583646  
3400.207307  
3397.367931  
3393.788803  
3395.363201  
3397.202855  
3397.820072  
3397.628777  
3397.819127  
3403.716742  
3396.311468  
3412.398407  
3400.379375  
3404.729861  
3400.988247  
3406.784404  
3402.412284  
3399.109875  
3392.277211  
3389.921198  
3403.016587  
3394.890454  
3396.583297  
3399.968095  
3403.103379  
3399.544739  
3401.953487  
3396.409983  
3391.563353  
3388.286498  
3388.835961  
3397.992788  
3391.803308  
3392.360194  
3382.311468  
3394.702562  
3406.630194  
3407.229042  
3404.490034  
3396.421541  
3405.78872  
3409.55116  
3403.255447  
3408.196623  
3410.820369  
3413.876568  
3416.62795  
3417.505003  
3405.416675  
3410.560214  
3404.352733  
3408.962007  
3405.606063  
3407.763919  
3406.002692  
3402.009769  
3412.019657  
3409.74859  
3401.771816  
3399.001137  
3402.526071  
3396.465956  
3396.80946  
3396.423282  
3395.505913  
3406.761068  
3414.512551  
3405.959309  
3418.174559  
3419.080443  
3419.438666  
3422.563236  
3417.981037  
3413.757911  
3407.676476  
3412.809334  
3408.994464  
