3270.002641  
3258.092992  
3252.531056  
3253.81625  
3258.890655  
3269.256947  
3268.341693  
3269.078233  
3260.995879  
3256.265777  
3251.451012  
3253.995741  
3252.97321  
3249.481743  
3254.312339  
3254.048283  
3257.361309  
3257.353961  
3251.454734  
3248.492734  
3251.259092  
3251.730255  
3243.009241  
3246.983685  
3250.969665  
3249.957008  
3256.556698  
3256.864149  
3260.652739  
3251.665576  
3241.349033  
3249.172832  
3246.429573  
3250.927324  
3246.86886  
3254.928207  
3252.230401  
3243.977106  
3252.848525  
3248.2147  
3255.039096  
3252.580492  
3263.449537  
3261.850582  
3263.15905  
3254.779329  
3257.155902  
3251.094366  
3250.725287  
3253.977465  
3241.944553  
3251.283046  
3246.706244  
3254.780599  
3256.810269  
3258.996171  
3261.823035  
3263.101294  
3263.233705  
3263.766695  
3264.596055  
3261.033773  
3251.907438  
3237.433985  
3252.974345  
3263.205841  
3254.583337  
3257.665366  
3253.896178  
3253.807612  
3257.046024  
3251.027993  
3252.726968  
3247.470405  
3245.735314  
3258.139382  
3247.449771  
3249.453914  
3246.931798  
3256.213631  
3244.865004  
3265.251904  
3261.22382  
3263.692465  
3256.773517  
3265.326815  
3261.095481  
3262.491279  
3247.292894  
3249.867513  
3246.874753  
3243.88106  
3242.901823  
3234.472711  
3249.092824  
3260.361035  
3260.056043  
3261.784153  
3267.167114  
3274.92412  
3265.267416  
3271.98129  
3273.956496  
3276.188349  
3272.029631  
3266.612932  
3266.49393  
3265.208726  
3267.58188  
3272.040143  
3268.501658  
3265.366534  
3262.231066  
3271.703166  
3261.904277  
3265.050599  
3265.555639  
3267.213964  
3258.997063  
3259.910776  
3250.656985  
3256.638427  
3262.402391  
3261.309678  
3269.374569  
3255.230586  
3261.448849  
3261.529777  
3265.20407  
3256.590765  
3275.462246  
3265.805563  
3258.602563  
3263.967704  
3263.105947  
3264.823033  
3263.840056  
3266.751583  
3263.685056  
3261.043676  
3258.50771  
3271.701987  
3270.078238  
3286.34003  
3279.353586  
3264.754294  
3264.70787  
3261.230848  
3270.938825  
3265.180711  
3264.413638  
3260.712905  
3271.029703  
3270.361091  
3262.268255  
3267.587191  
3256.233051  
3263.254654  
3264.907704  
3266.380381  
3269.244294  
3275.566537  
3272.522552  
3269.803316  
3272.320948  
3264.781093  
3261.883422  
3264.472308  
3260.891765  
3258.432498  
3258.993698  
3247.959531  
3248.967505  
3247.970424  
3254.550473  
3251.792403  
3250.558515  
3263.044444  
3278.473484  
3270.28125  
3270.813642  
3259.863601  
3255.416694  
3265.081847  
3258.692853  
3259.937896  
3263.474877  
3268.98792  
3259.165767  
3267.669441  
3269.287773  
3279.048452  
3280.964912  
3280.290093  
3274.302664  
3269.247547  
3255.22796  
3262.601465  
3258.759545  
3260.753078  
3255.83503  
3258.648407  
3253.960057  
3255.788133  
3254.176299  
3251.854443  
3243.876005  
3249.593538  
3258.953402  
3259.159871  
3263.945694  
3270.217285  
3262.998062  
3266.332475  
3269.743031  
3266.166872  
3259.571921  
3263.212813  
3265.064744  
3269.581244  
3267.797324  
3261.074299  
3267.487897  
3256.875193  
3258.090435  
3254.842911  
3246.229408  
3243.910702  
3251.932442  
3258.937964  
3260.980428  
3259.012967  
3258.084309  
3266.515378  
3269.932859  
3273.119806  
3259.753982  
3261.236182  
3256.851103  
3267.708233  
3260.131502  
3256.425713  
3254.716508  
3252.880567  
3254.979395  
3259.510444  
3260.548194  
3254.488651  
3263.226172  
3257.415285  
3261.064097  
3257.28245  
3264.189721  
3261.730789  
3271.295111  
3277.897702  
3274.04994  
3269.947574  
3267.869504  
3259.246908  
3257.534079  
3265.333798  
3257.371007  
3256.626799  
3259.444036  
3270.357303  
3261.049335  
3264.5197  
3265.628466  
3266.268767  
3262.283333  
3261.850758  
3268.265177  
3274.705854  
3270.127075  
3270.313263  
3255.710983  
3254.696106  
3265.421256  
3261.398258  
3260.016595  
3261.283456  
3263.124328  
3256.105333  
3264.606727  
3248.818907  
3251.472727  
3253.135645  
3250.815962  
3251.569099  
3255.298985  
3243.383443  
3246.963699  
3253.850307  
3265.388882  
3258.935191  
3264.754019  
3259.825682  
3256.33275  
3265.362261  
3264.90019  
3262.483147  
3267.521116  
3259.863889  
3269.012286  
3268.59061  
3262.413715  
3259.455438  
3262.35783  
3272.432529  
3262.260191  
3262.337654  
3261.840821  
3254.624426  
3266.634741  
3255.77295  
3258.981875  
3259.26316  
3260.587222  
3250.297266  
3254.094924  
3257.935601  
3250.900966  
3266.618732  
3264.814146  
3267.558741  
3266.771336  
3260.200875  
3269.082838  
3256.58681  
3250.444565  
3263.296275  
3261.077023  
3267.577602  
3258.700081  
3261.784741  
3260.658697  
3256.224538  
3259.442562  
3264.177141  
3264.991622  
3270.18703  
3271.728502  
3264.339105  
3257.405509  
3266.951425  
3266.088952  
3255.062204  
3262.290862  
3257.076154  
3260.158553  
3265.318348  
3255.781617  
3266.241364  
3269.030243  
3277.435402  
3266.702593  
3269.902654  
3272.542886  
3268.453516  
3261.161512  
3256.84173  
3252.897841  
3259.947818  
3260.395103  
3256.510867  
3249.002782  
3252.040997  
3260.333675  
3264.477714  
3270.308721  
3269.912437  
3260.068364  
3261.33743  
3263.595322  
3260.860544  
3255.465434  
3259.263702  
3251.985892  
3256.387492  
3256.228941  
3261.573417  
3261.364966  
3270.102555  
3273.825279  
3270.374378  
3264.635448  
3263.458738  
3265.473056  
3258.361785  
3258.987899  
3257.270985  
3257.065152  
3255.910541  
3256.790751  
3256.655049  
3259.343562  
3264.389397  
3273.048727  
3270.941576  
3272.572154  
3264.677497  
3255.399073  
3248.580695  
3261.891131  
3255.740671  
3268.016446  
3261.863173  
3260.214277  
3263.078561  
3260.465461  
3251.958678  
3262.168125  
3256.449409  
3259.604901  
3261.568816  
3256.090388  
3263.718691  
3270.415626  
3267.049591  
3260.356942  
3260.707936  
3257.864721  
3264.703211  
3262.169223  
3263.647661  
3257.382715  
3261.399958  
3264.824033  
3256.796087  
3267.827656  
3264.776822  
3270.936259  
3280.251078  
3273.443177  
3268.176318  
3268.737427  
3264.487966  
3267.956716  
3266.080108  
3257.277497  
3262.642204  
3262.347726  
3254.154906  
3255.973129  
3251.362698  
3265.415573  
3258.163057  
3253.984472  
3257.218704  
3261.812686  
3257.745472  
3254.637906  
3264.576868  
3261.230145  
3261.851338  
3251.775333  
3261.896998  
3250.35264  
3268.520003  
3256.627466  
3251.511288  
3258.853991  
3254.797986  
3254.755798  
3263.360023  
3262.413717  
3262.860654  
3267.089686  
3275.278597  
3257.292963  
3265.289759  
3261.247478  
3263.001871  
3261.582726  
3260.692536  
3270.111997  
3266.730434  
3274.115561  
3276.005425  
3274.585515  
3268.825175  
3253.18234  
3253.163845  
3252.900891  
3253.214062  
3246.016545  
3261.81885  
3261.874516  
3260.172841  
3262.710508  
3261.844087  
3259.629228  
3267.275585  
3264.294708  
3268.452766  
3276.58601  
3272.179948  
3261.193429  
3269.446725  
3265.177103  
3262.427859  
3262.224346  
3259.333879  
3272.200912  
3267.724129  
3273.517968  
3270.100072  
3271.633095  
3273.156864  
3277.427713  
3268.04111  
3267.832562  
3265.675025  
3265.462033  
3266.646038  
3264.49812  
3259.888789  
3248.540325  
3259.797777  
3267.302494  
3267.512251  
3265.815645  
3264.997772  
3271.220632  
3254.113018  
3253.489101  
3249.717289  
3252.861999  
3247.510029  
3251.325205  
3244.743209  
3243.910062  
3249.939668  
3255.946287  
3257.527936  
3250.613699  
3254.914474  
3256.902804  
3269.741289  
3254.049633  
3251.442939  
3252.290525  
3265.523597  
3261.019364  
3261.297864  
3266.262803  
3260.272038  
3254.832178  
3251.969741  
3258.201336  
3250.367172  
3256.545103  
3252.758266  
3254.131978  
3254.563411  
3268.647284  
3262.085114  
3277.528059  
3275.45606  
3278.451299  
3273.178463  
3270.987894  
3263.031791  
3258.825482  
3259.126313  
3251.143958  
3241.957905  
3251.03389  
3252.212409  
3253.165548  
3247.489839  
3249.436394  
3254.965695  
3255.949159  
3247.720564  
3256.155197  
3252.732904  
3246.186226  
3252.958844  
3248.794294  
3238.724494  
3234.632766  
3244.855679  
3231.425707  
3244.307203  
3240.773296  
3236.518495  
3246.674137  
3243.469113  
3243.274746  
3254.139419  
3250.971975  
3248.823492  
3246.246957  
3249.991292  
3256.889284  
3255.564464  
3267.495581  
3261.105338  
