3004.824591  
3006.614497  
3009.691694  
3011.968692  
3014.394425  
3025.486124  
3016.841492  
3010.757491  
3004.684076  
3009.609497  
2999.554546  
2997.361448  
3005.072783  
3006.728668  
3003.840072  
3002.156792  
3008.674253  
2998.806177  
2998.672377  
3003.396398  
3004.880521  
3004.896602  
3003.89484  
3005.067868  
2982.055176  
2995.947951  
3007.042768  
2999.215568  
2996.730047  
3002.98863  
3002.117161  
3004.686021  
3009.777636  
3005.965101  
3007.9336  
3006.953938  
2998.750575  
2993.602013  
3006.289229  
3004.244449  
2999.604367  
3007.348265  
3002.424098  
3000.52619  
3007.798214  
3018.533569  
3006.468418  
3000.880534  
2999.773035  
2996.350637  
3002.966234  
2996.678923  
2989.077078  
2999.891391  
2996.265087  
3004.215454  
3008.348798  
3003.327915  
3006.887237  
3008.006205  
3014.25624  
3015.432821  
3001.594216  
2998.249364  
2989.50786  
2992.865083  
2998.959656  
2998.156048  
2994.700742  
2999.694995  
3010.091555  
3008.779386  
3001.690985  
3003.215412  
3003.942112  
3008.987799  
3013.903035  
3015.042625  
3004.008514  
2990.687683  
2989.28549  
2990.821557  
2994.350154  
2997.251296  
2992.997741  
3000.011724  
3003.598693  
2991.975343  
3006.427141  
3007.578425  
3005.210286  
3012.489731  
3001.593131  
2996.117104  
2993.93636  
3005.764418  
3005.275288  
3005.349427  
2997.365323  
2992.14255  
2991.789226  
2999.068727  
2997.992107  
3003.433342  
2990.32152  
2999.563498  
3011.2056  
3000.588262  
3000.901625  
2998.347052  
2991.58938  
2999.143895  
2998.822553  
3003.093691  
3001.88339  
2995.009796  
3001.265456  
2999.622944  
3004.795867  
3004.895049  
3008.123478  
3008.818871  
3009.252683  
3007.468243  
3009.364862  
2994.774573  
2996.172053  
2988.849862  
2989.58522  
2993.638466  
3007.458729  
2995.66734  
3002.377827  
2995.197248  
2995.006287  
2999.584707  
3001.203822  
3000.392077  
2996.515092  
3008.644473  
3006.531771  
3004.74462  
3004.866101  
3012.731281  
3013.703468  
3013.44889  
3011.018283  
3005.162522  
3000.005966  
3001.026387  
3003.547192  
3000.518393  
2997.51706  
2995.308087  
2998.705591  
3006.985748  
3011.849716  
3006.213588  
3012.009401  
3011.622712  
3018.054937  
3014.547432  
3016.790098  
3006.816366  
3012.420627  
3011.501177  
3000.191158  
3010.789589  
3000.220878  
3003.586641  
3004.903263  
2999.196193  
3012.382963  
3009.0439  
3020.074912  
3009.15587  
3009.724746  
3003.882367  
3014.850887  
3010.225243  
3006.652125  
2998.370004  
3002.203265  
3004.13012  
3011.305557  
3002.436465  
2992.826371  
3001.663236  
3003.762969  
2998.708359  
3003.582089  
3001.344378  
3004.430825  
3014.672677  
3009.61421  
3004.514226  
3014.66888  
3006.198004  
3002.23241  
3005.962074  
3005.663537  
2998.491725  
3003.801821  
3001.938676  
3014.765218  
3013.488397  
3012.029495  
3015.004054  
3017.647151  
3013.457645  
3017.14371  
3006.604754  
3002.134092  
3015.905853  
3012.821162  
3004.326  
3002.565783  
3004.505722  
3008.015419  
3002.94505  
3008.309907  
3004.857375  
3013.549711  
3013.074054  
3018.753254  
3014.212942  
3003.828767  
3014.612626  
3006.36525  
3007.404182  
3004.274825  
2995.378587  
3000.984614  
3001.709643  
3011.731419  
3014.967768  
2998.422118  
3008.42085  
3008.696203  
3002.163471  
3013.852947  
3010.388485  
3009.001074  
3013.413895  
3012.147165  
3017.443322  
3011.533348  
3007.622122  
3002.243182  
3005.729113  
3001.385617  
2998.805862  
3002.882049  
3004.879586  
3023.042623  
3028.290494  
3015.824192  
3022.745756  
3025.585683  
3028.127268  
3015.269028  
3004.70927  
2995.655322  
2993.419917  
3000.964724  
3003.835945  
3002.379994  
3001.361489  
3008.500853  
3001.17077  
3013.118775  
3022.656153  
3004.297437  
3016.052305  
3018.070654  
3012.83267  
3004.561537  
3008.151403  
3007.615508  
3009.085513  
3004.679505  
2996.35667  
2999.638335  
3008.688899  
3013.080352  
3017.213004  
3010.580301  
3006.054477  
3006.086217  
3006.442501  
3005.156777  
3014.430961  
3000.317757  
3007.985525  
3018.146589  
3010.406774  
3010.356759  
3007.531078  
3006.727315  
3008.914925  
3017.997413  
3022.150471  
3018.086537  
3002.148655  
3004.029469  
3014.49496  
3017.590722  
3008.929559  
3015.588843  
3026.376045  
3021.504945  
3023.839311  
3020.150621  
3019.970222  
3011.315114  
3012.903334  
3003.348603  
3006.327781  
3006.329109  
2996.845741  
3001.038732  
3005.933062  
3013.322993  
3019.943155  
3012.885139  
3022.340884  
3007.518561  
3018.72332  
3007.681488  
3010.540665  
3020.767532  
3016.396923  
3016.214404  
3003.136207  
2996.38804  
2999.412246  
2991.742536  
3008.338276  
3007.443118  
3005.547546  
3015.180704  
3013.174844  
3020.831707  
3017.364785  
3013.11503  
3018.127189  
3015.724176  
3010.39121  
3015.809521  
3019.580702  
3021.090486  
3013.466864  
3012.031155  
3009.533564  
3013.1538  
3014.203592  
3015.188706  
3020.306523  
3018.996315  
3019.318333  
3022.919022  
3012.279619  
3015.838465  
3016.853953  
3006.371588  
3012.928728  
3003.967828  
3010.296325  
3017.658664  
3025.699825  
3032.62784  
3024.18591  
3025.38944  
3018.86111  
3018.100312  
3014.74346  
3015.411433  
3011.195103  
3004.012854  
3008.66461  
3001.951387  
3005.252295  
3010.679614  
3017.061231  
3025.55934  
3017.064236  
3012.128128  
3027.839432  
3017.058157  
3026.282419  
3017.03608  
3010.892767  
3011.73565  
3011.739282  
3004.997865  
3004.812689  
3007.826907  
3014.19485  
3017.863851  
3027.064219  
3025.884691  
3013.564242  
3025.179995  
3017.129974  
3013.239157  
3010.110229  
3010.735294  
3010.274157  
3009.338045  
3007.312445  
3009.589621  
3004.508254  
2997.532653  
3004.672152  
3001.281338  
3007.796931  
3013.256413  
3014.426563  
3022.512459  
3020.266742  
3018.521124  
3005.640983  
3013.820507  
3010.397976  
3011.085914  
3012.0911  
3014.795591  
2998.134538  
3012.084975  
3011.775392  
2999.43152  
3005.993957  
3006.30113  
3004.823688  
3014.854807  
3003.384711  
3018.709051  
3010.390749  
3011.830192  
3007.580233  
3016.758242  
3021.845527  
3021.691858  
3023.110853  
3013.849014  
3014.098505  
3013.431717  
3010.938792  
3008.143832  
3004.879527  
3009.816688  
3011.53255  
3015.970861  
3015.500415  
3009.590921  
3008.708299  
3015.573026  
3013.150456  
3010.872737  
3002.317281  
3006.537801  
3009.95168  
3011.567255  
3012.073768  
3021.173696  
3017.874947  
3015.909309  
3020.443054  
3018.963585  
3017.764313  
3014.64457  
3007.319385  
3007.261196  
3006.53399  
3002.712034  
2999.687146  
3001.728416  
2999.369454  
3008.679818  
3010.028526  
3015.744378  
3008.201452  
3020.253882  
3011.522886  
3021.05558  
3013.268253  
3020.12167  
3014.187962  
3011.118762  
3016.466842  
3008.239035  
3002.529645  
3006.521506  
3012.904465  
3023.565044  
3022.063561  
3011.735167  
3019.609976  
3019.137542  
3013.421994  
3014.084355  
3013.33499  
3010.530707  
3015.188066  
3009.526767  
3008.792773  
3002.299422  
3004.254726  
3007.201626  
3009.226312  
2999.914405  
3011.555408  
3013.020781  
3005.84653  
3008.098639  
3006.307597  
3013.194295  
3016.506614  
3012.196437  
3017.857562  
3014.571768  
3009.268895  
3011.708304  
3007.369875  
3010.348236  
3006.481503  
3008.288461  
3005.72137  
3004.843594  
3003.594739  
2997.566447  
3007.083566  
3015.476295  
3012.126042  
3015.711803  
3015.686546  
3019.50402  
3005.273416  
3007.606991  
3012.536808  
3005.157755  
3001.422015  
3004.70981  
3013.913946  
3014.123023  
3007.822772  
3009.032539  
3021.983079  
3018.176516  
3009.606837  
3011.904773  
3008.634452  
3004.723705  
3001.107245  
3003.913466  
3006.43457  
3007.864684  
2998.519168  
3003.083231  
3011.36331  
3009.35927  
3004.299067  
3003.662539  
3011.601871  
3019.920165  
3022.965233  
3031.950607  
3023.020863  
3031.736439  
3037.592444  
3019.819287  
3019.246229  
3021.796699  
3022.547939  
3023.350822  
3014.306058  
3017.768738  
3019.111777  
3028.618768  
3025.004436  
3021.210642  
3021.342567  
3014.349739  
3019.328779  
3019.46337  
3020.109017  
3031.397268  
3023.392444  
3030.494604  
3031.045714  
3035.720655  
3047.593683  
3044.771946  
3034.242654  
3038.426213  
3035.470378  
3026.315135  
3019.947602  
3018.875155  
3028.302489  
