6955.053998  
6962.984221  
6951.812928  
6936.48032  
6923.493169  
6925.34067  
6925.069956  
6930.459668  
6911.731561  
6905.074796  
6921.69412  
6930.159817  
6932.958178  
6921.977103  
6901.288724  
6908.712752  
6901.934217  
6897.089572  
6897.465467  
6913.356204  
6909.899155  
6911.663835  
6899.231861  
6899.82135  
6897.18027  
6900.804761  
6912.153933  
6920.438679  
6916.122007  
6904.391571  
6908.95259  
6922.117087  
6919.222786  
6917.796228  
6915.242656  
6923.994141  
6925.490675  
6924.680707  
6920.496104  
6911.185661  
6926.190437  
6921.962956  
6921.848066  
6900.928535  
6906.936016  
6898.87871  
6901.484231  
6904.12604  
6892.483614  
6902.48021  
6900.547132  
6902.144533  
6911.658443  
6913.230293  
6905.027278  
6909.558974  
6909.938701  
6921.874283  
6916.459978  
6930.804198  
6921.261138  
6923.126789  
6927.479446  
6924.200777  
6920.184917  
6913.351362  
6922.496379  
6929.030157  
6928.413872  
6918.024637  
6933.499402  
6930.870328  
6935.306575  
6929.617262  
6924.673863  
6916.838545  
6914.395597  
6906.654958  
6911.525359  
6904.339929  
6904.373429  
6917.294487  
6909.283849  
6911.930734  
6886.556773  
6884.368361  
6879.88527  
6885.617383  
6914.590431  
6901.314783  
6906.643004  
6909.053403  
6914.234325  
6916.459686  
6928.007458  
6919.748939  
6936.806496  
6927.250171  
6925.57632  
6902.033595  
6893.745805  
6881.668582  
6889.060438  
6885.095113  
6899.836033  
6905.89935  
6907.182263  
6899.346485  
6912.247816  
6918.392979  
6920.650174  
6898.453678  
6895.875448  
6902.429413  
6899.247337  
6907.553313  
6895.423336  
6893.684817  
6889.927702  
6885.553768  
6890.035216  
6896.099904  
6912.366634  
6906.055277  
6893.461632  
6889.142484  
6889.976015  
6888.152801  
6872.934471  
6887.855523  
6868.56472  
6887.732946  
6884.935846  
6878.114246  
6889.898227  
6890.534767  
6908.682263  
6915.68359  
6916.289123  
6924.27493  
6924.617265  
6907.609131  
6922.490139  
6921.472688  
6916.822375  
6923.742896  
6914.74605  
6920.370607  
6907.857438  
6895.210539  
6890.290573  
6901.289772  
6907.5483  
6905.490763  
6901.6368  
6905.14153  
6908.609962  
6892.225119  
6903.721729  
6901.030928  
6908.877974  
6904.589386  
6899.014764  
6919.954252  
6908.449588  
6910.814686  
6921.096878  
6934.542269  
6939.160972  
6940.294534  
6947.154159  
6944.899548  
6923.678509  
6940.55613  
6939.777624  
6931.310258  
6935.128117  
6934.511719  
6914.523382  
6913.277592  
6926.053981  
6920.664492  
6923.309989  
6906.760979  
6906.312235  
6914.891076  
6894.603803  
6897.072423  
6898.860298  
6923.301422  
6918.594596  
6919.692494  
6931.232813  
6931.767547  
6926.565973  
6927.074146  
6922.339681  
6923.363656  
6895.82437  
6899.441818  
6908.610408  
6911.429886  
6916.519134  
6921.827245  
6917.758548  
6926.338188  
6921.976403  
6926.583587  
6923.118472  
6922.039986  
6937.5354  
6938.904985  
6943.632454  
6946.322629  
6941.930892  
6936.958368  
6928.560854  
6908.518413  
6897.885708  
6901.388625  
6906.443336  
6904.500573  
6911.819016  
6912.621643  
6927.736928  
6922.956995  
6932.47406  
6915.034202  
6922.169612  
6921.180652  
6919.03693  
6917.242994  
6914.163054  
6916.287857  
6924.321758  
6925.536769  
6924.517707  
6925.197162  
6918.045003  
6923.954359  
6922.56273  
6931.149121  
6940.17745  
6928.171327  
6935.285759  
6924.021477  
6925.428996  
6920.847711  
6931.366632  
6922.775788  
6916.037384  
6910.427165  
6909.49353  
6915.122381  
6916.650559  
6926.566593  
6920.258553  
6927.791347  
6931.099771  
6931.816005  
6929.717518  
6926.34122  
6921.604866  
6938.932829  
6942.185966  
6937.100833  
6931.940391  
6915.523825  
6921.269911  
6930.187679  
6946.352135  
6943.05563  
6940.42836  
6936.543565  
6926.286741  
6925.539921  
6916.13326  
6911.036883  
6915.068065  
6929.132128  
6917.95092  
6915.933668  
6913.520602  
6917.667939  
6922.164784  
6923.93763  
6925.262711  
6917.6854  
6912.382042  
6928.406817  
6912.298875  
6934.039861  
6928.291231  
6928.187438  
6934.896351  
6923.74208  
6906.20609  
6902.853002  
6897.802923  
6901.582851  
6905.005892  
6904.196237  
6896.487178  
6899.731778  
6928.987649  
6928.626193  
6914.245183  
6919.419503  
6912.209082  
6915.084135  
6916.565441  
6909.897595  
6898.675769  
6913.841308  
6914.826458  
6912.116104  
6908.553251  
6907.716876  
6906.046982  
6915.369033  
6919.356104  
6918.556969  
6930.597213  
6940.952821  
6937.290545  
6935.875079  
6928.772889  
6918.968689  
6910.129681  
6919.790272  
6916.509169  
6911.957227  
6905.574358  
6894.650463  
6906.813972  
6912.060939  
6906.777064  
6912.249252  
6923.192714  
6933.058745  
6938.58643  
6934.395786  
6923.549688  
6912.150887  
6904.777662  
6904.524785  
6908.275082  
6908.132788  
6903.558498  
6894.574704  
6911.88547  
6922.154531  
6923.191329  
6915.934598  
6907.814185  
6907.529182  
6910.365666  
6904.202094  
6908.258321  
6910.420548  
6907.540188  
6905.108032  
6906.171701  
6897.792307  
6902.663832  
6915.42141  
6924.634499  
6931.616131  
6922.56249  
6918.997706  
6917.661532  
6921.122936  
6922.634283  
6922.161929  
6921.096763  
6926.985028  
6935.514897  
6933.63395  
6921.655909  
6923.41925  
6926.651885  
6928.475966  
6926.606399  
6909.058416  
6917.41902  
6925.693634  
6935.044026  
6943.238592  
6955.927378  
6947.0983  
6970.798203  
6957.556957  
6956.564939  
6956.461187  
6937.675556  
6953.353877  
6955.63583  
6947.679882  
6951.084923  
6939.714513  
6952.223827  
6947.984632  
6938.071532  
6936.716603  
6918.219977  
6927.048241  
6941.103423  
6926.967811  
6933.941185  
6934.852174  
6950.288615  
6965.76527  
6960.828583  
6947.211821  
6945.17417  
6951.128358  
6949.422373  
6956.612818  
6940.83589  
6943.300373  
6940.408731  
6947.591788  
6947.039992  
6931.444119  
6934.7522  
6929.802739  
6947.962916  
6948.508408  
6936.713565  
6935.932245  
6943.222974  
6958.046479  
6955.777081  
6961.916953  
6954.660914  
6948.003622  
6950.145982  
6941.022222  
6927.650989  
6922.036076  
6928.012353  
6933.705944  
6926.729272  
6929.784818  
6941.177756  
6931.488359  
6940.117203  
6947.626663  
6940.61375  
6938.269641  
6921.339561  
6929.638066  
6937.447432  
6927.506792  
6917.727075  
6930.015002  
6943.745955  
6933.487074  
6924.030952  
6933.354265  
6921.119079  
6914.837595  
6927.652936  
6909.693096  
6906.437501  
6914.053034  
6908.887745  
6903.90823  
6893.467877  
6904.165741  
6913.319427  
6919.46453  
6920.604992  
6918.278113  
6920.067968  
6924.706039  
6912.564972  
6917.268957  
6915.671512  
6915.977497  
6916.078156  
6923.021726  
6920.984066  
6911.810411  
6907.471131  
6901.877104  
6925.653276  
6921.720739  
6904.495113  
6913.188941  
6925.150565  
6920.481992  
6924.636287  
6909.590825  
6912.397835  
6926.79544  
6925.883074  
6937.037968  
6924.784957  
6906.902355  
6921.890149  
6915.78879  
6905.706315  
6896.005877  
6889.801138  
6908.956484  
6908.808732  
6913.641484  
6919.58348  
6917.417873  
6922.852122  
6913.958323  
6929.480477  
6925.033034  
6925.423618  
6910.498558  
6916.613798  
6931.937106  
6929.847509  
6916.236122  
6913.858116  
6918.715938  
6920.959278  
6915.76931  
6912.712239  
6898.499255  
6909.274198  
6915.101609  
6920.387763  
6922.977911  
6936.593544  
6924.708489  
6919.206562  
6914.877178  
6894.387452  
6893.992034  
6910.899964  
6899.554967  
6891.357581  
6897.961807  
6913.741797  
6907.339263  
6917.219094  
6904.650696  
6902.035024  
6904.318217  
6922.635797  
6918.560239  
6925.086334  
6914.797121  
6914.109818  
6920.265938  
6924.975721  
6919.590758  
6922.743321  
6911.233789  
6906.939233  
6902.201679  
6904.044607  
6904.109598  
6906.248925  
6907.986575  
6913.34838  
6917.400909  
6924.940402  
6930.915841  
6938.321989  
6925.640376  
6945.066037  
6959.012922  
6950.010634  
6932.581845  
6941.046075  
6915.730064  
6929.978768  
6927.598958  
6929.341103  
6929.618016  
6931.293884  
6919.035263  
6924.997953  
6911.796869  
6914.839748  
6910.317666  
6915.124603  
6918.232827  
6914.516856  
6923.037118  
6919.667796  
6916.999476  
6902.432669  
6905.819701  
6886.401818  
6895.206533  
6883.332454  
6898.02828  
6904.767739  
6908.348001  
6907.381024  
6906.891286  
