0.2811676736  
-0.1135030303  
-0.655006604  
-0.5165733575  
-0.01268497943  
0.7325357469  
0.3682578688  
0.1309791485  
0.02139060248  
-0.4544741289  
-0.6317968784  
-0.5254741845  
-0.3347950013  
-0.7985505027  
-0.7971656664  
-1.218036777  
-0.6637261798  
-0.8332820133  
-0.6709811535  
-1.167264604  
-0.9508927448  
-1.564824457  
-1.409274836  
-0.7020432469  
-0.6898369418  
-0.2972668855  
-0.4756749781  
-0.3024426178  
-0.241188739  
-0.5889650369  
-0.1967784695  
-0.434301774  
-0.5698073693  
0.05741498253  
-0.1956724616  
-0.5985012816  
-0.6568193775  
-0.8939805403  
-0.6328095009  
-0.7543782641  
-0.1057834026  
-0.6572018524  
-0.578236428  
-0.4243713642  
-0.4969988737  
-0.4552333822  
-1.063335571  
-1.202841916  
-0.5750240346  
-0.6379664413  
-0.935105336  
-0.7578672155  
-0.797346541  
-0.329377701  
-0.1784361746  
-0.04469869629  
-0.2552679155  
-0.2732794458  
0.4014159315  
0.2037352194  
-0.1541704169  
-0.469422168  
-0.7935849383  
-0.7877718103  
-0.3015299396  
-0.6002494641  
-0.9580575653  
-1.110892919  
-1.390301079  
-1.125915797  
-1.115115948  
-1.175299378  
-1.149985806  
-0.6548270523  
0.05721691066  
-0.31658902  
-0.4511018456  
-0.7868827589  
-0.723527192  
-0.7791075161  
-0.8458468613  
-0.6183528212  
-0.1581665296  
-0.6622298385  
-0.5845836661  
-0.5326477585  
-0.1766831869  
-0.2444448819  
-0.4735546215  
-0.5670770602  
-0.8744725567  
-0.3305632907  
-0.6268513566  
-1.521059383  
-1.263850159  
-0.576521236  
-0.3025485971  
0.05246934576  
-0.4542554159  
-0.2808758285  
-0.4614323181  
0.5496764545  
-0.06724074148  
0.0681152966  
0.03800683764  
-0.1865087978  
-0.05443219202  
0.006171031077  
-0.06838169921  
-0.3804306241  
-0.5651378455  
-0.5452598773  
-0.06737468407  
-0.2855090323  
-0.06898270988  
-0.04587019683  
-0.08001954011  
-0.004216254419  
-0.8155180418  
-0.8653558901  
-0.8099171358  
-0.7911590652  
-1.211559322  
-0.6555364169  
-0.4484351046  
-0.8307228077  
-1.28221065  
-0.6871370617  
-0.4384076787  
-0.486377856  
-0.801816436  
-0.73993723  
-0.985795363  
-0.3356090969  
-0.6995575162  
-0.7570843279  
-0.8434721705  
-0.69073225  
-0.5429283249  
-0.5313416575  
-0.8274561781  
-0.4444037309  
0.09489082286  
0.2793388838  
0.2802232086  
-0.2604688479  
-0.5633602959  
-1.015842127  
-1.254147144  
-1.071124937  
-1.158430081  
-1.226181318  
-1.054650271  
-1.153735532  
-0.9034442248  
-0.6494581408  
-0.8033443763  
-0.7441092182  
-0.4530198468  
-0.2426379667  
-0.2545502234  
-0.395242319  
0.05976105485  
0.3726973235  
-0.4438066426  
-0.7559731951  
-0.7827572619  
-0.6762664138  
-0.4463618567  
-0.3353654497  
-0.4113638287  
-0.3582458  
-0.7130431979  
-0.5681785392  
-0.2311429908  
-0.5158994696  
-0.3823816252  
-0.1889898512  
-0.3852402536  
-0.1167909896  
-0.2182902657  
-0.3891200102  
-0.3232078237  
0.2374337319  
0.002064365855  
-0.8434752612  
-0.992042373  
-0.1722508809  
-0.5757079415  
-0.7546098894  
-0.6213567201  
0.2006476751  
-0.1899773202  
0.5332715904  
0.848299038  
0.4363730834  
0.01081210448  
0.390890858  
0.07457889257  
-0.09614600355  
-0.2874288542  
-0.09053106663  
-0.7128499522  
-0.767820753  
-0.3125430169  
-0.3176248364  
-0.6495708328  
-0.4015824445  
0.1347594047  
0.2172031001  
-0.1491340872  
-0.5614549805  
-0.6398212906  
-0.2959801097  
0.3641232136  
-0.02146430078  
-0.3871116113  
-0.008397371355  
0.4833069538  
0.3494514407  
0.6178306259  
-0.01670888921  
0.7256791901  
0.2921057711  
0.8080890759  
0.4992851429  
0.3823461247  
-0.06854160887  
-0.1136700649  
0.07381992364  
-0.5804488539  
-0.1312268642  
0.318933866  
0.6484153859  
0.6615797151  
0.04608577032  
0.6587725236  
0.6062879616  
0.8673706114  
0.6456009214  
-0.1450648117  
-0.8969788505  
-0.01017232858  
-0.06369186658  
0.6076489643  
0.005625296233  
-0.1485446487  
0.4740791425  
0.1340992696  
0.3582431152  
0.2210626594  
0.08009827505  
0.1872565219  
0.5074056039  
0.356438198  
0.6279303326  
0.5622981891  
0.8538880207  
0.9278717834  
0.6409225699  
0.5620413884  
-0.1525047299  
-1.009550291  
0.02267939577  
-0.04266045219  
0.09526907779  
-0.4994943965  
-0.8643192962  
-0.3249576391  
-0.1391814287  
-0.2723383391  
-0.2403861705  
-0.1063258455  
0.250094476  
0.8428951247  
0.3372331762  
0.3298670411  
0.2794470013  
0.02292654486  
0.09450870823  
-0.2787753897  
-0.6912945936  
-0.1793824614  
-0.154958573  
0.2565631426  
-0.2207650063  
-0.8552238594  
-0.4727648454  
-0.01985187479  
0.03654649604  
0.1032718225  
-0.1728521825  
-0.06399496206  
0.09145205838  
0.3507770617  
0.06990938104  
-0.2405393975  
-0.8278093173  
-0.850484108  
-0.2475786343  
-0.05954727751  
-0.3054751287  
-0.5523882175  
-0.9856199328  
-0.1798352856  
-0.1626260968  
0.1934455402  
-0.4381163201  
0.3461927161  
0.1999640497  
0.2198680184  
0.1066369692  
0.3069500342  
0.2985827572  
-0.2022817303  
0.1666599568  
0.2144090411  
-0.4215895138  
0.06583476294  
-0.0470090964  
0.2110862222  
-0.0897398379  
0.2367206851  
0.6907663811  
0.499127775  
0.6010009232  
1.251589293  
0.7156852322  
0.6767340613  
1.214055485  
1.313305267  
0.6132638484  
0.3747181073  
-0.1109058486  
-0.4285070675  
-0.05629979937  
-0.03345167717  
-0.1734777454  
-0.3822579276  
-0.5425193816  
-0.2135188464  
0.3568282121  
0.04665137681  
0.189239692  
0.6115439899  
0.6326399372  
0.4254703417  
0.1007691456  
0.2294333509  
0.1639802507  
0.1361817556  
0.01233306364  
0.1574926751  
0.92617622  
0.4641901581  
0.7048001683  
0.4844021306  
0.5298050492  
0.9372766499  
0.7228971297  
-0.1371895435  
0.07169758125  
0.2497618232  
0.209938153  
-0.1824050417  
-0.5380703103  
-0.6719701897  
0.3906690876  
0.7994646008  
0.8236823035  
1.74482703  
1.432246887  
1.044360679  
1.57599929  
0.9701619619  
1.086208064  
0.6261355966  
0.6291775991  
0.8699440148  
1.033070535  
0.5580858233  
0.2377938413  
0.6031745357  
0.7318521206  
0.7107938597  
0.8900285825  
0.7554512644  
0.5561425682  
0.5610344894  
0.6829835475  
0.1777345672  
-0.3106238394  
0.08746323967  
0.08209885494  
-0.3541763427  
-0.03273313879  
-0.1517717999  
0.19563242  
0.5725536844  
1.469495187  
1.090514164  
0.7432368583  
0.9174318856  
1.031032797  
0.6975620821  
0.2411330273  
0.4296891016  
0.06851166768  
0.2218907254  
0.2856442646  
-0.4352224226  
0.0177115156  
-0.1826650597  
-0.4482934068  
-0.4355268805  
-0.3300931774  
0.4875059569  
1.007000023  
0.5916623182  
0.8399307434  
0.6085591265  
0.7492902634  
1.108080716  
0.5993538681  
0.3062338711  
-0.02028122749  
0.636582176  
0.9315443209  
0.5479459208  
0.02237865897  
-0.2210556199  
-0.3555675553  
0.2393835873  
0.184113342  
0.3689290239  
-0.08548111994  
0.580364555  
0.6435639312  
1.017073917  
0.4826148354  
0.2467215364  
0.3105426769  
0.3314728838  
-0.2609615813  
-0.2795287992  
-0.02956759978  
0.5402762643  
0.3695725871  
0.4066730694  
0.5884749181  
0.06023207059  
0.5803128967  
0.1156570699  
0.1493493885  
0.1907395442  
-0.6688920402  
-0.7512171269  
0.06686794149  
0.1802235473  
0.6488791022  
-0.4524107522  
0.2454810816  
0.573696999  
0.6264630268  
0.2658942084  
0.0591065838  
0.479126516  
0.649572185  
0.4993921054  
0.1580133114  
-0.2868122689  
-0.05565234143  
0.1875330094  
0.04212986346  
-0.1572668861  
-0.5523725586  
-0.1763002425  
-0.2573677361  
-0.3573534947  
-0.3571642467  
-0.108281755  
0.004553632495  
-0.2170149764  
0.3864015589  
0.8934089435  
0.06229027046  
0.3088585073  
0.689934807  
1.407749474  
0.7101087444  
0.9279625427  
0.3486717218  
-0.2273663387  
-0.2503633507  
-0.1773841203  
0.2326043873  
-0.2343357737  
-0.1737658309  
0.2035600722  
0.4465721552  
0.372573949  
-0.1335537633  
-0.07032104081  
-0.006578118707  
0.1493490163  
-0.08509172741  
-0.3074132848  
-0.3001203292  
0.1175867469  
0.2299003536  
0.4796903747  
-0.2630189591  
-0.2853060996  
0.3919178915  
0.476522504  
0.2876812583  
0.3772223681  
0.5973127524  
0.5784655624  
0.916705102  
-0.1054159678  
0.2150626953  
0.2203725867  
0.4288529474  
0.8414560465  
-0.05818944448  
0.09035018013  
0.1078669196  
0.2892220034  
0.4240558722  
-0.50248228  
-0.1502073318  
0.07201226977  
0.1733864325  
0.6202820318  
0.8008088622  
0.5073508211  
0.5334040691  
0.2366099892  
0.4461048858  
-0.1689820448  
-0.6141928744  
-0.357582524  
-0.3772313873  
-0.3817870846  
-0.58759667  
0.4784983975  
0.254595958  
0.1222407525  
0.3156149283  
-0.1331833882  
-0.3321799026  
-0.4220703962  
-0.3885803462  
-0.07675519125  
0.009665009415  
0.1883879973  
0.552802313  
0.545219842  
1.390824927  
1.515297358  
0.8681327631  
0.5489688678  
0.8040490144  
0.4794597485  
0.2550553031  
0.2857966288  
0.1779698676  
-0.05616452005  
0.4061413931  
0.4523790573  
0.3386325327  
0.6321774854  
0.6282999699  
0.8811222373  
0.7812692223  
0.9933482095  
0.9568919722  
1.106222112  
0.7401722555  
0.2290551602  
-0.05658315463  
0.1547959105  
0.08801988974  
-0.03806865103  
0.7364967312  
-0.2686738489  
0.8452424034  
0.860890774  
1.332960292  
0.8747395958  
1.704243218  
1.456574564  
1.283535781  
1.481883967  
0.9370117219  
1.081851324  
0.526730956  
0.6546717519  
0.8031038396  
1.292322779  
1.477754955  
1.14341497  
0.6699164979  
0.2117501383  
0.1736466853  
0.2055727137  
0.3528121433  
-0.2299987847  
-0.5774690528  
0.07918601238  
0.4002331311  
0.5941953274  
0.1534869663  
-0.5611018037  
-0.2445977495  
-0.5352323382  
-0.7286708483  
-0.8335788939  
-0.06876461652  
-0.2916710631  
-0.2483450859  
-0.7882234824  
-0.8603142067  
-0.9025909329  
-0.6901037399  
-0.2742358993  
0.08466045803  
-0.09647779433  
-0.5028649983  
-0.4020348148  
0.09684180499  
0.02963882534  
-0.2339209456  
-0.2189796259  
0.08866656786  
0.2353133337  
0.133492293  
-0.06191792342  
-0.4659353478  
0.1772168183  
0.05589881217  
0.1241325411  
-0.5647274888  
-0.2286510032  
-0.6657264848  
-0.5492190347  
-0.4484414595  
-0.8788948901  
-0.6121939825  
-0.5911435723  
-0.6630437028  
-0.1990741579  
-0.2861395359  
-0.6070296211  
-0.4009206109  
-0.250230202  
0.1842566226  
-0.1706360054  
0.4654699867  
0.1694641693  
0.09590045695  
0.3558245229  
0.2352671136  
-0.1053224749  
-0.2395348907  
0.04776299054  
0.307193381  
0.1845283284  
-0.2293097937  
0.5026076622  
0.4313969261  
0.6861011152  
0.3723393469  
0.2627049343  
-0.05399569733  
-0.06663055865  
-0.3485043536  
-0.2723750275  
-0.5624416629  
-0.5044464022  
-0.1152140832  
-0.4141920068  
-0.281918279  
-1.206741747  
-1.207726682  
-1.406573017  
-1.268363015  
-0.1363934511  
-0.8753264716  
-0.4576328186  
-0.3106432348  
-0.2025803768  
-0.1295362171  
0.4286508144  
0.03858832798  
0.6207541133  
0.2433307176  
0.286311993  
-0.5878214468  
-0.9439988577  
-1.349957207  
-1.058022634  
-1.221848959  
-0.7659892147  
-0.4603446562  
-0.3115509903  
-0.710702218  
-0.2831647117  
-0.08037219952  
0.09177739632  
-0.5824520983  
-0.72236122  
-0.3844182898  
-0.5193409101  
-0.2589745183  
-0.7405236447  
-0.8976355283  
-0.9579184597  
-1.114327101  
-0.8456397396  
-0.7609578403  
-0.2020651879  
-0.3261737263  
-0.9164049684  
-0.9120487735  
-0.7747645236  
-0.9616208609  
-1.544746168  
-0.9012727664  
-1.801292961  
-0.980885203  
-1.212380899  
-1.387473826  
-1.025254238  
-1.109076982  
-0.2089181327  
-0.02764189033  
0.03574286068  
0.2586395186  
0.3639624323  
-0.4767479949  
0.2119841713  
0.1572175043  
-0.01454953345  
0.31892057  
-0.08045211677  
0.06371562647  
-0.2642197781  
-0.701916746  
-0.9652467828  
-0.5821128311  
-0.3693919012  
-0.3262338119  
-0.4535578112  
-0.3355479068  
-0.2367935194  
-0.887262344  
-0.3613483106  
-0.628301691  
-0.2819902681  
-0.500635912  
-0.6695538793  
0.1015144932  
-0.3705665985  
-0.31011209  
0.1239790574  
0.4249575217  
0.8373795738  
0.8321944276  
1.075490462  
0.9535866239  
0.1907238278  
0.8319937238  
0.8582258599  
0.3398649366  
0.571898884  
0.6536643688  
-0.1569377179  
-0.1999207462  
0.2405902127  
0.07206421877  
0.2916817817  
-0.3340039088  
-0.4210533395  
-0.07371014555  
-0.8373356717  
-0.6464516148  
-0.6285458746  
0.209713262  
-0.07616378517  
0.005210435635  
0.3206804958  
0.4825269099  
0.3286519327  
0.2788863047  
0.1835273219  
0.2439144295  
-0.83575306  
-0.7367584938  
-0.3130265416  
-0.2927970357  
-0.06984539308  
0.06622512766  
-0.1455537209  
0.1851041683  
0.0783447457  
0.339825496  
0.258954725  
0.01454236935  
0.695917988  
0.7915056331  
0.8633971682  
0.9603714061  
0.8667499395  
0.7813352268  
0.5557766631  
-0.1855392838  
-0.6797065275  
-0.5431612755  
-0.4148571773  
-0.5132708007  
-0.2204653044  
-0.1880824558  
0.3826182436  
-0.04556309865  
0.4097443705  
-0.1770431213  
0.09711039059  
0.1630884553  
0.05257375219  
-0.1171706528  
-0.2999913542  
-0.08719311546  
0.1714316641  
0.1407736134  
0.1146338876  
0.1470356745  
-0.08691384593  
0.1219917621  
0.05690696717  
0.4019143645  
0.7282736282  
0.3208443403  
0.7033588932  
0.2212266004  
0.2952720302  
0.05391945668  
0.3815470442  
0.07373394063  
-0.1360901554  
-0.3063896314  
-0.4616529801  
-0.2019327517  
-0.2562113041  
0.2119059791  
-0.07312736391  
0.2763045154  
0.3336037234  
0.4095553453  
0.3783136224  
0.2187066363  
0.01087407333  
0.6274349444  
0.6932299524  
0.5779313583  
0.3700535378  
-0.1115324623  
0.2303629646  
0.4189114343  
0.9993505114  
0.7293176499  
0.5340154978  
0.4981338191  
0.236961852  
0.1782648349  
-0.1662247327  
-0.2723892929  
-0.1103660733  
0.2821632504  
-0.1126621148  
-0.124091086  
-0.1922298079  
-0.1966228164  
0.1313673346  
0.1511225755  
0.1478109054  
-0.0895503039  
-0.3039936201  
0.2698482297  
-0.3999943109  
0.5201432412  
0.3009651163  
0.2651766298  
0.4763101472  
0.1434319773  
-0.4853465166  
-0.5997117857  
-0.7787078417  
-0.6120526238  
-0.5989581522  
-0.5913610055  
-0.8377378502  
-0.7662671973  
0.3492158563  
0.3520037865  
-0.15990348  
0.06415424268  
-0.20630399  
-0.06241962855  
-0.04525077892  
-0.3123301111  
-0.6839441603  
-0.2177027077  
-0.2088413021  
-0.2534807257  
-0.3879654521  
-0.460416621  
-0.5068520517  
0.05247503963  
0.143436621  
-0.02756781344  
0.5071511103  
0.8310163538  
0.6017108212  
0.6491792134  
0.3142120307  
0.06275294986  
-0.345268545  
0.0914561699  
-0.06765142031  
-0.1662846343  
-0.3970062131  
-0.9356958725  
-0.3966311105  
-0.3439826282  
-0.3632810396  
-0.1815022075  
0.2575954082  
0.5139167405  
0.7229361915  
0.4628357257  
0.1765286026  
-0.08472191937  
-0.4532630518  
-0.5087873706  
-0.2994796978  
-0.4253381167  
-0.5369996619  
-0.9279572004  
-0.4211124891  
-0.08330747992  
0.02696818324  
-0.2815159915  
-0.4531466577  
-0.4772370279  
-0.331532367  
-0.5301083954  
-0.3752383752  
-0.4250556592  
-0.4879137123  
-0.3899863857  
-0.437874526  
-0.7981568382  
-0.6922968278  
-0.1065811702  
0.1782722173  
0.4993973955  
0.09994637623  
-0.00783154191  
-0.2435340403  
0.06576585723  
0.2467097296  
0.1700900766  
-0.04646387702  
0.1872677333  
0.5053786911  
0.4215919635  
0.02952383834  
0.06871011768  
0.3030603356  
0.2659219962  
0.2998191917  
-0.3299074022  
-0.07946934463  
0.2644244081  
0.6313761715  
0.9363882986  
1.372069409  
0.9174930491  
1.857166705  
1.404405457  
1.434055055  
1.262335484  
0.622677935  
1.04619483  
1.285475662  
0.8881990802  
1.012145698  
0.6304432075  
1.132142396  
1.00822854  
0.7492697564  
0.6952765081  
0.05276935273  
0.3734832247  
0.8252271857  
0.2526911281  
0.4677239195  
0.4813989157  
0.9963888097  
1.538663891  
1.485375486  
0.7950385329  
0.72530216  
1.070162565  
1.009487717  
1.301157931  
0.6104649956  
0.7392922068  
0.6539718356  
1.017561859  
0.9808412099  
0.3420411151  
0.4833387348  
0.2712686241  
0.9451049961  
0.9944593352  
0.4449544435  
0.4296107181  
0.7482957756  
1.220990267  
1.182230381  
1.39403855  
1.105813864  
1.113458265  
1.174750609  
0.9028717863  
0.1793083697  
0.100498821  
0.2687117246  
0.6013161249  
0.2116508677  
0.2667094204  
0.7582989419  
0.4103200706  
0.8118749483  
1.008308233  
0.8106724757  
0.8524793222  
0.1526555913  
0.5371483984  
0.8115701667  
0.2643204498  
-0.03824064323  
0.4505005785  
0.8789855904  
0.4952608122  
0.01567461667  
0.6024170878  
0.1238661292  
0.04454470162  
0.5366538388  
-0.2158770747  
-0.4043926562  
-0.102930637  
-0.3608344715  
-0.4990832743  
-0.8533547045  
-0.3095632189  
-0.1493912948  
0.07393566262  
0.03541889857  
0.01538162143  
0.08492605737  
0.296500238  
-0.2934777534  
-0.03284092993  
-0.1510576109  
-0.1299330032  
-0.0639173912  
0.006138697239  
0.1438874608  
-0.1866841617  
-0.3795136083  
-0.6545790592  
0.3472608432  
0.1260074519  
-0.5531021715  
-0.2210224393  
0.191093276  
-0.06715051599  
0.3404266969  
-0.3622085937  
-0.1967529029  
0.3482055318  
0.2675269173  
0.7733863829  
0.06941142117  
-0.4417342979  
0.07747753236  
-0.1943843725  
-0.4535747272  
-0.8361551688  
-1.059278521  
-0.3574666773  
-0.4300226351  
-0.1010468205  
0.02470560323  
-0.1082405931  
0.194888503  
-0.2202949984  
0.3743198164  
0.2479296214  
0.2164247814  
-0.3336923403  
-0.1493871339  
0.5532602914  
0.3932111754  
-0.02431218734  
-0.1623966191  
0.08869977861  
0.07780401772  
-0.101079283  
-0.1486404578  
-0.7262531973  
-0.3338525524  
-0.2157298048  
-0.04995812412  
0.1125866305  
0.5710632305  
0.1659270245  
0.0463153826  
-0.061592774  
-0.7430514558  
-0.8153411029  
-0.1889903634  
-0.6721217231  
-0.9440464041  
-0.7884476964  
-0.1435101553  
-0.334351846  
0.06281505066  
-0.4658927581  
-0.7629500431  
-0.602849155  
0.1278626662  
-0.1178211642  
0.1256828041  
-0.2522580296  
-0.1684215181  
0.05085945541  
0.2206386951  
0.09316538041  
0.1223556621  
-0.3057535036  
-0.3815789711  
-0.5721054118  
-0.4985937747  
-0.5425158511  
-0.495996181  
-0.3915265339  
-0.3051865362  
-0.1854201537  
0.1531238928  
0.4533259964  
0.7263014372  
0.2141682151  
0.819446053  
1.277208068  
0.8497681256  
0.3598420543  
0.8057780791  
-0.2171476626  
0.380997563  
0.2775736733  
0.5111373923  
0.546380014  
0.5881255156  
0.203267191  
0.364369126  
-0.1405123333  
-0.03422674758  
-0.3500225445  
-0.0606980417  
0.06008806178  
-0.1500757873  
0.2876657049  
0.1041957543  
0.01443080322  
-0.504126255  
-0.3813422681  
-1.061957325  
-0.8548685867  
-1.284588965  
-0.7102155691  
-0.43816592  
-0.3698151128  
-0.3884884449  
-0.3981829212  
