3138.75676  
3146.819505  
3139.659017  
3152.105131  
3164.751206  
3166.0883  
3160.450687  
3147.931247  
3152.289409  
3146.858548  
3147.068497  
3139.648848  
3138.439748  
3133.76003  
3131.82176  
3127.150373  
3135.080396  
3135.140211  
3140.051859  
3145.060598  
3137.080571  
3138.606095  
3137.872159  
3133.051238  
3133.063298  
3140.739169  
3127.401106  
3132.844095  
3129.814892  
3131.858351  
3129.909654  
3140.829046  
3141.045858  
3151.025077  
3141.450809  
3136.397756  
3125.081898  
3123.826995  
3122.272096  
3120.80825  
3125.427886  
3135.918158  
3124.794757  
3132.538885  
3139.056709  
3144.969834  
3142.527242  
3139.717873  
3144.126884  
3146.422733  
3137.40239  
3127.585304  
3135.282074  
3131.253152  
3145.474047  
3151.670411  
3137.408736  
3134.330729  
3146.313027  
3145.559517  
3152.672898  
3153.398757  
3143.451702  
3131.913536  
3139.421429  
3142.115714  
3137.219084  
3135.866398  
3134.623719  
3139.943649  
3140.138961  
3135.96648  
3131.055993  
3132.162794  
3136.676925  
3143.979352  
3144.526308  
3140.214063  
3135.812023  
3137.099885  
3129.755556  
3135.848909  
3141.997092  
3121.831441  
3130.583866  
3140.005573  
3143.721752  
3145.230803  
3142.082718  
3145.194873  
3139.982126  
3137.439629  
3136.259316  
3130.159963  
3126.959652  
3149.34907  
3149.873392  
3144.499654  
3131.624396  
3125.419164  
3131.111778  
3132.133153  
3142.018875  
3134.256921  
3133.344034  
3143.917732  
3141.498539  
3139.649331  
3139.326278  
3137.3437  
3129.151708  
3143.008836  
3140.167936  
3135.378112  
3123.255379  
3129.777787  
3134.104681  
3129.908504  
3140.26306  
3144.638802  
3146.625143  
3143.603968  
3141.994537  
3140.400078  
3145.285035  
3147.413541  
3133.372728  
3142.622437  
3127.771413  
3129.760086  
3134.441645  
3134.440901  
3128.077758  
3131.154066  
3129.867055  
3130.177784  
3131.483943  
3128.514652  
3134.46493  
3139.686281  
3132.59346  
3138.200516  
3145.496474  
3152.736725  
3150.284202  
3143.047477  
3146.556527  
3139.871258  
3131.9261  
3138.964303  
3134.555335  
3133.611158  
3127.21756  
3135.111185  
3125.332184  
3130.561539  
3125.672987  
3140.171818  
3152.208844  
3152.61942  
3145.569147  
3159.054138  
3157.781595  
3151.44824  
3141.987529  
3140.00746  
3142.752732  
3149.934367  
3142.731376  
3142.614735  
3143.036619  
3144.165609  
3139.309721  
3146.534254  
3151.579852  
3146.857691  
3139.450046  
3141.90242  
3152.526969  
3149.234137  
3145.642311  
3140.402828  
3144.688349  
3150.260163  
3140.765628  
3139.102845  
3141.350593  
3141.853086  
3150.9589  
3149.738118  
3138.195557  
3152.130417  
3138.046285  
3157.134696  
3155.312917  
3156.957111  
3150.061392  
3146.874053  
3151.015333  
3139.184163  
3145.687839  
3148.483105  
3142.250319  
3142.729228  
3153.556697  
3153.568487  
3147.586116  
3144.977259  
3156.99553  
3156.661828  
3155.756351  
3153.437384  
3147.541279  
3149.258142  
3156.152912  
3145.006003  
3142.554342  
3144.881782  
3150.846042  
3147.753586  
3149.711199  
3147.737907  
3147.402494  
3156.564722  
3159.40935  
3148.596516  
3146.285087  
3144.540944  
3148.382635  
3145.664229  
3134.834994  
3141.776206  
3140.500275  
3147.599065  
3136.423066  
3138.517348  
3134.774528  
3152.095189  
3159.767479  
3150.452797  
3143.844113  
3138.403713  
3152.845794  
3153.039992  
3155.759837  
3151.437353  
3153.617472  
3141.381655  
3142.190914  
3146.287286  
3140.655476  
3125.6856  
3135.746224  
3156.405097  
3154.686274  
3167.365899  
3154.393288  
3159.906157  
3165.766566  
3160.196164  
3148.170732  
3134.974105  
3134.085288  
3137.918837  
3135.065862  
3135.851322  
3125.034123  
3141.472899  
3141.16681  
3146.360468  
3152.68802  
3159.820522  
3163.177683  
3160.405652  
3169.34997  
3164.733375  
3147.050887  
3143.650691  
3147.54403  
3140.379567  
3134.881373  
3132.896279  
3132.730491  
3148.104463  
3148.391434  
3149.326584  
3139.764538  
3134.129765  
3149.612779  
3141.609046  
3150.295238  
3134.010134  
3140.108436  
3151.870806  
3152.122663  
3150.902376  
3140.30441  
3140.832901  
3142.990978  
3147.247003  
3143.725954  
3159.055334  
3134.516188  
3142.14519  
3148.47182  
3148.475053  
3146.887739  
3144.828481  
3145.288023  
3134.541037  
3143.622972  
3153.077105  
3155.400482  
3155.932788  
3148.502325  
3145.555182  
3136.747904  
3148.588684  
3144.036545  
3142.048713  
3141.89029  
3151.2908  
3157.914267  
3143.900843  
3155.867856  
3149.402823  
3159.273916  
3155.114642  
3169.165669  
3166.178069  
3171.212474  
3158.633473  
3147.533902  
3138.169006  
3136.487359  
3139.53825  
3140.003138  
3139.542248  
3138.740826  
3142.263833  
3149.278027  
3145.956767  
3145.60846  
3143.814217  
3160.942214  
3161.606873  
3159.878869  
3149.514733  
3153.875524  
3157.875037  
3156.503764  
3154.575861  
3146.312524  
3163.297883  
3157.153077  
3147.200995  
3150.29249  
3144.324668  
3137.795211  
3149.848559  
3156.057956  
3135.514073  
3146.610405  
3149.14445  
3146.753923  
3148.678412  
3136.407025  
3138.847166  
3157.250626  
3171.531059  
3176.393896  
3170.408179  
3164.151907  
3154.397816  
3164.712335  
3156.58937  
3153.536977  
3153.498717  
3153.915857  
3156.307387  
3144.741788  
3137.612806  
3143.155425  
3153.66847  
3154.095475  
3161.351364  
3148.53627  
3157.995607  
3160.96786  
3163.764871  
3160.266563  
3157.013833  
3155.217433  
3148.816749  
3144.9909  
3143.883329  
3142.843786  
3161.433708  
3168.645094  
3171.549027  
3163.973668  
3156.951644  
3161.34175  
3157.149093  
3139.551293  
3136.118331  
3145.377047  
3149.909964  
3149.986099  
3132.108802  
3136.454279  
3128.008894  
3144.141336  
3150.440771  
3149.006431  
3145.357262  
3157.212226  
3165.839057  
3166.806764  
3155.356977  
3144.295198  
3153.346324  
3154.20104  
3136.131865  
3141.613827  
3135.114165  
3138.018336  
3141.012525  
3142.364492  
3145.128784  
3134.745139  
3138.140384  
3137.989344  
3148.567204  
3143.193476  
3136.684062  
3154.213302  
3149.440873  
3159.253662  
3152.581266  
3148.44361  
3155.122604  
3163.886575  
3167.533302  
3162.196117  
3158.208171  
3154.764001  
3157.686125  
3156.083815  
3154.570688  
3147.857154  
3139.447203  
3152.577918  
3156.707787  
3153.300614  
3153.94934  
3149.941422  
3151.239993  
3139.928398  
3147.992231  
3139.290157  
3148.491779  
3153.693743  
3153.686496  
3147.97065  
3157.205459  
3154.014528  
3158.186074  
3157.708413  
3146.423966  
3136.414752  
3144.974372  
3138.130636  
3141.274965  
3134.115119  
3124.557041  
3136.112867  
3144.174255  
3143.239034  
3158.000224  
3149.950322  
3145.937476  
3154.935168  
3149.333365  
3153.58138  
3142.456045  
3147.207155  
3139.198061  
3151.316831  
3145.228584  
3147.424914  
3149.206328  
3146.530972  
3152.637485  
3163.85984  
3164.757468  
3159.0899  
3153.030318  
3150.014186  
3148.106865  
3146.409619  
3145.353182  
3130.336373  
3138.623628  
3150.54191  
3139.877677  
3141.528955  
3145.247592  
3137.198166  
3140.960991  
3144.399393  
3146.8828  
3146.753204  
3146.389859  
3145.238562  
3156.504374  
3158.703786  
3155.268169  
3160.596513  
3154.85803  
3151.403274  
3144.448236  
3144.308653  
3146.474841  
3137.434996  
3138.626198  
3144.789634  
3146.289062  
3148.990418  
3146.605946  
3141.899459  
3139.171922  
3145.955521  
3148.757561  
3149.326106  
3144.836549  
3145.303442  
3142.962575  
3152.085633  
3149.833646  
3141.36936  
3140.195557  
3138.075975  
3149.493226  
3145.186321  
3139.113331  
3143.620369  
3145.467104  
3143.349906  
3146.815712  
3134.028887  
3133.277263  
3136.877535  
3131.924563  
3132.112665  
3134.499817  
3132.495508  
3131.203149  
3139.751446  
3145.297099  
3148.32353  
3142.155796  
3146.339658  
3150.992524  
3163.778635  
3165.411028  
3177.901162  
3168.523246  
3174.816492  
3176.039433  
3174.300623  
3160.941173  
3168.914354  
3163.612648  
3151.271664  
3160.573668  
3154.299041  
3155.139955  
3159.304619  
3170.677993  
3171.178179  
3156.213258  
3157.410856  
3158.181265  
3163.410054  
3156.921102  
3153.996834  
3151.675348  
3162.16  
3162.446987  
3151.536476  
3157.61006  
3156.906804  
3160.117798  
3166.14416  
3160.706663  
3166.405387  
3159.062625  
3151.043852  
3151.611564  
