3180.312805  
3182.130347  
3176.098706  
3173.407212  
3191.643804  
3184.015119  
3177.682936  
3182.022581  
3181.056083  
3170.691678  
3171.791357  
3167.380196  
3168.360978  
3165.40256  
3172.273898  
3172.327302  
3167.774112  
3159.379602  
3172.818677  
3176.183543  
3175.38829  
3175.791826  
3169.540133  
3165.4599  
3167.320726  
3164.341666  
3171.154085  
3175.70701  
3168.660595  
3161.330317  
3165.92276  
3171.11774  
3178.74013  
3176.324579  
3178.676236  
3164.579823  
3166.39725  
3165.228296  
3167.074934  
3158.272752  
3159.34316  
3161.961098  
3159.207505  
3165.484803  
3173.968862  
3173.605376  
3171.852254  
3169.72159  
3174.773854  
3175.387005  
3172.974292  
3159.01693  
3161.849255  
3161.754609  
3164.364406  
3172.39675  
3172.756773  
3176.754597  
3173.679293  
3175.533189  
3187.133923  
3180.000126  
3175.775589  
3174.547974  
3170.98954  
3171.495551  
3172.070694  
3171.632425  
3169.39163  
3166.701832  
3168.533584  
3166.317706  
3176.504673  
3165.255139  
3172.62138  
3177.102552  
3177.051055  
3177.015471  
3160.228672  
3165.311404  
3165.114724  
3166.098177  
3172.12641  
3160.331496  
3160.937185  
3168.948979  
3177.532428  
3173.911596  
3172.244445  
3179.291309  
3176.027742  
3177.093715  
3171.334642  
3173.925537  
3164.283514  
3179.457696  
3167.150809  
3172.091951  
3171.069089  
3170.20794  
3170.260223  
3173.066898  
3170.478641  
3171.870231  
3166.359128  
3170.499937  
3176.126576  
3178.795235  
3170.606683  
3182.603793  
3164.50846  
3170.964979  
3173.524997  
3167.555395  
3167.592503  
3162.107304  
3170.251621  
3163.457997  
3175.925396  
3169.874327  
3184.296956  
3181.420313  
3175.189978  
3175.464376  
3168.153391  
3170.77478  
3160.948411  
3163.471093  
3158.514675  
3171.493887  
3170.78315  
3170.392299  
3166.870142  
3167.447198  
3159.915527  
3162.565635  
3159.449307  
3169.719143  
3170.864913  
3170.173775  
3175.936468  
3172.122546  
3175.877167  
3184.833308  
3179.681246  
3175.390573  
3183.969393  
3169.731676  
3174.141831  
3166.656336  
3171.294245  
3170.993565  
3165.765456  
3164.885615  
3166.934595  
3175.710099  
3168.6333  
3170.689154  
3186.545248  
3182.988849  
3184.139046  
3182.976313  
3180.687171  
3177.434693  
3178.963161  
3171.063616  
3170.897204  
3170.668679  
3170.964932  
3174.057269  
3172.200626  
3177.019411  
3175.214368  
3174.91092  
3176.268279  
3172.331764  
3170.372582  
3177.271046  
3173.730905  
3177.670345  
3178.514216  
3171.993656  
3175.592435  
3175.075728  
3178.063885  
3174.087872  
3173.425396  
3169.434167  
3179.954028  
3181.518768  
3171.410321  
3179.921427  
3180.388011  
3181.695513  
3186.248928  
3187.382536  
3184.194869  
3177.687332  
3183.477953  
3174.447693  
3182.142075  
3176.588844  
3169.227943  
3171.915979  
3184.148756  
3185.094827  
3177.007965  
3173.750472  
3177.592946  
3192.52342  
3182.287327  
3182.92089  
3178.893203  
3183.437305  
3185.617422  
3173.806203  
3168.959548  
3170.317941  
3172.294918  
3175.284007  
3179.769437  
3175.699388  
3183.173132  
3182.202693  
3182.034594  
3177.366287  
3177.193574  
3170.920076  
3175.260331  
3166.050954  
3164.023625  
3162.573325  
3182.558435  
3175.988007  
3170.86006  
3172.498318  
3171.938363  
3183.024584  
3177.438536  
3179.179738  
3187.522459  
3178.951727  
3182.129669  
3179.663435  
3187.059085  
3188.918669  
3183.412408  
3169.968893  
3172.587998  
3174.128039  
3176.158485  
3167.851963  
3180.085841  
3182.087371  
3183.617326  
3192.547843  
3184.586733  
3187.879126  
3180.56012  
3190.617408  
3183.710898  
3171.3639  
3174.218759  
3168.844505  
3167.613368  
3171.74478  
3172.732188  
3170.06588  
3170.146031  
3175.19239  
3180.377347  
3180.939366  
3182.212384  
3185.69896  
3177.430592  
3191.149313  
3173.797912  
3173.994166  
3177.239614  
3171.313132  
3168.19172  
3168.526286  
3157.971219  
3177.744567  
3180.018307  
3183.704845  
3176.580097  
3171.182348  
3169.404297  
3175.031589  
3173.614316  
3174.26751  
3164.632548  
3163.930406  
3174.481396  
3176.436255  
3172.503986  
3159.522964  
3168.610499  
3174.246127  
3176.9005  
3181.862202  
3167.536634  
3174.025628  
3174.938936  
3183.741446  
3179.858107  
3170.991394  
3173.938572  
3172.053591  
3175.973545  
3184.261822  
3184.205112  
3183.670619  
3181.370571  
3181.39617  
3167.022445  
3185.468897  
3175.863553  
3178.466165  
3174.405602  
3175.865378  
3182.466985  
3187.621008  
3185.491209  
3179.044667  
3184.895181  
3188.87881  
3187.9952  
3183.516634  
3185.907586  
3185.343779  
3179.070112  
3169.814664  
3163.148846  
3172.196075  
3173.692162  
3178.923568  
3177.285709  
3177.628904  
3180.96787  
3184.938003  
3181.776247  
3173.737829  
3192.146776  
3184.45435  
3180.015536  
3185.16185  
3183.658949  
3179.426573  
3181.119926  
3178.870884  
3178.382037  
3188.826236  
3178.04307  
3184.610952  
3184.2321  
3178.906538  
3182.853788  
3182.436587  
3180.157834  
3176.604871  
3177.461364  
3178.813118  
3177.804847  
3178.06707  
3170.424375  
3178.784708  
3186.921586  
3199.016723  
3201.514027  
3191.550525  
3196.501105  
3186.464864  
3191.107644  
3191.990406  
3180.648257  
3177.344462  
3177.693133  
3182.403719  
3176.55915  
3175.022721  
3180.521679  
3179.630707  
3192.729473  
3184.105463  
3186.811292  
3182.887849  
3195.393364  
3185.026681  
3190.929522  
3188.375408  
3179.305522  
3181.944442  
3168.623758  
3173.697529  
3176.511491  
3177.347958  
3182.558755  
3194.444613  
3189.560093  
3184.738235  
3183.094173  
3183.394199  
3182.288558  
3177.493091  
3174.063155  
3170.324521  
3179.178945  
3176.750197  
3169.243068  
3167.676507  
3167.097523  
3168.058474  
3176.079405  
3180.19726  
3185.0505  
3193.607643  
3183.362364  
3181.168701  
3182.146079  
3182.094464  
3178.939677  
3179.019746  
3176.394219  
3172.392551  
3179.765363  
3178.103866  
3179.771355  
3174.623472  
3171.263002  
3172.401067  
3179.763814  
3179.151328  
3165.388216  
3179.166482  
3184.090437  
3180.945045  
3189.174307  
3180.488109  
3180.673918  
3181.971168  
3188.073591  
3186.646415  
3182.155307  
3175.620125  
3180.353331  
3173.244333  
3182.337908  
3164.923184  
3170.855781  
3187.330402  
3180.147988  
3174.892331  
3177.378427  
3173.085222  
3183.020718  
3178.202889  
3180.186071  
3177.562788  
3174.044276  
3177.873189  
3185.117409  
3186.981687  
3186.214421  
3186.892072  
3181.404999  
3187.321424  
3187.344135  
3174.614491  
3183.166259  
3179.343113  
3175.426642  
3169.704705  
3175.038558  
3169.78249  
3171.673703  
3172.490756  
3171.640567  
3185.312385  
3179.177931  
3178.522219  
3179.825568  
3182.815351  
3179.700761  
3178.760694  
3179.706599  
3171.396758  
3180.518276  
3179.800044  
3180.553525  
3183.051822  
3174.821816  
3184.597134  
3184.238634  
3179.219338  
3179.213796  
3171.696327  
3181.346203  
3171.163256  
3179.62573  
3173.79672  
3169.103821  
3165.735725  
3175.081022  
3168.424157  
3170.034021  
3174.833512  
3167.435951  
3176.161196  
3181.575991  
3179.795429  
3170.292533  
3171.569268  
3175.47858  
3180.342381  
3181.327811  
3175.927667  
3176.657792  
3173.831626  
3175.004748  
3173.234702  
3179.827988  
3175.471645  
3175.728987  
3174.171556  
3177.914708  
3175.090517  
3171.060652  
3176.722246  
3177.224682  
3183.040685  
3187.951009  
3180.251891  
3186.410097  
3178.728592  
3176.760462  
3179.271953  
3177.828492  
3183.619262  
3177.237307  
3167.375144  
3166.08734  
3188.676519  
3174.672751  
3180.316444  
3181.109598  
3183.868131  
3180.28268  
3185.021315  
3176.95824  
3170.299433  
3160.691898  
3176.488574  
3170.893689  
3173.294829  
3166.932217  
3171.880177  
3162.684949  
3180.655725  
3174.824431  
3169.473376  
3177.336512  
3182.896097  
3181.288039  
3188.97015  
3205.737881  
3199.990308  
3201.412074  
3197.963997  
3192.011814  
3191.406576  
3183.216127  
3189.149157  
3187.355769  
3182.292569  
3187.922211  
3188.683204  
3194.223089  
3189.025899  
3201.835354  
3192.700009  
3188.684037  
3191.410677  
3190.884159  
3190.90211  
3195.435878  
3193.038265  
3198.485626  
3194.98059  
3187.806261  
3199.749386  
3192.614154  
3205.821857  
3203.801311  
3200.11619  
3192.213545  
3193.78439  
3181.619301  
3191.26356  
