4404.128197  
4404.826118  
4381.603983  
4394.042452  
4384.780034  
4388.907797  
4391.572563  
4385.242167  
4380.37674  
4377.043613  
4383.184816  
4381.22717  
4387.390717  
4354.010651  
4340.991444  
4372.084498  
4386.586889  
4377.059662  
4370.482736  
4371.938217  
4394.818978  
4390.201303  
4360.306074  
4354.638155  
4347.128304  
4376.905777  
4389.961458  
4413.301144  
4410.329775  
4413.405716  
4410.736344  
4414.044735  
4411.175899  
4408.201056  
4418.130284  
4408.807193  
4414.064664  
4419.280034  
4408.148549  
4390.539767  
4384.840526  
4370.048287  
4350.541524  
4334.913757  
4323.171871  
4347.057218  
4344.740649  
4353.769001  
4347.898928  
4358.617738  
4360.995174  
4370.376707  
4359.277519  
4366.633638  
4340.036966  
4334.718661  
4358.219941  
4358.334817  
4375.653023  
4373.963536  
4388.19373  
4409.172468  
4411.919847  
4408.430939  
4412.196213  
4440.103813  
4444.311492  
4429.269573  
4437.453484  
4415.391984  
4426.200887  
4421.165875  
4432.57285  
4424.718579  
4418.146221  
4400.439601  
4399.304099  
4393.896592  
4386.748646  
4383.679784  
4395.252613  
4413.158923  
4388.046073  
4361.022498  
4335.446012  
4330.224104  
4327.944625  
4330.597052  
4337.073342  
4331.782539  
4338.751756  
4348.361833  
4324.161822  
4339.788001  
4355.642378  
4355.321364  
4353.572224  
4332.193758  
4323.889062  
4332.553747  
4322.813639  
4317.077939  
4340.249171  
4338.073121  
4366.970511  
4358.095478  
4369.526245  
4349.900111  
4385.415416  
4389.733253  
4397.843678  
4370.471141  
4357.374336  
4365.65397  
4362.850953  
4369.078407  
4356.365455  
4339.427678  
4343.129241  
4337.279186  
4343.109423  
4352.139809  
4343.799027  
4330.422285  
4313.607966  
4316.077189  
4326.363845  
4323.480494  
4312.881999  
4326.89362  
4337.230083  
4359.984441  
4355.418786  
4338.07829  
4354.614167  
4365.254678  
4366.999817  
4350.87085  
4350.445841  
4353.378282  
4373.235507  
4371.357955  
4390.685227  
4412.569868  
4400.886018  
4392.895619  
4403.125693  
4384.666456  
4383.98074  
4381.525023  
4382.598635  
4378.073477  
4368.44885  
4368.894393  
4370.18712  
4339.172135  
4316.262673  
4333.617085  
4346.332824  
4347.839744  
4340.985339  
4327.541174  
4342.482629  
4319.14322  
4344.754678  
4362.418813  
4391.879341  
4386.242  
4404.71317  
4405.320325  
4410.344088  
4378.553303  
4351.255785  
4357.234945  
4333.508296  
4328.296109  
4342.313523  
4361.370937  
4380.65697  
4392.057374  
4389.449813  
4386.809078  
4393.068354  
4397.990357  
4385.559228  
4394.309544  
4371.68391  
4366.818733  
4364.301583  
4374.307919  
4371.418638  
4367.148073  
4384.106591  
4400.677387  
4398.754792  
4383.698863  
4366.321773  
4376.844675  
4364.020025  
4364.953006  
4377.596919  
4377.468098  
4387.578783  
4405.34506  
4404.204288  
4414.097999  
4425.104875  
4442.66873  
4454.021767  
4448.133809  
4442.98085  
4440.476134  
4454.477996  
4443.354697  
4443.355863  
4447.914101  
4416.677416  
4378.245742  
4374.512385  
4364.885588  
4347.093648  
4335.212405  
4343.947445  
4355.523227  
4380.999334  
4369.632132  
4371.1915  
4373.92179  
4377.407865  
4383.077647  
4376.2158  
4365.366904  
4360.907601  
4389.777869  
4380.069467  
4375.995738  
4387.793936  
4374.189971  
4377.318454  
4390.547637  
4405.188811  
4394.073432  
4386.91781  
4409.19615  
4398.802643  
4391.408534  
4377.50208  
4377.094572  
4381.974773  
4361.303312  
4367.910478  
4352.488649  
4364.093227  
4365.918966  
4386.719291  
4372.409638  
4379.461107  
4397.216054  
4387.531954  
4394.122726  
4399.955719  
4410.904276  
4408.372934  
4421.320485  
4433.077938  
4436.442292  
4441.547265  
4417.056038  
4417.166736  
4422.142315  
4422.270364  
4415.399727  
4419.665562  
4413.257867  
4408.17168  
4379.981077  
4379.24783  
4358.072228  
4356.41787  
4376.756391  
4349.685105  
4357.6332  
4348.128038  
4373.539097  
4365.169631  
4369.229416  
4358.344809  
4361.99581  
4383.519502  
4388.012289  
4387.016494  
4395.582566  
4393.842734  
4399.38866  
4398.29549  
4379.501711  
4364.932857  
4361.511168  
4364.344858  
4380.71688  
4374.943727  
4361.984656  
4357.015238  
4344.766694  
4348.490073  
4356.62279  
4351.705318  
4348.245831  
4352.029478  
4379.446858  
4395.240025  
4371.151377  
4341.765007  
4344.173338  
4357.680732  
4364.323129  
4366.859662  
4353.211321  
4365.152092  
4374.525184  
4392.276786  
4417.294924  
4424.670545  
4419.736105  
4430.020451  
4414.414483  
4408.719833  
4373.904888  
4369.013875  
4368.377106  
4371.775073  
4361.072152  
4330.870311  
4339.87416  
4344.745608  
4363.117401  
4356.03041  
4356.271424  
4364.222703  
4385.766704  
4376.464216  
4396.866765  
4374.778631  
4364.802502  
4377.709914  
4382.159926  
4375.633814  
4379.737898  
4363.406342  
4355.296253  
4367.130351  
4392.861094  
4411.784131  
4415.633271  
4402.805693  
4399.99865  
4388.203794  
4391.147366  
4387.322192  
4369.855674  
4365.05355  
4367.25225  
4369.930687  
4375.657748  
4391.47402  
4392.610055  
4395.588186  
4388.189045  
4394.26525  
4376.383797  
4369.245944  
4373.379773  
4359.745927  
4364.651613  
4368.796143  
4389.580515  
4382.160703  
4371.373432  
4361.176654  
4360.447706  
4353.378244  
4370.252215  
4385.066962  
4378.82263  
4385.030535  
4407.755875  
4416.702119  
4403.435528  
4401.241679  
4409.85287  
4413.035406  
4421.243319  
4418.735757  
4428.835055  
4394.405826  
4413.342359  
4401.592017  
4404.070522  
4407.018721  
4426.050756  
4437.153104  
4466.957982  
4472.745718  
4472.259753  
4443.437916  
4459.948142  
4458.307197  
4448.152697  
4432.182869  
4428.071997  
4408.125823  
4419.212198  
4418.004202  
4420.159828  
4410.552845  
4412.082854  
4439.526176  
4451.231869  
4457.467739  
4439.274871  
4442.728481  
4446.421192  
4455.40467  
4448.084854  
4436.328229  
4438.648543  
4422.464088  
4434.535137  
4433.205755  
4433.820947  
4437.492982  
4463.594342  
4465.416659  
4457.586483  
4445.534574  
4437.480628  
4407.299723  
4397.789109  
4397.462099  
4415.15948  
4423.331948  
4419.47611  
4430.950566  
4464.632212  
4452.644919  
4441.659589  
4434.038828  
4444.692799  
4434.172333  
4412.854325  
4401.977317  
4385.323453  
4390.278845  
4402.606872  
4404.446713  
4405.785203  
4403.479556  
4394.664601  
4392.36019  
4386.021637  
4374.565433  
4370.456099  
4385.769805  
4403.447348  
4399.23675  
4415.573643  
4409.73553  
4394.626489  
4360.072229  
4350.059763  
4358.876021  
4364.467296  
4389.452362  
4399.690173  
4400.963855  
4411.519375  
4423.1058  
4438.7129  
4443.716996  
4424.975106  
4423.047765  
4421.279047  
4412.692479  
4387.698394  
4362.274375  
4365.718617  
4366.127344  
4357.166932  
4362.600369  
4369.976427  
4371.893979  
4370.638984  
4378.485403  
4391.39611  
4386.17586  
4375.730894  
4387.170188  
4382.715674  
4372.6544  
4357.588966  
4358.44637  
4357.508899  
4355.719441  
4364.679987  
4376.877713  
4377.415296  
4374.693701  
4366.76821  
4370.590013  
4381.033191  
4383.662398  
4398.219987  
4411.090944  
4401.991286  
4409.869362  
4394.274825  
4385.983218  
4389.395977  
4403.858909  
4406.729468  
4408.227155  
4401.957272  
4402.811514  
4417.756067  
4414.674038  
4396.236885  
4406.225534  
4406.797194  
4411.904441  
4393.259348  
4407.964835  
4418.13399  
4424.538755  
4419.38954  
4425.574293  
4382.725848  
4401.483061  
4391.887396  
4405.735486  
4417.452379  
4423.152498  
4418.605777  
4388.889002  
4380.169592  
4360.365239  
4373.58565  
4373.147485  
4366.748796  
4362.245921  
4363.409832  
4377.240106  
4394.272295  
4410.853275  
4414.516549  
4393.029524  
4374.304723  
4364.057232  
4352.291022  
4374.624987  
4375.652908  
4361.312999  
4367.1141  
4384.301691  
4400.931183  
4398.404803  
4376.709928  
4326.659787  
4311.250497  
4333.451645  
4373.061035  
4371.293626  
4363.552485  
4348.376037  
4378.989691  
4386.313087  
4392.150233  
4382.800317  
4382.55664  
4368.0244  
4367.758094  
4364.403535  
4385.047047  
4380.597616  
4379.90485  
4382.686846  
4370.078546  
4352.668088  
4363.126771  
4346.549111  
4323.509866  
4323.532796  
4327.165591  
4341.996169  
4346.201151  
4347.730615  
4353.46155  
4345.355004  
4350.919608  
4346.705449  
4359.366124  
