2.975053513  
1.979573197  
1.222560117  
0.550942974  
0.3810516817  
-0.1846238909  
-0.3271695941  
-0.4793924053  
-0.4441137369  
-0.5215216426  
-0.5794890243  
-0.4179712537  
-0.3303023762  
-0.4700539599  
-0.1730480325  
-0.07167578205  
0.05409600623  
0.09496346686  
0.2028009012  
-0.1169047877  
-0.002343338218  
0.2330568774  
-0.008706167484  
0.2689456539  
0.103220205  
0.2728793302  
0.1772656097  
0.2518887687  
0.1511617216  
0.1286732112  
0.1607545384  
0.2913631285  
0.4410848561  
0.4838142499  
0.3713556505  
0.3615672792  
0.63385917  
0.7030036743  
0.7088903823  
0.4944011928  
0.2111764101  
0.01856966472  
-0.01409613699  
0.06143317315  
-0.04994868859  
-0.3149084657  
-0.4335964573  
-0.07409800477  
-0.5408548137  
-0.3936400952  
-0.7382174267  
-0.9273809563  
-1.086418707  
-0.723202789  
-0.7783035459  
-0.5131046402  
-0.3304233859  
-0.3307293294  
-0.557038671  
-0.363606826  
-0.7363973255  
-0.9733888398  
-0.9658318402  
-0.7473824445  
-0.7864179238  
-0.4883614376  
-0.4163013841  
-0.935720445  
-0.8004558434  
-0.5570581498  
-0.5789763508  
-0.5502945031  
-0.6566811008  
-0.7638360446  
-0.8581125166  
-0.7787018265  
-0.9046209566  
-0.6793768825  
-0.4906537833  
-0.3202779475  
-0.3123729155  
-0.2329896626  
-0.3486263118  
-0.4989502099  
-0.3592513108  
-0.6823590227  
-0.8118679461  
-0.4372956988  
-0.523920047  
-0.5553757942  
-0.4845062823  
-0.6891653493  
-0.4339759603  
-0.2975690163  
-0.3994514148  
-0.6645250832  
-0.8051366396  
-0.7990834559  
-1.048962946  
-0.9717798113  
-1.007758523  
-1.273135618  
-0.8385046114  
-0.7999811823  
-0.366492723  
0.1553494061  
0.04744652491  
0.1364776763  
0.2049602323  
0.1454711492  
-0.09286074795  
-0.1255602857  
-0.06329023517  
-0.1792139601  
-0.02435900879  
0.2500207414  
0.05854893338  
0.2346743428  
0.3169014512  
0.364489183  
0.9309226459  
0.9182183431  
0.9994746831  
0.7862729803  
0.5002371436  
0.3535277144  
0.4935263468  
0.1440685695  
0.2246371393  
0.295568044  
0.3613782002  
0.1023681595  
0.3531256207  
0.1099610055  
-0.09248564112  
0.2123051105  
0.5356559125  
0.5461421647  
0.6769627055  
0.5603721111  
0.6352166351  
0.4998163821  
0.3966923512  
0.4515590402  
0.4214593736  
0.6065095235  
0.6153777986  
0.7746089649  
0.6549620006  
0.7183065605  
0.7597166779  
0.6533236437  
0.7724345688  
0.2760569814  
0.2249401778  
0.2403640092  
-0.04586397131  
-0.1879135984  
-0.5913791288  
-0.5501035168  
-0.6977846696  
-0.6137823668  
-0.7464238508  
0.2275394457  
0.9784428799  
-0.103115703  
-0.1061499692  
-0.06269921665  
-0.07384984368  
-0.1704816766  
-0.1124564202  
-0.1471550289  
-0.06637690883  
-0.3310794713  
-0.4730968305  
-0.1156386831  
-0.2950708639  
-0.4234324617  
-0.4959512133  
-0.5010543568  
-0.6142210078  
-0.6117007654  
-0.7275438793  
-0.9498863228  
-1.037040817  
-0.7510863793  
-1.039799413  
-0.9745020843  
-0.2987530468  
-0.1488785876  
0.4076912746  
0.4841946575  
0.6619419837  
0.3948055871  
0.4340160283  
0.2401153287  
-0.423326688  
-0.4347115088  
-0.4193549474  
-0.3878265454  
-0.2801402097  
-0.2679950671  
-0.3238075813  
-0.4100000714  
-0.8356750422  
-0.6896394767  
-0.6305744059  
-0.5668079648  
-0.7132695902  
-0.4880754802  
-0.6303633298  
-0.8157147905  
-0.7478193739  
-0.8816930044  
-1.057245388  
-1.136147165  
-0.9911014402  
-0.8165378747  
-0.8554002242  
-0.7736142427  
-0.7651272953  
-0.8023385702  
-0.9832381861  
-1.001825278  
-0.9488932297  
-0.9375343066  
-0.7684428806  
-0.4900950342  
-0.09029302708  
-0.1731270503  
-0.2290626143  
-0.3051184381  
-0.2113117724  
-0.454246145  
-0.6193038461  
-0.5138233314  
-0.1232771406  
-0.1050498845  
0.04055738485  
0.2026464468  
0.2408044968  
0.2912013029  
-0.09106435136  
-0.2722128839  
-0.3280090962  
-0.4312308304  
-0.4186852765  
-0.3420451355  
-0.225929089  
-0.1793753099  
-0.33883013  
-0.1104499427  
-0.1068870311  
-0.313482917  
-0.2258967487  
-0.3226491418  
-0.4360022985  
-0.8919975722  
-0.7479726819  
-0.9159069163  
-0.7156517714  
-0.605592819  
-0.6134690292  
-0.5889196669  
-0.562170047  
-0.5638217664  
-0.9377930862  
-0.9018442783  
-0.9557050435  
-0.6859782886  
-0.6839313252  
-0.4460622773  
-0.1914930432  
0.08536902383  
-0.08627437669  
-0.02184319287  
0.1184653012  
-0.08807558079  
-0.1140828495  
0.02925400911  
-0.2533269969  
-0.7401155454  
-0.9818032519  
-0.9335886093  
-0.6658714313  
-0.461610302  
-0.1920188207  
-0.007111746561  
0.1465595454  
0.4211158822  
0.6370564921  
0.8490174879  
0.676417343  
0.492120354  
0.4219437147  
0.289370736  
0.02965653592  
-0.04329100821  
0.3260574729  
0.4807042636  
0.6560027705  
0.7601246163  
0.7211541964  
0.5456766641  
0.3242111365  
0.225116395  
-0.03661183193  
0.02350292023  
0.2036349466  
0.3481544073  
0.5238499632  
0.5449308166  
0.4929670423  
0.4508582477  
0.2882595428  
0.4164724106  
0.4230005965  
0.542174998  
0.7207368201  
0.7971599928  
0.8456035182  
0.7558499513  
0.5686802687  
0.4570551141  
0.5064574833  
0.4579367621  
0.1791261118  
-0.02292704907  
0.2875928677  
0.1789861265  
0.2671975703  
0.3510973555  
0.3022892588  
0.2583902386  
0.07848914902  
0.1667927497  
-0.3571576646  
-0.3712923763  
-0.3266656109  
-0.5226333587  
-0.2557490137  
-0.4367963622  
-0.4059110915  
-0.4973056518  
-0.5157242764  
-0.2763014061  
-0.6310308261  
-0.4249593379  
-0.4405564039  
-0.2941473423  
-0.3998749063  
-0.5377214899  
-0.3854600494  
-0.572821642  
-0.3684030071  
-0.2276921294  
0.04647561221  
0.2110935056  
-0.0624590723  
-0.3810201674  
-0.4738223535  
-0.6732066054  
-0.5123817064  
-0.5820993306  
-0.1349115249  
-0.3073894127  
-0.3318559802  
-0.3726701245  
-1.030238262  
-0.8694252862  
-1.055328813  
-1.223165847  
-0.5200798172  
-0.8210850371  
-0.4373559696  
-0.4113367908  
-0.3197588681  
-0.4539115883  
-0.33223038  
-0.4391264688  
-0.6840034014  
-0.7030484854  
-0.2500458317  
-0.4986344747  
-0.4447293984  
-0.5101731549  
-0.6129151391  
-0.6633453688  
-0.4601919943  
-0.5754897153  
-0.161435024  
-0.05809216072  
0.2428796186  
0.294790686  
0.4213919053  
0.5305366855  
0.2054240594  
0.260728402  
0.1417179774  
-0.1579066466  
-0.2646589178  
-0.4397651191  
-0.4900079595  
-0.2922647624  
-0.5339954299  
-0.5116994904  
-0.7202289616  
-0.8089518809  
-0.5893058408  
-0.8816570317  
-0.6847156028  
-0.7801314754  
-0.6150930797  
-0.3182958842  
-0.3570081154  
-0.3975320033  
-0.2168035407  
-0.2139942662  
0.05082485768  
0.3523433447  
0.2721427929  
0.3618970202  
0.5668631515  
0.8505193722  
0.5071329166  
0.433995575  
0.4548918495  
0.3704768466  
0.08206571207  
0.1144762202  
0.1474862205  
0.2434314369  
0.284608287  
0.06262255562  
0.1563665766  
0.00672601608  
0.2624604124  
0.2161540524  
0.2138871885  
0.2198898685  
0.4390774899  
0.8116131171  
0.8214185455  
1.151660092  
1.219347984  
1.307811383  
1.090748635  
0.7670750099  
0.6610168644  
0.6652157043  
0.6301549171  
0.7659158772  
0.7193122528  
0.5061807225  
0.5363915918  
0.5234753958  
0.436383271  
0.5275317702  
0.5110972914  
0.759011331  
1.025613463  
0.700800711  
0.8139093011  
0.4539335081  
0.2829367433  
-0.02582782713  
-0.02264660228  
-0.1557390367  
-0.1316780319  
-0.06666271548  
0.1002421397  
0.05457535498  
0.2597140392  
0.04855500418  
0.3620424698  
0.4234177041  
0.6933143993  
1.031219492  
0.9458806247  
0.8746726331  
0.6992729819  
0.4605168655  
0.3454088836  
0.4390231216  
0.1627598568  
0.1065272557  
0.2956548103  
0.7589843704  
0.6248490772  
0.7783875584  
1.168886311  
1.182592202  
1.291130754  
1.193035714  
1.013942808  
0.8646364597  
1.083271758  
1.012371109  
0.7911632751  
0.9562490187  
0.8037338955  
0.7065418956  
0.7180102727  
0.7884443007  
0.6983414111  
1.37046283  
2.246699311  
1.61275146  
1.534898874  
1.426161516  
1.513017943  
1.114751309  
0.8448967038  
0.7714582991  
0.4284861531  
0.5077097956  
0.1557882208  
0.2063957891  
0.02030873596  
-0.2179445277  
0.09288261272  
0.114774708  
0.2396463815  
0.2036682287  
0.2234924603  
0.6326979619  
0.330441473  
0.2327805366  
-0.00135415825  
0.02532304973  
-0.1327931747  
-0.2517316358  
-0.3939832994  
-0.5248737953  
-0.7138623261  
-0.7851969963  
-0.6622157905  
-0.5091297241  
-0.6762303529  
-0.8687031656  
-0.7620311334  
-0.753294976  
-0.925547642  
-0.653372498  
-0.8874379972  
-0.4859767547  
-0.6303605745  
-0.3618165325  
-0.6681833966  
-0.6518462707  
-0.8892179965  
-0.9330162862  
-0.9369788424  
-0.690594889  
-0.6120237854  
-0.2409319995  
-0.1031534607  
-0.2707147328  
-0.1648726899  
0.1083151151  
-0.17109342  
-0.1913501329  
-0.402274493  
-0.5659680696  
-0.3081773128  
-0.03631364558  
-0.03304769103  
-0.0373560218  
0.2095327188  
0.4803986831  
0.6140960108  
0.8230100029  
0.76705202  
0.9708470294  
1.154891478  
1.324933409  
1.37853559  
1.115001113  
1.086923576  
1.511485559  
1.380309632  
1.171540229  
1.094987345  
1.214878003  
1.195672316  
1.361286526  
1.573650035  
1.536368266  
1.521200054  
1.499620074  
1.179833412  
0.5414183639  
0.3313581638  
0.2143711983  
0.4315507615  
0.6215773061  
0.5973641478  
0.8805336695  
0.8359655616  
0.8503524872  
1.671362829  
0.2697054059  
-0.2689003996  
-0.5032205586  
-0.605885542  
-0.8035297386  
-0.8109963868  
-0.6678797284  
-0.8240400007  
-0.7943208889  
-0.8273817011  
-1.004801053  
-1.195351059  
-1.065692795  
-0.7903781071  
-0.569078587  
-0.712952757  
-0.583566082  
-0.4737774148  
-0.5618757579  
-0.5446368108  
-0.5071232463  
-0.846722343  
-0.8340243417  
-0.7729232296  
-0.5291942028  
-0.2556249085  
0.3226107966  
0.4456302607  
0.4537885898  
0.417127198  
0.4756261282  
0.2226795412  
0.03152541165  
-0.2130691267  
-0.3121223427  
-0.1281959618  
0.0655583646  
-0.3259334182  
-0.05101039573  
-0.05791861471  
-0.0120200991  
0.2123497444  
-0.03142797558  
-0.2348469861  
-0.1739434038  
-0.1283462805  
-0.5271450311  
-0.56191538  
-0.4691443192  
-0.6499717194  
-0.4928844495  
-0.5254705167  
-0.7422759524  
-0.6985439377  
-0.5762063496  
-0.5287883123  
-0.5421984435  
-0.4640783351  
-0.6554879292  
-0.4698162619  
0.4135691347  
0.2505200209  
-0.1872791016  
-0.4856700976  
-0.259886598  
-0.4239480206  
-0.3837570433  
-0.5123294099  
-0.8368481352  
-0.6556648965  
-0.7401804188  
-0.7991625857  
-0.9560734747  
-1.213211444  
-0.8162430864  
-0.8014481332  
-0.6005563135  
-0.5190961836  
-0.6196590352  
-0.2785640243  
0.03499424694  
-0.06575244975  
0.002276370066  
-0.3059431192  
-0.3080270088  
-0.3090012964  
-0.5201353453  
-0.5304282483  
-0.7797658716  
-0.5601367164  
-0.3244404531  
-0.5227037233  
-0.4983876734  
-0.7050210511  
-0.7631946212  
-0.609962433  
-0.5710527042  
-0.6723483907  
-0.5562157234  
-0.6269553222  
-0.6425750602  
-0.4627024579  
-0.6167631039  
-0.4885249284  
-0.4188242435  
-0.3995131857  
-0.2403085029  
-0.1147932116  
-0.4396967621  
-0.701837855  
-0.7507951138  
-0.7382807886  
-0.6863413616  
-0.3918176896  
-0.1308725416  
0.1648173688  
0.333562619  
0.2313207457  
0.544229988  
0.2293663327  
-0.001233740947  
-0.07661723961  
-0.2254206061  
-0.4643102427  
-0.4914579847  
-0.3373810835  
-0.3729843794  
-0.2525395138  
-0.09905381967  
-0.4195032313  
-0.5088844555  
-0.3572745694  
-0.3625925196  
-0.7482166106  
-0.5953592985  
-0.5311957115  
-0.6369712342  
-0.8211445159  
-0.6541875536  
-0.7156883999  
-0.7458571961  
-0.7076138498  
-0.675554015  
-0.7059318328  
-0.9348114083  
-0.6813791336  
-0.9993361617  
-0.8746501166  
-0.817043275  
-0.8147268269  
-0.5637831619  
-0.5109101728  
-0.4272331377  
-0.6976840622  
-0.8614025037  
-0.5366022094  
-0.9027658049  
-0.8982631322  
-0.5698908938  
-0.4088366716  
-0.1318838982  
-0.2308259786  
-0.2048512287  
-0.2855492825  
-0.4120724923  
-0.4997346375  
-0.843101684  
-0.8023958886  
-0.6040049509  
-0.7190324855  
-0.4498610778  
-0.4956336387  
-0.3933637818  
-0.7859918  
-0.7996709287  
-0.8113509619  
-0.8316347308  
-1.056180283  
-0.8759268129  
-0.6534529955  
-0.6840590584  
-0.4714335946  
-0.2190426616  
-0.3032465831  
-0.3720361643  
-0.3908582382  
-0.7833666673  
-1.117641275  
-1.094453402  
-0.936854741  
-1.003655839  
-0.6747365444  
-0.7225276156  
-0.6914635611  
-0.5302293034  
-0.3286531715  
-0.1804232441  
-0.2925777533  
0.00982600948  
-0.005663094384  
-0.1984032126  
-0.01650073109  
-0.3100208367  
-0.1320106924  
0.1500761964  
-0.008451940755  
0.2263199783  
0.1985638979  
0.2588343557  
0.3814834452  
0.2882682923  
0.4627589174  
0.5033243066  
0.2343804227  
0.2841998529  
0.3301048066  
0.3746852314  
0.3244788  
0.1089682707  
0.3342223797  
0.3019743042  
0.04181588931  
0.5386198784  
0.6436648165  
0.6403424025  
0.4693586449  
0.1616133226  
0.09849731274  
0.2765845454  
0.04350030462  
-0.03039989841  
0.2429593503  
0.2735951436  
0.3976374501  
0.3578203743  
0.4631031397  
0.2471562898  
0.2809445429  
-0.2583517959  
-0.6701852795  
-0.6518901036  
-0.8493394269  
-0.8225660514  
-0.6496995429  
-0.6751289916  
-0.3006464314  
-0.2836862458  
-0.3825267405  
-0.1942516031  
-0.5897502062  
-0.8625803453  
-0.8063777366  
-0.4252871229  
-0.2132097278  
-0.06715431516  
-0.2268077338  
-0.06462943918  
0.1457928337  
0.2504271863  
0.2886954558  
0.4902268031  
0.2006906642  
0.3212168285  
0.1706598002  
0.3505022825  
0.1242747495  
0.237401749  
-0.1123524752  
0.4186786194  
0.6083796013  
0.6449130057  
0.5832071825  
0.2607892909  
0.686542868  
0.375967377  
0.1661281803  
-0.09091158462  
-0.5000357704  
-0.6495311554  
-0.2286493435  
-0.2280847121  
-0.3429108201  
-0.02485948146  
-0.2079554232  
-0.2795750115  
-0.1874666009  
-0.5207752045  
-1.006986347  
-0.4923670901  
-0.4384695351  
-0.2633277892  
-0.07223269819  
-0.06933461811  
0.01058448289  
-0.001342731876  
-0.1088485265  
0.2330055037  
0.17334681  
0.6092845485  
0.8064501848  
0.7233417518  
0.5868523598  
0.562711666  
0.07539432301  
0.1289531379  
-0.1448266793  
-0.4321843683  
0.163968677  
0.1969599134  
0.5200259895  
0.5745040406  
0.628343947  
0.609065268  
0.6493819493  
0.5236191886  
0.5068830598  
0.6533304769  
0.3906782038  
0.5428736913  
0.5662118106  
0.5344665054  
0.6070388752  
0.7201023431  
0.3510465124  
0.8435969209  
0.6258423954  
1.102305217  
0.62859105  
0.6139177898  
0.5207022159  
0.7241981246  
0.7575580351  
1.243919079  
1.07886067  
1.615052611  
2.256852166  
1.612915504  
1.528531358  
1.805597147  
1.776594883  
1.327784356  
1.446719924  
1.258278256  
1.290919851  
1.04689057  
1.006724748  
0.7714356963  
0.3300084931  
0.009827149796  
-0.1946425847  
-0.3856313876  
-0.2583742216  
-0.2527012667  
0.04967349918  
-0.02090145667  
-0.1089525348  
-0.2180661812  
0.1017140362  
-0.2384737159  
-0.2046272116  
-0.03365123965  
0.00774442801  
-0.3099136694  
-0.2476087403  
-0.5909873281  
-0.5874785004  
-0.3313441314  
0.03058087739  
-0.2071976792  
-0.01662312801  
-0.119871299  
-0.162424933  
0.01812126936  
-0.3499009546  
-0.458772164  
-0.7488611099  
-0.6844234295  
-0.2513401007  
-0.6115004164  
-0.3764895152  
-0.4767134096  
-0.2628892469  
0.07921330608  
0.1576255257  
-0.1720509991  
-0.09663701294  
-0.2192286934  
-0.08970412523  
-0.1038199925  
-0.0006924068185  
-0.0002423906832  
-0.07071071582  
0.1752047059  
0.26393213  
0.09930475105  
-0.01021113413  
-0.1374470086  
0.07203133628  
0.04646093436  
-0.09545674104  
-0.1146429507  
-0.05769572943  
-0.003580349649  
-0.04726827974  
0.06426138772  
-0.001514837738  
0.1086576208  
0.1667191638  
0.6402991191  
0.551964209  
0.3279594584  
0.2674420078  
0.2881802008  
-0.1380169047  
-0.4598092431  
-0.5190083076  
-0.40810454  
-0.3330749509  
0.04361268233  
0.6588599561  
0.6520652101  
0.590514187  
0.475416378  
0.2507083472  
0.3194354246  
0.02530932038  
0.1407011144  
0.08692636033  
0.463298262  
0.4773896311  
0.4596070196  
0.9192105315  
0.9016553347  
0.9292714514  
1.32343835  
1.102374335  
1.027149325  
0.5091919004  
0.5690826744  
0.3516675093  
0.1991906683  
0.1162039749  
6.486441905e-05  
0.4033643883  
0.324855556  
0.4424035321  
0.6140116756  
0.5316791564  
0.9699182271  
0.9238453017  
0.9845857627  
0.9968632455  
0.827026881  
0.6753268754  
0.1982941725  
0.07434915633  
-0.05159604777  
-0.02141109675  
0.2083629551  
0.2369874119  
-0.09076455925  
0.2737860377  
0.09222839872  
0.3648143054  
0.3461322858  
0.209940739  
-0.08571827677  
-0.03632322811  
0.1034806712  
-0.02136683466  
0.1491293779  
0.1324445198  
0.3955892447  
0.386668279  
0.279952205  
0.2777106851  
0.6307077949  
1.464775284  
0.3552233502  
0.238900608  
-0.08702654341  
0.2443786163  
0.6019080015  
0.3917646589  
0.7665942363  
0.6565166611  
0.5736721711  
0.757299498  
0.1844798276  
0.1901627001  
0.02336376465  
-0.05744491854  
0.3417741566  
0.3246301365  
0.3131557873  
0.1979305648  
0.233269283  
0.4714437427  
0.2014131122  
-0.1538066367  
-0.0008565329554  
-0.234170758  
0.1353711358  
0.2391649293  
0.1395101955  
0.2456372972  
0.3978391335  
0.7203025749  
0.5131747935  
0.2207562578  
0.5529054675  
0.3667304291  
0.07518782289  
0.348932639  
0.2988425581  
0.3112980117  
0.5431226108  
0.2712718303  
0.7462584297  
0.2178929512  
-0.02811430973  
0.07793482234  
0.05051938614  
-0.01214985325  
0.3032643751  
0.09891325885  
0.09676774186  
0.2457230462  
0.2424887678  
0.02974164048  
-0.09479593604  
-0.05544132113  
-0.2802148581  
0.1522400919  
0.2337698878  
0.1991085345  
0.2830223888  
-0.03620198909  
0.05403993957  
0.03256016631  
-0.2603306938  
-0.1238336908  
-0.07419215164  
0.08853645929  
0.4373788338  
0.02923323495  
0.1559060699  
0.01693643155  
-0.2697054512  
-0.1396498846  
-0.07646553102  
0.1112097492  
0.3062035135  
0.5957285171  
0.9243452842  
0.8687526802  
0.7251598178  
0.9063836135  
0.5995019014  
0.7916020221  
0.5800672132  
0.6329655165  
0.4141148818  
0.4459506037  
0.6948223716  
0.2822089758  
-0.1242715515  
-0.1455285462  
-0.1707128696  
0.09181594336  
0.3794855447  
0.09500207382  
0.2811565564  
0.3779941799  
0.3327298308  
0.3458653868  
-0.1066184911  
-0.2758811039  
-0.2893695756  
0.0615417872  
-0.04140710068  
0.3673852389  
0.4869361488  
0.5763839069  
0.5231845294  
0.3783150643  
0.3598815226  
0.4390764401  
0.4570957212  
0.7055704157  
0.6093392969  
0.3082259601  
0.5026417792  
0.6492029119  
0.8070962004  
1.030802009  
1.239380799  
1.251662391  
1.148078672  
