3.455331368  
2.56703654  
1.621773445  
1.071309098  
0.4418274407  
0.5422565788  
0.5992739025  
0.6301811631  
0.7059245574  
0.4849055222  
0.9667620182  
0.8037851697  
0.2761352182  
0.2873312192  
0.5604095278  
0.4729452381  
0.8249816364  
0.8125294984  
0.7802305274  
0.2640534465  
0.07309356721  
0.1654585901  
0.1909431492  
0.1579926112  
-0.3105104758  
-0.3253139837  
-0.05132607215  
-0.382856919  
-0.3732429438  
0.4036553495  
0.2532562678  
0.5394022917  
0.2630403585  
0.3298597667  
0.5813558979  
0.4932156775  
0.2218178262  
-0.1414756825  
-0.09415427706  
0.1544799736  
0.2848229187  
0.2667985421  
0.3829488725  
0.445136119  
0.7326404178  
0.3882320166  
0.5256184799  
0.5917777466  
0.595585793  
0.6785308098  
0.4353279701  
0.2873859381  
0.3702960981  
0.1044123605  
0.145650797  
0.3252031527  
0.4821253382  
0.3816147963  
0.6367363921  
0.72069541  
1.159363809  
0.1345805749  
0.5252296913  
0.5870610102  
0.8929369168  
0.4611218781  
0.5795779919  
0.4193232641  
0.4766098292  
0.3933343856  
0.1023323838  
-0.1685897661  
-0.3884284813  
-0.7181955254  
-1.303332268  
-1.351116466  
-1.46656968  
-1.557275675  
-1.216202545  
-1.547874124  
-1.008929965  
-0.5419516345  
-0.4038211787  
-0.02736202213  
0.08183214447  
-0.07416030969  
-0.1975722903  
-0.001692023738  
-0.1760590183  
-0.7312195812  
-0.8720136051  
-0.6213352651  
-0.5206482312  
-0.5484540108  
-0.5486897982  
-0.5465613955  
-0.5219285241  
-0.1042791382  
-0.2699900194  
-0.236793888  
0.3013255963  
0.3731633239  
0.05294631513  
0.2481200888  
0.6402707956  
0.1892694255  
0.1870130633  
-0.1751011261  
-1.113022584  
-1.156365892  
-1.079246927  
-0.836064274  
-0.8240411074  
-0.5097994589  
-0.136287834  
-0.5021082862  
0.3810312841  
-0.1023397739  
0.1620040321  
0.3729052301  
0.6640974543  
0.5662241441  
0.5182697994  
0.2848301443  
-0.3916641666  
-0.4103014317  
-0.5355868751  
-1.047319035  
-0.776160945  
-0.816949729  
-0.7976861804  
-0.4220016356  
-0.4031026946  
-0.06355950918  
-0.4099881665  
-0.04012345897  
-0.2689030612  
-0.2061415792  
0.02796840621  
-0.1093586872  
0.2695962412  
0.5394413795  
-0.07049262585  
0.2899309633  
0.3331717098  
0.1738947498  
0.2859788773  
-0.02376567018  
0.3094592255  
0.2117031043  
0.1836888104  
0.2083097326  
0.2061902699  
-0.0455214944  
-0.1517967983  
0.01913721299  
-0.1941596533  
-0.1078227872  
0.1113478897  
0.1288197515  
0.1000347862  
0.1963675246  
0.333687064  
1.316653101  
0.6895094989  
0.4113176109  
0.2313632833  
0.02292217857  
-0.3334251962  
-0.3740323169  
-0.6230056975  
-0.3403570498  
-0.2858310351  
-0.1669038824  
0.01526876132  
0.378392027  
0.1164600821  
0.4144908109  
0.237883621  
-0.1173571088  
0.02112310531  
-0.9340372281  
-1.163928019  
-1.402968082  
-1.717334682  
-1.616308506  
-1.433205432  
-1.290974713  
-1.243375136  
-0.7679762949  
-0.4210162836  
-0.2950119062  
-0.2505220362  
-0.08732363973  
-0.1913140458  
0.3263501183  
-0.2812573251  
-0.4872191456  
-0.08672316681  
-0.06664761541  
-0.5633565675  
-0.5307351637  
-0.8335820726  
-0.7717495613  
-1.140279496  
-1.128703783  
-1.280830146  
-1.120628663  
-1.585129969  
-1.526339419  
-1.320633953  
-1.447684149  
-1.262337174  
-1.166903357  
-1.178395962  
-1.95660361  
-1.913139242  
-2.180785911  
-2.106022513  
-2.205665248  
-1.705995869  
-1.648439503  
-2.031490822  
-1.610403731  
-1.582552575  
-1.754497769  
-1.611069908  
-1.587382419  
-1.081499106  
-1.251005826  
-0.7460548583  
-1.052637606  
-1.268006066  
-1.443151287  
-1.821371305  
-1.432611334  
-0.8719379491  
-0.5701241598  
-0.4986910174  
-0.3842761681  
0.3956309707  
0.2535862063  
0.2056637554  
0.1252018005  
-0.2080717747  
0.3695891117  
0.02358610777  
0.2143609631  
0.3167656375  
0.3014063006  
-0.01472149375  
0.1527887536  
0.7714797986  
0.3688866483  
0.1953665053  
0.3830840481  
0.5700589402  
0.384596939  
0.3031445118  
0.2976473212  
0.3185868951  
0.4066103649  
0.2670960805  
-0.2103837467  
-0.06342175979  
0.03030841503  
-0.2102382759  
-0.2137036226  
0.01060482956  
0.1486263119  
0.4763007398  
0.1742642935  
0.8696198249  
0.8377477861  
0.8119525006  
0.5041131007  
0.1638132566  
0.1144545208  
0.428045075  
-0.03942010117  
-0.571081312  
-0.8384252048  
-0.2809174683  
-0.6847324419  
-1.245280895  
-0.1861924196  
-0.1224969558  
0.0363045819  
0.4548366391  
0.4832207111  
0.2963889586  
0.06811775636  
0.4679044356  
0.04110023191  
0.4471238863  
0.1877058298  
-0.4524367357  
-0.5075700783  
-0.1328613227  
0.157940003  
0.4118881876  
0.1626299425  
0.8870114415  
0.7503585568  
0.8328616289  
0.8041804645  
0.6680233453  
0.4760824457  
0.111013726  
0.3294618705  
0.3269930335  
0.6017229424  
0.7829771334  
0.4065764275  
0.4430216624  
0.6162257188  
0.640954772  
0.7498066205  
0.9208406169  
1.181916466  
0.9889477291  
0.7828310528  
0.9452968312  
0.9691923743  
0.9201597913  
1.224284909  
0.4389181376  
0.6899653542  
0.6394004269  
0.8120985338  
0.5388595092  
0.462239252  
0.6452064873  
0.407486389  
0.2833120812  
0.5566710442  
0.6258542931  
0.3704507771  
0.3736520573  
0.714671153  
0.3753182768  
0.1873326189  
0.03940424797  
-0.1765932414  
-0.3087883623  
-0.05408906431  
-0.1173386406  
-0.6322780148  
-0.8422824719  
-0.8726076794  
-0.7617020141  
-0.6839113334  
-0.1036140786  
-0.8145987262  
-0.7287252207  
-0.6675513026  
-0.937402889  
-0.8546921353  
-1.17503312  
-0.9720087116  
-1.269477075  
-0.7856828792  
-0.7631527992  
-1.352357713  
-1.220209163  
-1.700279937  
-1.24009644  
-1.305754126  
-0.814212698  
-0.8041316145  
-1.026204186  
-0.5479067157  
-0.5376873667  
-0.4486427929  
-0.8445968665  
-0.7867871044  
-0.9367055168  
-1.104822668  
-0.8658868524  
-0.7623107347  
-0.5600002808  
-0.2770366221  
0.1797340096  
0.18041938  
0.3305960376  
0.8624859951  
0.3363882285  
0.4522978737  
0.4870741601  
0.4476724866  
0.5439566997  
-0.00618248365  
0.1835349781  
0.1065274304  
0.411281753  
0.5718806406  
0.7300819774  
1.32553032  
1.076954629  
0.5210343631  
0.9207632973  
0.667867625  
0.3596928598  
0.5449676283  
0.6450484974  
0.5780293995  
0.5919259792  
0.7341191865  
0.7584658071  
0.5394218103  
0.3751522616  
0.07168756997  
0.1162441953  
0.665475536  
0.7054552305  
0.8528072947  
0.9408617872  
0.3190826911  
0.4155029976  
0.5895798166  
0.4286808842  
0.05203562918  
0.1430157562  
0.07980774768  
0.6251206321  
0.2599958646  
0.4187182657  
-0.4425171219  
-0.3775331814  
-0.3005267741  
0.09889342174  
-0.07257210103  
0.1511324627  
-0.1829220302  
0.2560896444  
0.4613244422  
0.08316166599  
0.07984236666  
-0.2594920601  
-0.2259121049  
-0.4518774408  
-0.4940867411  
-0.6619850578  
-0.2626311099  
-0.208152708  
0.2285003758  
0.8485477749  
-0.01206789966  
0.06011550315  
0.3112607274  
0.2612529298  
-0.363394935  
0.07056117622  
-0.1805135347  
-0.496018573  
-0.4161290619  
-0.09944090025  
0.2078849013  
0.04999834563  
0.2948163043  
0.5861721722  
0.6538936764  
0.9968782518  
0.7069180106  
0.7400800657  
0.6364233931  
0.7683811294  
0.1666697729  
0.2619800461  
-0.1593161041  
0.1269226181  
0.3137956769  
0.3115804906  
-0.2044649491  
-0.1809683208  
-0.189613325  
0.1541296083  
0.405556643  
0.5325222129  
0.5359422951  
0.8724172779  
0.4039695675  
0.5885971168  
0.9703960431  
0.3238260801  
0.1997431096  
0.3706292711  
0.3960828962  
0.6115017688  
0.3622125118  
-0.07904836511  
0.5584154592  
1.082393684  
0.4536121194  
0.7866538832  
0.4785014335  
0.8926550852  
1.166915105  
0.6322892769  
0.6445067866  
0.5792643992  
0.1841506758  
0.6542590047  
0.5516358779  
0.4289578972  
1.791603725  
0.9517551487  
0.915435293  
0.2189550871  
-0.1972345154  
-0.588935487  
-0.6108466661  
-0.04365872257  
0.3380415443  
0.2663745863  
-0.04436528382  
0.04214117061  
0.6564441329  
0.5617145305  
0.4162402663  
0.912964263  
0.3773480306  
0.5596185355  
0.1523117038  
-0.2280073262  
-0.1349223502  
-0.5363886829  
-0.5657459346  
-0.7350898715  
-0.294066793  
-0.7425441617  
-0.3977422504  
-0.1998398205  
0.0005649114608  
-0.1138655073  
0.1688567051  
0.365044719  
0.6771237238  
0.06376486734  
0.08120748224  
-0.3891942086  
-0.2971635008  
-0.3592516211  
-0.3814222255  
-0.1440900682  
-0.1564549075  
0.1770604759  
0.1016896175  
-0.3181635263  
-0.8566598449  
-1.02160739  
-1.130419723  
-0.9513076902  
-0.6073295996  
-0.2675786666  
0.2583238509  
0.3927922247  
0.4184714407  
-0.009940638803  
0.451080372  
-0.01127302455  
0.01948141416  
-0.6530778271  
-0.2179370285  
-0.5291880008  
-0.5762334139  
-0.2916008026  
-0.4980513866  
-0.4226891909  
0.3085203931  
0.1243981171  
0.1639272836  
0.02351914206  
-0.2085584971  
-0.07065514908  
-0.3363978391  
-0.5904101606  
-0.2534913469  
-0.2063930678  
0.09080797448  
0.3941151875  
0.3881686009  
0.4824160173  
0.7992392412  
0.3496108696  
0.161976125  
0.3880909769  
-0.0376327047  
0.1948838253  
0.1351249236  
0.2012981728  
0.4298004982  
0.6820404056  
1.125310936  
1.571499917  
1.122035615  
1.461804687  
1.305314907  
1.036993683  
0.8674196634  
1.723650977  
0.9228922297  
0.4087440251  
-0.2830187736  
-0.3534237867  
-0.4599555377  
-0.3782616213  
-0.0804366925  
0.2042440769  
-0.06293346805  
-0.5839701559  
-0.9886038943  
-1.496592014  
-1.236401751  
-1.413979566  
-1.834841635  
-1.543598511  
-1.540163629  
-1.024538721  
-1.150455454  
-1.00531023  
-1.194816446  
-1.681089202  
-2.223737741  
-2.310478794  
-2.057870309  
-2.270960667  
-1.643081828  
-1.484090626  
-1.387136171  
-1.578874504  
-1.156635798  
-1.014546991  
-1.11735911  
-1.778984867  
-1.702134479  
-1.328094486  
-1.537088596  
-1.304745026  
-1.474068157  
-0.9138910047  
-1.026221822  
-0.780991386  
-0.3632113835  
-0.7542684981  
-0.8892549437  
-0.9320206133  
-0.9352411207  
-0.9576827423  
-0.7575958466  
-0.8100366201  
-0.7582942893  
-0.6674830493  
-1.060227543  
-0.8318915655  
-0.5709565007  
-0.5869330873  
-0.8601908888  
-0.6684975077  
-0.668206178  
-0.8802691976  
0.07545623295  
-0.3747257377  
-0.2594890772  
-0.9485467718  
-1.117090084  
-1.241897607  
-0.7899779189  
-1.080407376  
-1.188905806  
-1.390376643  
-1.092813895  
-1.282427838  
-1.162952763  
-1.118785594  
-1.184058001  
-0.7505656317  
-0.7923270584  
-0.5715046161  
-0.5265947184  
-0.1421019868  
-0.02097314939  
-0.09068043434  
-0.4330177273  
-0.1386740046  
-0.5632342128  
-0.9975690444  
-0.6637802383  
-0.9833290493  
-1.091050229  
-1.185945007  
-1.187687941  
-0.9642791993  
-1.062664533  
-1.116136383  
-1.485934151  
-1.436009514  
-1.278695391  
-1.105794865  
-1.023526756  
-0.7585960062  
-0.9466328821  
-0.7822535417  
-0.6494430112  
-0.4993946462  
-0.7735227549  
-0.7105311892  
-0.4143208787  
-0.4862527505  
-0.6710003344  
-1.244245344  
-1.631588022  
-1.289769678  
-1.239748343  
-1.041634643  
-0.4024004591  
-0.1834965946  
-0.08709773208  
0.187433611  
-0.02809681605  
-0.001865181588  
-0.05285288466  
-0.1667922838  
-0.2978827502  
0.1773093038  
0.3184095185  
0.6149180471  
0.6698672288  
0.3825906048  
0.9046454186  
0.478231284  
0.1278686936  
0.1829301128  
0.1468687943  
0.3892814615  
0.3554321846  
0.5548403528  
0.6594630466  
0.7743160356  
0.4532464701  
0.5071261943  
0.0375277118  
0.302719926  
0.2653237528  
0.1767452958  
0.1182992584  
0.05019127833  
0.2440461112  
0.1308838377  
0.5477034831  
0.5257184589  
0.5560848272  
0.4324607656  
0.5121888212  
-0.1206236257  
-0.3930590874  
-0.3330613113  
-0.247219429  
-0.6152291099  
-0.4760837167  
-0.08407277999  
0.2737588227  
0.4504687716  
0.2659952999  
0.04026969072  
0.2380182596  
0.4620560939  
0.4970826692  
0.6338034535  
0.5870015208  
0.212074754  
-0.2006620954  
-0.2827050362  
-0.6494677302  
-0.8732359574  
-0.6032580441  
-0.4255282228  
-0.2414598148  
-0.2618779053  
-0.09118612817  
-0.4750002566  
-0.337121653  
-0.004301672868  
0.1417778279  
0.00340607076  
-0.03680023678  
-0.1594781058  
-0.138871906  
-0.2601456878  
-0.6520313099  
-0.6475626281  
-0.5362813005  
-0.7294310892  
-0.3067248184  
-0.02784368202  
-0.2735127666  
0.3789135293  
0.2285755711  
0.6799426381  
0.6028327331  
0.4063239625  
0.3497669188  
0.2680197093  
0.559039596  
0.2648504272  
0.2647328078  
0.1160491905  
0.2855536104  
0.06148904143  
0.2147840098  
0.4864672581  
0.8482803717  
0.4004171108  
0.2760534376  
0.3790370408  
0.1741133645  
-0.129332695  
0.1916525088  
-0.03363911621  
-0.04854022877  
0.3149270663  
-0.174241792  
-0.09764986214  
-0.2224070424  
-0.2970034263  
-0.3797286307  
-0.3065922446  
0.03979768443  
0.02237178127  
-0.3787781486  
0.05172072847  
-0.1912343223  
0.2610682026  
0.06500984447  
0.004307944898  
0.4818744389  
0.3331214281  
0.2930030936  
0.5216935749  
0.1495771619  
0.04956036847  
-0.2689349282  
-0.3889279046  
-0.6900192622  
-0.5344406907  
-0.9236732721  
-0.6805951422  
0.09648479488  
0.03573410128  
0.03806429817  
0.1880648266  
-0.2156256664  
0.3133578705  
0.3248920232  
0.497473627  
0.1541151856  
-0.06483591338  
-0.6659230808  
0.2309217249  
-0.1665124864  
0.08718160703  
-0.08783437205  
-0.1343425667  
0.1813909108  
-0.1840793151  
-0.07267861487  
-0.5325908098  
-0.3138139244  
-0.5233947213  
-0.4403106228  
-0.3672629035  
-0.268420267  
-0.2318998519  
-0.3053741374  
0.1110492637  
0.1784492405  
0.03756814758  
0.3523782399  
0.3802755197  
0.07744516288  
-0.07509186774  
-0.4384319688  
-0.9422479614  
-0.8637311384  
-1.143213631  
-1.237297535  
-1.443261817  
-1.634265159  
-2.02030294  
-1.438009882  
-0.968914261  
-1.22264797  
-0.9452370595  
-1.044978753  
-0.7235257105  
-1.310682917  
-1.425941919  
-0.9566233162  
-1.100221452  
-0.3494197529  
0.02432645895  
0.2499175509  
0.4756634396  
0.3215775065  
-0.2550194764  
-0.3835202234  
-1.172313988  
-1.60501764  
-1.479783214  
-1.026421502  
-0.9773235346  
-0.6106799233  
-0.5161215988  
-0.3377791392  
-0.1857686093  
-0.2027438289  
-0.3145535193  
-0.3459591622  
-0.4271993933  
-0.5745654033  
0.1413772925  
0.1543078012  
0.1615867991  
0.1465930195  
0.08565002637  
0.2381427841  
-0.02841288916  
0.4161051104  
-0.04439478865  
-0.239678413  
-0.4386335685  
-0.798639557  
-0.1877631815  
0.430665998  
0.07765549822  
0.6047280323  
1.169476899  
0.61519454  
0.608876232  
0.5129107018  
0.8743422996  
0.7656497504  
0.4112726648  
-0.03183701981  
0.5039492416  
0.09366293262  
0.05211652937  
0.242613716  
0.4220898127  
0.7144510469  
0.0881786124  
-0.09532223827  
0.2960948242  
0.1967577309  
-0.2199937916  
-0.05189818265  
-0.6141826508  
-0.4721438029  
-0.2182813155  
-0.2440614151  
-0.392081439  
-0.1937521192  
-0.01525804717  
0.02904353397  
-0.03722099133  
-0.6877005287  
-0.5685178666  
-1.02190306  
-0.7915152998  
-1.709542312  
-0.9529337179  
-1.051752252  
-1.028704573  
-0.9891610404  
-0.9994175388  
-0.6271727011  
-0.7317868669  
0.02872102188  
0.5095606334  
0.3032104277  
0.3495101606  
0.1144410598  
-0.115929302  
-0.1176970799  
-0.8629922188  
-1.329363149  
-1.064170883  
-1.005547913  
-0.8925169166  
-0.569497949  
-0.2613858794  
0.03216575655  
-0.2183679859  
-0.2030535968  
-0.5772138864  
-1.056155865  
-1.453996432  
-1.200446606  
-0.8963905034  
-0.636447566  
-0.3511408468  
-0.3587518631  
0.2094410894  
0.7009129704  
0.5802084744  
0.4119170397  
0.7257218687  
0.7753728904  
0.5170343048  
1.065468392  
1.114029874  
1.153714823  
1.127745379  
1.031963519  
0.9404277982  
0.9788901139  
0.7632332271  
0.7461606884  
0.9954095926  
1.171445356  
1.170520685  
1.197903765  
1.314441909  
1.024249615  
0.5348273424  
0.5470927026  
0.3227994474  
0.3788728941  
0.5890860868  
0.8818957842  
0.9771010183  
1.038839632  
1.200779865  
1.115852134  
1.202697152  
1.485973837  
1.243213203  
1.704383783  
1.249502664  
1.38862464  
0.9089017279  
0.650765178  
0.5954913735  
0.05962594549  
0.3787791024  
0.3434202243  
0.4959881443  
0.9185018845  
0.7609510638  
1.218704375  
1.247299606  
1.398431382  
1.867384208  
1.269096818  
1.336150884  
0.8740503498  
0.6407791059  
0.3534666274  
0.4431460732  
0.2225191354  
0.9521854474  
0.9142431682  
1.141064409  
1.487097495  
1.415944714  
1.239804226  
0.6645342601  
0.865448553  
0.4612215029  
0.7868486233  
0.3776193332  
0.4085013656  
0.7158158995  
0.8900569192  
0.8040281346  
0.4337941418  
0.7641671446  
0.8729051401  
1.459129606  
1.020462481  
0.5383572808  
-0.2465273332  
-0.4275502078  
-0.1986587956  
-0.1718879385  
-0.2197735918  
0.1579946604  
0.2167031429  
0.3798558943  
0.4406885467  
0.2305244306  
-0.06850216962  
0.08104420076  
0.3790423606  
0.07871022405  
-0.0479301314  
0.1245921014  
0.01149372528  
0.5293188674  
0.8464442105  
0.8426198369  
1.046189374  
0.6684741692  
1.118527558  
1.276816941  
0.8653816218  
1.202522275  
1.263634039  
1.25476244  
1.579101354  
1.110106974  
1.193068206  
0.813936748  
0.505449505  
1.00786311  
0.7224887896  
1.032857382  
1.177132134  
0.8283635334  
0.9907656504  
0.900217603  
0.6230144254  
0.4886096752  
0.4046974924  
0.4639704451  
0.8124148931  
0.5040301085  
0.6283068369  
0.6169282649  
0.5116795293  
0.4098890026  
0.2062397515  
0.6400229548  
0.5439928878  
0.8192110835  
1.196823688  
1.02757989  
0.8256021217  
0.9146812658  
0.7474686584  
1.14868359  
0.4277503912  
0.480154246  
0.2107153074  
0.8133855301  
0.9035123484  
0.3824058637  
0.3876954695  
0.5205181298  
0.317566177  
0.5212887009  
0.1880552109  
0.168057037  
0.5705384324  
0.6151603848  
0.6337635835  
1.165490044  
0.9501437316  
1.384189039  
1.309842621  
1.966130401  
1.460593307  
1.437078008  
1.653000098  
1.620110107  
1.556191481  
1.165264374  
0.8368064887  
0.831993733  
1.019113996  
0.8976242894  
1.345799464  
1.015146935  
0.7957179584  
1.076327873  
0.5796382139  
0.8862506282  
0.7639512321  
0.4248205683  
0.6621058798  
1.072819676  
0.9408827492  
0.6067470061  
1.094683851  
0.7169645444  
1.035279474  
0.7063237523  
0.9031229276  
0.2796835905  
0.3932190272  
0.1236559915  
-0.2381189959  
-0.6350339268  
-0.7726336528  
-0.6138797999  
-0.6834106608  
-0.1037653154  
0.2298186979  
0.4412267068  
0.7742487873  
