2.249949235  
1.509963669  
1.014955937  
0.1461479644  
0.03513145374  
0.01660746224  
-0.2922586389  
0.2780092655  
0.1747440393  
0.2250019207  
0.2417437759  
-0.06440566038  
0.2540712652  
0.1427297983  
-0.3572841148  
0.3828143597  
0.3333120601  
0.2414872774  
0.510353033  
0.08423884084  
-0.4708153525  
0.2656191134  
0.16959815  
-0.244799793  
-0.4713413366  
0.05697196497  
-0.6240447241  
-0.486106983  
-0.2883444668  
0.1265957228  
0.1207878207  
0.3689888442  
0.08711594047  
0.3161067832  
0.4047870152  
0.07943113523  
0.1772137553  
0.4491222736  
0.3620304818  
0.1519613769  
0.06856755571  
0.02715100479  
-0.3313962592  
-0.4691850481  
-0.3273497153  
-0.1973192548  
-0.8308501682  
-0.406919534  
-0.3720031586  
-0.4749780252  
-0.3788844593  
-0.7987814238  
-1.082047331  
-0.5458413041  
-0.7191596807  
-0.221692282  
-0.6273096614  
-0.6699620131  
-1.113518816  
-0.9065125992  
-1.40214707  
-0.9861864592  
-1.028203263  
-0.3813486642  
-0.5651661721  
-0.4253686652  
-0.5363512872  
-0.5472337843  
-0.1202158953  
-0.6683321949  
-0.3245667412  
-0.4891045119  
-0.7767582075  
-0.8761062529  
-1.107885231  
-1.51059622  
-1.81120155  
-1.369946909  
-0.8694495088  
-0.7916288941  
-0.6032137834  
-0.4609943015  
0.1154708148  
-0.1654238238  
0.7619810896  
-0.02401314676  
-0.08489667253  
0.3941753027  
0.1362720662  
-0.1980353069  
-0.5927057999  
-0.5790523489  
-0.2566177427  
-0.3187464222  
-0.03838319618  
0.03986792424  
0.02207275875  
0.2367862469  
0.3853303639  
0.04286039618  
-0.2502708275  
-0.5423411989  
-0.5332533725  
-0.8116940382  
-0.004095506022  
-0.05402694605  
0.5005990898  
0.03677855799  
-0.2166599764  
-0.1030277216  
-0.4272807305  
-0.3198154493  
-0.3150762748  
-0.3846341849  
-0.4134645341  
0.02117601699  
0.02613395199  
-0.009462140707  
-0.01952491984  
-0.06379530255  
0.6554009614  
0.3136583308  
0.5852541818  
0.4268564958  
-0.2895851149  
-0.6379918762  
-0.3930304559  
-0.8391837317  
-0.5091580426  
-0.2956510976  
-0.3618367117  
-0.1058602069  
0.03372625302  
-0.5467850925  
-0.4712760751  
-0.0673435784  
-0.24026587  
0.09757476321  
-0.04651825189  
-0.1649730492  
0.06645305361  
0.6817175515  
0.06496523063  
0.0272810464  
-0.178677088  
0.1661084538  
0.5538787457  
0.3909896975  
0.07504182798  
0.04322346729  
-0.06361731496  
-0.3581418714  
-0.1633363017  
-0.2456390242  
-0.4853302099  
-0.1330340403  
-0.007295404595  
0.111926544  
0.3914661195  
0.1019058971  
0.2004255798  
0.6978714614  
-0.09731798899  
1.29545461  
2.31050317  
1.045256483  
0.3608533962  
0.2852860759  
0.6054260448  
0.8114252637  
0.4714207151  
0.492982317  
1.029366079  
0.2681136356  
0.1095283119  
0.1888903508  
-0.5387225588  
-0.3857508182  
-0.3724959397  
-0.6838950785  
-0.6358468782  
-0.6487127311  
-0.3039541723  
-0.5080416609  
-0.9251695517  
-0.6160195392  
-1.14789649  
-0.735233657  
-0.3566009284  
-0.1936338024  
-0.08241752494  
0.05975224787  
0.06031376131  
0.2105952479  
-0.1336682081  
-0.1231843651  
-1.005617694  
-1.035082189  
-0.4534110192  
-0.4030976504  
-0.1226032705  
-0.1125884211  
-0.7127374512  
-0.6586769421  
-0.8982840984  
-0.6786653814  
-0.8924095005  
-0.8572085233  
-0.7995498587  
-0.2692139277  
-0.282162989  
-0.6177363078  
-0.5334123855  
-0.6472806735  
-0.7443271289  
-0.7497172466  
-0.8960482548  
-1.088393834  
-1.270462877  
-0.9438241041  
-1.150015615  
-1.237497792  
-1.372937751  
-1.26745724  
-1.064088261  
-0.9185276958  
-1.019088544  
-0.4364871211  
-0.4830577136  
-0.4376872425  
-0.05943436352  
-0.2601360976  
-0.3952518388  
-0.6242455606  
-0.7441123396  
-0.7121007682  
-0.5205751075  
-1.160799434  
-0.451986058  
-0.234246749  
-0.359981334  
-0.3082724498  
-0.2498733189  
-0.1087460182  
-0.4000336017  
0.1071496848  
0.2282593399  
0.2834439081  
0.2999122324  
0.5573811469  
0.5786265614  
0.5529158782  
0.7891145141  
0.08415500048  
0.4960982018  
0.1458198233  
0.1269986437  
-0.2364413746  
-0.2621112238  
-0.5900397792  
-0.517679138  
-0.4704493645  
-0.3727611993  
-0.3667200297  
-0.07091933798  
-0.4287387522  
-0.7047576885  
-0.1798372946  
-0.7175306981  
0.06282156904  
-0.1019260004  
0.07484134469  
-0.1648820135  
0.1185264419  
0.5196956799  
-0.1481506543  
-0.0674462618  
-0.4440320228  
-0.2871366287  
-0.178863216  
-0.3562082291  
-0.7180411686  
-0.6865467802  
-0.5935194507  
-0.02536024604  
0.2601414691  
0.1747814609  
-0.0192328734  
0.08021177736  
0.3427914371  
0.2660741329  
0.1935610606  
0.6378435582  
0.4922056496  
0.3090805403  
0.1731114576  
-0.1410002749  
-0.3506161164  
-0.1265774097  
0.3412724  
0.4608138262  
0.4573804748  
0.1144217265  
0.1474812747  
0.5040277714  
0.05230779435  
0.1827313169  
0.3866479095  
-0.009938894161  
0.2049450462  
0.4169875534  
-0.06383539088  
0.05566414764  
0.1584953945  
0.1767194142  
0.7779863325  
0.8711152192  
1.002292444  
1.311575324  
0.907897219  
1.159566173  
1.372788499  
0.5676154312  
0.1121763899  
-0.1223297508  
0.1493373085  
0.05346221931  
-0.2971062526  
0.2491961357  
0.1688877547  
0.6212004548  
0.2865679501  
0.0778796728  
-0.0310944622  
-0.3903668381  
0.03732305209  
-0.3493999064  
-0.2408364856  
-0.136094055  
-0.1427455832  
-0.2327562698  
-0.3771312639  
-0.4294232411  
-0.1419524305  
-0.5282429425  
-0.1345909135  
-0.1560140581  
-0.1221706888  
-0.4031873318  
-0.1601995472  
-0.3306583387  
-0.1849422147  
-0.4071242212  
-0.4540148094  
-0.1302904164  
-0.443842013  
-0.04164071567  
0.06833775607  
0.1247158956  
-0.08004575452  
0.1377125169  
-0.09189331052  
0.09892633153  
-0.6825239112  
-0.4780455446  
-0.6487053537  
-0.4058380613  
-0.3859481304  
-1.097852688  
-0.8940929986  
-0.979259948  
-0.5250045535  
-0.1834545639  
-0.08324404541  
-0.2298619696  
-0.1101126185  
-0.2244299716  
-0.1452471124  
-0.4474984928  
-0.5042832595  
-0.7809910406  
-0.8726369971  
-0.1790910161  
-0.5114417994  
-0.4272513973  
-0.7327489735  
-0.6475074506  
-0.8608244267  
-0.8599776377  
-0.699010921  
-0.3326911232  
-0.005517392747  
-0.03832302618  
0.2008272623  
-0.005298668008  
0.3792882801  
0.02200778213  
0.2905894061  
0.01813587449  
-0.1384601819  
-0.1418598247  
-0.225980527  
-0.4925150544  
-0.2296595093  
-0.3712125259  
-0.5812726373  
-0.5814579534  
-0.8157470403  
-0.6406613003  
-0.5326996708  
-0.5661478188  
-0.1174956401  
-0.00382487992  
0.2404872061  
0.06308532447  
-0.08394314575  
0.05487877906  
0.2781078728  
0.5209883807  
1.018733157  
0.3860401926  
0.3349552092  
0.5840047213  
0.7483913923  
0.4232038279  
0.4462664638  
0.4944758292  
-0.1409558914  
-0.5414598969  
-0.1180137157  
-0.4045941666  
-0.2052416804  
0.08069385127  
-0.1972115635  
0.1178305651  
0.3410965178  
0.2609190019  
-0.07684645783  
-0.1031575309  
0.1654868854  
-0.08119301737  
0.01815559957  
0.3140203969  
0.7615560572  
0.5055665045  
0.8132844571  
1.113066047  
0.6552729412  
0.4094641057  
0.2059065274  
-0.08762803864  
-0.3896424957  
-0.2940164469  
-0.1619336601  
-0.3551202873  
0.01002463918  
-0.008648220159  
-0.1929822938  
-0.07088239599  
0.2757575151  
0.1987106448  
0.3399988737  
0.3602151819  
0.05942724965  
0.008629169091  
0.2888617585  
-0.4713262612  
0.0889310484  
-0.4212271332  
-0.4379371634  
0.1507000817  
0.2045824569  
0.6770622692  
1.02202397  
0.7944573173  
0.4101626703  
0.7318578402  
1.229530825  
1.456427436  
1.519092199  
0.6936382402  
0.66408556  
0.1270135558  
0.6466421716  
0.4086761803  
0.3619713147  
0.04187469956  
1.255252044  
1.150908615  
0.9272064138  
1.042758148  
1.133321071  
1.135998331  
1.620124136  
1.211303453  
0.86386975  
1.131606978  
0.9569566146  
1.062920108  
1.226348824  
0.6778813999  
0.5403589799  
0.1701960804  
0.5361097861  
0.4796764971  
1.430480308  
3.154117695  
2.486486371  
1.751845815  
1.682823324  
1.830379346  
1.4589429  
1.059954411  
1.250807094  
0.6510228422  
0.6523830977  
0.1527230754  
0.4515149936  
0.623701  
0.5421048526  
0.6552232685  
0.4086995144  
0.4321696972  
0.6711363776  
0.3623235389  
0.9002240887  
0.654623513  
0.1840725823  
0.1524908031  
0.1829716174  
0.2477514258  
-0.06998873083  
-0.1305298581  
-0.2768127408  
-0.6083523656  
-0.502616491  
-0.3729431863  
-0.0664886703  
-0.2967269716  
-0.03372246128  
-0.3735652218  
-0.5468081225  
-0.6650684348  
-0.4561011065  
-0.6696448826  
-0.4051944926  
-0.7172656092  
-0.4888366475  
-0.5061286603  
-0.3623929402  
-1.123189296  
-0.8807988113  
-1.110765879  
-0.7160820426  
-0.6674704668  
-0.436685064  
0.2565611618  
-0.2701780365  
-0.1979133166  
0.2337915356  
-0.18962824  
-0.1621227872  
-0.3238714634  
-0.9410717477  
-0.5879029602  
-0.424655978  
-0.5285143394  
-0.1795198294  
0.08113065044  
0.05864395924  
0.1792127855  
0.3975869424  
0.4670404158  
0.4895510185  
0.6610883747  
0.4645139504  
0.6298950366  
0.1200645953  
0.4722000258  
0.882119674  
0.3579143918  
0.9568169403  
0.6338327392  
0.6971007957  
1.178535197  
1.442456284  
1.029298237  
1.382087334  
1.211906172  
1.103127403  
1.239710097  
0.9883188938  
0.7811034098  
1.013585412  
1.248576522  
1.266081341  
0.9967790603  
1.261579722  
1.146662718  
1.030741374  
0.2233326395  
-0.1680408582  
-0.5152301291  
-0.6093771866  
-0.8059136108  
-1.087963423  
-0.9762458867  
-0.6206021015  
-0.854411242  
-0.8198304809  
-0.5164989349  
-1.044403806  
-0.8695587691  
-0.4623457101  
-0.506628122  
-0.4097295998  
-0.1860882362  
-0.4305386165  
-0.1303481102  
-0.04124094887  
0.1135849607  
-0.3395920667  
-0.4119657194  
-0.5959142775  
-0.5161953347  
-0.04757502016  
0.1361611878  
0.6501617246  
0.4178444939  
0.8829202301  
0.6558692138  
0.4282745747  
0.03976675977  
-0.5712445988  
-0.8665729915  
-0.1186679985  
-0.1542292773  
-0.09358032063  
-0.6753004788  
-0.2435738014  
0.242066331  
-0.2839082997  
-0.004466944633  
-0.4146780782  
-0.5661932318  
-0.1987749691  
-0.1814700959  
-0.3800782692  
-0.5941468181  
-0.557560216  
-0.5806959729  
-0.385527494  
-0.5149795905  
-0.8992795439  
-0.3844582582  
-0.4810923907  
-0.4969928086  
-0.7644377198  
-0.4383325021  
-0.2354075089  
-0.6385443529  
0.05859710035  
-0.1365970796  
-0.1892932145  
-0.5336982259  
-0.08697918767  
0.1718225199  
-0.2312235242  
-0.2822798281  
-0.7921604873  
-0.8307231643  
-0.6809456535  
-0.9945008978  
-1.152800259  
-0.9053330356  
-0.5867230059  
-0.4709158751  
-0.2644287501  
-0.1537577983  
-0.2003266747  
-0.3303806481  
-0.3239371951  
-0.4067916399  
-0.8399951181  
-1.195393816  
-0.8028706238  
-0.9836652575  
-0.8659682031  
-1.137151981  
-1.166041309  
-0.7556543218  
-0.2894855012  
-0.4765937451  
-0.842616816  
-0.740295994  
-0.972327014  
-0.6931888278  
-0.8362341943  
-0.6855158929  
-0.5283865877  
-0.4526342812  
-0.4747378121  
-0.5013983073  
-0.6188662168  
-0.7568090566  
-1.089308313  
-0.7498358265  
-0.5548924594  
-0.6167504396  
-0.8525934397  
-1.119196392  
-1.119107252  
-1.053929931  
-0.9621396621  
-0.6005732411  
-0.3492528424  
-0.3799634441  
0.1359105945  
-0.4494268203  
0.3489933509  
0.3695262523  
0.06106214435  
0.1378942403  
0.06814502295  
0.1188964123  
-0.4410322838  
-0.6261622222  
-0.32034688  
-0.407480625  
0.09301073737  
-0.0005741891218  
0.6659212552  
0.8061358587  
0.6367486486  
0.4839682617  
0.7087698388  
0.3178943039  
0.7649650347  
-0.1165005681  
-0.5267400969  
-0.5836259733  
-0.2464578952  
-0.5653014257  
-0.3978159537  
-0.5272504962  
-0.3219231682  
-0.5931245273  
-0.8398510164  
-0.6765991941  
-0.6613811778  
-0.8653045535  
-0.2395415864  
-0.7016752357  
-0.4810086959  
-0.5936113965  
-0.9507640481  
0.021680573  
-0.4427235553  
-0.3149387446  
-0.03424508428  
0.06398012769  
0.2130581404  
0.1404984201  
-0.09018770058  
-0.5803218812  
-1.025857078  
-0.660305834  
-1.013342728  
-0.8277067739  
-0.7888871357  
-0.6347428893  
-0.6303261628  
-0.7763392067  
-0.4772207604  
-0.8181554625  
-0.3687740346  
-0.3084532405  
-1.155370467  
-0.790926834  
-0.7797189235  
-0.8004034423  
-0.6331705408  
-0.6261444714  
-0.4154004821  
-0.5197988026  
-0.6400199923  
-0.5139901591  
-0.9641542494  
-1.036786053  
-1.453386381  
-1.572020927  
-1.104061736  
-0.809612855  
-0.6590093698  
-0.214338359  
-0.4632721608  
-0.03871418519  
0.05931493201  
-0.2016386246  
-0.1138494828  
-0.2574059116  
-0.8272344392  
-0.341784864  
-0.6186041213  
-0.5205469363  
-0.409935497  
-0.3653706955  
0.4863170176  
0.8946211473  
0.4256777503  
0.9730205388  
0.8142003432  
0.9275672569  
0.3659500309  
0.2697218997  
-0.02272154997  
-0.0487027508  
-0.02787308733  
0.008034900381  
-0.04920523707  
-0.2203058934  
0.2142388227  
-0.05363316997  
0.7222739812  
1.113543262  
0.5865021351  
0.7884332221  
0.5619870476  
0.346987116  
0.2110770975  
-0.2948225001  
-0.4058653823  
-0.6070286048  
-0.02867128876  
-0.274427817  
-0.01171771861  
0.2861332409  
0.5846629018  
0.1841844863  
0.1185931196  
-0.005291355487  
-0.4595249675  
-1.159998523  
-1.011629609  
-0.8430246216  
-0.3611739024  
-0.7020760484  
-0.3640269613  
-0.49713928  
-0.2496706632  
-0.7033776574  
-0.7598229152  
-0.8039222136  
-0.5250708949  
-0.2939949009  
-0.08176177743  
-0.1526860118  
-0.1596306987  
0.2284345866  
0.5331023861  
0.6656283844  
0.6128745146  
1.251256151  
0.9084756375  
0.8281761902  
0.1650277193  
0.5893635854  
0.4658269868  
0.02869331979  
0.2118936587  
0.1948328259  
0.179054177  
0.6525130964  
0.02593550516  
0.329328594  
0.05555737499  
0.2254927838  
0.7865751301  
-0.120097705  
0.1247950744  
0.100714886  
-0.2655942304  
0.05566224787  
0.08351311552  
0.1808596824  
-0.3015841117  
-0.08454602316  
-0.1641220663  
-0.743142772  
0.02699800074  
-0.07009916489  
0.2092274522  
-0.1496354716  
0.1388531947  
0.1635673058  
-0.07615223164  
0.2244000803  
0.2081400779  
0.09175298708  
0.6836731734  
0.481937256  
0.8042841762  
0.7210257704  
0.3204279814  
-0.2420164521  
-0.3637203861  
-0.6861384465  
-0.7309159885  
-0.07888470231  
0.4274585662  
0.6941074918  
0.3337134599  
0.563380272  
0.4936665018  
0.8886669563  
0.6570461411  
0.5860759685  
0.1523885844  
0.5367825721  
0.2539858691  
-0.06762533973  
0.1644996594  
0.6280494223  
0.2280770397  
0.4803936336  
0.3171683443  
0.2348174872  
0.9371594171  
0.4752619684  
0.9391791799  
0.8607112804  
0.9025869755  
0.9237594725  
0.8845582659  
0.4965935196  
1.463715332  
2.686125665  
2.044514884  
2.067029641  
2.047985026  
1.803708679  
1.660692793  
1.670331889  
1.488213151  
1.789603396  
1.220135885  
1.385485423  
0.9877662412  
0.7109332582  
0.4772616713  
0.5065167324  
0.1666893907  
-0.205332747  
-0.08845863918  
0.1679028058  
0.4623229562  
0.5100495656  
0.02844646565  
0.5709530792  
0.4992390487  
0.4696335714  
0.2115954254  
0.1166510786  
-0.3339738829  
-0.17629061  
-0.1787164144  
-0.5473202146  
-0.4146659694  
0.4127553064  
-0.1742430885  
-0.0227969344  
-0.1947466097  
-0.01155637752  
-0.3163631371  
-0.2661155203  
-0.5553181675  
-0.7127090942  
-0.5373911389  
-0.3146874309  
-0.1405968275  
0.170322784  
0.2138255388  
0.1253627452  
0.1881010825  
-0.1489738722  
-0.1072708131  
0.5197547761  
0.2801727539  
0.3374307369  
0.4041320956  
0.5456792126  
0.3042665923  
0.03962775362  
-0.2039674463  
-0.3463463206  
-0.6639937309  
-0.5574251151  
-0.8848411569  
-0.6510360568  
-0.2552992213  
-0.05038663993  
0.303239173  
0.1906901692  
0.2043146038  
0.3114825868  
0.5084607594  
0.1764682976  
0.3421249476  
0.04493473819  
0.3993220208  
0.1019933236  
0.4736222477  
0.1074243753  
0.1989479075  
-0.2076602822  
-0.1698359853  
-0.2078354337  
0.3947205311  
0.05331166426  
0.759322497  
1.091623721  
0.6505063025  
0.7306126794  
0.2655359096  
0.06003165363  
-0.2711148048  
-0.5872695445  
-0.2251057408  
-0.2119750973  
0.1621335861  
0.5334368508  
0.4380110211  
0.9721445864  
0.8253973891  
1.055569373  
1.302054264  
1.079871793  
0.986108025  
0.7353705409  
0.3881565718  
0.4131392929  
-0.1196442391  
-0.08781156343  
0.116247059  
0.2703833666  
0.2237762187  
0.9690732179  
0.6309754514  
0.4765171171  
1.182182917  
1.082284506  
0.9684549864  
1.212867122  
0.6800674286  
0.08026583152  
0.04693317677  
0.05308283918  
-0.1886445799  
-0.09443824933  
-0.3034498892  
0.01146007668  
0.2053949159  
0.4167639525  
0.08349725634  
-0.01687082191  
0.3459956664  
0.1387874806  
-0.5627894869  
-0.05184560653  
-0.4531187068  
-0.0589766898  
-0.1198931568  
-0.3098108878  
0.09050117187  
0.3693647844  
0.8147809733  
1.213722477  
1.041417947  
2.037199634  
1.463376778  
1.155232386  
0.4308237788  
0.7182740369  
0.8609189775  
1.078756347  
1.611646203  
1.289261113  
1.554900399  
1.492662577  
0.969499066  
0.9791886778  
-0.1311547098  
-0.07411179725  
0.3370090454  
0.4769285502  
0.3905462821  
0.5690257995  
0.2069217759  
0.1072506576  
0.07371829907  
0.2131612037  
0.2116697211  
-0.4703189717  
0.01666250347  
-0.1330938283  
0.2206666465  
0.4202990062  
0.1551707469  
0.02686964469  
0.4984599571  
0.4570271358  
0.3693311875  
-0.1578421059  
-0.5178618267  
-0.2189441892  
0.08653879841  
0.4327190588  
0.316535501  
0.1286808905  
0.6212479023  
0.07945233362  
-0.2096003773  
-0.3950501399  
-0.2139328564  
-0.6947107585  
-0.4657574047  
-0.468003573  
-0.1034866838  
-0.2038978166  
0.3881333002  
-0.2138469692  
0.07296228631  
-0.3332254584  
-0.6642646974  
-0.4767743136  
-0.3708978218  
-0.1366140076  
-0.1176780554  
-0.2857370314  
-0.1660951591  
0.06322018107  
0.0005646390139  
-0.3390488948  
-0.6865921  
-0.09802767644  
0.1140394252  
-0.1498032674  
-0.1772169867  
0.2021941542  
0.01647834354  
-0.1353973149  
0.1952622298  
0.1183503658  
0.071108074  
0.1586653592  
-0.1643225536  
0.2767748237  
0.2524302884  
0.3354463745  
0.04236056427  
0.3411812617  
0.4033613527  
0.313926766  
0.5324246708  
0.7210447009  
0.5214508438  
0.5551944472  
-0.003457486312  
0.2106913821  
-0.527759497  
-0.2647857609  
0.360593036  
0.2284560145  
0.2599976593  
0.277674448  
0.1989691726  
0.05403226869  
0.02924860334  
-0.2782331302  
-0.5568604503  
-0.4117099524  
-0.2744569156  
-0.2021224322  
0.4685960309  
0.08793288269  
0.1840705334  
-0.0002808463295  
-0.1801435929  
-0.3529358012  
0.2749355968  
-0.1632936074  
0.08884582824  
-0.4138008266  
-0.1829778018  
-0.3112634649  
0.664786821  
0.5204638464  
0.5363280877  
1.351893166  
0.7798352585  
