0.8114397785  
0.2647063171  
0.196439525  
0.06870343817  
0.2229495044  
-0.04173602812  
0.01658650437  
0.2428749236  
0.3813642884  
-0.1832678417  
0.1765185273  
0.03647445847  
-0.02738418264  
-0.09604850978  
0.05400598094  
-0.3358204632  
-0.09782696167  
-0.02549728742  
0.09688251686  
-0.1863375643  
0.5018886921  
0.4108213918  
-0.2882323143  
0.6239120754  
0.1513722849  
0.04900921002  
-0.07801468912  
-0.2120826552  
-0.1685874775  
-0.2074654923  
-0.1388044045  
-0.1122986473  
0.6374894371  
0.6583498612  
0.6303918272  
0.4985219653  
0.07870239872  
0.291791787  
0.2900732035  
0.4603067401  
0.4211328562  
0.114781369  
0.3689311771  
0.3798876341  
-0.2024462894  
0.02546263292  
0.170936433  
-0.01694185162  
-0.0680023991  
-0.1709996441  
-0.2170619261  
-0.4248983215  
-0.4084386384  
-0.06940763337  
0.3114793277  
-0.5445302515  
0.04396791377  
0.07783216087  
0.1647983692  
0.04943798869  
-0.2283720757  
-0.5926548674  
-0.6304297036  
-0.4177334924  
-0.3813293829  
-0.7943947574  
-0.8683106507  
-0.870926177  
-0.7472349778  
-0.2158172357  
-0.2572284638  
0.09278482959  
-0.09561806457  
-0.2003298899  
0.08889405903  
-0.08840917282  
-0.25580271  
-0.3605211627  
-0.8101828564  
-0.5632402192  
-0.3603374255  
-0.545274526  
-0.8535169276  
-0.1979955929  
-0.3682717141  
0.1649120613  
-0.01122416665  
0.5416839498  
0.4780126365  
0.09055216471  
0.04709448929  
0.1618793238  
0.8933906986  
-0.1056151984  
-0.1645296311  
-0.3258205084  
-0.2205904387  
-0.354531503  
-0.5308901994  
-0.6473017896  
-0.6963606133  
-0.2055176024  
-0.510976951  
-0.27324657  
0.1220392525  
-0.02650361994  
0.1336968698  
-0.2535790371  
0.1753615186  
-0.3028876958  
0.2303729826  
0.3687844796  
-0.1965194317  
0.2422872643  
-0.3802387574  
0.2764627469  
-0.3733085912  
-0.1007401995  
0.0711659417  
-0.2614947935  
-0.2546845024  
0.4833582792  
0.4385479757  
0.9912857986  
0.3593945847  
0.8384061462  
0.4917039201  
-0.1859560215  
-0.04790969167  
-0.5933206651  
-0.4471068641  
-0.1388675673  
-0.1803012619  
-0.2931096301  
-0.1623949595  
-0.6209367346  
-0.5705456029  
-0.6559982761  
-0.5496639482  
-0.5741258664  
0.1612535756  
-0.1677243454  
-0.01849171842  
-0.1851665529  
-0.1326663281  
-0.4640588687  
-0.6409176027  
-0.9921417829  
-0.5200029674  
0.1777736877  
-0.5396089312  
-0.503411186  
-0.5190656496  
0.5416984332  
-0.3687542102  
0.3095128226  
-0.2048059367  
0.02284771999  
-0.3496015755  
0.170559654  
-0.3080113685  
-0.0979327228  
0.1700153976  
0.8013387027  
0.4237057444  
0.296706212  
0.4399694235  
0.24046408  
-0.2524410613  
0.08177817352  
0.1481588955  
0.3203709559  
0.2812306009  
-0.2107439273  
-0.9454208529  
-0.2948210999  
-0.01286034144  
-0.7825261655  
-0.3792454704  
-0.6457898955  
-0.1140001266  
0.04006251271  
-0.1177323174  
-0.7143366177  
-0.5742350837  
-0.5213686842  
-0.9166976395  
-0.7004574393  
0.06067045189  
-0.8508592459  
-0.6697936799  
-0.6004452522  
-0.6318871729  
-0.3579724839  
-0.08635606655  
0.168672441  
-0.431746267  
-0.5735882836  
-0.2053675605  
-0.4602485077  
0.5764835984  
-0.1713321484  
0.3157470324  
0.3156766107  
0.193629656  
0.48285015  
0.4910018875  
0.1307734487  
0.3783410185  
0.3716347365  
0.2824301705  
0.2717795782  
-0.2616776557  
-0.2204061787  
-0.03972117679  
-0.1262710047  
-0.2157702756  
-0.04619324271  
-0.3520759452  
0.4888149857  
-0.01999900674  
-0.2207004631  
0.1860560424  
-0.3372161694  
-0.2184289049  
0.3927770166  
-0.05903941838  
-0.3145366269  
-0.3513890865  
-0.5158859368  
-0.3369342319  
-0.5324960055  
-0.131876636  
-0.1772871574  
-0.8369373917  
-0.3023063559  
-0.1344610044  
-0.2949060218  
-0.3745992127  
-0.4316270832  
-0.2408331661  
-0.1887780817  
-0.04731191075  
0.03540886577  
-0.3268737128  
-0.0696826647  
0.176481151  
-0.2301753007  
0.4976391806  
0.3582780693  
0.551950009  
-0.03798317651  
0.5012914296  
-0.2868396714  
0.06966163147  
0.008028384532  
0.1298626192  
0.2570676963  
0.1080014723  
-0.4461407419  
-0.1036870173  
-0.7060871018  
-0.6672652759  
-0.4553868642  
-0.299029108  
0.0471410267  
-0.1128821305  
-0.2062810502  
-0.1528719715  
0.2826713847  
-0.09436246158  
-0.3981406951  
0.1163262932  
0.1612028879  
0.4106902385  
0.4845317302  
0.6159592362  
0.003260683096  
0.1138506717  
0.3489128082  
-0.2990546168  
-0.4668134951  
-0.5536274353  
-0.5533059512  
-0.7321277813  
-0.5198238637  
-0.6885102941  
-0.192889193  
-0.9240249193  
-1.007645804  
-0.8267813832  
-0.6714571297  
0.0838457605  
-0.6027424997  
-0.2208675035  
-0.05627319361  
0.4404046051  
-0.3436674496  
0.5523582557  
0.4431774204  
0.2172463225  
-0.2119988601  
-0.370803359  
-0.03518947836  
0.5895156938  
0.08408731606  
0.3306305217  
-0.2947680078  
0.2399915794  
-0.479872969  
-0.00589394442  
-0.002275671698  
-0.3674128464  
-0.4551529063  
-0.0446671379  
-0.5302969558  
-0.07539157685  
0.2457149944  
0.3476259397  
0.6788120428  
0.152365525  
0.5971813488  
0.6903454305  
0.2298608954  
0.5911251981  
0.8268462374  
0.5295652896  
0.483751223  
0.4779923899  
0.4726408296  
0.0800764465  
0.1236394992  
0.791830281  
0.6090926628  
-0.1512255052  
0.6244938788  
1.082464795  
0.7838778321  
0.8239049415  
0.2897804811  
0.7292328254  
-0.07141747993  
0.1673115215  
0.2157745669  
-0.2569356408  
0.3953701307  
0.4057567779  
-0.04493931497  
0.2301879422  
-0.1742274052  
0.1882217653  
0.4057979393  
-0.2757715197  
0.4333071598  
-0.5044260413  
-0.1866898398  
-0.1807153767  
-0.4100596201  
-0.4688719338  
-0.1544107174  
-0.5956751607  
-0.3837051706  
-0.6523446859  
0.03343631959  
0.8724740622  
0.230895483  
0.3378509658  
0.1519231597  
0.06405812543  
0.004278651182  
0.1697214558  
-0.08072910971  
-0.04348238885  
0.05317375203  
0.2402139727  
0.6270864087  
0.3106650996  
0.1910703988  
0.3923710275  
0.3484629928  
0.4063146774  
-0.03547215039  
-0.3691757292  
0.2466441627  
-0.1465433336  
0.1201295364  
-0.3616691776  
-0.4628967914  
-0.5610472651  
-0.5415724246  
-0.146808909  
-0.4288265393  
-0.01343596929  
-0.688586366  
-0.3424720634  
-0.35731782  
-0.408139268  
0.03586207706  
-0.08047563394  
0.3322580688  
-0.007015192651  
0.3996663294  
0.08593058415  
0.3707558513  
0.2809083014  
0.5181281531  
0.3958182447  
-0.2219569658  
-0.1292024049  
-0.004222218124  
0.1696719005  
-0.01747749773  
-0.06326641407  
-0.1129426629  
-0.0644144412  
0.4802924491  
-0.2200127209  
-0.07933589143  
0.2210090949  
-0.05747471282  
0.4596973507  
0.372830783  
0.7964808892  
0.2729724369  
0.5960791985  
0.3263669683  
0.3222849557  
0.4295351019  
0.4542972187  
0.04332891715  
0.6165268966  
0.3833700533  
0.1470340385  
0.253491255  
0.08420268024  
0.1295256532  
0.3960667358  
0.1179180535  
-0.2105005114  
-0.6973742495  
-0.1822016443  
-0.3042529529  
-0.2890427857  
-0.4038627531  
-0.6853874341  
-0.08072748903  
-0.3825691249  
0.2397435429  
0.4422078387  
0.2323067145  
0.1693392331  
0.1708409871  
0.9796509592  
0.739829302  
0.6557395525  
0.4776373369  
0.1092511584  
0.03696543468  
0.6464665694  
-0.7189693421  
-0.4304836501  
-0.3431430527  
-0.6810855828  
-0.4070995218  
-0.6285191436  
-0.06074786776  
-0.2789114261  
0.0004682117628  
0.09251026529  
-0.213657685  
-0.1535045089  
-0.2031906635  
0.1919679174  
0.9552351606  
0.2563652116  
0.3212082412  
0.8387141921  
0.3999219769  
-0.101961271  
0.4616089019  
0.2687595925  
0.3903860836  
0.4798823787  
0.1370727297  
0.5037618305  
0.3843992058  
0.7914729214  
0.4907563347  
0.02433856584  
0.1913430659  
0.03775308866  
0.06123003224  
0.4577278723  
0.5214698035  
0.2273921163  
0.6631385407  
0.9163797259  
0.9886926027  
0.727746057  
1.103510018  
1.007886161  
0.9116515025  
0.8297444229  
0.8991173496  
0.6572519612  
1.126618815  
0.9247811659  
0.423800028  
0.947641573  
0.6534483333  
0.5455127426  
0.6932225303  
0.7678109626  
0.5999690081  
0.1416383345  
-0.5037323605  
-0.1021617233  
0.3212617296  
0.3140518864  
-0.253269817  
0.6331083023  
0.651625638  
0.6351078629  
0.344910127  
0.4464045144  
0.6105908446  
1.123973211  
-0.05849183488  
0.1240917327  
-0.1455222266  
-0.1653042722  
0.08171930233  
-0.5312227404  
-0.5279394608  
-0.5290829525  
-0.8879135092  
-0.2261163748  
-0.6282979702  
-1.263911149  
-0.8124697756  
-1.250620746  
-0.6701376938  
-0.1254675243  
0.06760198319  
-0.2540182125  
0.2127226769  
-0.1958764839  
0.1158024149  
-0.02669000985  
-1.132785907  
-0.6092657756  
-0.380215002  
-0.6754974158  
-0.07579357273  
-0.2614107218  
-0.8122081494  
-0.9858724712  
-0.3481965025  
-0.3419261521  
-0.4225096484  
-0.329990775  
0.02045159844  
-0.5693237874  
0.4540501941  
0.005782067107  
0.1267686581  
-0.3713129831  
-0.2465972799  
-0.276336395  
0.5389095151  
0.453840276  
-0.2024690628  
0.5220089245  
0.04539155487  
0.4401982758  
-0.01047401202  
-0.168020443  
-0.4182570955  
-0.5241598118  
-0.2864249291  
-0.09733788402  
-0.3491762438  
-0.3535860588  
-0.3841037917  
0.2019974791  
-0.3572219413  
-0.07838713023  
-0.15159145  
-0.09998180154  
0.1930041254  
-0.2175311819  
-0.1634165439  
-0.1218715288  
0.4353266655  
0.08638015358  
0.6451838537  
0.8186083172  
1.064298546  
0.4966732439  
1.029410834  
0.9566149479  
0.2024299735  
0.7233554423  
0.6039487453  
-0.1038163919  
0.08804852465  
0.0184288164  
-0.1091595718  
-0.03053866663  
-0.3518411678  
-0.1827252665  
-0.6667863377  
-0.1821192849  
0.1053180982  
0.004745136792  
-0.5290275924  
-0.1859305825  
-0.5496221428  
-0.5516973911  
-0.7260046404  
-0.3643587605  
-0.2935781989  
-0.4198436483  
-0.4929150737  
-0.6001848807  
-0.5369877797  
-0.4919272791  
-0.2507610242  
-0.6254455929  
0.6403734845  
0.179922581  
0.3301206818  
0.4206973621  
0.09649712346  
-0.1860174871  
0.6761704072  
0.130820947  
-0.4644546168  
-0.2188899656  
-0.176524346  
0.1269629634  
-0.42343585  
0.4756469273  
-0.1408259747  
-0.04699869097  
-0.3439749737  
0.03348065365  
-0.2909585057  
-0.256769222  
-0.395311478  
-0.659773448  
0.2578432966  
0.01211939005  
-0.1859059118  
-0.5611176954  
0.0538338966  
-0.1031787369  
0.1195449091  
-0.03229884028  
0.1894349815  
0.4338852155  
0.2253933569  
-0.5789458524  
-0.176817896  
-0.4115255658  
-0.2541109845  
-0.7773076089  
-0.4094762338  
-1.040724058  
-0.3835291793  
-1.022305497  
-0.6337623578  
-0.6291124784  
-0.5814095194  
-0.630896378  
-0.4541281482  
-0.6686704044  
-0.9690464498  
-0.03068322136  
-0.7754346768  
-0.1842596544  
0.2419523004  
-0.291666033  
0.5448683407  
0.331319089  
0.405697333  
0.2789905028  
0.2700303077  
-0.4389012501  
-0.08594187145  
-0.3324393605  
-0.818399795  
-0.8738264875  
-0.749004595  
-0.540825643  
-0.5350620211  
-0.3559380046  
-0.5574940781  
-0.7955611155  
-0.5702184637  
-0.6979173252  
-0.6819021132  
-0.8363574993  
0.0174785063  
-0.1225554062  
-0.02426591423  
-0.02349674083  
0.1092882186  
0.04469289763  
-0.5138821636  
-0.145980881  
-0.8174269132  
-0.7752286189  
-0.7849665475  
-1.027682799  
-0.8816323981  
-0.937991034  
0.06842270707  
-0.31510205  
-0.1552194967  
0.1158124282  
-0.05048387316  
-0.1736312276  
-0.4176603023  
0.4218205561  
0.04298605573  
-0.351968477  
0.04174829269  
-0.4022800576  
0.405125152  
-0.36309766  
0.07288961358  
0.0149970613  
-0.2968658253  
-0.1980328817  
0.06389858146  
-0.2177770334  
-0.1813429151  
-0.3092138311  
0.6337292011  
0.6137310789  
-0.1753664545  
0.4539484471  
0.2623751356  
0.3049622889  
0.1664689212  
0.00693716716  
0.6760110226  
-0.1695574849  
0.1299407054  
-0.5116388896  
0.4318117431  
-0.4729067265  
-0.2233068564  
-0.2065216745  
-0.559688938  
-0.04669854161  
0.2314316338  
0.2531040278  
0.7763228676  
0.1123660312  
0.2641963761  
0.8069088383  
0.3311149296  
0.2005324657  
0.6375022271  
0.0629680242  
-0.3774949074  
-0.3568802113  
-0.7509449789  
-0.7423369456  
-0.7461848691  
-0.7307853827  
-0.08584839813  
-0.5912756864  
-0.2126972214  
-0.2431976963  
-0.4603316249  
-0.1268763997  
-0.6492629936  
0.1332682529  
-0.430939926  
-0.269818146  
-0.2081453765  
-0.2739177383  
-0.2403033407  
-0.2687859346  
-1.107662573  
-0.5056630442  
-0.7799500086  
-0.5120681478  
-0.8173837707  
-0.683170603  
-0.5861306453  
-0.8003826469  
-0.228637877  
-0.2600446887  
-0.1048781545  
-0.3443311784  
-0.2278097701  
-0.1825775645  
-0.1202554678  
0.5412320706  
0.349184401  
0.1186594272  
0.09453869784  
0.1492163921  
0.716057317  
0.1625624689  
0.06645418442  
-0.0275618178  
0.4898920687  
-0.3030592637  
0.2515652628  
0.06596333782  
0.2845452537  
0.3118751101  
0.3864971847  
-0.02836915685  
0.2821740898  
-0.2848963505  
0.04391839945  
-0.06527654181  
0.6646172012  
0.3354510061  
0.8601771215  
0.199765927  
0.08526111765  
0.5508044294  
0.1373913182  
0.04364160018  
-0.2393600457  
-0.03188228981  
-0.08584701838  
-0.1170134335  
-0.209743447  
0.3482769465  
0.1696514292  
-0.2975325456  
-0.1944703627  
-0.009715337039  
-0.4293259549  
-0.3449532044  
-0.2937189551  
-0.03892054939  
-0.06093600782  
0.4361229352  
0.3641675177  
0.6185041564  
0.1790316828  
-0.1515630344  
0.3283081272  
0.007481596841  
0.1317191401  
-0.09308017359  
-0.2195069058  
-0.5491029838  
-0.08967570086  
0.2378384865  
0.1078133419  
-0.03749719794  
0.1424719049  
-0.7057052083  
-0.1156259922  
-0.3462519163  
0.004898797872  
-0.2710600688  
0.2640675013  
0.1313246143  
-0.08069340201  
-0.08541030843  
0.06210073924  
-0.1301266902  
-0.1047296234  
0.2789558456  
-0.3653609272  
0.005189213996  
-0.05158072069  
0.0216646822  
0.02624185054  
-0.003324731714  
0.2235585322  
0.3289123453  
0.3290917317  
-0.303402315  
0.2205214159  
-0.1069382303  
-0.4994271925  
-0.6312997526  
-0.7562441491  
-0.5897973341  
-0.3175817689  
-0.9854036411  
0.1848233562  
-0.1628533236  
-0.3159883972  
-0.6197945796  
-0.3721344586  
-0.02475448566  
-0.2524011034  
-0.410906773  
-0.4374123305  
-0.2488590761  
0.5345462712  
0.122779289  
0.07462911279  
0.2839868477  
-0.3189501566  
0.09695992318  
-0.4243812198  
0.3304281568  
-0.4216392054  
-0.2087071415  
-0.2400043836  
-0.400857107  
-0.01207183716  
0.29426848  
-0.03834886808  
-0.05038417677  
-0.1436781756  
-0.03830818946  
-0.1940347142  
-0.7175402203  
-0.1413310411  
-0.2696784013  
0.00856218208  
-0.60485037  
-0.4721279623  
-0.2870752264  
-0.7495131736  
0.104899487  
0.4480660808  
-0.1609891036  
0.2889130506  
0.9630902079  
0.7433213553  
0.4644621592  
0.9880831893  
0.7897850083  
1.262510409  
1.237815998  
0.9141242544  
0.5820359844  
0.6541226988  
0.3141975198  
-0.2410832769  
-0.368149532  
-0.8430296574  
-0.05351333383  
0.3567362511  
0.1320137324  
-0.1303351425  
0.1725276033  
-0.04626968535  
0.3860150948  
0.2079154819  
0.4007292268  
0.3213570194  
0.2526706818  
0.4134622559  
0.6305496768  
0.393295797  
0.3438193291  
-0.0529392691  
0.08329583849  
0.08693047922  
0.284017671  
0.2683888006  
-0.0966231617  
-0.3199215462  
-0.8685002376  
-0.6642719044  
0.01145612713  
-0.7019299709  
-0.7712128114  
-0.5552920427  
-0.2107526411  
-0.2611081541  
-0.5232693897  
-0.2125846324  
-0.1442302737  
-0.1184059762  
0.2794688009  
0.05905998173  
0.05462559086  
-0.274796239  
-0.2377520888  
-0.1699464808  
-0.1061769669  
-0.3939144793  
-0.4170991497  
-0.01819156542  
-0.4716824822  
-0.5802524522  
0.05398344996  
-0.9827543767  
-0.1847320669  
-0.1682852158  
-0.5108437116  
-0.2453208204  
0.2513720801  
0.2308733238  
0.3881402239  
0.1385255347  
0.1851956983  
0.8638751045  
0.5375077792  
0.5454576722  
1.19322377  
1.250509635  
0.4468562921  
0.392245075  
0.8428644425  
0.7852916056  
-0.5864131507  
-0.005216393213  
-0.4545878657  
-0.06894907358  
0.5470701738  
-0.08133356675  
0.1931174074  
0.09795160332  
0.2801385285  
-0.1382962532  
0.5415700729  
0.6869399342  
1.036853309  
0.4778931638  
0.5861280827  
0.01973008977  
1.104716621  
0.3751695738  
-0.05226466881  
0.2127641166  
0.4862750624  
0.5702251526  
0.0001359616222  
-0.3477518699  
-0.09070318458  
-0.09679351777  
0.302641656  
0.2870625129  
-0.05284410634  
0.2220595015  
-0.1112778053  
1.182004011  
0.4212863046  
0.5625989456  
0.8468080239  
0.7543723396  
0.4607765963  
0.3269034615  
0.2555433581  
0.5025493203  
0.4944103197  
0.6039182283  
0.2078908505  
0.1644846406  
0.05285217937  
0.02899370332  
0.5001088036  
0.2580946576  
0.4182898051  
0.007463958244  
0.7930880932  
-0.4393825687  
0.06015482722  
0.09042060709  
0.3103874656  
0.08454560466  
-0.4794455577  
-0.2620985175  
0.2555229821  
0.1502988728  
0.7276268835  
0.32593557  
0.1806139889  
0.1695822365  
-0.1546916145  
0.2528270706  
-0.3082074145  
0.05015810416  
0.107921179  
0.4342258342  
0.3094132967  
0.1721230668  
0.2050385619  
0.09005976668  
0.4471237186  
0.1956470282  
0.01312590472  
0.5042689742  
0.07096229543  
0.8178177075  
0.111702129  
0.6399016218  
0.2402053829  
0.286569123  
0.2947710465  
-0.1108209412  
0.2344788206  
-0.0874663582  
0.01107610372  
0.06358632187  
0.4537026687  
0.4857928885  
0.3917454802  
-0.05026609672  
0.216184324  
0.2781211579  
0.6603101792  
-0.09270742591  
0.4409874817  
0.2261132016  
0.5380623258  
1.001614107  
0.2775340713  
0.2261600349  
0.304639635  
0.3797925482  
0.4563379465  
0.4204062291  
0.4822354551  
-0.535484206  
0.161079606  
0.2206046847  
-0.09575007681  
0.1390472853  
-0.1259956185  
-0.1186774507  
-0.3397519877  
-0.1814069766  
0.188323197  
-0.1022840261  
0.02257179504  
0.6428708867  
-0.0225666556  
-0.008753671998  
0.2981932238  
-0.06208728608  
0.5225487689  
0.8994064121  
0.383649991  
0.2073199606  
0.5351446515  
0.4753419266  
0.1630910957  
-0.104417994  
-0.1869644208  
-0.1145797504  
-0.231737798  
0.3525649372  
0.2481604292  
0.2451805902  
0.3976200966  
-0.1580476144  
0.04480233395  
-0.005595184994  
0.5445092034  
0.3246202302  
0.2561146021  
0.44726967  
0.5252779417  
0.9079393801  
0.5298966808  
0.8592942126  
0.8518837523  
0.2325394482  
0.195038924  
-0.1245200434  
0.2412191693  
0.4093868351  
0.2184307047  
0.05674066308  
-0.3936633252  
-0.09889319147  
0.05776486688  
-0.2190719899  
-0.3417803975  
-0.2434002653  
-0.4184330042  
-0.07890949335  
0.5282032524  
0.02730830246  
0.1160698076  
-0.271112524  
0.2198427811  
-0.02275807598  
0.06671799423  
-0.2416277965  
0.2558753772  
-0.3812731689  
-0.006288023596  
0.2656573136  
-0.3780840294  
-0.4393309287  
-0.5100431421  
-0.1978978589  
-0.2995260543  
0.3744686237  
