0.9592027401  
1.482894213  
1.124036955  
2.612822994  
0.518246917  
-1.087758901  
-1.887618603  
-0.02320095487  
0.2415427594  
0.8414298382  
0.9731570042  
0.6830621485  
0.746554781  
0.6309858127  
0.5504534134  
0.3163532182  
0.1129400033  
0.07246705244  
0.07584025802  
0.2155879958  
0.472591941  
0.3945786822  
0.5186208562  
0.5070869904  
0.6043143643  
0.6185136247  
0.5558486741  
0.4123788408  
0.35716655  
0.3131046166  
0.4411098804  
0.404953988  
0.4582475405  
0.4497818103  
0.430992438  
0.4630274431  
0.4937329675  
0.5562221548  
0.5532779685  
0.6067179391  
0.5478379534  
0.5538188541  
0.5449881209  
0.5288226851  
0.5498422103  
0.7013673956  
0.6796544251  
0.564171571  
0.5915490879  
0.5663538939  
0.5918026582  
0.6884298174  
0.7221134692  
0.7911024426  
0.8420495645  
0.7996611077  
0.749803592  
0.6847247027  
0.5438263375  
0.6636613566  
0.6812730458  
0.6468504742  
0.6702125884  
0.6357177738  
0.5926895737  
0.6472659377  
0.6308218323  
0.6277966179  
0.7623738674  
0.6481966287  
0.6457720699  
0.7232813747  
0.6731664648  
0.7654918439  
0.7755117617  
0.7892551415  
0.6765122754  
0.723035307  
0.7235969592  
0.6856618255  
0.7112852717  
0.7778903844  
0.8092038285  
0.7818573267  
0.7996872249  
0.8297198885  
0.8119524626  
0.7737232974  
0.7520293388  
0.7594464695  
0.7307049608  
0.7127192305  
0.7253359134  
0.7925633371  
0.7368203262  
0.7220426796  
0.7389308274  
0.7398337782  
0.6947815704  
0.7240476048  
0.6623165593  
0.7232456956  
0.7458600756  
0.7844067172  
0.8622958256  
0.8903410569  
0.9140556464  
0.9452268662  
0.9006061166  
0.8687055555  
0.7733869117  
0.8304360636  
0.8017680768  
0.7953407375  
0.7412357509  
0.7429191324  
0.7462595029  
0.6780263552  
0.6652423746  
0.7521576525  
0.7235144849  
0.6873326155  
0.7040516338  
0.74465229  
0.7092310043  
0.7423928173  
0.7702281948  
0.7769880321  
0.7152940284  
0.6886652038  
0.6505114169  
0.6712960827  
0.6774526779  
0.6804317846  
0.7201649372  
0.7816892416  
0.8528177856  
0.7217382929  
0.867904786  
0.923654392  
0.8160687104  
0.9200364446  
0.902392856  
0.8794154915  
0.8425008194  
0.7902011606  
0.7927619955  
0.7873894094  
0.8764945553  
0.8318586415  
0.8738551548  
0.843729367  
0.8250090694  
0.7721132848  
0.7262070052  
0.6898826212  
0.6267501469  
0.6912575066  
0.6452319576  
0.7727905053  
0.7353386704  
0.8229032432  
0.8558775433  
0.7857999604  
0.749073594  
0.7502317736  
0.7293411482  
0.7077999721  
0.7353893614  
0.7868190105  
0.7178377176  
0.7543194202  
0.7452722493  
0.7298013144  
0.73055421  
0.7582877273  
0.6789552766  
0.7335237819  
0.822734215  
0.7346737786  
0.7908371255  
0.6513336075  
0.7272029153  
0.7371718245  
0.6889464614  
0.7414351906  
0.8061871781  
0.7739656475  
0.7662058346  
0.8691273263  
0.8081192515  
0.7595801678  
0.7146878433  
0.7082866888  
0.5854579628  
0.6943614002  
0.7088269571  
0.8146672011  
0.7544747436  
0.8368174735  
0.856905432  
0.940669131  
0.9325114904  
0.8800085657  
0.8627047353  
0.8534625128  
0.8440507933  
0.775660941  
0.7273183512  
0.798053442  
0.7407480609  
0.8445376804  
0.8344350311  
0.8147523383  
0.7927919731  
0.7387241774  
0.6699564548  
0.3478945446  
0.1722044839  
0.3735905951  
-0.9375651573  
-2.813251835  
-0.7225098931  
-0.07556042397  
-0.5577506753  
0.7497586759  
0.6831270481  
-0.06604092382  
0.4171984937  
-0.1211790253  
0.09611316764  
-0.3207738232  
-0.5343757706  
-0.3837674639  
-0.3071731091  
-0.3423404519  
-0.3224018514  
-0.4749044869  
-0.523311403  
-0.4905869879  
-0.3771657906  
-0.4427518838  
-0.4284137214  
-0.4681555127  
-0.4283890022  
-0.5724867171  
-0.5117587645  
-0.5859123823  
-0.5011414903  
-0.5662159168  
-0.5546667941  
-0.5618567729  
-0.5298517021  
-0.5961507838  
-0.5344989653  
-0.5205025839  
-0.473995904  
-0.5496662439  
-0.4719406593  
-0.5424285135  
-0.4614864368  
-0.4162856243  
-0.4160322215  
-0.4219588706  
-0.3391465942  
-0.370249857  
-0.3106950343  
-0.3056076339  
-0.3103805725  
-0.2748601093  
-0.1916851405  
-0.2993845603  
-0.1512772644  
-0.2144535515  
-0.1983748813  
-0.2892646495  
-0.2275597482  
-0.270842518  
-0.186601458  
-0.1617752354  
-0.1068599561  
-0.09859370036  
-0.02215156845  
-0.07782946454  
-0.1412013317  
-0.1795186389  
-0.173060604  
-0.1586997565  
-0.1607095159  
-0.1022133856  
-0.1274153896  
-0.1076052282  
-0.03525656502  
-0.1057412618  
-0.1606818105  
-0.1966456613  
-0.1772281019  
-0.2580720649  
-0.1481135941  
-0.1077421892  
-0.05800652489  
-0.1116401789  
-0.1345719761  
-0.1315675796  
-0.1331273723  
-0.1774529848  
-0.1954759963  
-0.1822175422  
-0.1522193098  
-0.1385518005  
-0.1073193319  
-0.1116106935  
-0.1024525556  
-0.1984390674  
-0.08921250971  
-0.06280151092  
-0.07814184277  
-0.1195538868  
-0.105124533  
-0.1475009052  
-0.0693492607  
-0.1352432419  
-0.09288374511  
-0.1029880842  
-0.08381534994  
-0.04699892923  
-0.07762430357  
-0.06429629483  
-0.1048354251  
-0.09497225013  
-0.1096140408  
-0.0793263648  
-0.08170173112  
-0.06102661382  
-0.03725957397  
-0.09900303477  
-0.08227315789  
-0.1577341523  
-0.159043705  
-0.123896002  
-0.03284358392  
-0.0001839954202  
0.03131946759  
-0.04319885653  
-0.01491687268  
-0.1384167357  
-0.02539808421  
-0.0607815414  
-0.05165665327  
0.01017078526  
-0.01341215041  
-0.05574843921  
-0.1058543594  
-0.1360466712  
-0.18811258  
-0.1949334254  
-0.181522797  
-0.1774943569  
-0.2758057437  
-0.2740510401  
-0.1773899143  
-0.08032686555  
-0.01817549598  
-0.1022239508  
0.009923278503  
0.09074141834  
0.03136797672  
-0.1028084841  
-0.5701180917  
-0.5865941863  
-0.3214374685  
-0.2694447738  
-0.119633612  
-0.1749537634  
-0.3910048119  
-0.4697697534  
-0.4165926047  
-0.458472738  
-0.3006094246  
-0.3525893229  
-0.3908966142  
-0.3895515142  
-0.5266443944  
-0.6244104677  
-0.7215629264  
-0.7484613421  
-0.6577615329  
-0.6878865609  
-0.6731798629  
-0.5817977411  
-0.5097678672  
-0.4882261866  
-0.3439094506  
-0.3643271971  
-0.2319992407  
-0.2711999321  
-0.2805778918  
-0.3589358557  
-0.2322004059  
-0.264544484  
-0.2327066197  
-0.3363358096  
-0.2484055557  
-0.1803399826  
-0.1413294893  
-0.2196872493  
-0.09755728113  
-0.1145696041  
-0.02412198326  
-0.1518747267  
-0.1125639956  
-0.244151371  
-0.0007923147687  
-0.1466905072  
-2.08620639  
-1.951498476  
-1.407678755  
-0.8944709119  
0.3747961491  
-0.6020924981  
-1.126274467  
-0.1337058745  
-0.5544273175  
0.163370608  
-0.2230003843  
-0.1977487978  
-0.3211505799  
-0.2077137512  
-0.2197013779  
0.1246193247  
-0.3969035451  
-0.5581347036  
-0.1847203094  
-0.4915636927  
-0.1774361615  
-0.3187113324  
-0.2128405832  
-0.3880382234  
-0.3559145805  
-0.5533712954  
-0.5346999131  
-0.5907240149  
-0.6238810278  
-0.7251405512  
-0.7088792907  
-0.6240289705  
-0.3644914788  
-0.2892006008  
-0.2531736427  
-0.3360344711  
-0.3984887442  
-0.4735954038  
-0.4579869283  
-0.5386556571  
-0.53733253  
-0.4651971898  
-0.4783888198  
-0.5706517347  
-0.5692512483  
-0.6279053261  
-0.8243680664  
-0.9451231002  
-1.122784262  
-1.505694661  
-1.275689925  
0.02767006425  
-0.4389148205  
0.1958342776  
-2.893065473  
-0.2902642727  
0.3859878228  
0.8499071164  
0.5515046022  
0.7884001666  
0.4080667025  
0.6874552983  
0.5537725024  
0.06780313579  
0.3904097593  
0.2390117122  
0.05012592343  
0.4617034597  
-0.3947070204  
0.5100716926  
-0.526795334  
0.1606159798  
-0.1535061698  
-0.08867821031  
0.2699285546  
-0.1071146407  
0.01913561809  
-0.02501928913  
0.05960132091  
-0.1483801255  
-0.1367039195  
-0.1957424031  
-0.209109673  
-0.2334056051  
-0.07619536692  
-0.0009652753167  
0.1406234794  
0.05131695175  
-0.04085188093  
-0.1009195414  
-0.04775869405  
-0.06594917553  
0.04191423559  
0.0104498277  
0.1004964084  
-0.04778762146  
0.003138472685  
0.03851038181  
0.02928035163  
-0.1472232002  
0.02649156778  
-0.03803566282  
0.0691558403  
0.001532047894  
0.1315833957  
0.001728634524  
0.04171541074  
-0.1714869919  
-0.007249629665  
-0.05945243421  
0.04704628421  
0.2695751402  
-2.60827198  
-1.828799691  
-1.252450005  
-1.171081155  
-0.8297424909  
-0.6059801179  
-1.106089398  
-1.290303846  
-1.193174814  
-1.727843749  
-1.367464894  
-2.269216673  
-1.660135318  
-0.7218099082  
-1.338857666  
-1.229370707  
-1.569516374  
-1.347711012  
-1.531392655  
-1.47447227  
-1.59275528  
-1.397613451  
-1.393948081  
-1.204359945  
-1.242650236  
-1.17967391  
-1.217437461  
-1.111861636  
-1.43932854  
0.9055045013  
-0.9576351785  
-1.343243487  
-0.9629711204  
-0.370811064  
-0.6252619771  
-0.526182  
-0.7669860127  
-0.7086286799  
-0.8605555745  
-0.7152777533  
-0.8647673211  
-0.7199111118  
-0.8568379996  
-0.8717598372  
-0.9442842126  
-0.9332114251  
-0.8602092335  
-0.8250856558  
-1.015580179  
-1.024972429  
-0.9733604208  
-1.605907352  
-1.632414487  
-0.4726259061  
-0.9607473256  
-0.8402205127  
-1.284671656  
-0.419825513  
-0.5186390576  
-0.7758923634  
-0.6079259035  
-0.7214978871  
-0.7422713778  
-0.7098104634  
-0.7035646524  
-0.6993898785  
-0.6317264534  
-0.6890344173  
-0.7557019127  
-0.7855690967  
-0.8937396962  
-0.8372963882  
-0.8785003177  
-0.8336570527  
0.494951094  
0.9675172416  
-1.413211903  
-0.158841049  
0.2752057443  
0.02569983241  
0.6642756074  
-0.1166589762  
0.1526796746  
0.2610348557  
-0.06888346388  
0.4132791288  
0.2211704931  
-0.02817854024  
-0.04373620357  
-0.1629209019  
0.09576268209  
-0.0349810333  
0.03497587771  
-0.05594057072  
-0.06615863095  
-0.09258153746  
-0.04214927812  
-0.09265361348  
-0.01421436917  
-0.1403476489  
-0.1343211103  
-0.1679725188  
-0.1221011773  
-0.08194354488  
-0.0934559048  
-0.11060139  
-0.07612433024  
-0.1272604066  
-0.09331000703  
-0.1855279715  
-0.05939825556  
-0.08685334696  
0.0240316325  
-0.09672861087  
-0.04629575692  
-0.07178318647  
-0.04536481329  
-0.0571841943  
0.0227381507  
-0.01496142238  
0.04155053591  
-0.004580240791  
-0.09622516351  
-0.1206362997  
-0.07083773477  
-0.1294699147  
-0.08827469018  
-0.03456494277  
-0.03968444995  
-0.01686317473  
-0.05745508237  
-0.1117668747  
-0.04777409116  
-0.1251170239  
-0.08684802494  
-0.08209811029  
-0.1075779013  
-0.07220232491  
-0.03335056948  
-0.08752001682  
-0.00807933952  
-0.08810481786  
0.009750660484  
-0.07101221734  
-0.06902341575  
-0.08658061237  
-0.08256035463  
-0.06412018701  
-0.01182465373  
0.04862036269  
0.04858294341  
0.03049564993  
0.02022790479  
-0.01209098388  
-0.008583496635  
-0.01687251542  
-0.0260199334  
0.006293287826  
-0.0547444509  
-0.005271872421  
0.008748001978  
0.0312020463  
0.04449949503  
0.04978946411  
0.1334420645  
0.02325785714  
0.004910264465  
0.02114156733  
0.03808908335  
-0.03063719794  
0.0005516551644  
-0.08418154776  
-0.02920046974  
0.06601604594  
0.04020066944  
-0.02467330015  
0.0150238473  
0.01197024477  
0.06989979553  
0.06795279962  
0.0878749865  
0.06619140266  
0.08691935544  
0.1330315748  
0.1197192453  
0.08483815517  
0.02507817814  
0.03876803743  
0.0622957725  
-0.09129574904  
-0.009771027132  
0.006705358644  
-0.004644721535  
-0.004934825289  
0.04118810342  
-0.008836772011  
0.008205854142  
-0.02375382191  
0.01140821618  
0.008324825244  
-0.04246687752  
-0.02090300427  
0.008686242194  
-0.02471624786  
0.02799097735  
0.0540678956  
0.0187624103  
0.01814041987  
0.01845579581  
-0.05057612806  
-0.04848862275  
-0.03007690253  
0.008233379568  
0.04264158792  
-0.02403269568  
-0.004522766835  
0.03719124019  
0.032750252  
-0.01759532476  
0.02351607258  
0.07339831211  
0.04589258596  
0.05414837387  
0.1133864035  
0.1033929109  
0.01577955324  
0.08513282169  
0.1656534099  
0.1773052433  
0.1379466426  
0.1785234386  
0.1273768543  
0.1098045052  
0.1477551588  
0.1201779936  
0.05818950541  
0.0485438117  
0.03524797896  
0.005094981548  
0.04406869168  
0.04941808119  
0.01790194829  
-0.01873184708  
0.02190374524  
-0.02987451094  
-0.08015686218  
-0.05866896821  
-0.1057753231  
-0.07927502199  
-0.08850666026  
-0.06151704955  
-0.01505802556  
-0.0313320543  
0.02851014356  
0.07473732824  
0.07801727679  
0.112197242  
0.09843598847  
0.1610924764  
0.07303179438  
0.09486464607  
0.05516527563  
0.08612638582  
0.04733772975  
0.08997574703  
0.1116167263  
0.1346515091  
0.1623879547  
0.1473039626  
0.1351405146  
0.04292958481  
0.03798637324  
0.08308190585  
0.09036014399  
0.1794279826  
0.3281045824  
0.217720356  
0.1793656516  
0.1547574345  
0.1641630656  
0.1761437332  
0.1008854057  
0.1694411891  
0.01056831664  
-0.003616559443  
-0.1541017614  
-0.2553232921  
-0.1031110685  
-0.1208842591  
-0.0809072391  
-0.1354117736  
-0.1110187016  
-0.1673855211  
-0.2235296323  
-0.19229693  
-0.09608327084  
-0.5459852047  
-0.4127757215  
-0.1920089688  
-0.2608996217  
0.1926934093  
0.06787058813  
0.1892972677  
0.1613299122  
0.326997394  
0.2016210553  
0.301647028  
0.129225237  
0.06544953406  
0.2489354203  
0.3040380404  
0.2205073427  
0.2539352449  
0.1183737893  
0.2053477172  
0.1544763682  
0.1137636208  
0.02305982393  
0.04428474117  
0.01234058133  
0.004301576146  
-0.04468091052  
-0.03487073155  
0.03436578661  
0.0316428981  
0.01989986234  
0.1252145192  
0.05283410376  
0.09856667757  
0.01887087722  
0.08534392679  
0.07750841509  
0.1468512421  
0.1058265951  
0.0782823805  
0.07127517011  
0.1653749384  
0.171595481  
0.234009007  
0.1636469609  
0.2468300306  
0.1771643552  
0.2013497903  
0.122985338  
0.1858379302  
0.1364586174  
0.2363716904  
0.2076917288  
0.3176095914  
0.2651767678  
0.3251367268  
0.2150525137  
0.1825784647  
0.1187813021  
0.1533813873  
0.1920680659  
0.2472744928  
0.1900727447  
0.2289743462  
0.2277909822  
0.1431531986  
0.1252434049  
0.1397090351  
0.1182673755  
0.1679846865  
0.1509326105  
0.2118632899  
0.2994404941  
0.3098488446  
0.2808345243  
0.2840389288  
0.2902857218  
0.2412094391  
0.2314099587  
0.1700436861  
0.1861080683  
0.1744750054  
0.2060524489  
0.2773629165  
0.2392193486  
0.2823504558  
0.1748227534  
0.2845630491  
0.2039266707  
0.2557280762  
0.3270752759  
0.3080109994  
0.2746346883  
0.3307565828  
0.3327304967  
0.3617329004  
0.3638329145  
0.3564197015  
0.4749402468  
0.5596321002  
0.5374658418  
0.5397647722  
0.4426787316  
0.4714891764  
0.3543705008  
0.3396681921  
0.4084127946  
0.4559517635  
0.417582685  
0.4195856106  
0.4067969097  
0.3227172487  
0.3826278268  
0.3660308075  
0.4437103152  
-0.8041896476  
-0.00881812593  
0.7409261689  
0.2379005051  
1.147904188  
-0.1146354576  
-0.1337053457  
0.1587608528  
0.1094389655  
0.08179947318  
0.2185349947  
0.1076192726  
0.1479332645  
-4.259119414  
-1.393700053  
-1.85336421  
-3.15086519  
-0.6044893064  
-2.242181155  
-0.6454619193  
-2.118663414  
-0.4418633955  
-2.442769105  
-2.150729641  
-0.07864334827  
-1.001654423  
-0.7114690505  
-0.7829771136  
-0.9559150564  
1.381499198  
-2.006343321  
1.563185482  
0.8223814532  
1.054302846  
0.6487991847  
0.7263500411  
0.8350457359  
1.014149754  
0.755275623  
0.7054456754  
0.5733714894  
0.6772655146  
0.504310725  
0.5822350239  
0.480248949  
0.6058389891  
0.4709503937  
0.56060183  
0.5326554799  
0.6179600025  
0.6120088408  
0.6489359013  
0.6502740785  
0.6992998076  
0.6341737577  
0.7699810194  
0.7528828014  
0.8478802303  
0.8555953432  
0.7742651795  
0.4788762419  
0.509385961  
-0.3661032045  
-1.003651052  
0.3355379588  
0.2241339158  
0.4644104661  
0.1907636285  
0.2578310852  
0.04170691087  
0.1447013589  
0.1203441472  
0.1214517433  
0.04426388138  
0.1830884899  
0.1314332693  
0.150139383  
0.07739716673  
0.112761637  
0.1347990629  
0.2136469832  
0.2611321286  
0.3076503688  
0.1974265334  
0.2578368667  
0.2759723195  
0.332893111  
0.3447132464  
0.2923747552  
0.2975854819  
0.3926174292  
0.3096048038  
0.4562309699  
0.3379559876  
0.4437841305  
0.2698221583  
0.4456466663  
0.335512204  
0.5527674803  
0.2061425511  
0.5428703442  
0.0964340924  
0.7082340237  
-1.610232253  
-0.9309673914  
-0.3625076654  
-0.3201717578  
0.8950081627  
0.670245884  
1.06978424  
0.8527368116  
1.040527152  
0.9752223309  
1.245407542  
0.9484868143  
0.871634637  
0.701102677  
0.6721683793  
0.450431293  
0.6895542016  
0.5884381251  
0.6383397751  
0.450814508  
0.4254076703  
0.4216892941  
0.5310323725  
0.477547701  
0.6321382008  
0.5784578478  
0.7671472102  
0.6935513473  
0.7343686496  
0.6718716861  
0.8054977747  
0.8450998101  
0.9170630645  
0.8974237441  
0.9170093314  
0.8630453979  
0.9370203366  
0.9301536213  
0.9295405746  
0.8516467583  
0.8775037798  
0.9166487824  
0.9275952723  
0.7524674696  
0.8163195393  
0.7504141771  
0.8854996615  
0.9861818757  
1.093036714  
0.9676864142  
1.015815956  
0.9769090922  
1.02933018  
0.9175784368  
1.007220446  
0.8685781288  
1.008811054  
0.8620265354  
1.013915401  
0.7769883304  
1.097621264  
0.5834885807  
1.380812346  
-1.814206918  
-3.794676878  
-1.14902139  
-2.575958127  
-2.923194873  
-0.8673579349  
-0.1131508048  
-0.1142853834  
0.07033920301  
-0.9085053468  
-0.5311761445  
-0.01827346067  
-0.6335422231  
-0.3190847375  
-0.4923700576  
-0.509087702  
-0.5634109931  
-0.5512556076  
-0.7682455253  
-0.63829993  
-0.7872192421  
-0.7884286529  
-0.8775616808  
-0.8041176808  
-1.589589083  
-1.954413808  
-1.54978326  
-0.7904677607  
-0.8240101041  
-0.7417468574  
-0.766868489  
-0.6817562662  
-0.7233604557  
-0.5773296028  
-0.6080834151  
-0.5605189406  
-0.5700354452  
-0.6206418691  
-0.6544856198  
-0.7347844763  
-0.7640361106  
-0.8247458476  
-0.7550995155  
-0.7561830584  
-0.9380256156  
-0.9485591544  
-0.9567041435  
-0.9595846211  
-0.9296590887  
-0.8571771027  
-0.881561372  
-0.7765985445  
-0.822142878  
-0.7674344448  
-0.8774136091  
-0.8669012979  
-0.835826439  
-0.6568471373  
-0.7557859418  
-0.7663756848  
-0.812497258  
-0.8564161636  
-0.7622656387  
-0.6510314898  
-0.7812018728  
-0.7573135388  
-0.7551105595  
-0.7095819774  
-0.7238316987  
-0.7107489835  
-0.7410466697  
-0.671786668  
-0.7781000032  
-0.7356194805  
-0.750924624  
-0.8090933803  
-0.80297791  
-0.7314217183  
-0.7236964975  
-0.6546136879  
-0.5729614657  
-0.5940965412  
-0.5978317341  
-0.6076651263  
-0.5915887677  
-0.5880058646  
-0.5694595363  
-0.5051525558  
-0.54443162  
-0.5651526144  
-0.5637439386  
-0.5359803613  
-0.6401205025  
-0.5851986339  
-0.6684413131  
-0.6473505417  
-0.6098269902  
-0.7561522548  
