1.29197397  
1.408685951  
1.101228909  
0.879587322  
0.9927696856  
0.8338694044  
0.3809616443  
0.6250037744  
0.440577715  
0.3943783571  
0.5763747044  
0.6595285897  
0.4090518885  
0.5060634127  
0.5736492265  
-0.08229248139  
0.2552409273  
0.2549173453  
0.44353734  
0.3952564505  
0.8415906869  
0.7146003666  
0.6360976094  
0.5869826558  
0.7953045826  
0.5779654686  
-0.3104551789  
0.6225778457  
0.04039132783  
0.6370354139  
0.7895556166  
0.7870060744  
0.4530158468  
0.5535240362  
0.6579151674  
0.3805054777  
0.3520001158  
0.6421026047  
0.5930319955  
0.6879218053  
0.3863215963  
1.058959029  
1.00750736  
0.8198601458  
0.2185244877  
-0.412455444  
0.3829970046  
-0.5610580329  
0.2738205999  
-0.3276953461  
0.25130214  
0.9132815667  
0.853249878  
0.2634994405  
-0.2063573335  
0.6457075668  
0.4566546638  
0.5961996746  
0.40330545  
0.5582652014  
0.2655371226  
0.7125003797  
1.370274472  
1.243321919  
0.8088665381  
1.181120263  
0.9745207728  
1.017687543  
0.9584962568  
1.293487413  
1.159313989  
0.9585776576  
1.25577268  
0.2919870469  
0.3646627488  
0.707264831  
0.237372834  
-0.03007295558  
-0.09273741572  
0.06888369652  
0.7048350807  
0.1230591173  
0.5688924932  
1.043944368  
0.7824610008  
0.7572034955  
1.09763535  
0.6841540774  
0.6249594648  
0.2026224977  
0.4078485507  
0.05173265589  
0.644203811  
0.2783061303  
0.2431835168  
0.3517819405  
0.6283867197  
0.6073556678  
0.2990330991  
0.5524441422  
0.2787505752  
0.3331069534  
0.2769807208  
0.004385602255  
-0.3096923702  
-0.4838809336  
-0.340108773  
0.2559282053  
0.2860909109  
0.2717545524  
-0.21173795  
-0.1975630873  
-0.05118239836  
0.4231408498  
0.6849366414  
-0.4355155035  
0.08918598886  
0.2541901395  
0.7109914513  
1.112215964  
0.2727879045  
0.231553444  
0.5834315659  
0.6314965759  
1.271835188  
0.2544765383  
0.3842268388  
1.236591487  
0.779979869  
1.022038786  
0.5933642297  
0.8191190721  
0.7554598525  
0.1275134423  
0.1905059196  
0.8685644427  
0.465754591  
-0.02926537966  
-0.5350179718  
0.7459826446  
0.06723433873  
0.3238430282  
0.005791855316  
0.7962893394  
0.4827324031  
0.3995151318  
0.4887900457  
0.2526250451  
0.4182355084  
-0.007437892752  
-0.5377807918  
0.6823617648  
0.2233538953  
0.2262211697  
-0.1782142503  
-0.1889021173  
0.1653105049  
0.242286684  
0.2233251632  
0.2256018418  
0.385046942  
0.5143390124  
0.7406554225  
0.595564884  
0.4856304666  
0.5896105436  
0.4051869108  
0.121887962  
0.442450961  
-0.0753791112  
-0.2046018247  
0.2815557801  
0.2838044324  
0.2709786908  
0.31951795  
0.3128607414  
0.09896563782  
0.1214124227  
0.01913623738  
0.4036338196  
0.4615398734  
0.1543036944  
0.4142469202  
0.6546821426  
0.8796600472  
0.7307277156  
0.4986779599  
0.1728729867  
0.3414598762  
0.4229076697  
0.4472650042  
1.001936545  
0.6971710592  
0.3683691608  
0.8632271608  
0.6923659073  
0.4325302825  
0.2375577218  
-0.4467364387  
-0.7982828783  
-0.7064289818  
-0.1224238957  
-0.2401265137  
-0.1608329294  
-0.5142170878  
-0.6283043616  
-0.1118686068  
0.1190827632  
0.4949883766  
0.3927306494  
0.9854888648  
0.1927567262  
-0.2474826966  
-0.3819191435  
-0.2961678622  
-0.2314131505  
0.09595911964  
-0.5673032458  
-0.6335005884  
0.0289340855  
-0.1862546821  
0.03429962579  
-0.1283947486  
-0.06815268111  
-0.1066077864  
-0.1526953072  
0.01038918426  
0.394744333  
-0.7891698409  
0.3614071504  
0.3237020214  
0.3499984222  
0.04959644872  
0.05707983589  
0.6141905462  
0.6033503647  
1.055939374  
0.3096083289  
0.05122861679  
0.4447495955  
0.3668600699  
0.4095693647  
0.1561208909  
0.1895428621  
0.2064547103  
-0.08597558969  
0.6794558158  
0.1228158598  
0.192338749  
-0.2110793468  
-0.03449028956  
0.3862793635  
0.2400395997  
0.4164028179  
0.2709129076  
0.1461216927  
0.4753757459  
0.6021905185  
0.748858219  
-0.2548565888  
0.1412984332  
0.1647117605  
0.2382959751  
0.1759345429  
-0.3821871177  
0.3104427374  
0.4835070076  
0.3387614102  
0.001307246252  
0.2775338045  
-0.3434126524  
-0.05533227482  
-0.06034993073  
-0.4482164979  
-0.8610146844  
-0.6588163788  
-0.9474494694  
-0.3768591665  
-0.9421558703  
-0.8097247605  
-0.8710715003  
-0.8485985769  
-0.6796185103  
-0.6772449645  
-0.7212178128  
-0.8768966946  
-1.149652554  
-0.2812639451  
-0.3094272199  
0.2279555414  
-0.3441047231  
-0.3710731468  
-0.7437617191  
-0.507913998  
0.07777282919  
-0.9860276566  
-0.5779604984  
-1.007266891  
-0.2870428279  
-0.4040776817  
-0.4144306653  
-0.3789170273  
-0.4181954741  
-0.3908426275  
-0.2275927001  
-0.3298881534  
0.03038081548  
-0.08967827067  
0.195338945  
-0.3408752858  
-0.3056342991  
0.02662358499  
0.1339489237  
0.1138950698  
0.5523352291  
0.04516802679  
0.2774154116  
0.2637148323  
0.3906404896  
0.1240913875  
-0.1506914715  
-0.4266629869  
-0.7209708344  
0.1740394334  
0.3142797472  
-0.06254424093  
0.4711380681  
0.1370675894  
0.6419219148  
0.2773014507  
0.4841211811  
0.01465136292  
-0.7308889226  
-0.2494973904  
0.2459792141  
0.2454513907  
0.2782813305  
0.5031922484  
0.1830860802  
0.48602531  
0.2445984687  
0.6843031819  
0.1150801774  
0.3230490084  
0.2782225658  
0.1307255918  
-0.299113156  
0.04635590192  
0.06143937357  
0.4292381487  
0.1184019681  
-0.2570240899  
-0.05151369037  
-0.4101326755  
0.4673184925  
0.7763366456  
0.09059787746  
-0.1874861727  
0.1253727766  
-0.5321889532  
0.2835958669  
0.3610747139  
-0.07221888917  
0.08569669031  
-0.2367550404  
-0.09091103454  
0.05306982819  
0.004665502372  
0.6144721511  
0.0193240316  
-0.1810474082  
-0.1658151744  
0.1344920127  
0.3502582648  
0.1036143987  
-0.1409743238  
-0.06017066428  
-0.009258330377  
0.3111648603  
0.6960642754  
0.3371632544  
0.04410884931  
-0.04877669884  
-0.2056970425  
-0.6039846926  
-0.3874093854  
-0.4840639897  
0.2022293152  
-0.176840424  
-0.2658268863  
0.2328916803  
0.1790531259  
-0.1475030429  
0.2712911031  
-0.3889471279  
-0.4037889472  
-0.2112163013  
-0.2129363943  
-0.03175089294  
-0.4017632715  
-0.5049088186  
-0.54968108  
0.3295603392  
0.2846433164  
-0.2956937128  
-0.2765993088  
-0.4230617515  
-0.3064907711  
-0.2663227222  
-0.6631953523  
-0.05354173321  
-0.05790331776  
-0.3906109916  
0.07502645796  
0.1681485766  
0.2657532687  
-0.172829063  
-0.3133924651  
-0.3251930187  
-0.2397712112  
-0.3118613488  
-0.7041602942  
0.1445519532  
-0.2368708564  
-0.3408369525  
-0.06405400017  
0.09906574405  
0.1746450178  
-0.01990144234  
-0.03001070618  
-0.3378798596  
-0.5124042747  
0.1248791192  
-0.2430478251  
-0.3884931394  
-0.02004313215  
-0.394527499  
-0.3984860311  
-0.142900963  
-0.3583024126  
-0.07919809007  
0.4725553728  
-0.2260830853  
-0.5873283562  
-0.3138156095  
-0.2425354868  
-0.2145480809  
-0.5955722534  
-0.06270522142  
0.1369747862  
-0.185941573  
-0.01551331608  
-0.1226028513  
0.7246065846  
-0.3759850063  
0.5868409578  
0.406561072  
0.0355944666  
-0.06214417134  
0.3304793969  
-0.006983703495  
-0.1681470491  
-0.576330135  
-0.8127413542  
-0.5958989782  
-0.2087600229  
-0.5492759855  
-0.3149986873  
-0.415300672  
-0.4069530544  
-0.3450987852  
-0.5963513561  
-0.6058008619  
-0.7328799292  
-0.926936013  
-0.7075068644  
-0.6360971515  
-0.9758451488  
-0.81430117  
-0.3787702582  
-0.7398227779  
-1.278205884  
-0.4363206976  
-0.392952241  
-0.451996417  
-0.8139999405  
-0.179251988  
-0.6975601636  
-0.6934217375  
-0.3762505453  
-0.5499589314  
-0.493208177  
-0.8568387634  
-0.5845070595  
-1.019441245  
-0.6685617981  
-0.4644877734  
-0.2317876596  
-0.6833428519  
-0.5547517558  
-0.5283101555  
-0.6078623563  
-0.2635908531  
0.06049535931  
-0.04581491581  
-0.8328137385  
-0.2416034758  
-0.4439699291  
-0.3130533052  
-0.5381916897  
0.2333052369  
-0.07050253194  
0.0812609168  
0.154116821  
0.1175540732  
0.03547785236  
0.3104542779  
0.6924496097  
-0.1399558964  
0.5564799359  
0.3194440187  
0.4066069254  
0.8928734374  
-0.3065185525  
-0.3843656676  
0.1387120876  
0.02606679165  
0.3692527462  
0.2789661806  
-0.03464276116  
-0.03919525104  
0.1935628309  
0.06338082539  
-0.7796642317  
0.09087926008  
-0.5893809658  
-0.6839041453  
-0.1817060322  
-0.4733978076  
0.3750165602  
0.01383754853  
0.5798361803  
-0.315577658  
-0.1519869836  
-0.4014909387  
-0.3275492615  
-0.7442755193  
-0.5451926649  
-0.647915745  
-0.1017580988  
-1.445202747  
-1.032151327  
-0.840225835  
-1.265771542  
-0.9910747718  
-1.440388492  
-1.112834798  
-0.5841179327  
-1.153986961  
-1.212457425  
-1.138846898  
-1.163594696  
-1.709030223  
-1.14269556  
-1.445061705  
-1.737326045  
-1.070394909  
-1.451748801  
-0.5036912268  
-0.846009184  
-0.6652445137  
-0.6763359494  
-1.125789649  
-0.340534319  
-0.3457125041  
-0.5462638574  
-0.778403491  
-0.9200996195  
-1.154647392  
-1.213488336  
-1.137340716  
-1.129793487  
-1.002777028  
-0.9206410979  
-1.223685347  
-1.018985106  
-0.9009494465  
-0.8715700709  
-0.2566932081  
-1.053757657  
-0.6332162116  
-1.287547622  
-0.6858935019  
0.07121972426  
-0.4773388978  
-0.5290805192  
-0.904131163  
-0.7735556942  
-0.08528244878  
-0.5178100789  
0.8405494837  
1.385233656  
0.5690013505  
0.428674945  
0.6094863918  
0.7956974314  
0.5704080222  
1.011711407  
0.2563217509  
0.4702842936  
0.4624144348  
0.693373987  
0.5741509037  
0.3702668269  
0.08479215445  
0.1849379318  
0.2949756396  
0.7830016735  
0.6975685331  
0.526869416  
0.4492936194  
0.7871913014  
0.4382252427  
0.1000495916  
0.6337320552  
0.3394791809  
0.5985137434  
0.7669940053  
0.7328204371  
0.3358598529  
0.9547486983  
0.8889852919  
0.9128629506  
1.165366808  
0.2806226921  
0.9734265488  
0.7918728274  
0.6274245214  
0.5350983284  
1.070752376  
0.6324600521  
0.5942145499  
1.300223545  
1.172713254  
1.29717876  
0.4333441059  
0.5985636  
1.056929701  
0.5704558256  
0.9325559258  
0.4865647765  
0.3306308304  
0.4438608882  
0.5352746191  
0.9279889348  
0.513104904  
0.01170047702  
-0.211248783  
0.3468712047  
0.3232349601  
0.9163408928  
0.2275675138  
0.04853109476  
1.088767165  
0.6188978128  
0.5132886822  
0.8511663319  
0.273633272  
0.5052753235  
0.4227295104  
0.2860743419  
0.4938385702  
0.2953917728  
-0.3007532311  
-0.2919835002  
0.2544828233  
0.575993174  
0.5639301388  
0.2885035131  
0.4448537568  
0.6401012494  
0.2940597883  
0.6800874259  
-0.08750036599  
0.4017535548  
-0.2804371269  
0.2103890884  
0.4413072101  
1.088274913  
0.3096776631  
0.2135150543  
0.4510933605  
0.2468214467  
0.04356683106  
0.1585489146  
0.459634423  
-0.08446295936  
0.676863145  
0.5360552199  
1.112264067  
0.09034029423  
0.3122129232  
0.04686644062  
0.7206421117  
0.4852581939  
0.2287608083  
0.4660228539  
0.04593773702  
0.4674064302  
0.3589924029  
0.7478989844  
0.1131323795  
0.4590421903  
-0.09700356572  
0.2494183793  
0.3957321061  
0.1904130773  
0.2273692497  
0.4834265134  
0.8352288911  
-0.01393098863  
0.1776051762  
0.1494257793  
0.4293898121  
0.2555861689  
0.3159410893  
0.21153912  
0.1359641208  
-0.1834830018  
0.7209074498  
0.02895709404  
-0.4465142928  
0.02993285845  
0.3764868301  
0.3928963099  
0.1920145192  
0.03328171661  
0.2339581031  
-0.2314205333  
-0.03072646432  
0.933976268  
0.8554594212  
0.3470109092  
0.2606122724  
0.4343351443  
0.2297871893  
0.1706369404  
0.09833054893  
0.7812121676  
0.4630394359  
0.4285249351  
0.157463836  
-0.1158065815  
0.4106648716  
-0.237281849  
0.4564527671  
0.2657538363  
0.5295578466  
0.5479176121  
0.749425406  
0.6486534362  
0.5146926653  
0.3406129407  
0.8847140831  
0.6143769723  
0.3995676292  
0.5366755984  
0.953641819  
0.1521267324  
-0.08341675477  
0.2216198085  
0.3092368044  
0.0509447621  
0.5082436008  
1.070234725  
1.015421194  
0.7785806396  
0.5434856759  
0.8186739125  
0.5133157763  
0.7833490221  
-0.04522879888  
0.3850900977  
0.157679668  
0.4990447905  
0.5537403885  
0.9367845643  
0.9301322995  
0.6990058155  
0.4833658757  
0.4456156973  
0.314449546  
-0.2163805269  
0.3674646858  
0.2878881765  
-0.001062709813  
0.5884554408  
0.3974426412  
-0.05385924561  
0.1723403802  
0.8452917387  
0.4291973329  
1.283139042  
1.057502127  
0.6778539354  
0.07065506825  
0.6918051798  
0.2919599573  
0.4717351156  
0.2146644923  
0.1001581178  
0.3721344404  
0.9007164876  
0.3015506517  
0.4920944608  
0.9079903202  
0.431675852  
0.6567150778  
0.8777988291  
1.041988729  
0.04879952747  
0.1815677655  
0.0592913108  
-0.1747709999  
0.368101202  
0.4883264157  
0.3181342625  
0.1471419296  
0.5047434148  
0.1994908955  
0.5246076871  
0.5487002213  
0.1372474708  
-0.1661773061  
0.1678361091  
0.1942546194  
0.2290505121  
0.1371990758  
0.4156769298  
-0.2594697339  
-0.03244548442  
0.3055624717  
0.1302627145  
0.9850207727  
0.296716213  
0.2802930976  
0.230771941  
0.3428113536  
-0.4561418761  
-0.007240923538  
0.5391494365  
-0.2402151982  
-0.1827120262  
0.1525055449  
0.1413688962  
0.5012674455  
0.2226278205  
0.1951684298  
0.005974309389  
-0.3062751703  
-0.04313458531  
-0.1297955992  
0.3094332419  
-0.04328352724  
0.3538760284  
0.1992205224  
0.1009211999  
-0.0921779258  
0.4630959181  
0.99047984  
1.036935766  
0.01958235332  
1.051570111  
0.6674927286  
1.278764315  
0.7029265182  
0.9650222939  
1.139666959  
1.061496942  
1.240976034  
0.3841650965  
0.2219874927  
0.3820183255  
0.394684025  
0.7757917363  
0.7531900681  
0.7466374017  
0.554414938  
-0.03143754874  
0.3883739403  
0.2246731897  
-0.04242361048  
0.5127485038  
-0.1112700782  
-0.3390483186  
-0.1030457106  
-0.1097760904  
0.2562837565  
-0.03324954418  
0.1317470839  
-0.02797789418  
-0.293295511  
0.08216688185  
0.3833370276  
0.3417464056  
0.4379294404  
0.3216775304  
0.1600526715  
0.1079393375  
0.08910871638  
0.4427209335  
0.09042044593  
0.5352213587  
0.4290771229  
0.536222447  
0.4717309608  
0.8881606961  
0.5944066465  
-0.09606493369  
0.06640343715  
0.0963469196  
0.1724277317  
-0.1923319048  
-0.1856788388  
0.5536627301  
0.3121494931  
0.07089354151  
0.2127712037  
0.1837892138  
0.05373843732  
-0.1571857897  
-0.2593789406  
-0.7738047632  
-0.8156779563  
-0.1934784811  
-0.8939088801  
-0.1599201584  
-0.5385093853  
-0.02310676233  
-0.5113161539  
0.05989245749  
-0.4647101852  
-0.5952782541  
-0.2672046403  
0.03011610876  
-0.2758188201  
-0.329730451  
-0.4685605628  
-0.07400223395  
-0.3801878556  
-0.06907938509  
-0.3743934553  
-0.3663601403  
-0.1947842048  
-0.2313012962  
-0.5289270775  
-0.4300244718  
-0.4577731182  
-0.3183188692  
-0.257112188  
-0.4746959971  
0.09692145873  
-0.09036641698  
-0.3236722214  
-0.3422578959  
-0.3391203458  
-0.01517908142  
-0.1450161888  
-0.1629056164  
-0.6225275501  
0.281700791  
0.43134125  
0.556258181  
-0.2079443547  
-0.05077532515  
-0.2945500737  
0.2796876965  
0.01082185666  
0.2452049741  
-0.04059935495  
-0.1343208817  
-0.4492634621  
-0.2766214521  
-0.1561615991  
-0.2122384377  
-0.1020800785  
-0.3183170778  
0.4059285998  
-0.4207634659  
-0.3202569425  
-0.190154139  
-0.1700960725  
0.5362500803  
-0.2265093743  
0.3771101932  
0.5328353147  
0.1379675951  
0.6022952683  
0.2788154301  
0.317268298  
0.3832305899  
0.07956285567  
0.3564256728  
-0.06248961016  
-0.2629765039  
-0.2197648286  
-0.3433216731  
-0.1511157612  
0.1832322123  
-0.2434212722  
0.1574757059  
-0.1936607301  
-0.4088361497  
-0.1802472165  
-0.2562743237  
-0.415645314  
-0.182707736  
0.305725343  
-0.3055665279  
-0.2989578851  
-0.4563452882  
-0.12149995  
-0.0985423239  
-0.4197318083  
-0.9632840401  
-1.052125567  
-0.5962779353  
-0.8573263898  
-0.5452527207  
-0.3651938192  
-0.5826905587  
-0.7305749445  
-0.8774756029  
-0.01947454772  
-0.4496386712  
-0.4028621745  
-0.4722371347  
-0.3285077291  
-0.1351238932  
-0.1303728775  
-0.7505916291  
-0.3251873118  
-0.8406957104  
-0.2998658825  
-0.3807360801  
-0.2731507288  
-0.2147397267  
-0.631589194  
-0.2761912404  
-0.3257585667  
-0.5711651242  
0.08942573053  
-0.04080443782  
0.1764029689  
0.01912106504  
-0.006352468043  
0.6471388719  
-0.1214116511  
-0.2475742121  
0.2149077413  
0.3860302207  
0.2712980842  
-0.2731867292  
-0.8157249219  
-0.7353436202  
0.1656798576  
-0.7528814932  
-0.645472209  
-0.5402861152  
-0.3057184495  
0.01379321581  
-0.7732350652  
-0.2002400935  
-0.9408354323  
-1.037348598  
-1.008260793  
-1.280390744  
-0.9994307252  
-0.9283053231  
-0.6961072758  
-1.221893823  
-0.7558067939  
-0.8019596621  
-0.6995847309  
-1.151284493  
-1.2816746  
-0.8253374192  
-0.533949601  
-0.4203848976  
-0.5149713629  
-0.7365472651  
-0.2896994473  
-0.4030348574  
0.02674397832  
-0.2534089442  
-0.5316767373  
-0.5305350912  
-0.06984699611  
0.09204033576  
-0.3014821763  
0.3648742297  
-0.3925116191  
0.06528203358  
-0.298189618  
-0.2424953461  
-0.2419972592  
-0.03707164585  
-0.3913651526  
-0.6439370542  
-0.8115867243  
-0.5179095683  
-0.4738435139  
-0.7389477507  
-0.4093270215  
-0.1038844156  
-1.06675125  
-0.1027187073  
-0.6231501898  
-0.496922138  
-0.82203586  
-0.4017613481  
-0.4980254569  
-0.8353859605  
-0.6609867955  
-0.4121393653  
-0.7050178647  
-0.4923850492  
-0.9715631857  
-0.7437135444  
-0.9074491911  
-0.8886265738  
-0.7031300509  
-0.6809742331  
-1.392517507  
-1.15372551  
-0.9123263605  
-0.8275809573  
-0.8228265585  
-1.384383747  
-1.527675462  
-1.382382459  
-1.667296812  
-0.7485752886  
-0.8521315023  
-1.005344196  
-0.8156554035  
-1.470370476  
-1.436865539  
-0.8250690817  
0.04277726432  
-0.3755021169  
-0.9807261177  
-1.053679391  
-0.6687845728  
-0.7997177969  
-0.497424244  
-1.549924665  
-1.138979857  
-1.278931724  
-0.5884703066  
-0.4407458976  
-1.06655832  
-0.8914722995  
-0.9951058785  
-0.4398891844  
-0.5390424991  
-0.7881174035  
-0.6117883587  
-1.06859522  
-1.106598111  
-1.169235423  
-1.275751092  
-0.937451918  
-1.329436999  
-1.241352884  
-1.209900186  
-1.189183686  
-0.9841192421  
-1.030999215  
-1.478253067  
-1.032761864  
-1.106277398  
-0.8208561356  
-1.399607868  
-1.070529337  
-0.8572785085  
-0.946800428  
-0.8349999036  
-0.8165088686  
-0.7307393184  
-0.2328981609  
-0.02850760592  
-0.4768563726  
-1.204735241  
-1.515028678  
-1.389536186  
-0.6331930295  
-0.8251584123  
-1.547678282  
-0.3837458742  
