1.632429326  
1.120686632  
0.5903592573  
0.07916930684  
0.522495664  
0.2128192644  
0.3838591636  
0.2502201854  
0.2047796652  
0.1450144606  
-0.1011267984  
-0.3523798404  
-0.09759707695  
-0.7355922434  
-0.6525539344  
-0.736337011  
-0.5022427819  
-0.09020595356  
-0.3329104252  
-0.1501129912  
-0.2913032421  
-0.1576237436  
0.07454560717  
-0.1602952126  
0.07948609864  
-0.176257859  
-0.3289150346  
-0.006052058763  
-0.2623834098  
-0.2371383798  
-0.1800904666  
-0.7859146043  
-0.5299045554  
-0.4045284153  
-0.0821062496  
-0.1234482275  
-0.2544643282  
-0.3436489976  
-0.1975577906  
-0.5184201215  
-0.3190688504  
-0.4365494815  
0.2016962893  
0.7581341005  
0.88837966  
0.9406337687  
1.096082944  
1.167207489  
0.6517947533  
0.5549484849  
0.8563813609  
0.419325316  
0.6078353518  
0.1098947088  
0.1238824909  
0.1731440171  
0.2480999139  
0.09515092189  
0.3109003256  
0.07722671365  
-0.07601161816  
-0.3173753969  
-0.2168354718  
-0.1071078537  
0.01943679176  
-0.1155273951  
-0.1764789521  
0.03651776515  
0.5620627009  
0.7575789438  
0.774112837  
1.120344776  
0.8509023885  
0.7324584404  
0.5935344749  
0.2308854743  
0.2281123613  
0.178209778  
0.1334845625  
0.5424514587  
0.5487628906  
0.2906708921  
0.3914855854  
0.5480829461  
0.6595684326  
0.2463156396  
0.7121014819  
0.4280804272  
0.1911054554  
0.4053907524  
0.5114721483  
-0.1219808987  
0.3803261868  
0.3014121936  
0.8197584646  
0.8841280565  
0.7238435678  
0.9533806301  
1.182479782  
0.6152233082  
0.8832039401  
0.2553439805  
0.3820955804  
0.419531966  
0.2134694926  
0.5405949282  
0.5326270299  
0.3506189504  
0.5754503305  
0.4740698471  
0.5988380969  
0.5715327638  
0.3473130364  
0.3787695306  
0.48471113  
0.01947440523  
0.6483374004  
0.3504482687  
0.3803700873  
-0.04814238341  
-0.1810409817  
-0.2469367648  
-0.3293721695  
-0.7166016063  
-0.2602042126  
-0.2540745264  
0.09895709451  
0.02376169805  
0.244347179  
-0.3667957935  
-0.5913267032  
-0.8011970905  
-0.4198845764  
-0.5152200782  
-0.2160578496  
-0.6210552357  
-0.6201630632  
-0.7419649247  
-0.5164950524  
-0.6378281664  
-0.08650401919  
-0.4933120552  
-0.03508649609  
-0.06611923424  
-0.1142268366  
0.03234262973  
0.4671995512  
0.1725963458  
0.4948698629  
0.181458986  
0.435440524  
0.5029829493  
0.2369291376  
0.09238810329  
0.1265217932  
0.252633869  
0.1364597655  
0.3048944701  
0.1685692651  
-0.3465723786  
0.03053980832  
-0.04879111693  
0.2155456084  
0.2342274437  
0.2067702558  
-0.3554413204  
-0.1183798891  
-0.2474900802  
-0.1625687151  
0.01254281021  
0.1374763921  
0.09131834394  
-0.2438941015  
-0.4543503259  
-0.3437205918  
-0.1291952734  
-0.1225175959  
0.08776038989  
0.1384166473  
0.2012282281  
0.2206611334  
0.6159319053  
0.1650301049  
0.09743662807  
0.3473710164  
0.5258818728  
0.2462169159  
0.3857884368  
-0.09363641416  
-0.1412020187  
0.1323805248  
0.202568932  
0.05620589792  
0.3597454737  
0.5641117951  
0.1112882776  
0.3087219572  
0.444707256  
0.05442400125  
0.2483056505  
-0.102953775  
-0.1980116953  
0.1836572799  
0.1922824871  
0.07838794664  
0.1639849138  
-0.4068755949  
-0.4652295944  
-0.6868605785  
-0.6125344875  
-0.9081429213  
-1.107052679  
-1.124066366  
-0.944833012  
-0.5915066858  
-0.543812549  
-0.9809143168  
-1.055607215  
-0.8514970194  
-0.7378202929  
-0.6870939374  
-0.584235083  
-0.3113099912  
-0.9296487853  
-0.9297267739  
-1.030554437  
-0.7738526713  
-0.8810520938  
-1.075998973  
-0.9160222849  
-0.7976250003  
-0.3517708014  
-0.08766951269  
0.08311779229  
-0.2845382468  
-0.008199826222  
-0.317524355  
0.1806244875  
-0.1985088376  
0.5258184717  
0.2423459924  
0.3965240266  
-0.1653600955  
0.06728740878  
0.001322890939  
-0.04812017125  
0.4153058148  
0.1412639334  
0.4676934952  
0.5345633242  
0.408434653  
0.2558024082  
0.8193866979  
0.1816558255  
0.2788621717  
0.4069257008  
0.3418109516  
0.08823213451  
0.09844617112  
0.2334740692  
-0.5856711722  
0.08888913868  
0.3553591612  
0.03220713743  
-0.002986307324  
0.5607218837  
0.3071667203  
0.2739877226  
0.4552260665  
0.6153079332  
0.6677015976  
0.6470399346  
0.2559155246  
0.3482711514  
1.198233835  
0.9019726565  
1.278503354  
1.095951455  
1.134622283  
1.167241988  
0.7547537121  
0.812858919  
1.251510579  
0.544006176  
0.2833323472  
-0.06530298146  
0.08554424523  
0.4599455396  
0.1563576427  
0.3217482798  
0.224152909  
-0.006607681961  
0.08703734754  
-0.02314086201  
-0.1607622227  
0.03889211897  
0.2417385426  
0.3062900402  
0.05572195888  
-0.553526719  
0.1016885822  
0.5157450598  
0.7645522518  
0.6932418506  
0.9317425443  
0.7751532015  
0.5594067519  
0.7664595119  
0.4021920396  
0.4737088223  
0.9016103586  
0.6324014413  
0.6380174637  
1.234637433  
0.7598726944  
0.4748766154  
0.1096324405  
0.6226301949  
0.6270455374  
0.4611813681  
0.3895094713  
0.41021608  
0.1456699777  
0.1839525721  
-0.02730899445  
0.1143550095  
-0.4711672329  
0.1643800779  
-0.4537278637  
-0.8586500551  
-0.5649963978  
-0.3965328003  
-0.2926156952  
-0.2832374165  
-0.2844240373  
-0.1346785918  
-0.1740899099  
0.3352928087  
0.3809037253  
0.08984301978  
0.1634456415  
-0.1226963264  
0.02446068876  
0.3989953242  
0.425415141  
0.3045586155  
0.1787109733  
-0.02661247906  
-0.3370020645  
-0.1849086947  
-0.6112176129  
-0.4797024161  
-0.6789850036  
-0.6620691803  
-0.7522754002  
-0.569040913  
-0.5767012198  
-0.3264441847  
-0.2325239616  
-0.3987238037  
-0.3357831865  
-0.2425201101  
-0.04953886072  
-0.1919138005  
0.07371490892  
0.4479302756  
0.1282253662  
0.7936435606  
0.4065113693  
0.3812364321  
0.6409817673  
0.7774620341  
0.5062769172  
0.4352847559  
0.2869959292  
0.2566331432  
0.03134104711  
0.2901349814  
0.3307776386  
0.4846990334  
-0.03581617452  
-0.3006563841  
0.0841864901  
-0.1854629  
0.1196429524  
-0.06052073967  
-0.100045634  
-0.09918507419  
-0.01824983627  
-0.07695639272  
0.1977526333  
0.18005949  
0.001758019358  
0.2791475314  
0.08463738848  
0.211850834  
-0.1037249772  
-0.4239644346  
-0.241391744  
-0.03558658642  
-0.1897597324  
-0.08179147037  
-0.3112767447  
0.05890925998  
-0.1118523665  
-0.3824859045  
-0.2010874727  
-0.2852553939  
-0.3607190422  
-0.8049703039  
-0.7396552517  
-0.6862323437  
-1.122883923  
-1.120565036  
-1.460587801  
-0.9048959609  
-1.028943446  
-0.921171441  
-0.7647700671  
-1.030573531  
-0.6763098044  
-1.016742112  
-1.189889199  
-0.8864618234  
-0.3953488725  
-0.4167180257  
-0.05856048623  
0.2428592507  
0.5178259723  
0.5398355555  
0.7225229645  
0.7567529687  
1.593238807  
1.416164675  
0.8392410268  
0.5075879041  
0.5928518881  
0.4598885658  
0.3860450815  
0.4366231647  
-0.1889269666  
-0.4378701639  
-0.4883272432  
-0.3855980893  
-0.6166949298  
-0.7096537428  
-0.8132059341  
-0.8610244707  
-0.8699057163  
-0.9340148885  
-0.6692669226  
-0.8200229486  
-0.6257308113  
-0.4736847812  
-0.8029649844  
-0.6969675754  
-0.9125766818  
-0.8244942735  
-0.7585497347  
-0.7683376902  
-0.4925383343  
-0.3724408641  
-0.953801495  
-0.7650252245  
-0.6541171892  
-0.5342330126  
-0.1086095288  
-0.03188431088  
-0.3996461071  
-0.2798981771  
-0.5394037111  
-0.3508691865  
-0.128712459  
0.01092965075  
-0.2577047753  
-0.1919292618  
-0.5507909202  
-0.4914554703  
-0.1376794024  
0.03460904451  
0.3596485689  
0.386888139  
0.3493657019  
0.2310426568  
-0.08523737321  
-0.2314423995  
-0.3187898382  
-0.4627510048  
-0.4736430871  
-0.3964590321  
-0.05994067765  
-0.08394898386  
0.07291922228  
0.1170590461  
-0.1899275845  
-0.1045947824  
0.09089886784  
-2.239905946e-05  
0.3031921107  
0.1827660431  
0.1378276228  
0.1109299012  
0.1469378506  
-0.1392270176  
-0.04472971165  
0.05654688299  
0.190221237  
0.05285288721  
0.1030537326  
-0.060999669  
-0.04964995529  
0.08849624276  
-0.6424954298  
-0.2904164  
-0.3160436034  
-0.1370578482  
0.1402309368  
-0.01231082972  
0.016548022  
-0.0006264844417  
0.3137703877  
0.4545774435  
0.06199790022  
0.2662338738  
0.1764497315  
-0.1381916277  
-0.4209636839  
-0.09694802625  
-0.02062955935  
0.1696776567  
0.3576937693  
0.5556090517  
0.5945449287  
0.501441388  
0.5818162286  
0.7324998465  
0.3119700081  
0.7333772554  
0.2848580703  
0.6027579772  
0.4210157241  
0.01500189028  
0.1062887286  
0.001379685629  
0.09903702609  
-0.04691376608  
-0.3995739936  
-0.02800735051  
-0.1910118912  
-0.1456019721  
-0.4068289899  
-0.2591259169  
-0.1600065151  
-0.1607799163  
-0.01932347168  
-0.04826566415  
-0.07867732006  
0.09969770272  
0.2592972768  
0.3534839147  
0.3526156788  
0.1463549937  
-0.3271092771  
0.1016246916  
-0.05720678559  
-0.286398212  
-0.3567019718  
-0.2461518395  
-0.4088273038  
-0.4418825829  
-0.3466987531  
-0.3825814385  
-0.9177475974  
-0.845713715  
-0.7655824885  
-0.3397328062  
-0.4597679293  
-0.566982455  
-0.7819352315  
-0.9111083881  
-0.5787219151  
-0.6110797931  
-0.1927713418  
-0.518350133  
-0.6203311064  
-0.5756687518  
-0.8459372152  
-0.7875840791  
-1.140727576  
-0.4855941549  
-0.1711728569  
-0.137858528  
-0.1089250888  
0.2247601754  
-0.3769964138  
-0.2182562817  
-0.3051054976  
-0.1927260521  
-0.1310491445  
-0.3955162249  
1.537585986  
1.031655834  
0.663291295  
0.2578843086  
0.219752751  
-0.2380716701  
-0.0353679756  
-0.3220175199  
-0.7783727262  
-0.605772695  
-0.2005635725  
-0.08551786128  
0.002861153777  
-0.3880766399  
-0.1375979651  
0.08795333605  
0.06275921309  
0.2631684506  
0.3753794632  
0.2167417147  
0.2622424491  
0.2434756686  
0.4590993684  
0.4820428359  
0.453822013  
0.2224747616  
0.2247220851  
0.1826302604  
0.4048400805  
0.3513870713  
-0.05554816284  
0.2185850151  
-0.03838704124  
0.06666174188  
0.1080001672  
0.1840984625  
0.4003359431  
0.1008859106  
0.3285822749  
0.2600548167  
0.1874856193  
0.1163487803  
0.2326050385  
0.352237036  
0.5000849627  
0.253042672  
0.1665023652  
0.02781790421  
0.02830825189  
0.009217504439  
-0.3550243254  
-0.2283409045  
-0.1753527126  
0.05981972056  
0.233938928  
0.1112955598  
0.4424904567  
0.1312656857  
0.5122127942  
0.1977139455  
0.06107099621  
0.03916507306  
0.05703809182  
0.08061789659  
-0.3781378435  
-0.266578568  
-0.2187936556  
-0.752172708  
-0.3816853813  
-0.1549743478  
-0.2024464492  
-0.1439804297  
-0.3427744694  
-0.8922247114  
-0.6130791628  
0.1165793572  
0.09291642302  
0.4552602393  
0.5963031308  
0.3865135626  
-0.06023131037  
0.4561746536  
0.2196996313  
-0.02787207454  
-0.3215912016  
-0.1496078873  
-0.6024992997  
-0.3008692915  
-0.6000938902  
-0.6455956441  
-0.510118899  
-0.1323732998  
-0.4278389726  
-0.004345654328  
-0.3226476769  
0.03403844283  
-0.2087947636  
0.02068991638  
-0.2382393617  
-0.06690746743  
0.08805601302  
0.001284450713  
-0.07377092845  
-0.5741190179  
-0.4355870918  
-0.1567473364  
0.4488754951  
0.108427089  
0.2781403245  
-0.2345409979  
-0.4763778462  
-0.2680700844  
-0.4001966452  
-0.6229222947  
-0.393784805  
-0.1793995915  
-0.2459165921  
-0.5583873073  
-0.1593440755  
-0.2085523991  
0.3276603987  
0.09407318202  
-0.1926784707  
-0.3767237109  
-0.6672757295  
-0.05853449285  
-0.4234059413  
-0.2421309617  
-0.3693905462  
-0.6475294317  
-0.2365977454  
0.3593361033  
0.2274673024  
0.3952835687  
0.04342358519  
-0.1548818635  
0.1253502008  
0.03416643016  
-0.05353721931  
-0.01643870463  
-0.2485936343  
0.2306291299  
0.02865806368  
-0.0440243575  
-0.3948973304  
-0.2667482703  
-0.2041684676  
0.02225123629  
0.2010425884  
-0.02105511732  
0.1677185899  
0.06234884343  
0.180751421  
0.6986032598  
0.05050533286  
-0.01163674445  
-0.03713540036  
-0.02028098605  
0.3698112005  
0.1181837879  
0.7861423586  
1.144345718  
1.197674534  
1.514020128  
1.86800902  
2.75038558  
1.974387138  
1.589358464  
1.486762367  
1.210462807  
0.6974858872  
0.3883455838  
-0.06560792104  
-0.3719857241  
-0.9082925547  
-0.7110202126  
-0.41930063  
-0.5885368518  
-0.0366042341  
-0.3490160188  
0.02699864003  
-0.09440305009  
0.1157950997  
0.334157472  
0.3274781272  
0.4291049924  
0.7284698061  
0.2788036704  
0.02847571477  
0.4854676568  
-0.06291918436  
-0.04059988613  
-0.1874309001  
-0.3279986184  
0.04822790959  
0.544013208  
0.007556733516  
0.0853692171  
0.3712306971  
0.5973294216  
0.7698187591  
0.837282057  
0.290069536  
0.3024518278  
0.2290612354  
0.02989661134  
0.2398213159  
0.2876080805  
-0.17627606  
0.04451541066  
0.4825603124  
0.3477871467  
0.5393425497  
-0.5025003176  
0.1945790994  
0.2944599266  
-0.09290079799  
0.4486825327  
0.277761424  
0.4177626031  
0.5906554375  
0.1551101382  
0.3096641162  
0.3510634094  
0.04126093939  
0.03420957992  
-0.08965966139  
-0.2052910697  
-0.3177565837  
0.01937039602  
-0.09348968992  
-0.2026065849  
-0.3290180182  
-0.5540070805  
-0.1194057143  
-0.3829395594  
-0.2371255929  
0.1982524822  
0.7136708888  
1.1488559  
1.018496274  
0.747684681  
0.9974696204  
0.581130732  
0.8957692098  
0.6718092979  
-0.02949442124  
0.2101393692  
0.3873500655  
0.1860091986  
0.4126078684  
0.416907691  
0.5666354256  
0.1815059452  
-0.3711549612  
-0.3278765918  
-0.1831565876  
-0.2594790388  
-0.7973969682  
-0.7495715317  
-0.7208495404  
-0.2664003041  
0.05805121294  
0.17916693  
-0.0490516891  
0.09002517068  
0.251703673  
-0.08484987251  
0.1328595054  
0.7919229185  
0.483366326  
0.404599333  
0.287912152  
0.6926640361  
0.7333321913  
0.5821474858  
0.250719292  
0.4398366327  
1.017841677  
1.376521631  
1.664871114  
1.338722537  
0.5079904531  
0.8630713735  
1.215839791  
1.496818426  
1.620744398  
1.099111148  
0.8970331067  
0.7154102218  
0.3779193375  
1.097093779  
0.08404673333  
0.3051209351  
0.2351422718  
-0.05117581326  
0.3526896831  
0.498607291  
0.3163099838  
0.1132926491  
0.3371464778  
-0.008101732123  
-0.3556311067  
-0.5171696472  
-0.6328619613  
-0.823101311  
-0.5896541743  
-0.604763383  
-0.009344218654  
-0.2078942315  
-0.0699835207  
0.4208339023  
0.5114884854  
0.396634282  
0.6004693661  
0.07184697671  
0.0585411854  
-0.04278998938  
-0.2567098268  
0.2473251829  
0.12918891  
0.3563618596  
0.04210592589  
-0.005337356558  
0.3588606681  
0.01935556452  
0.3336394717  
0.5845764568  
0.6318118455  
0.872112163  
0.7563027375  
0.5900305091  
0.5569412266  
0.6686980517  
0.5601914343  
0.4698464792  
0.3223663968  
0.08861728409  
-0.1691227411  
-0.10069542  
0.264881208  
0.5003843716  
0.479861992  
0.4965014768  
0.6708270144  
0.6071480229  
0.8607039595  
0.7961546061  
0.573827576  
0.7771095712  
0.8815004859  
1.003141979  
0.9344584596  
0.1418147968  
0.7475502836  
0.3094921905  
-0.1707787288  
-0.1156470637  
0.2152979311  
0.05844867043  
0.1620222452  
0.3167538468  
0.588678088  
0.8297432335  
0.5612371599  
0.3649534531  
0.138740144  
0.2293358517  
0.09200005605  
-0.03953297183  
0.05744365384  
0.03958646469  
0.1927996477  
0.1426542836  
-0.09510635104  
-0.5468498546  
-0.04703194686  
0.3081433437  
0.4697527457  
0.3106744167  
0.4881956874  
0.7452827051  
0.6857368716  
0.5914409582  
0.7388507931  
0.6282288938  
0.5443807175  
0.4112387048  
0.4529786415  
0.83990129  
0.4430976223  
0.6577593124  
-0.1134479504  
-0.2482645495  
0.3770869246  
0.2230494624  
0.02692839116  
-0.1253907327  
0.103354536  
-0.2776512691  
-0.3655044042  
-0.3202221579  
-0.3181562507  
-0.01769246332  
-0.05261396242  
0.2510588824  
0.1920984265  
-0.0653806549  
0.008905535447  
0.1446137353  
0.3593510077  
0.4570010829  
-0.05407260507  
-0.1148591451  
0.250632816  
0.001744025588  
0.2446037734  
-0.04106976136  
-0.0114501574  
-0.2286225314  
-0.6085981597  
-0.2533807426  
0.4175623365  
0.01004716754  
0.4159866356  
-0.115426398  
-0.09779414331  
0.1027771331  
0.2225393482  
-0.06409025595  
0.3078208628  
0.4245779945  
0.6158758229  
0.402757897  
0.2946834815  
0.1329201388  
0.2136592442  
0.5888997563  
0.2421733832  
0.5370580267  
0.5873689491  
0.3282705475  
0.6331942848  
0.4921641938  
0.2984057997  
0.2641130315  
0.138816455  
0.3411545213  
-0.1559938373  
-0.4865157683  
-0.2136589218  
-0.3468139071  
-0.1881624113  
0.1332637235  
-0.005140857822  
0.5014702447  
0.4634397845  
0.5558603642  
0.2998040972  
0.5086568693  
0.6179307305  
0.01894291217  
0.2351291129  
0.2756028132  
-0.006845136432  
0.5665988044  
0.07462445015  
-0.03044911117  
-0.04705665987  
0.2709691183  
-0.09213898272  
-0.2233987145  
-0.6478297681  
-0.6692958327  
-0.4748917241  
-0.6097207415  
-0.5097063204  
-0.4661028635  
-0.2281399227  
-0.682491572  
-0.6315143047  
-0.3728737431  
-0.7539541976  
-0.3660905148  
-0.9219611154  
-1.083143253  
-0.9565560797  
-1.081573588  
-0.8452720391  
-1.149197409  
-0.8371116469  
-0.622250162  
-0.7537815179  
-0.800625897  
-1.234136639  
-1.103120773  
-0.7599156992  
-1.48869222  
-1.463440205  
-1.198481222  
-1.356843133  
-0.982300186  
-1.104563764  
-0.9942239711  
-1.125736321  
-0.7926805717  
-0.8827044742  
-0.948214402  
-1.416094809  
-1.648241711  
-1.251682918  
-1.331890913  
-1.155271512  
-1.017844091  
-0.9670439285  
-1.705314576  
-1.147528293  
-0.9918811195  
-0.6030801911  
-0.7798436886  
-0.9100764172  
-1.023776855  
-0.5203013357  
-0.4933200427  
-0.1037977687  
-0.2889575085  
0.171082362  
0.6409668521  
0.1986674671  
0.01431126891  
-0.5364300778  
-0.9668607697  
-0.4620434542  
-0.2145097058  
-0.1843414727  
-0.3261989515  
-0.7903570624  
-1.219941914  
-0.9703550809  
-0.5637857043  
-0.5508583839  
-0.9501107624  
-1.628747617  
-0.7256883633  
-0.2052058885  
-0.04509248797  
-0.2841937731  
-0.1965103727  
0.2388028698  
0.3223837443  
-0.05740208907  
0.2244640894  
-0.08372343131  
0.01243462522  
0.3909270057  
0.3304734887  
0.6068644762  
0.1069937853  
-0.007218351715  
0.06705646079  
0.3115829828  
-0.1767054749  
-0.10956438  
-0.4314184776  
-0.95483642  
-1.038967942  
-1.04392515  
-1.387207801  
-1.5261986  
-1.335416654  
-1.560010541  
-1.053147192  
-0.6594628436  
-0.992917823  
-0.765981122  
-1.000033381  
-1.026239542  
-1.20173883  
-0.6005071612  
-0.7692900306  
-0.5847574836  
-0.6994271602  
-1.559258105  
-0.8248913023  
-0.1151816383  
-0.7142355171  
-0.6733417188  
-0.6435937707  
-1.065454854  
-0.4978353201  
0.1556564032  
-0.04351199315  
0.01947163043  
-0.5515992756  
-1.122455145  
-0.9189761075  
-0.5120149446  
-0.1180359492  
-0.2001701571  
-0.2508957462  
