0.5683850651  
-0.3701487255  
-0.8248494226  
0.1714298232  
-0.07327987392  
-0.1976883715  
-0.3403730976  
0.3303630442  
-0.07214160581  
-0.07580995337  
0.04760295784  
-0.286914972  
-0.593137952  
-0.607584493  
-0.3752073472  
-0.2716034079  
-0.5876975972  
-0.9614049414  
-0.4550129885  
-0.6533613112  
-0.08241014939  
-0.9615656366  
-0.3966497765  
-0.6660049734  
-0.6861970394  
-0.7109625095  
-0.6901000042  
-0.361206785  
-0.4179172956  
-0.1450454061  
-0.08779882731  
-0.3837547502  
-0.6948258519  
-0.7830256138  
-0.1978838655  
-0.07283380164  
-0.2646369537  
-0.5586258313  
-0.8188656462  
-0.6242767817  
-0.0953598557  
-0.4486541404  
-0.9576809575  
-0.2521196526  
-0.3066795353  
0.1920393609  
0.01610042401  
0.3408034414  
-0.1515017567  
-0.5850425395  
-0.4184482798  
-0.9832850932  
-0.7049028538  
-0.8344047322  
-0.7981179283  
-0.703583888  
-0.196860561  
-0.3786544438  
0.1725292046  
0.2953154724  
-0.5131401735  
-0.543818343  
-0.6757967474  
0.02328452272  
-0.4983939595  
-0.6528639965  
-0.2762597409  
0.01249241694  
0.3311016805  
0.4037035508  
0.268635407  
0.4094183163  
0.4854430093  
-0.1043696857  
0.6257104914  
0.8612448153  
0.4533371848  
0.5108699287  
0.3512861028  
-0.178526911  
-0.05521658771  
0.1909810245  
0.2157194394  
0.05691929638  
0.00148586748  
-0.3128638955  
-0.5756410908  
-0.4015359714  
-0.3419732307  
-0.3408147221  
-0.3742575193  
-0.4843348027  
-0.5966209411  
-0.1575641507  
-0.2240177546  
-0.3201472544  
-0.02707926321  
-0.0298729385  
0.303078814  
0.2783339612  
0.1892246173  
-0.06502788266  
-0.6143653036  
-0.1742424103  
0.1712042616  
0.4492397451  
-0.04879111897  
0.2104091031  
0.2854119348  
0.1375287985  
0.3184755283  
0.8923893122  
0.5372908437  
0.9104734106  
0.2034752159  
0.4548338996  
0.4592438848  
-0.2609312561  
0.01830635231  
0.5201533906  
-0.3822876506  
0.2427160597  
-0.3572069735  
-0.01997342604  
-0.7435480601  
0.164966394  
-0.2323186527  
0.004382588428  
-0.1442842049  
-0.3726635914  
-0.07641736229  
-0.1693104269  
0.3152061323  
-0.0214121067  
0.1451805671  
0.06396083277  
-0.7211888249  
-0.642272817  
-0.5855993879  
-0.3823440424  
-0.5540689557  
-0.9742898927  
-0.7195266539  
-0.4688110699  
-0.1283837833  
-0.1518033955  
-0.3103057551  
-0.6504789894  
-1.308702303  
-0.6788054198  
-0.9440561676  
-0.3639711423  
-0.3067996669  
-1.091157116  
-0.8527409067  
-1.362263491  
-1.151176587  
-1.090157008  
-0.9737375365  
-0.6890519019  
-0.6311887038  
-0.5708593099  
-0.1118263512  
-0.5129036666  
-0.6073730854  
-0.919281466  
-1.110014268  
-1.219172541  
-1.034363077  
-0.9633147843  
-0.8999758529  
-0.7259801331  
-0.4210420706  
0.02898720535  
-0.299592897  
-0.4099853579  
-0.546078531  
-0.4103130564  
0.03906854665  
-0.02575989797  
-0.3093860921  
0.1861758834  
-0.4354005645  
-0.02475403077  
0.08175495862  
-0.1116265853  
-0.3981638247  
-0.1611824583  
-0.329591261  
-0.7351097107  
-0.4101761031  
0.03011251098  
-0.3838553467  
-0.9006620834  
-0.432382253  
-0.5167209918  
-0.4508807078  
-0.6072879399  
-0.1977297294  
0.009063298926  
-0.4702408903  
-0.005336496377  
-0.6030201785  
-0.1032534462  
-0.194738367  
-0.08121861267  
-0.8967194662  
-0.3816155662  
-0.04631958342  
-0.5633067268  
-0.4698336258  
-0.6459911254  
-0.5124073373  
-0.7187827161  
-0.1305114279  
-0.3957122123  
-0.1988971215  
-0.487564709  
-0.3858364012  
-0.7682592638  
-1.045913943  
-0.9558705187  
-1.255141236  
-0.655730147  
-0.8265191478  
-1.215254496  
-1.098178047  
-0.8776596179  
-0.7073918556  
-0.7089627235  
-1.274186568  
-0.5813472707  
-0.6095024592  
-0.277732473  
-0.9749479446  
-1.284798359  
-0.8771247497  
-1.149392732  
-0.6768788187  
-1.088507712  
-0.59608584  
-0.6616526039  
-0.9148625376  
-0.7086862659  
-0.6670228879  
-0.6688303089  
-0.6667217927  
-0.2146218676  
-0.4316664622  
-0.03645198678  
-0.4770245787  
-0.2534591155  
0.2775538007  
0.1509535048  
0.1175725067  
-0.8222224633  
-0.3506067854  
-0.2047203909  
-0.391387137  
-0.8428182801  
-0.3890157805  
-0.5821189297  
-0.3655655971  
-0.3051782248  
-0.104500697  
-0.2269251886  
-0.3336907085  
-0.2820739855  
0.6275479981  
0.7756829119  
0.5282201081  
0.1465471459  
-0.1383420038  
-1.036680428  
-0.5029594795  
-0.4042554956  
-0.0820505643  
0.4851695574  
-0.01426829701  
0.01126614564  
0.2793468613  
-0.07487121394  
0.2939540431  
0.3798183682  
0.2896088941  
0.3591319909  
0.4481446495  
0.7875971398  
0.5850142576  
0.296689532  
0.6029580997  
0.5439738673  
0.8230386337  
0.849751622  
0.2882411402  
0.6679509259  
0.2953446677  
0.6397299484  
0.8786567676  
0.8432341213  
0.4522212484  
0.4352296741  
0.5194694754  
0.4707164791  
0.4801866735  
0.7042122739  
0.965810296  
0.9502986962  
0.3804688323  
0.5537869034  
1.106945402  
0.6172742631  
0.400394884  
1.010110262  
0.5401311969  
0.05220933727  
0.6147628412  
0.1416354793  
0.5914946415  
0.649151682  
0.5524248379  
0.5965612107  
0.1467592557  
-0.08649172073  
-0.813617071  
-0.8892337465  
-0.7581232519  
-0.08055193491  
-0.36921912  
-0.7480052733  
-0.1918215681  
-0.1235431097  
0.03449298485  
0.4145779249  
-0.07525024536  
0.334485265  
-0.002408641036  
0.7925660107  
0.5970595567  
0.3827663699  
0.3287065241  
0.2842678953  
0.5976847165  
0.3668978501  
0.2662796379  
0.1032768758  
0.7127525797  
0.03207720446  
0.3789688457  
0.1836583521  
0.1362685268  
0.05230869564  
0.1777453959  
0.06315097955  
0.2829953932  
-0.1498753635  
0.1786074208  
-0.1316229189  
-0.09616561358  
0.6640207091  
0.576955941  
0.3902113644  
0.5204755653  
0.4976313932  
0.5304475578  
0.427981033  
0.6921556559  
0.42422169  
0.4637564132  
0.8760656801  
0.6964393287  
1.208392041  
0.6091300752  
0.4039144841  
0.9779656744  
0.6524048451  
0.9790248273  
1.298164093  
0.6662068588  
0.5799730592  
0.3608390901  
-0.2899806087  
0.06134889605  
0.1599812675  
0.7001781907  
0.2898808264  
0.7630679849  
0.2185039449  
0.08148633523  
0.3905972612  
0.4974032827  
1.119430851  
0.7238938132  
0.01737283659  
0.05246400941  
0.3725238672  
0.5097651426  
0.3742434849  
0.5512868188  
0.2183090465  
0.3023577802  
-0.07209537241  
-0.3755174317  
-0.2218611539  
-0.6221864613  
-0.4601840577  
0.1035711994  
-0.1556829213  
-0.2774299274  
-0.6309933542  
-0.4425747701  
-0.298241599  
-0.4300369964  
-0.09817816886  
0.3305564051  
0.295122413  
-0.1177227941  
-0.3771520489  
-0.4220320629  
-0.8523843129  
-0.3542811725  
-0.3608606772  
-0.386554079  
0.1997017736  
0.1131373665  
0.5087361571  
0.760635716  
0.5929853269  
0.4961603634  
0.8314527589  
0.185667472  
0.2566445922  
0.9851832206  
0.2610276331  
0.722229836  
0.2719857003  
0.8265645049  
0.3161530878  
0.5415254176  
0.1126927142  
0.3111489505  
-0.09818162228  
-0.4534679175  
-0.2219931623  
-0.2371183606  
-0.9155815682  
-0.4389677901  
-0.4027761778  
-0.2631514655  
-0.224989196  
-0.2732500414  
0.1782720678  
-0.4050850653  
0.1820395114  
0.2429800425  
-0.1564884659  
0.2353313718  
0.134948149  
-0.1986034065  
-0.4150658259  
-0.3074943744  
0.04376058703  
-0.02789780567  
-0.5707822272  
-0.1316040071  
0.3831909961  
0.04596306551  
-0.2047545174  
-0.3262629544  
-0.06072860627  
0.2965688612  
-0.1660111176  
0.2523195754  
0.3378070093  
-0.1701505122  
0.04217326187  
-0.3594584053  
0.1960599659  
0.2896749873  
-0.3281629996  
0.7225577847  
0.6713037949  
0.6311603914  
0.4220553012  
0.7492705143  
0.1233776495  
0.6829126754  
0.1620803405  
0.1214393591  
-0.0219381627  
-0.1438705569  
0.1641537079  
0.1169535757  
0.1658134075  
0.6820831361  
0.997878448  
0.8711071733  
1.661778838  
1.222805047  
0.6821361212  
1.259307376  
0.6027178045  
0.1582966481  
0.3429882833  
0.2553003106  
0.17293311  
0.3098971003  
-0.05777502773  
0.4208281378  
0.2924747334  
0.7772483991  
0.9291102337  
0.8777505393  
0.2223107097  
0.571883138  
0.3741887221  
0.8683157579  
0.2828787534  
0.5976270931  
0.2972637908  
0.38122019  
0.3414162857  
0.6051899013  
-0.2225882345  
0.04654134552  
0.05898788284  
0.2057107041  
-0.2664024336  
0.1111714737  
0.4200258018  
0.5940198429  
0.755611324  
0.07683923319  
1.368501519  
1.305834469  
0.9817576577  
0.3524225326  
0.5021913067  
0.8571387348  
0.4712520569  
-0.1002806601  
0.9335984672  
0.05005398498  
0.0862701474  
0.1612966663  
0.3422517826  
-0.2479061122  
0.1738232546  
-0.1766973168  
-0.2272259673  
-0.2152070804  
0.04869150549  
-0.09715804826  
0.06110651645  
0.4054682989  
0.4695382517  
0.2876692789  
0.6573867844  
0.8949960883  
1.432452384  
1.175586005  
0.6758703034  
-0.3060998221  
0.4046389766  
0.3469955599  
0.1416715572  
0.2890245455  
0.2884425993  
-0.02263710555  
-0.1570003533  
0.2831019071  
0.02480275628  
0.1717874591  
-0.2499017545  
0.3758967415  
0.03448421455  
0.2049285127  
0.2061101291  
0.3075944809  
0.2885960786  
0.6825555673  
1.271831688  
1.054542197  
0.9264788599  
0.1081957274  
0.5153282339  
0.5400194449  
0.5896673086  
0.3710523331  
0.1902054981  
0.1570540227  
0.3731054311  
1.016774644  
0.3943381246  
0.5329471106  
-0.1201868773  
0.02752374821  
0.4768376305  
0.2296437657  
-0.0956117035  
0.4869196332  
0.1627014091  
0.1081017169  
-0.2082832461  
-0.4422978882  
-0.08518330196  
-0.1138029028  
0.4861851656  
-0.2767557078  
0.4767092081  
0.28043918  
0.3306876999  
0.3374197907  
-0.09178184115  
-0.5858383259  
0.04291208124  
-0.3395671212  
-0.4171839175  
-0.07853544463  
-0.3877084698  
-0.1914991993  
-0.08769235881  
-0.2375733946  
0.2732422401  
0.2072429649  
-0.08486271273  
0.3538890926  
0.8699370905  
0.8357485372  
0.7079993275  
0.4860438986  
0.5771740747  
0.3533913759  
0.5399510018  
1.175638922  
0.9409101503  
1.035882221  
0.7732678672  
0.8989257492  
0.587810196  
0.4832019788  
0.7166538497  
1.041224763  
0.5813871274  
0.7703175623  
0.6847849544  
0.3094837077  
-0.02108966159  
0.1001670287  
0.1820837408  
0.2650877823  
0.2702619059  
-0.1562345685  
0.1127269931  
0.1099714997  
0.1205579003  
0.1686656381  
0.2176489046  
0.584760425  
0.6031155526  
0.2304408622  
0.2961733806  
-0.4893161206  
0.5416434651  
-0.2610262297  
0.1421554151  
-0.2679740656  
0.3398325757  
0.1124891286  
-0.3241116997  
-0.1665976899  
0.2314095114  
-0.4701625992  
-0.5535331917  
-0.3324333295  
0.1031554742  
0.1846549072  
0.2229519001  
0.02982330932  
-0.2258417361  
-0.3275991543  
-0.4795833748  
-0.4330087951  
0.2412684913  
0.00471725357  
-0.1630750384  
-0.3708771302  
-0.3806743271  
-0.2717936246  
0.416250952  
-0.02610491014  
-0.4166704136  
-0.6843322831  
-0.0524807288  
-0.2694664101  
0.4998025987  
0.9162725274  
0.3200993559  
0.08639219989  
0.506573513  
0.6627793185  
0.5892628755  
0.4005050793  
-0.5766791013  
0.5182148258  
0.2650719497  
1.007485065  
0.9230319764  
0.5501154947  
0.2716000083  
0.6501050998  
0.60675472  
0.5257865557  
0.07115005782  
-0.1089242085  
0.6695342373  
-0.03665484999  
0.008639943532  
-0.06732943068  
-0.04744799397  
0.4648316744  
0.009850796864  
0.6991924274  
0.3925518214  
0.402406352  
0.6861018545  
0.669130537  
0.5237230455  
0.4860473162  
0.6065319465  
0.6955568502  
0.6568381616  
0.4227007987  
0.5381126927  
0.4392260055  
0.331521572  
0.3162794938  
0.2249353604  
-0.009674299447  
-0.4895323494  
0.5362532664  
-0.07367260324  
-0.1720057656  
-0.03934600525  
0.3266349841  
-0.08145035589  
0.2862397654  
0.404436694  
0.321301992  
0.1370062464  
0.3848767921  
0.2200067829  
0.8238229823  
0.7434853058  
0.1460549612  
0.1432961131  
-0.1759441499  
-0.1397972805  
0.07174726761  
0.2154121952  
0.6436571303  
0.4421753662  
1.266940315  
1.678444557  
1.577270091  
1.258746978  
0.9024446833  
1.181130175  
0.5555143616  
0.4251128494  
0.6820723702  
0.3336020539  
-0.5327397022  
-0.4482514264  
-0.3294333707  
-0.7096146641  
-0.2352129617  
0.1552141289  
0.4525014567  
-0.1750443162  
0.3143999668  
0.6922252279  
0.6019982588  
0.2534763896  
1.002746926  
1.286445562  
0.7493793619  
0.5490839191  
0.3091150824  
1.066122493  
0.6870086874  
0.2125841778  
-0.2391900973  
-0.4311926272  
-0.1887033307  
0.07891855092  
0.1433176919  
-0.1940238403  
0.03828416203  
0.6754724864  
0.01408793465  
0.3708426584  
-0.1261688059  
-0.2648547055  
-0.3335731056  
-0.9919845016  
-0.7051516808  
-0.6258456287  
-0.6350848507  
-1.205030677  
0.04902681049  
-0.5447836888  
-0.2054371765  
-0.4764943989  
-0.2884936567  
0.110267606  
-0.381728047  
0.1543544355  
0.0845903107  
-0.4493923129  
-0.3964449551  
-0.02116431191  
-0.2186516018  
0.06533124941  
-0.8746757081  
-0.4373827096  
-0.4976089714  
-0.5897594235  
-0.6235676817  
-0.750846899  
-0.3960188146  
-0.8687987172  
-0.507413678  
-0.7775275478  
-0.9584582808  
-0.781795283  
-0.475218612  
-0.003124824279  
-0.1123378596  
0.5120553484  
0.4702418211  
-0.3681491127  
-0.4800096172  
-0.5014610683  
-0.4069692815  
-0.4118211759  
-0.3072790179  
0.4146622497  
0.2231602764  
0.2391850167  
0.1021767735  
-0.1413456946  
0.002389126639  
0.2802983939  
-0.1494133155  
-0.5455689179  
-0.06213126316  
0.03768086792  
-0.04630091696  
-0.05708574074  
0.2715826915  
0.8475984224  
0.2616648311  
0.6886493288  
0.813193654  
0.2382361887  
1.119429778  
0.9446242703  
1.427832315  
0.2451584653  
0.898176269  
0.3043583215  
0.05003764536  
-0.1823542599  
-0.6582198797  
0.6320822828  
0.4307716123  
0.4242207106  
0.2495181278  
1.04310365  
0.270235169  
0.5591378122  
0.008064660461  
-0.03168548401  
-0.962267952  
-0.04409383355  
0.3819977187  
0.5837478153  
-0.05471018447  
-0.2954204944  
-0.2411263797  
0.1195907607  
0.2412882911  
-0.2197087477  
-0.1329605308  
0.4201309853  
-0.1118060888  
-0.2369895432  
-0.6469892967  
-0.9501313695  
-1.298099843  
-0.7340611992  
-0.543791752  
-1.11694556  
-0.4511809963  
-0.8756607297  
-0.6679681608  
-0.8455104538  
-0.3859305259  
-0.5667586862  
0.09393126108  
0.2429558887  
0.3389766957  
0.1445098988  
0.2446719757  
-0.1652131782  
-0.1486587168  
0.01313855529  
0.2216675064  
1.067927526  
0.4356257602  
0.6445493543  
0.2204879429  
0.1335813364  
0.8839983997  
0.2263873676  
0.2588775798  
-0.1136456195  
0.642736872  
0.3968410733  
0.5989416855  
0.1694433691  
-0.1261837742  
0.1944773627  
0.7924909443  
0.3243277627  
-0.2127447133  
-0.5897174095  
-0.33294951  
-0.5852411592  
-0.1395257236  
-0.5752782629  
-0.2299061551  
-0.2787963613  
0.3574339257  
0.4984109281  
0.5648042514  
0.147262364  
-0.39740028  
-0.2233182253  
-0.2356574474  
-0.5281204713  
-0.4842963161  
-0.2024958663  
-0.3945840086  
-0.3518857893  
-0.7528087951  
-0.1520410988  
-0.2209962861  
-0.6028117832  
-0.7474214921  
-0.7912282852  
-0.8266532701  
-0.2103486738  
-0.340460897  
-0.351497646  
-0.1010752256  
0.143680447  
0.01006567932  
0.1887495767  
-0.04284288462  
-0.5177392246  
-0.1760266538  
-0.2374346001  
0.01633999304  
-0.5593551212  
-0.8075339106  
-0.6000441146  
-0.6193782579  
0.2022200627  
-0.6428219494  
-0.6939080032  
-0.8087746267  
0.06048642486  
0.4017520635  
-0.3927567801  
0.3622392494  
0.01264125433  
0.5938498553  
0.4415750404  
0.4791020622  
-0.1136661845  
0.06040980638  
0.5618289967  
0.9802492747  
0.6093842672  
0.2419412841  
0.06488606016  
0.1911476984  
0.4060348428  
0.7531604447  
0.1262257835  
0.01008326681  
0.05046420899  
0.5931868638  
0.243254907  
0.5056085366  
-0.6334979659  
0.1178892473  
0.7557770239  
0.411769435  
0.9202957881  
0.6078741006  
0.5789298051  
0.4760705063  
0.4351734018  
0.1679617548  
0.539317256  
0.4549627838  
-0.4061098754  
-0.5501276504  
-0.1685469565  
-0.09615706693  
-0.2313652948  
-0.4806721027  
-0.2233873595  
-0.4794777848  
0.09332839104  
-0.2567288081  
-0.5700473034  
-0.2971238675  
-0.302084271  
0.3775915351  
-0.1024997283  
-0.6780016551  
-0.4468708214  
0.2255025921  
-0.2260142697  
0.1129571706  
-0.108808855  
-0.04769737352  
0.09747348752  
0.06296095792  
-0.2339784524  
-0.0710372021  
-0.4844218091  
-0.06812633534  
0.1981866535  
0.1139851071  
-0.1182800682  
-0.6291823761  
-0.3286680118  
0.1229226889  
-0.4131203223  
-0.2446438453  
0.3917660693  
0.8307563083  
0.6908281899  
0.6103055055  
0.6014823138  
0.109895409  
0.2224281349  
0.1818661594  
-0.1009483265  
-0.2736022642  
0.07375301119  
-0.06593987412  
-0.2210709382  
-0.6292404489  
-0.7536775136  
-0.974214143  
-1.164645198  
-1.441724354  
-1.458076868  
-0.9539839954  
-1.104149744  
-0.6481288223  
-0.7336782662  
-0.9828890587  
0.1225088659  
0.122903184  
-0.03617971171  
-0.3596298671  
-0.1905981061  
-0.3091575389  
-0.2332774384  
0.1194764447  
-0.5360571897  
-0.09830829621  
0.2119860535  
-0.1778419231  
-0.0086123897  
-0.670067349  
-0.1048429526  
-0.1422759723  
-0.1723477282  
-0.1998935316  
-0.6366400521  
-0.08214728799  
-0.5080841306  
-0.5549520447  
-0.1052555995  
-0.1750537979  
-0.3474298899  
-0.2282041845  
-0.1757490141  
-0.4689302389  
-0.5763442116  
-0.2178525834  
-0.8641106795  
-0.7920990944  
-0.4431829151  
-0.766925278  
-0.2025477181  
-0.3538714507  
-0.7646463455  
-0.2835166435  
-0.531305174  
-0.8222797404  
-0.3385077531  
-0.8764901613  
-0.7651569289  
-0.06079108909  
-0.8160809786  
0.04085084789  
-0.2085912774  
-0.2587857735  
-0.01093509473  
-0.05548373445  
-0.07050926262  
-1.050365331  
-0.759303555  
-0.6788518526  
-0.8343286198  
-0.5896740677  
-0.1720737352  
-0.8846972719  
-0.978263555  
-0.1506596435  
-0.4683682672  
-0.4979889438  
-0.5109475414  
-0.8543434893  
-0.5290725776  
-0.9617872225  
-0.6646918533  
0.3843226547  
-0.4053993052  
-0.7291421868  
0.0005104724487  
0.3215725243  
0.7815998455  
0.4422809699  
0.2782938918  
0.2234985632  
0.1253628233  
0.03491440914  
0.00553227822  
0.3057947111  
0.1799352399  
0.04032063418  
-0.0935933394  
0.2075441065  
0.1472287857  
0.2020793737  
-0.5070640234  
-0.1677492024  
-0.05113216553  
-0.08217528169  
-0.5114924585  
0.2293554375  
0.002069753094  
0.1757814145  
0.1924643896  
0.2283889828  
0.7003850191  
0.5328654251  
-0.1927036998  
0.1908058854  
0.5600099978  
0.450800799  
0.4571764342  
0.3994228252  
-0.3595903623  
-0.2387330611  
0.2801753886  
0.1292001505  
-0.3761476257  
-0.5660258338  
-0.8164364422  
-0.1488135027  
-0.177389158  
-0.323718695  
-0.05348398516  
-0.7777651426  
-0.4716099653  
-0.2615392246  
-0.201819083  
-0.2380924316  
-0.02670323825  
