1.91404425  
0.6799212997  
0.164398325  
-0.6872843023  
0.02891577393  
0.1040092206  
0.3212274966  
-0.07523675346  
0.178219757  
0.6029487218  
0.6270381129  
-0.02009176021  
0.1749148689  
-0.1641793898  
0.6282375554  
0.3919929471  
0.5879122952  
0.4294463522  
0.2871201108  
0.4908903759  
0.6362116347  
0.02777960996  
0.1024628434  
-0.5577611015  
-0.09311340275  
0.06886526335  
-0.3266563973  
-0.1911817102  
-0.4808297889  
-0.6135591342  
-0.2206474963  
0.003667419988  
-0.03163424016  
-0.3466234503  
-0.1330725832  
-0.01417675923  
-0.4099331555  
-0.3314885217  
-0.5304372008  
-0.8038662981  
-0.176331074  
-0.1159630605  
0.3845622473  
0.7714803678  
0.4565735446  
0.9034655903  
0.887101585  
0.5953018185  
0.004150916775  
-0.4819371611  
-0.902002419  
-0.8326451216  
-0.9070223651  
-0.7323843583  
-0.5409662063  
-0.7630639191  
-1.057453077  
-1.161982007  
-0.5631910965  
-0.561290041  
-0.6925663669  
-0.436011658  
-0.3943713366  
-0.5219673764  
-0.2939512453  
0.1683189501  
-0.09600964322  
-0.1798548929  
0.2587742073  
0.1872846043  
0.855729281  
1.023386304  
1.398142685  
1.08989116  
0.9224602419  
1.110223624  
0.8894843004  
1.548575149  
0.7770259096  
0.6707697434  
0.2664886035  
0.3483033121  
-0.5835770194  
-0.05390649363  
-0.3003950656  
0.04354019888  
-0.1706202596  
-0.2272098125  
-0.09761386436  
0.117514505  
0.4926732842  
-0.248629213  
-0.07595128084  
-0.02509812352  
-0.2251584863  
-0.01000316377  
0.2120013469  
0.1918559335  
0.5070887681  
-0.3726768124  
0.9133014533  
0.2419680637  
0.8159227114  
0.6237048621  
-0.1010532708  
0.2082195535  
-0.2576878573  
-0.1299909235  
-0.3788579903  
-0.7245400499  
-0.42520408  
-0.2835513315  
-0.2505079955  
-0.5779744276  
-0.9076141256  
-1.064150716  
-0.7359145498  
-1.117730175  
-1.245429121  
-1.402612661  
-1.286544713  
-1.320000344  
-1.152026601  
-1.043318918  
-0.4746098409  
-0.8404345092  
-1.112115242  
-0.7038721045  
-0.3465729685  
-0.3072313257  
-0.2658607255  
0.03950335197  
-0.2938826174  
0.01253454594  
0.6007516569  
0.4946267601  
0.7631736299  
-0.05580349597  
0.4740274635  
0.7371143764  
1.14488348  
0.9499006101  
0.8112144795  
1.12262662  
0.3778614256  
0.5675287509  
0.7136470018  
0.1521574943  
0.3107855281  
0.1776802538  
0.5025059598  
0.3309784716  
0.7957736061  
0.4525446029  
0.5521249672  
0.1358499073  
-0.2946904164  
-0.02154718522  
0.003728354479  
0.4981968982  
0.006551452248  
0.3238065647  
-0.1990378266  
0.2631355312  
0.08145145009  
-0.2669406664  
0.3329903089  
-0.23912394  
-0.03742011721  
0.021944603  
-0.0509837947  
-0.1678650142  
0.05049408229  
-0.3865040149  
0.4724222193  
0.5875743132  
0.1116415903  
0.3462294146  
0.01343326787  
-0.05678893411  
0.7472798773  
0.4801689241  
0.5894265331  
0.6519808105  
0.8236701343  
0.7435691637  
0.4181320248  
0.5272251248  
0.6425548963  
0.8389111429  
0.5494864664  
0.3938485155  
0.2704922793  
-0.05996002348  
-0.08882542463  
0.1377953694  
-0.022475662  
-0.3466208547  
-0.325432381  
-0.08522332171  
-0.01713269825  
-0.2811202209  
-0.4466876428  
-0.8232327931  
-0.7720341604  
-0.4920425491  
-0.5696334683  
-0.8098532627  
-0.5072309043  
-0.7904006826  
-0.4415788369  
-0.8549905346  
-0.3867935796  
-0.7157391378  
-0.3063500426  
-0.4310451981  
-0.6834501624  
-0.4083177875  
-0.2297412735  
-0.3201999956  
-0.6298993625  
-0.3754141398  
0.0107615054  
-0.6566545321  
-0.7412177318  
0.005728863187  
-0.3276394552  
-0.1351695509  
-0.2844019197  
-0.2685660392  
-0.3692721865  
-0.1259516135  
-0.2563595318  
-0.5413102598  
-0.9809300563  
-0.2088220767  
-0.3347175737  
0.03307989435  
-0.3976243733  
-0.332277668  
-0.02836610913  
0.2026648203  
-0.2514436615  
-0.4438202082  
-0.8879642041  
-0.6993654073  
-0.5654031036  
-0.7589982219  
-0.3052579564  
-0.5861043093  
-0.4233318898  
-0.9581577605  
-0.7981573909  
-0.5632870394  
-0.4450316521  
-0.1660858854  
-0.3926174212  
0.007679343361  
-0.5668717521  
0.1593604843  
-0.3177769362  
-0.5439321591  
-0.391219652  
-0.1284404186  
-0.05767519724  
-0.1297971892  
-0.2226447842  
-0.3895045747  
-0.09455431546  
-0.3263927624  
-0.3480512008  
-0.08697454616  
0.04201505925  
-0.03834304127  
0.1349899874  
-0.2514961182  
0.2205888039  
0.6798106779  
0.6384727482  
0.7020915289  
0.6679282673  
1.112609428  
1.351271706  
1.036910277  
0.5188097661  
0.08860755625  
-0.8324516755  
-0.8887274746  
-1.152323229  
-1.094348189  
-1.329678534  
-1.630707341  
-1.389289725  
-1.554518087  
-1.59973716  
-1.258283685  
-1.284060521  
-1.074616295  
-0.3414435093  
-0.5882215623  
-0.3793868796  
-0.07956558549  
-0.3314067232  
0.2851886597  
0.0250970084  
-0.06234632964  
-0.02130305932  
-0.1562298038  
-0.2020957147  
0.1367225868  
-0.1802742782  
-0.1602713743  
-0.05147839947  
0.2164818407  
0.2171173659  
0.1447729865  
-0.4432616597  
0.1085863134  
-0.1573862827  
0.3128521351  
-0.378214566  
-0.5803721712  
0.5953389519  
0.3550470964  
0.5014250566  
-0.01906752028  
-0.3579654187  
0.5337841466  
0.4490014879  
0.4152397767  
-0.01632399861  
-0.1474479498  
0.3327731845  
0.1704822508  
0.1634439216  
-0.02002254524  
-0.4178778148  
-0.6322245696  
-0.6587874371  
-0.9992469581  
-0.54564892  
-0.828535842  
-0.526462293  
-0.659187065  
-0.9715093849  
-0.8302040519  
-0.9145622126  
-0.7095785791  
-0.8255922714  
-0.3402201317  
-0.2630781837  
-0.5833446661  
-0.9081911792  
-0.8167804711  
-0.8584865244  
-0.8147010702  
-0.5411077918  
-0.8315059392  
-0.5873483227  
-0.4537088818  
-0.5412756768  
0.09546527707  
0.4943817487  
-0.3022536793  
0.3211957995  
0.1572728811  
0.2570613281  
0.1772040166  
0.347274696  
0.3243187449  
0.1868560311  
0.3953225548  
0.2681864795  
0.4847954243  
0.6309231018  
0.4252897221  
0.5179902448  
0.7309201089  
0.9339315362  
0.7750609724  
0.3378050865  
0.1950575518  
0.5345267486  
0.1143457504  
0.7818797259  
0.3120524041  
0.361748067  
0.4779735978  
0.258695375  
0.2322104213  
0.1346510938  
0.3521697422  
-0.01601914503  
0.03276988095  
-0.5936212402  
-0.2618684445  
-0.06425456952  
0.0483392052  
0.4006071992  
-0.4880622997  
-0.0584332685  
-0.1113361109  
-0.1910165674  
-0.1848839857  
0.1599007773  
-0.2558924077  
0.08049474619  
-0.009903772743  
0.1255473633  
-0.4032200691  
-0.3406084777  
0.009987191486  
0.03503319726  
-0.1375066649  
-0.01847266266  
0.3675608378  
0.2807588644  
0.3310432474  
0.2685905649  
-0.2856013678  
-0.02468210855  
-0.1673921829  
-0.05363306389  
0.2078377998  
0.3535485473  
-0.3008951375  
0.1775762438  
0.05053654291  
0.3209303492  
0.2595686526  
1.081621402  
0.776676332  
1.492547475  
1.153237639  
0.9208798315  
0.6759556092  
-0.2712804693  
-0.1092147884  
0.03221543843  
-0.1872642575  
0.4283879615  
-0.2358886843  
0.08821085763  
-0.03578816655  
0.01677649648  
-0.3431310786  
-0.7396593964  
-0.9392741221  
-0.8926688969  
-1.008047039  
-0.9940354034  
-0.8349950113  
-0.8930580501  
-0.9778244342  
-0.9433850574  
-0.3106462722  
-0.2065322144  
-0.1559555355  
-0.2149376638  
-0.04328005175  
-0.1859923229  
0.00755954927  
-0.1985678944  
-0.523600336  
-0.9722642824  
-1.121600601  
-1.035545679  
-0.5133252852  
-0.7111806082  
-0.5110525459  
-0.9367230909  
0.009348070391  
-0.1468981827  
-0.05238587429  
0.1083961523  
-0.201345811  
-0.008386233988  
-0.1625018373  
-0.008468998918  
-0.4131997029  
-0.0755896523  
-0.1911505161  
0.4716071838  
0.5553256755  
-0.1932733843  
0.06041279107  
0.08164518336  
-0.06521978837  
-0.1663874633  
0.4128338417  
0.3204537317  
0.3452476694  
0.5362396393  
1.008584841  
0.7708790947  
0.6792910804  
0.09324876982  
0.1703643804  
0.2677549604  
0.209276447  
0.8179920005  
0.5486156111  
0.3387608124  
0.2297018118  
0.5907168188  
1.05062191  
0.8943339553  
1.104968037  
1.050271902  
0.9938531606  
1.103268994  
1.113696  
1.151050613  
1.224872728  
0.5309117327  
0.02401899618  
0.009966583649  
-0.08807833207  
0.133586775  
-0.1515789817  
0.06558501375  
0.5346279278  
0.1221276218  
-0.1127481845  
-0.4412333773  
-0.1719314385  
-0.4458416451  
-0.6630510879  
-0.407539827  
-0.8978952595  
0.2451967363  
-0.101796611  
-0.05246559104  
0.2405721338  
0.3258555724  
0.577312734  
-0.1234733909  
-0.3351073115  
-0.3337515547  
-0.7107685647  
-0.3714385858  
0.1624014813  
-0.2699099802  
-0.04591763891  
-0.4115599016  
-0.07499783658  
0.2038999171  
0.4053272743  
-0.05698589456  
0.5831558203  
0.8264815594  
0.6191225624  
0.1815558313  
0.594342275  
0.2788041833  
1.029226192  
1.058399141  
0.8047582905  
0.6275035731  
0.6254231238  
1.028657448  
1.067831704  
1.032885287  
0.8648046576  
0.5870273983  
1.064868303  
1.087559124  
1.116966659  
0.7507073621  
1.004986173  
0.6430966011  
0.9946984783  
0.6040126358  
0.01356595464  
0.2757062644  
-0.06266180643  
0.08995064487  
0.4318474945  
0.4702541581  
-0.033118574  
-0.09048662455  
0.1150946188  
0.2369366386  
0.2156348633  
0.465578596  
0.3901859508  
0.5175261688  
0.1137375922  
0.4979013023  
0.5792663101  
0.7405341881  
0.4388250297  
0.5207167046  
0.4576667742  
0.7650201626  
0.4353719167  
0.6734718121  
0.7050013769  
0.4232720612  
0.5795804596  
2.532722343  
1.634557838  
1.051323239  
1.234155506  
1.066273145  
0.9102717177  
0.2527400209  
0.181968001  
-0.2150111242  
-0.4991519636  
-0.9436138563  
-1.152314664  
-0.9609254215  
-1.062845351  
-0.7791733171  
-0.822731982  
-0.7424759265  
-0.7423741352  
-0.415490925  
-0.7091250879  
-0.1691125353  
-0.5941428349  
-0.1370464619  
-0.1708614406  
-0.2719946809  
-0.04160389515  
0.1326742101  
-0.2001846134  
0.1136986063  
0.3106473737  
-0.1163789558  
-0.03399927668  
-0.7912156503  
-0.5765412224  
0.004675649922  
0.07809825634  
-0.2727268083  
-0.1764230088  
-0.3471762947  
0.1265085005  
0.3941597054  
0.7791081418  
0.621568235  
0.5769235055  
1.016920031  
0.9636879498  
0.5064257136  
0.7089295054  
0.2780826667  
0.5118392828  
0.1523473601  
0.1562930033  
-0.2081261808  
0.009960273386  
-0.225682565  
0.6411121066  
0.6772531803  
0.5198363171  
0.7225100978  
0.09872115778  
0.404351376  
0.8359363318  
0.5767559637  
1.109393614  
0.8420656605  
0.1663838596  
0.8367827049  
0.4482501319  
0.9302319246  
0.2624237493  
-0.4689142633  
-0.7133136293  
-0.7984427139  
-1.069400488  
-1.257561585  
-0.5567396362  
-0.8562349537  
-0.609214495  
-0.7551331362  
-0.2875700096  
-0.8118164825  
-0.7009194195  
-1.215751499  
-0.7790309072  
-0.805726304  
0.07666697041  
-0.5598821904  
-0.06253120241  
-0.05412336961  
-0.5575268987  
-0.4916032884  
-0.213537137  
-0.2324388872  
-0.8728045791  
-0.7592576758  
-0.368455768  
0.2216358924  
0.228594136  
0.5414970567  
0.5473636486  
0.3696189499  
1.08173462  
1.402847886  
1.221459672  
0.6928582427  
0.2949028294  
1.066054216  
1.270602188  
0.9112333791  
0.2024804541  
0.2856239691  
0.5345475314  
0.4387967459  
0.22129572  
-0.4193843638  
0.3449308578  
0.442938356  
0.4412248016  
0.6226382445  
0.5854404567  
1.022525625  
1.129693337  
0.7238094963  
1.074586803  
0.8826880681  
1.105217266  
1.291074471  
1.255000274  
0.8373674046  
0.2590564471  
0.3688334573  
0.7698332142  
0.7977985368  
0.5531130566  
0.2904930998  
-0.2054002022  
0.213185107  
-0.1611816822  
-0.110169148  
-0.2046624661  
-0.0809513714  
-0.01135863604  
-0.08982069876  
-0.2813337061  
0.0359895979  
-0.5576363057  
-0.3357919547  
0.001277615435  
-0.4793625923  
0.1648128943  
0.01881854526  
-0.3040658388  
-0.1296905338  
0.196011902  
0.2807000654  
0.2786649419  
0.1645151962  
0.2271482051  
0.3646357263  
0.1111039921  
0.3540010509  
0.3253504926  
0.1647391504  
-0.02699004192  
0.4768901799  
1.120260765  
0.6699360364  
1.079538982  
0.5579825696  
0.07005233202  
-0.1065664554  
-0.1419780946  
-0.482423234  
-0.01519310978  
-0.5199912312  
-0.78763091  
-0.7438554177  
-0.7585616995  
0.09490373145  
-0.01960261497  
-0.0263045804  
-0.08178863404  
-0.01000341713  
0.2932231255  
0.8643851716  
0.9425758268  
0.6512909458  
-0.1471906328  
-0.2031512245  
0.2682235011  
-0.2069382461  
-0.01226261191  
-0.3799369797  
-0.5963988586  
-0.3743287317  
-0.3432699143  
-0.739792976  
-0.4454802212  
-1.566980689  
-1.503864653  
-1.177255361  
-1.15710208  
-0.9931739951  
-0.4873102468  
-0.9000330447  
-1.022764903  
-0.2540185208  
-0.1804456935  
0.2847207561  
0.4205681768  
0.4030194713  
0.3555293639  
0.8027297773  
0.4179245937  
0.3197679928  
1.137225186  
0.2469520505  
0.9490887386  
1.195119988  
1.066898548  
1.104014219  
0.3576360011  
0.836980725  
0.7921062614  
0.5134453466  
0.7955081099  
0.2231094815  
0.004812846803  
0.5908497228  
0.05997738665  
-0.05639979124  
0.2452481057  
0.5193999627  
-0.02139723378  
0.4893482213  
0.267901307  
0.06933385826  
0.1118991443  
0.0380268977  
-0.5501262231  
-0.3726721457  
-0.2718962036  
-0.5363415928  
-0.554781735  
-0.6113979421  
-0.5880759406  
-0.5611371409  
-0.613869822  
-0.6944998916  
-0.3866915397  
-0.9445082578  
-0.5654183293  
-0.1709795419  
0.1182161556  
-0.161227615  
-0.254164824  
-0.6214309879  
-0.773187074  
-0.7043249232  
-0.5186903241  
-0.8394156041  
-0.5134864281  
-0.925819636  
-0.190347539  
-0.3797602624  
0.03613552038  
0.1415974448  
0.07762838215  
0.2745104213  
0.3190549699  
0.4175969337  
0.3349576772  
0.1315682296  
0.06603567974  
-0.2773533211  
0.288738896  
-0.4024928246  
-0.09497923461  
-0.1267636563  
-0.3928297652  
-0.4228426558  
0.146331263  
-0.7933289667  
0.09383528178  
-0.2791194897  
-0.3972623979  
-0.2895441087  
0.4364491393  
1.18076827  
0.9123277212  
0.6896485168  
1.476273938  
1.197334596  
0.7012442647  
1.322495321  
0.8343505021  
1.059820353  
1.069694481  
1.033334775  
0.7083176778  
0.6079155166  
0.08129325848  
-0.05227012836  
0.06581034871  
0.240010035  
-0.05152551535  
0.2601567978  
-0.07905918732  
0.3110055717  
0.4609377828  
0.6468879248  
0.7079226506  
0.5581340193  
0.7475317675  
0.8522587723  
0.64821601  
0.9891976011  
1.321789454  
0.7645739668  
1.3607602  
0.8811367798  
1.208382378  
0.7168460823  
0.2607276235  
0.5015574829  
0.4082022479  
0.6283073999  
0.5547262568  
0.1584187452  
0.5859262686  
0.3270759224  
0.2951016865  
0.3851637604  
-0.1039761738  
0.3039053829  
0.5112959929  
0.1119071022  
-0.3998210846  
-0.1275586761  
-0.5530420731  
-0.05796013583  
0.4788323146  
0.7738153166  
0.5067619911  
0.3236439851  
0.2925497119  
0.6509055401  
0.9787374376  
0.8018400153  
0.7404166333  
0.2689756967  
0.6062094679  
0.5660685989  
0.3553250419  
-0.2290705047  
-0.5713376083  
-0.3417449371  
-0.5265977123  
-0.1720751642  
0.05108899813  
0.1111811581  
0.5255309556  
1.276504345  
1.073952968  
1.305804984  
0.9344197325  
0.1775145307  
0.5484753743  
0.6351833558  
0.3361901146  
0.7924892272  
0.7187024147  
0.3703506546  
0.4388765681  
0.6419650803  
0.278558733  
0.4475468243  
0.1714670384  
-0.1640425405  
0.4039191917  
0.1496887239  
0.5234803142  
1.010446721  
0.5762639446  
1.174477851  
1.29994642  
1.321327408  
1.248065348  
0.6275489384  
0.8642481604  
0.3737920294  
0.4121929388  
0.01589958186  
0.07434937521  
0.7143864529  
0.50287136  
0.3689795962  
0.06887613718  
0.2581672011  
0.1437567663  
0.7629168845  
0.5835162764  
0.2835808793  
-0.2790983253  
-0.9509263056  
-0.7025546495  
-0.09667972803  
-0.3306520471  
-0.5332639846  
-0.6258459924  
-0.9745686989  
-0.08571273971  
0.1906849562  
0.4677074271  
0.1016913593  
-0.2575472877  
-0.1702823395  
0.3005371458  
-0.08763475599  
0.006702228919  
0.1689756175  
0.07303988964  
1.027902431  
0.8716425761  
0.7196262137  
0.276023034  
0.2260567965  
1.096047117  
0.7339264243  
0.7134673358  
0.3187489518  
0.4307097927  
0.790139164  
0.8300677618  
0.5260892044  
0.1664666442  
-0.1488653886  
0.1121231084  
0.480174855  
0.2972945833  
0.2806637399  
-0.1368855323  
0.1489161759  
0.292926614  
0.225807709  
0.07648019372  
-0.3919494431  
-0.2491577031  
-0.1119573717  
-0.1524951143  
-0.4832652737  
-0.7084947101  
-1.075987522  
-0.5405221079  
-0.09462125066  
-0.04102188864  
-0.1351086245  
-0.5106473485  
-0.5691827593  
0.01425574475  
0.2733518961  
0.461824925  
0.3643544926  
0.4385130336  
0.3942652526  
0.4525908866  
0.2315951635  
0.08804745723  
-0.06493865838  
-0.164216082  
-0.5344004598  
-0.2898338529  
-0.2455761  
-0.05319480826  
-0.340224302  
-0.7684100472  
-0.6127132186  
-0.4681730378  
-0.4446685896  
-0.8963833883  
-0.8600235393  
-0.3153795016  
-0.3189015164  
-0.241052602  
-0.5952504737  
-0.1928265137  
-0.1099449437  
0.2437792572  
-0.07716855324  
-0.4380223521  
-0.6223896626  
-0.1318789405  
0.01457609167  
0.4568447339  
-0.05653007716  
-0.2504645234  
-0.1145813049  
-0.3826808543  
-0.4496119432  
-0.388498893  
-0.6825938459  
0.1066529611  
-0.3775317896  
0.004474277097  
-0.2134070119  
-0.3392456743  
-0.4803002979  
-0.287338822  
-0.6023830507  
-0.9273961247  
-0.4472483207  
-0.4345222737  
-0.9761399971  
-0.4773851633  
-0.03482703078  
-0.6085238027  
-0.3754606812  
-0.6668707265  
-0.7971442877  
-0.9832356914  
-0.9527587837  
-0.9266425454  
-0.7938889785  
-1.035047912  
-0.870371248  
-0.9357014192  
-0.783481362  
-1.164121025  
-1.387867855  
-1.543069149  
-0.6817010696  
-1.112150979  
-0.6939032268  
-1.220819395  
-1.322135686  
-1.37411188  
-1.388931921  
-1.418135701  
-1.128455953  
-1.423880197  
-1.904250549  
-1.7400968  
-1.547349136  
-1.699162412  
-1.728649186  
-2.330536805  
-2.002567958  
-1.478100452  
-0.7800066043  
-1.05511698  
-1.448932345  
-1.292275527  
-0.7556423046  
-0.5252270329  
-0.3219440976  
-0.2294518564  
-0.2172608187  
-0.3517787391  
-0.2577914231  
-0.6680411218  
-0.8612850883  
-1.153447245  
-0.705960374  
-0.6743537368  
-0.6232446928  
-0.2931751505  
-0.2506143081  
0.1184176016  
0.1235057483  
0.8725375513  
-0.1381254788  
0.1565202214  
0.1718098005  
-0.2561733778  
-0.6977485316  
-0.5571283094  
-0.5925267172  
-0.7826915159  
-0.4528256183  
0.008410909615  
-0.04856700838  
0.331735802  
0.03778777554  
0.1151318813  
0.06805671445  
-0.4931834746  
-0.4464656706  
-0.4054412727  
-0.5443648338  
-0.3389480663  
0.03233073349  
-0.3192625643  
-0.4247030502  
-0.3870923809  
-0.6523580997  
-0.5731192682  
-0.4385756004  
-0.3586358466  
-0.8440010609  
-0.7035817815  
