2.260191144  
1.613048448  
1.321572031  
0.9573769149  
0.7633367281  
0.8013092216  
0.2949591694  
0.4389197097  
0.08858522854  
0.4837154806  
-0.07391941251  
0.1660525976  
-0.1226575015  
-0.4029064912  
-0.18971284  
-0.3760118809  
-0.4238835307  
-0.2696746172  
-0.4254672285  
-0.02936044291  
-0.003204483755  
-0.2145663956  
-0.1084924498  
-0.1181917329  
0.3365427558  
-0.06008436158  
-0.2704442416  
0.03971989532  
-0.1682838698  
-0.02299922158  
-0.1959033291  
-0.3199989101  
-0.3212819986  
-0.2611743457  
-0.07737918244  
0.2447693508  
-0.341023466  
-0.2646308695  
-0.06566766315  
-0.6028024308  
-0.02279057174  
-0.07436577968  
0.1487740125  
0.3834508914  
0.06479947697  
0.4828624388  
1.046674503  
0.907413191  
0.4487461262  
0.2448672035  
0.3985186889  
-0.05849508307  
-0.2124711628  
-0.41213524  
-0.1829331368  
-0.4084492678  
-0.1621776941  
0.1567706082  
0.006854369595  
0.4152208236  
-0.473203447  
-0.3643256722  
-0.9376509351  
-0.3579884758  
-0.1416894055  
-0.04643989979  
-0.3163170691  
-0.1639327365  
0.09681149248  
0.3816793545  
0.5446097709  
0.9360057826  
0.6383407476  
0.6498484268  
0.273349181  
-0.1611234978  
0.4816884338  
0.1699353143  
0.2734382791  
0.5327477786  
0.3794470553  
0.3291466273  
0.1010084998  
0.1709231036  
0.5615547135  
0.1444710272  
0.09373517062  
0.1957451355  
0.07204599636  
0.3508202878  
1.058206998  
0.1250633867  
0.6309744666  
0.05693617963  
0.4391694899  
0.8137617854  
0.7637956474  
0.9323939057  
0.7843163675  
0.7188617559  
1.472632501  
0.8315488719  
0.5572487245  
0.3227995432  
0.4173416135  
0.9145360837  
1.064578952  
0.67135112  
1.190732733  
0.5873974624  
1.232853789  
1.189757823  
1.09060779  
1.108152325  
1.037606799  
0.912955489  
1.332380964  
0.8340228409  
0.7640539381  
0.1733019611  
0.07264073768  
-0.07734468297  
0.4235377564  
-0.4222015253  
-0.08859391602  
-0.09134313328  
-0.2127916555  
-0.05175110033  
-0.3105427641  
-0.2628822072  
-0.6677005348  
-0.7677806842  
-0.655995886  
-0.6830600211  
-0.373617894  
-0.7393137022  
-0.955617778  
-0.7843393009  
-1.087488266  
-0.6637322418  
-0.4343401817  
-0.7301480245  
-0.5426017644  
-0.442273296  
-0.5138555577  
-0.1130724254  
-0.376704045  
-0.3307708644  
-0.5089601928  
-0.7241707212  
-0.3533088841  
-0.2364889083  
0.0896552165  
0.1122542985  
0.02015865151  
0.05248124075  
-0.1352971007  
0.05070568966  
-0.1617576939  
-0.3671415543  
-0.3722604702  
-0.4052348594  
-0.526855869  
0.07601176994  
-0.2033695854  
-0.6407838932  
-0.3772765559  
-0.6791424199  
-0.1635263129  
-0.04285125006  
0.02125953844  
-0.3047516486  
-0.389799829  
-0.9349692903  
-0.5269859579  
0.04210831267  
-0.1789699712  
0.2022074624  
-0.02148703995  
-0.1534580953  
-0.1602901632  
-0.2681429655  
-0.433675809  
-0.3721069351  
-0.2781293813  
0.04288040864  
-0.1286613465  
-0.3715630259  
-0.6450675361  
-0.2160384845  
-0.2311824823  
-0.3539159745  
-0.6201372886  
-0.4982120149  
-0.233593931  
-0.4089789097  
-0.5206564944  
-0.5073137901  
-0.9370612201  
-0.1125628035  
-0.6430074461  
-0.7496368264  
-0.4852726339  
-0.427405661  
-0.2710341325  
-0.3201744023  
-0.5675621517  
-0.3168596423  
-0.462060572  
-0.8916246275  
-0.728795919  
-1.042428332  
-0.8022755927  
-0.9258032963  
-0.7395966653  
-0.7823095978  
-0.4919032782  
-0.8888448844  
-0.9359990515  
-0.7448619922  
-0.5761868828  
-0.546798927  
-0.3678559998  
-0.8805582222  
-0.6731552884  
-0.5444084043  
-0.5817964188  
-0.8510293044  
-0.7396047442  
-0.9250788252  
-0.9055261287  
-0.3714550965  
-0.6922090857  
-0.3220915976  
-0.7756371978  
-0.5174192329  
-0.6666696898  
-0.882035843  
-0.7884128813  
-0.526391357  
-0.1907582065  
0.02360979201  
-0.4736438275  
-0.8525209264  
-0.9214637063  
-0.5767687763  
-0.2902667034  
-0.6009127176  
-0.456673577  
0.1374417222  
-0.07546519981  
-0.1502134127  
-0.165580385  
-0.1635516281  
-0.1076426392  
-0.2405384524  
-0.4582883156  
-0.2641380788  
-0.5670812184  
-0.1090375751  
-0.8774227898  
-0.4307141167  
-0.3885098639  
-0.312052622  
-0.2391908282  
-0.1051415882  
-0.2645223219  
-0.0775527844  
0.2817901645  
0.524654634  
0.4879939545  
0.7042929477  
0.09043686294  
0.2429970301  
0.7593045567  
0.6176039835  
0.8480338839  
1.098819267  
0.6146988009  
0.4267202809  
0.4390274133  
0.4742975251  
1.155421289  
0.8438180328  
0.6550948235  
0.8828019786  
0.6381028633  
1.216005379  
0.9110695824  
0.7919268196  
0.7978425575  
0.6233397851  
1.070827336  
0.7552586149  
0.5546523706  
0.8001735771  
0.7678723491  
0.4717753285  
0.5471577784  
0.2884080644  
0.2371460515  
0.6253267481  
0.3897037982  
1.046594513  
0.7493217807  
0.9696004493  
0.9253274108  
0.7325072593  
0.5181667477  
0.5013877979  
0.7670479167  
0.1636525338  
0.4891143708  
0.9297658165  
0.942593753  
0.2353011824  
0.5485150773  
0.909973547  
0.9403822083  
0.7847550238  
0.6474893225  
0.7013015369  
0.4130386894  
0.2472359272  
-0.2560031159  
-0.3441553013  
-0.4399900476  
-0.2630407194  
-0.8048141137  
-1.153718344  
-1.226335308  
-0.6856420628  
-0.4562951236  
-0.2192849329  
-0.4942862709  
0.05286597191  
-0.07903949114  
0.610226009  
0.6364171115  
0.2036405451  
0.1989137492  
0.4407434202  
0.5177486341  
0.9442750739  
0.7640726219  
0.3184729008  
0.3603377237  
0.05274222424  
-0.2261121073  
-0.3756739471  
-0.2045905729  
-0.7924377648  
-0.4797986651  
-0.5921770925  
-0.6894613962  
-0.2280684059  
-0.3863954544  
-0.0642766482  
-0.2820503321  
-0.2038916444  
0.03251135965  
-0.07412198638  
0.4560100056  
-0.05288908008  
0.04808021083  
0.02895288788  
0.406558322  
0.1895973351  
0.145838173  
0.4221930164  
0.5554953336  
1.063566564  
0.9189190444  
0.99579462  
0.8053245906  
0.81682839  
0.6978241267  
0.9279859047  
0.7493175481  
0.5391096722  
0.4303587939  
0.108319977  
0.1426721395  
0.2687459817  
0.6744381516  
0.5194077231  
0.164709984  
0.181827127  
0.7428993362  
0.3395760148  
0.5891744482  
0.5401861184  
-0.1122830844  
0.03327187627  
0.2442676654  
0.1594410581  
0.09302426549  
-0.3353840742  
-0.2282367044  
-0.3893460324  
-0.1318446963  
-0.1843263596  
-0.1233253651  
-0.2924367406  
-0.35954888  
-0.5346193034  
0.03549257977  
-0.3700192618  
-0.234613605  
-0.5522731528  
-0.7328760718  
-0.7660848268  
-0.8965584111  
-1.219334342  
-1.264761628  
-1.048609785  
-1.131002216  
-0.7932494194  
-0.7353376978  
-0.9926767112  
-1.172841509  
-1.016825243  
-0.6865777899  
-0.1819526551  
-0.07272205661  
-0.2624737819  
0.3277015636  
0.3263209652  
0.7108587238  
0.5682074507  
0.7517450564  
0.5852977257  
1.184867961  
1.101114239  
0.3026830437  
0.6090953139  
0.6067116288  
0.7187925946  
0.1855401959  
0.4102372935  
0.3013429253  
-0.0645907824  
-0.5723172557  
-0.514419954  
-0.1913464682  
-0.1949201955  
-0.5874465172  
-0.8011898924  
-0.8443324974  
-0.8476277882  
-0.5319460195  
-0.4716179639  
-0.670157327  
-0.3349518132  
-0.50160497  
-0.09257955371  
-0.3846521344  
-0.5080865184  
-0.4890222048  
-0.3867036212  
-0.4253050678  
-0.365995683  
-0.7053732013  
-0.4415777109  
-0.01104134214  
-0.1421720287  
0.1150707946  
0.2466215727  
0.01066847059  
-0.3464588341  
-0.4372479708  
0.4268852492  
0.1579229715  
-0.2051831235  
-0.2827616058  
-0.186601174  
-0.2618933848  
-0.3186937951  
-0.05291991352  
-0.2405610509  
0.1135743199  
-0.04198024018  
0.4826996193  
0.4813767968  
-0.2542359503  
-0.2560836991  
-0.4447962428  
-0.3267570346  
-0.2457101807  
-0.2321984033  
-0.1280632512  
-0.007954117626  
-0.1962401807  
0.1598438751  
-0.05208155052  
0.2474369968  
0.450661913  
0.2528067015  
0.8075281042  
0.3776033637  
0.6259242615  
0.4132203231  
0.3066990993  
0.2572223666  
0.4583042923  
0.1713919135  
0.6170132225  
0.1441811014  
0.3183343757  
0.1103985333  
0.2270910403  
0.2088922792  
-0.1197455996  
0.2407340291  
0.1027979478  
0.1044042637  
0.7198431883  
0.05799460446  
0.09359783461  
0.2018438747  
0.3704259703  
0.6202057082  
0.3186126687  
0.1144659558  
0.2171277674  
0.02674946181  
0.01204864681  
0.2725270653  
0.3304109292  
0.3852242756  
0.2831538567  
0.4491370688  
-0.1427023409  
0.04592503583  
0.1360112933  
0.1864335303  
0.1222250155  
-0.0576965918  
-0.07340149202  
0.2913407186  
0.2097637289  
0.01680331708  
-0.1535452024  
-0.1763790101  
0.1190336631  
0.09274104396  
-0.2926972678  
-0.03264078081  
-0.6651851332  
-0.1393414688  
-0.6768870075  
-0.1565655767  
-0.8149797204  
-0.6109449618  
-0.3234052521  
-0.03161551713  
-0.03314366829  
-0.1985098343  
-0.1655000346  
0.1079398077  
0.4002406658  
0.03338089602  
0.004642455803  
-0.2075227703  
-0.1971058897  
-0.3443839004  
-0.2211682276  
-0.3078741597  
-0.5565025211  
-0.325436701  
-0.2584589827  
-0.3828775467  
-0.3824532979  
-0.5993314635  
-0.4203743085  
-0.07123080201  
-0.4218138898  
-0.1537873876  
-0.1275872961  
-0.467340403  
-0.4833395869  
-0.3051591239  
0.1410333831  
0.1641291605  
-0.08383572022  
-0.1601838077  
-0.4572605035  
-0.1037130943  
-0.8135984899  
0.04238224855  
-0.08252969227  
0.2865245686  
0.6114439114  
0.230834026  
0.366172507  
0.2132153316  
0.1474367519  
0.1142949108  
0.3419772615  
-0.1620108879  
1.880766401  
1.40521137  
0.7833137777  
0.337580422  
0.6957965988  
0.01062806435  
0.2647286215  
-0.06126908375  
-0.263909829  
0.1023797218  
0.04065925544  
0.0364892665  
-0.1083618683  
-0.1534946746  
-0.1231309287  
0.3478458824  
0.3434266107  
0.04273832882  
0.4572894024  
0.1128710332  
-0.01000577925  
-0.04506503682  
0.3933013356  
0.4166423823  
0.4485785455  
0.207659922  
0.2607110658  
0.3145458808  
0.2674444239  
0.3074020975  
0.3223530047  
0.1129438537  
-0.0727347994  
0.01016774013  
0.2347225849  
0.3436283872  
0.5062758355  
0.1952494458  
0.3599156724  
0.3842730804  
0.3707652299  
0.4478556638  
0.3269818305  
0.3523245995  
0.5856496295  
-0.03265998415  
0.1793438725  
0.06821612072  
0.04960550192  
0.2428271721  
-0.2056259062  
-0.5142989931  
0.1337440379  
-0.2267789225  
-0.1440406872  
-0.2397565164  
0.1058348648  
0.1364728924  
0.2021844654  
0.1996678085  
-0.2355785879  
0.2005248894  
-0.04454388407  
0.05647153492  
-0.4854203191  
-0.05970340513  
0.1637219818  
-0.3398126929  
0.1585241269  
-0.09957701281  
0.1437547576  
-0.1284688018  
-0.6665822437  
-0.8546174002  
-0.4968232517  
0.0740615917  
0.04104907556  
0.2697938016  
0.1548887734  
0.1837777838  
-0.2132691568  
0.4397402605  
0.2760825914  
0.06372751799  
-0.1137246912  
0.2394493689  
-0.3453341325  
0.3045262113  
-0.07283631052  
-0.1468418698  
0.07600895256  
-0.04536483056  
-0.06156399112  
0.1635429705  
-0.004879130571  
0.4294231676  
0.2328119423  
0.3769879127  
0.1778864513  
0.04562528896  
-0.1180560182  
0.1604252998  
-0.02343698507  
-0.02243421155  
0.09484334544  
-0.3030114155  
0.5311643091  
0.6627752056  
0.700684805  
0.06251252235  
-0.320937123  
0.3607918194  
-0.080084018  
-0.1903314554  
-0.2968010051  
-0.07816014967  
-0.1268468666  
-0.2290569543  
-0.150725926  
0.01979324529  
0.07092496113  
0.1590501854  
-0.3679465132  
-0.1849145577  
-0.7066069648  
-0.323406708  
-0.1195321035  
-0.04978314219  
-0.4325295423  
-0.41062035  
0.07923454731  
0.3573545712  
0.1962204336  
0.29630609  
-0.1172835141  
0.005946798576  
0.313719544  
0.02197637097  
0.07571202589  
-0.1176098833  
0.009010835485  
0.02507342584  
0.1911012612  
0.01777705239  
-0.08486161558  
-0.6018063262  
-0.2904647227  
-0.03547165587  
0.0569476055  
0.09797154446  
0.3277633694  
-0.00205708893  
-0.04886844594  
0.2837512136  
0.1941583985  
0.2223085153  
0.2082595702  
-0.06687351698  
-0.1005562169  
0.00281355216  
0.4664359968  
1.448021801  
1.25846164  
1.941007055  
2.316909398  
3.621028096  
2.573398868  
1.838173158  
1.713651084  
1.462808922  
1.467017424  
1.058207593  
0.6185056605  
-0.1226766902  
-0.1142656293  
-0.5621950412  
-0.02119900195  
-0.3247225906  
0.2944621877  
0.4684735609  
0.4759399863  
0.3657225562  
0.4958665019  
0.2225098375  
0.330258977  
0.7545901434  
0.9679489545  
0.5026800452  
0.4462540099  
1.023010602  
0.5025781256  
0.6491895528  
0.0239793458  
-0.1047084708  
-0.2379328839  
0.305310469  
-0.01579120807  
0.21343157  
0.4636447731  
0.7035555547  
0.6170307828  
0.5189687558  
-0.1984653151  
0.4158512039  
0.4230058439  
0.1713022728  
0.1777623687  
0.00263953243  
-0.04840870121  
0.2908158298  
0.3869414045  
0.438600671  
0.1506367712  
-0.6391333774  
-0.04603617654  
0.04496977406  
-0.07688891033  
-0.02528192271  
0.01279753235  
0.2332670544  
0.405965597  
-0.1599231142  
0.06622183444  
-0.1597520528  
-0.3246534159  
-0.2997674805  
-0.01130296973  
-0.5071231756  
-0.381933329  
-0.4901811688  
-0.2705635227  
-0.3260693251  
-0.7063480735  
-0.337736154  
-0.7552623613  
-0.2795501164  
-0.2157769774  
0.001510446503  
0.6220493351  
1.164916206  
1.27222017  
1.359742117  
1.494773842  
1.110356032  
1.202162767  
1.131606123  
0.4883315486  
0.6701768828  
0.7500461087  
0.9280834146  
0.7522552924  
1.125882716  
1.203145223  
0.7368925564  
-0.07685102186  
-0.1884348107  
0.1006639986  
-0.09165421682  
-0.0930391404  
-0.01291923944  
0.04606682875  
0.4299010244  
0.4094749992  
0.9090278447  
0.311425153  
0.3667535317  
0.7758157562  
0.6486200369  
0.4006547251  
0.5312984725  
0.6694285524  
0.5648012664  
0.4984734911  
0.746654801  
0.5837451203  
0.2793815608  
0.2050504417  
0.6933292879  
1.518292639  
1.500767296  
1.79837653  
1.829103641  
0.8148792084  
1.46653516  
1.47297196  
1.74649325  
1.62531739  
1.149734893  
1.112415888  
0.896487145  
0.2659013652  
0.8363872905  
0.155735001  
0.1436041836  
0.07330880735  
0.1613365314  
0.1794690543  
0.5540443105  
0.04399987406  
0.07043606081  
0.430354363  
-0.1219395506  
-0.4891416745  
-0.7724283864  
-1.002033574  
-0.8693975915  
-0.511459667  
-0.8714145761  
-0.3559408678  
-0.4003551547  
-0.3693443244  
0.06263569133  
0.1567937513  
0.08176401816  
0.325576038  
-0.2294333542  
-0.08894442158  
-0.3204130232  
-0.2977358255  
-0.04136487296  
-0.2571389716  
0.2826329681  
-0.3099319622  
-0.5972975257  
-0.3378896655  
-0.4596925445  
0.3537901359  
0.2319913333  
-0.06193086956  
0.4756614116  
0.2216021947  
0.1473534369  
0.01870589729  
0.6260068749  
0.5077637959  
0.336485366  
-0.07125641131  
-0.09066021132  
-0.1847111176  
-0.1890296533  
0.3393457653  
0.2483457231  
0.05613165538  
0.04964856619  
-0.1512054222  
0.2393704684  
0.3008598645  
0.41779039  
0.4961770312  
0.5691439022  
0.5216828173  
0.7848526975  
0.8195559391  
0.33825818  
0.6827623941  
0.2190164687  
-0.1536784442  
-0.335033722  
0.01538317466  
0.06728589428  
0.04164653305  
0.05292543536  
0.4345184117  
0.1602132685  
0.1129975489  
0.02299027471  
-0.05840067512  
-0.1122559147  
0.05960965401  
-0.2184208437  
-0.08324771865  
-0.1792848451  
-0.3062651311  
0.008138975691  
-0.1783808585  
-0.5713782811  
-0.4849706602  
-0.09045377724  
-0.03544350774  
0.02612188421  
-0.08041563358  
0.5698860914  
0.622334558  
0.5260793934  
0.499711811  
0.366226054  
0.08654074856  
0.2101648577  
-0.01521037842  
0.4032709239  
0.1982893622  
0.2533613298  
-0.4994832896  
-0.7280801449  
0.03100612177  
-0.4583382791  
-0.4711992212  
-0.5740357112  
-0.3359656615  
-0.7807960496  
-0.7394784988  
-0.6920279044  
-0.6672264153  
-0.6326811791  
-0.248600943  
-0.2481666081  
-0.2752680873  
-0.375803521  
-0.2216821938  
0.1446787013  
0.09125564093  
0.2179120098  
-0.2277568762  
-0.2943032919  
-0.1530188177  
-0.07276891067  
-0.239557253  
-0.3274886667  
-0.3248397678  
-0.3476415096  
-0.8588514537  
-0.7302097999  
-0.3677643486  
-0.3986160691  
-0.4587982771  
-0.4574288741  
-0.8619520191  
-0.5316454488  
-0.5236037801  
-0.4827259004  
-0.3635985313  
-0.1728506665  
0.1630220313  
-0.1895789978  
-0.2539871296  
-0.5799440344  
-0.4367095175  
0.002149773848  
-0.341659105  
-0.01552702558  
0.1096535289  
-0.4942891856  
-0.05105488723  
-0.08760184665  
-0.1851489276  
-0.300147707  
0.04943250054  
-0.1831380102  
-0.4722708861  
-0.8297349626  
-0.7645567007  
-0.9742302577  
-0.541183271  
-0.7937368317  
-0.4179201252  
-0.3193975334  
0.1339771657  
0.07638137129  
0.07453410641  
-0.06775312899  
0.3420030411  
0.1846467788  
0.1790596032  
-0.1710618943  
-0.1602417964  
0.3137586755  
-0.2021655891  
-0.3720151952  
-0.3850092538  
-0.1390525554  
-0.3193819604  
-0.7657576746  
-0.9039700867  
-0.9764957556  
-0.3363182968  
-0.8475750445  
-0.505148038  
-0.5909606494  
-0.2891922919  
-0.2745251304  
-0.07734307696  
-0.2015683088  
0.009033310428  
-0.08959994552  
-0.366955884  
-0.5943091947  
-0.5004942343  
-0.8347294546  
-0.01487106662  
-0.6091161023  
-0.4904222253  
-0.1168111556  
-0.7082476856  
-0.4928112938  
-0.2787701246  
-0.4907875873  
-0.3692262165  
-0.6278066896  
-0.7248147825  
-0.7823035352  
-1.304611158  
-0.8411584222  
-1.119850616  
-1.234951997  
-0.7425290488  
-0.8095295745  
-1.248168739  
-1.128891944  
-1.62146935  
-1.543532837  
-1.30932595  
-1.148301685  
-1.20322411  
-0.7733701454  
-0.9954491444  
-1.442224226  
-0.5596103587  
-0.6588666888  
-0.3563330581  
-0.667895728  
-1.187627988  
-1.299713942  
-0.661667055  
-0.560030442  
-0.49801611  
0.09291869507  
0.5066026329  
0.3518874323  
0.3001961529  
-0.1547929582  
-0.540213023  
-0.4387260191  
-0.01848781236  
0.3465120135  
-0.2090408536  
-0.1701935005  
-0.6282720047  
-0.9685397228  
-0.1947555093  
-0.1617834919  
-0.2952585823  
-0.99819971  
-1.507236594  
-0.6181530366  
-0.2151665665  
-0.1273230303  
-0.09369324338  
-0.1098084997  
0.4587798082  
0.4338556011  
0.1270501648  
-0.102014908  
0.00301191152  
0.2789258329  
0.4575984482  
-0.008832984242  
0.258145754  
-0.1955524833  
-0.1438957157  
0.01719195599  
0.3396340186  
-0.05526567923  
0.4983109567  
-0.6157503736  
-0.308147275  
-0.5517527279  
-1.084169476  
-1.138026762  
-1.680695618  
-1.230282928  
-1.310744995  
-1.168163499  
-0.7463311168  
-0.5703362442  
-0.5863458921  
-1.018006332  
-0.9411577069  
-1.147754119  
-0.3174753688  
-0.09752665517  
-0.3849027916  
-0.3662277156  
-0.7419178118  
-0.1638828754  
0.1824524367  
-0.2279171456  
-0.6790931098  
-0.7159665821  
-0.8144245997  
-0.378708414  
0.07002014608  
0.1019221054  
0.1121984628  
-0.2413916349  
-1.126212649  
-0.345570257  
-0.1043081393  
-0.009078739133  
-0.1470345091  
-0.4342673153  
