2.123606879  
1.632988894  
1.715459702  
1.018792629  
1.343505551  
1.664155237  
1.312290664  
0.2513091963  
0.8012784353  
0.8362017029  
0.9916484353  
0.574051215  
0.7628767181  
1.02484586  
0.9481676209  
0.8113136703  
0.7065344807  
1.067111264  
0.7556432583  
0.440147651  
-0.1527338188  
0.9743095579  
0.5050917266  
-0.07736263934  
0.3802940455  
-0.0467908667  
-0.06892072361  
-0.119278945  
-0.803641453  
0.2372022825  
0.5410880069  
0.05713969782  
0.3894769813  
1.256799267  
0.3202716943  
0.07613392678  
0.3874598767  
-0.1522717375  
0.3207396882  
-0.2040417559  
-0.3865364384  
-0.06675794452  
-0.02106966891  
0.1450655272  
0.5558391705  
0.1910896927  
0.1024685697  
0.3327227826  
0.3367603057  
0.6195251372  
0.3025105507  
-0.2539032391  
-0.23729604  
-0.06295412243  
0.3486138172  
-0.04168282817  
0.5262765816  
0.5161570398  
0.4580624358  
0.7512992855  
0.43244169  
-0.5039111611  
-0.4398648971  
-0.8135096271  
-0.6273707323  
-0.2881743755  
0.3566841632  
0.5522238799  
-0.005490131283  
0.3629087109  
0.7423696516  
0.6037559065  
0.1997199976  
-0.1157825811  
0.3146761266  
-0.0227365907  
-0.09188990434  
-0.07027012481  
-0.02506664983  
-0.125639881  
-0.4833470187  
-0.7181121364  
-0.8603252562  
-0.2712664971  
-0.9016007335  
-0.2350139547  
-0.7128519964  
-0.009430317959  
-0.1258612812  
-0.02104901375  
0.3190244265  
-0.8358672748  
-0.6220008461  
-0.9303621988  
-0.3363586407  
-0.6910324957  
-0.7322998499  
-0.7161196751  
-0.6250471926  
-0.7373271804  
-0.8855558681  
-0.04280755502  
-0.4957162559  
-0.6544355284  
-0.1456624467  
0.4938080625  
0.4222547672  
-0.5700425811  
-0.06995192138  
-0.3417122427  
-0.3706418965  
-0.8578128012  
-0.860431379  
-0.102804031  
0.01890133969  
-0.4346704951  
0.3024577318  
0.371425385  
0.2079839579  
-0.06422862092  
0.05349668557  
-0.3534182551  
0.07336599031  
-0.06751218387  
0.5397384538  
0.3507634416  
0.6211310834  
0.6819892847  
-0.0595350821  
-0.1192705364  
-0.1002465263  
-0.6863978544  
-0.8212519422  
0.09722239222  
-0.1328353565  
-0.1409863152  
0.04591949055  
0.7091588902  
0.5416682162  
0.7702601234  
1.2496996  
0.6618664944  
0.2032146961  
-0.1448678361  
0.02028896  
0.05750257965  
0.2259756153  
0.1118956238  
0.158960321  
0.7554810825  
0.1206763604  
0.1015034763  
0.5795923242  
0.6680186983  
-0.1063605091  
-0.1194849079  
0.1372089855  
0.191522841  
-0.5381164407  
0.5704834754  
-0.6766354377  
-0.6190029754  
-1.010706407  
-0.9910543433  
-0.7842133258  
-0.439707719  
-0.8282128907  
-0.8788917139  
-0.560016212  
-0.3743608669  
-0.3920966252  
-0.2092389093  
-0.0554652534  
-0.4162351496  
-0.6082188713  
-0.7155483862  
-0.04311166381  
0.04792487408  
0.5694890899  
0.8031721451  
0.3360891999  
0.4326108268  
-0.2014860586  
-0.3027963447  
-0.5469545113  
-0.3677499394  
-0.5889552078  
-0.3145191125  
-0.3060100407  
-0.561386069  
-0.1553165375  
-0.3298448837  
-0.3740627068  
0.6929185584  
0.2610078431  
0.1622570889  
-0.3879688192  
-0.6586404894  
-0.6011230754  
-0.7112002161  
-0.745739224  
-0.4976161483  
-0.7573964926  
-0.5943263508  
-0.8834350302  
-0.9678742028  
-0.6990467321  
-0.4373624115  
-0.8263803486  
-0.349669615  
0.2270310745  
-0.8029153131  
0.04465623939  
1.086832888  
0.7438292249  
-0.0946106  
-0.08538987821  
0.316279369  
-0.1429964854  
-0.3418623962  
-0.02473511873  
-0.08349704462  
-1.122093377  
-0.5793328153  
0.1492116433  
-0.4858261252  
-0.9101349311  
-0.6545911812  
-1.074270181  
-1.157854926  
-1.103942759  
-0.9340070378  
-1.043403758  
-1.67717688  
-1.737586725  
-1.429365437  
-1.347384152  
-0.8751185508  
-0.7105431356  
-0.3561578842  
-0.5318640259  
-0.04804208885  
-0.3459146465  
-0.6525925519  
-0.3524329362  
-0.4102775117  
-0.1905767494  
-0.01431626319  
0.1244105285  
-0.1427614102  
0.02237737499  
-0.182842405  
0.04376830841  
-0.2112319276  
-0.742019676  
-0.6063977694  
-0.6211544825  
-0.7790957315  
-0.3262453021  
0.2072904869  
-0.1799138425  
-0.3499107132  
-0.3815969297  
-0.3153422596  
-0.7682457448  
-0.1174964254  
0.1372249535  
0.3037635231  
0.5619858819  
0.8822001419  
0.7344106368  
0.5655758883  
0.4085954533  
0.2183437123  
-0.004094703724  
0.09694139883  
0.2389905192  
0.0490428501  
-0.46948373  
-0.4083629073  
-0.08086544509  
0.1215644252  
-0.6654220261  
-0.2865767305  
-0.1786055448  
0.5281332409  
0.5645816048  
-0.02936184723  
-0.2620774001  
0.1568089064  
-0.4958124667  
-0.240490399  
-0.3731632937  
0.2907380955  
0.3463901512  
-0.005346684641  
0.06598966246  
-0.3333443501  
-0.7059087023  
-0.263524528  
-0.5602664839  
-0.1926911427  
-0.4171977273  
-0.3463066094  
0.1662155647  
0.1830571747  
0.4263371729  
0.9158639407  
1.188080546  
0.3504504925  
0.4806125037  
1.046716564  
0.8505683309  
0.5616334198  
0.4514142696  
1.036036331  
0.6218851443  
0.3607165191  
0.6353732964  
0.9880667177  
0.2628903844  
0.0627430492  
0.1831733405  
0.441206089  
-0.2633787519  
0.05519992244  
0.7642303203  
0.2380662891  
0.09372498533  
-0.2185993761  
-0.6974981759  
-0.773076068  
-0.813125377  
-0.9128791559  
-0.4159150686  
-0.2835358813  
-0.5318801239  
0.01566607706  
-0.3145543436  
-0.2339537812  
-0.6314853709  
-0.2513192044  
-1.086085037  
-0.533185881  
-0.3427371088  
0.3306139634  
0.9594629755  
0.7610366759  
0.7054642718  
0.7442921675  
0.636657512  
-0.1181669488  
-0.8592064085  
-0.614676137  
-0.4361028731  
-0.8311309866  
-0.7233553253  
-0.402994161  
-0.01260147007  
-0.5968602874  
-0.1707052387  
-0.0886919988  
0.03203015162  
0.04954700188  
0.2431722072  
0.6269430823  
1.070078503  
0.5030106588  
0.171310533  
-0.2410888682  
0.07941574467  
-0.3335382515  
0.0110325541  
0.01592438669  
0.04477868677  
-0.3012365379  
-0.2938013303  
-0.8415544345  
-0.3380101922  
-0.7917466543  
-0.4864689023  
-0.9157817173  
-0.2689773664  
-0.3807132836  
-0.4627559038  
-0.7085065581  
-0.9733859955  
-0.8983240626  
-0.3845270989  
-0.6295541336  
-0.2408693654  
-0.5769844833  
0.4108087355  
0.5238489219  
-0.293483362  
0.1920556467  
-0.08280117683  
-0.7580566417  
-0.2989142913  
-0.2779915419  
0.1718968734  
-0.349786652  
0.6326648524  
0.7436625137  
0.8670440623  
0.6929635249  
1.344109903  
1.197596965  
0.4071150049  
0.4213709932  
-0.04923149654  
-0.3437728388  
-0.5233723128  
0.2413675844  
0.4826365399  
-0.1674017804  
-0.008889601682  
0.203053487  
0.07932295328  
-0.275354623  
0.09934665358  
0.09712004377  
-0.07747711455  
0.6630310128  
1.467291819  
0.9729306156  
0.8778004932  
1.435051533  
1.347157552  
0.5367665616  
0.2537133684  
0.1832465362  
-0.2686179247  
-0.9003731184  
-1.287879407  
-0.842258  
-0.7917641145  
-1.159453475  
-0.6207626184  
-0.7770213796  
-0.9720490548  
-0.2765442957  
-0.369400867  
0.1852098707  
0.2848098667  
-0.1905577452  
0.152342582  
0.09958155981  
-0.06223744616  
-0.7348419558  
-1.038557379  
-0.4982484917  
-0.1951056026  
-0.357398065  
-0.04761846992  
0.2763391493  
0.585051427  
-0.1464746991  
-0.5547089634  
0.06393348981  
0.03982299015  
0.09425432204  
1.02573109  
0.5648634859  
0.6526515046  
1.047152834  
0.6989455702  
0.9704882373  
0.9288511409  
0.2389456666  
0.1777602933  
0.4968588425  
0.9107557707  
0.4444957733  
-0.1189856216  
-0.4724080656  
-0.4546256171  
0.06290336707  
-0.7231553654  
-0.6635039981  
-0.8667547468  
-0.6959805557  
-0.5367985845  
-0.4299161358  
0.1412436199  
0.313749069  
0.5425071398  
0.9407763379  
0.7209980034  
0.7406506479  
0.3450379887  
0.5625720068  
0.2752694404  
0.1790502786  
-0.03459673584  
0.2053483285  
0.22036801  
0.4913618499  
-0.3119318417  
0.2599179392  
-0.215043495  
-0.9671990364  
-1.501798961  
-0.8105653359  
-0.3014705734  
0.1032004936  
0.02321940172  
0.4731585935  
0.7167626614  
0.329934939  
0.3215416423  
0.2676103656  
0.5042377756  
0.5938916102  
0.1108387463  
0.01540131595  
0.5163154858  
0.2552246156  
-0.3624104838  
-0.1123393255  
0.01783610579  
0.07116681633  
-0.2061161445  
0.04565999945  
0.276525145  
-0.7170603852  
-0.4722739435  
-0.2338792859  
-0.06027552571  
0.7321766983  
0.3092189929  
0.3030355001  
0.6544730564  
0.5415969254  
0.9670118122  
0.9607394226  
0.9358154603  
0.860065053  
0.6326873563  
0.5298122836  
0.041683705  
-0.272839395  
-0.7141306937  
0.2680105965  
1.69702371  
0.2889103175  
0.4827967257  
-0.4848062885  
-0.2214255194  
-0.6561207296  
-0.5121583931  
-0.9854690053  
-0.04666790296  
0.05282892141  
-0.2301478907  
-0.3954682386  
0.1190895349  
-0.1421679449  
0.07484056785  
-0.1426520281  
0.1607357673  
0.06276378601  
0.1446952451  
-0.2544950208  
0.2620456005  
-0.4748525509  
-0.5515565091  
-0.2417265918  
-0.1922064272  
-0.6190626861  
-0.009498095672  
0.356612183  
0.2578189576  
0.9323789629  
0.9377243881  
1.042626208  
0.9203497359  
0.3369790511  
0.269188482  
0.7388730272  
1.079140538  
0.6718752801  
0.08433478735  
0.5173396636  
0.696331711  
1.092452086  
0.8990859705  
0.7340852799  
0.3882789763  
0.4079472711  
0.3313715925  
0.1101926982  
-0.1952011595  
0.1031360817  
-0.02624926122  
0.6195546311  
-0.04390206017  
-0.2363588736  
-0.7572262905  
-0.7484475106  
1.00978102  
0.4669376827  
0.09503491571  
0.07431563421  
-0.7925854748  
-0.8125938468  
-0.9207913183  
-0.2975459936  
-0.5786039031  
-0.8047599995  
-1.040218931  
-0.8738382394  
-0.8807838213  
-0.9019171967  
-0.7124609177  
-0.8551232013  
-0.210573227  
-0.6550195554  
-0.5409495818  
-0.3345422822  
-0.4558613379  
-0.205786691  
-0.05099326378  
-0.4355394574  
-0.3836542849  
-0.1423615246  
-0.128863315  
0.2099553867  
-0.121538742  
0.3012147754  
-0.416882832  
-0.337226947  
-0.4198543788  
-0.2129052829  
0.2544527282  
0.4657880058  
0.531288656  
0.6799616632  
-0.03948177059  
-0.6131642322  
0.0303448013  
-0.03365373757  
-0.483530942  
-0.1932434815  
-0.6593750304  
-0.7684894866  
-0.5856593277  
-0.5334101875  
-0.8434891767  
-0.4695661726  
-0.1406410903  
-0.2525498914  
-0.401403782  
0.260101855  
0.03622041028  
-0.6759596956  
-0.06723579817  
-0.2383885796  
-1.02920813  
-0.5957249411  
-0.6203992585  
-0.2602119134  
0.2150094113  
-0.3787916455  
-0.5600922958  
-0.5040773796  
-0.7286152807  
-1.49612987  
-0.6891211282  
-1.111918008  
-0.6114513424  
-0.2007973781  
-0.8606737362  
-0.5464564819  
-0.4451694021  
-0.3618773724  
-0.7343640662  
-1.216810814  
-0.6871723855  
-1.311713521  
-0.8641783405  
-0.9797339306  
-0.9009243016  
-0.3437228511  
-1.156196318  
-0.7200270347  
-0.3401116489  
-0.5848883644  
-0.7713906716  
-0.7497272549  
-0.5863731745  
-0.6467667449  
-0.5409272193  
-0.6540451808  
-0.8283938213  
-0.8473387761  
-0.6007465954  
-0.5838475593  
-0.4547440224  
-0.09171486331  
-0.7180595469  
-1.149088422  
-0.8588538898  
-0.8362028955  
-1.085803355  
-0.8300030558  
-0.4788292278  
-0.2796699707  
-0.077699059  
-0.3141321518  
-0.1075320263  
-0.1549662083  
0.01043867658  
-0.3580899343  
-0.5353427924  
-1.160188775  
-1.49133403  
-1.047554805  
-0.8346638654  
-0.927078  
-0.559366522  
-0.7243279994  
-0.6743720374  
-0.6849344835  
-1.073250009  
-0.75948323  
-0.6193201054  
0.004564270938  
-0.03113762489  
-0.1352983054  
0.08498691963  
0.8700245996  
0.5696003921  
0.5587075969  
0.7265187605  
0.3185216589  
0.5948081902  
0.3141937686  
0.1872212818  
0.03954978589  
-0.3902237654  
-0.4966058475  
0.08061348909  
-0.1290085578  
-0.5533663017  
-0.2628824827  
-0.2831355148  
-0.1123761376  
-0.1038841737  
-0.3064682869  
0.3199077368  
0.5378964287  
0.3401405753  
0.331724867  
0.3704122747  
0.7447529374  
0.4395590728  
0.5099790547  
0.268307238  
0.7223781639  
0.5732570717  
0.6308636732  
0.7294152043  
0.4039170878  
0.2504330269  
0.551889551  
0.3198362989  
0.460350746  
1.022703945  
0.3546805244  
0.6035449251  
0.6304854321  
0.9578526164  
0.9952510512  
1.333213035  
1.161823786  
1.414265339  
1.379555003  
1.246000366  
1.412472931  
0.8145076556  
-0.0377378874  
0.04180030325  
0.0727978697  
-0.1485630107  
0.3538850071  
0.62416216  
0.2741293034  
-0.1415828936  
-0.3177481908  
0.06160039592  
0.4866631676  
0.8346682451  
0.6454878264  
0.7182454915  
1.090693152  
1.197793055  
0.6976808831  
0.6881803765  
0.5636143629  
0.3383876769  
0.2215519775  
0.07625550395  
-0.0320772671  
0.1672690284  
0.5868221252  
1.557151669  
0.8748269225  
0.8523222188  
0.7518424962  
0.1791103208  
0.5876064327  
0.02744725017  
-0.1513596159  
0.3013729958  
0.7327595235  
0.140110595  
-0.1421987316  
-0.4204342299  
-0.4256025424  
-0.06492338493  
-0.6336319303  
-0.4885144681  
-0.6288273791  
-0.1931733382  
-0.6638384503  
-0.6685315259  
-0.599697625  
-0.1843611741  
0.1806610005  
0.1854256021  
0.08258979372  
-0.1709935646  
-0.3492969346  
-0.4249155982  
-0.6325872247  
-1.05270097  
-1.062692863  
-0.9465727068  
-0.3801602448  
0.07067478963  
0.06235650246  
0.6849520321  
0.1715545842  
0.7607993709  
-0.3789787736  
-0.4715248455  
-0.02050401124  
-0.3050504111  
-0.02967693768  
-0.1027923287  
-0.07530260364  
0.1694184552  
-0.3333415816  
-0.6930685059  
-0.8849504876  
-0.9134921353  
-1.12784509  
-0.8902183189  
-0.9770128199  
-0.5121671738  
-0.5005985754  
-0.1256660639  
-0.01020687184  
0.277170627  
-0.1973439847  
0.3111439781  
0.4071208745  
0.3453052636  
0.01438019652  
0.09068617689  
-0.3057974057  
0.3163898657  
-0.1059630772  
0.3682995062  
0.007224446412  
0.137916894  
0.4333732827  
-0.3307101056  
0.1524009472  
-0.7178302702  
-0.2658478567  
-0.4485676452  
0.2989041015  
-0.1157002523  
0.2692886282  
0.3470285357  
0.3904092993  
0.6123064173  
0.8592748632  
0.6865493657  
0.7193035359  
0.673539649  
0.7547892792  
0.7903068345  
0.2018955556  
0.3671391765  
0.6495201723  
0.4142742162  
1.392040228  
0.6724606119  
0.2823783636  
0.3026485026  
0.06753300139  
0.4153351347  
0.4502511112  
-0.08568042576  
-0.04708640326  
-0.1346783843  
-0.2771750729  
-0.2392751163  
-0.2805216694  
-0.1872388292  
-0.2704313607  
-0.2765113414  
-0.2574728364  
-0.3145463848  
0.01872407982  
-0.00687047217  
-0.01274272784  
0.1774459646  
0.01294108259  
0.3964658059  
0.4208406467  
0.2691125559  
-0.1218430849  
0.2437670326  
-0.2678677673  
-0.1653639107  
-0.4146697901  
-0.1014114545  
-0.9081862053  
-0.9650543393  
-0.4512989573  
-0.6812652713  
-0.8433438785  
-0.5251706909  
-0.2889302962  
-0.3668052282  
-0.750908098  
-0.8890093673  
-0.2752064459  
-0.3464117745  
0.1148830485  
0.1766934798  
0.633627836  
0.4271056611  
0.8189285083  
0.3069740463  
0.04592693955  
0.3569314176  
-0.02646746966  
-0.09993586416  
-0.0946585356  
-0.4460837018  
0.1891442946  
-0.1779169233  
-0.2692644648  
-0.09059976181  
0.1590164004  
0.002868514061  
0.3531202199  
0.4013339555  
0.1290748985  
-0.1523003037  
0.582762193  
0.7265234477  
0.6469009649  
1.102027878  
0.6732070762  
0.8973368796  
1.098425504  
1.209171868  
1.078171656  
0.6172950919  
0.416995402  
-0.3882342015  
0.1753789457  
-0.07250775842  
-0.1743496967  
-0.1838580272  
0.01249359504  
0.06861450604  
-0.1080723055  
0.553333431  
-0.1371395534  
0.1976562316  
-0.2633777786  
-0.3518654468  
-0.2861046131  
-0.4716964091  
-0.3434018684  
-0.2332712897  
-0.2674453461  
-0.2088812007  
-0.1997547821  
0.3102836371  
-0.1670378497  
0.07604559396  
0.1092532826  
0.2392365754  
-0.07721013724  
-0.3962695537  
-0.8306433855  
-0.4575735142  
-0.4867647736  
-0.2552921404  
0.5006933846  
0.2203263846  
0.705994175  
0.5429372044  
0.01742331948  
-0.136275897  
-0.3690823614  
-0.4195796392  
-0.6546878903  
0.1966257519  
-0.1161704207  
0.05427464405  
-0.2433940346  
-0.09774381404  
1.313338353  
1.1869371  
0.5136327181  
0.3868837567  
0.4387794093  
-0.02046553273  
-0.03637879578  
0.07453830394  
-0.4259413305  
0.165141071  
0.3136419604  
0.3649481524  
0.5851760225  
0.7432548288  
0.4753848185  
0.6621923074  
0.4198939898  
0.4786064798  
0.3301140677  
0.1497039225  
-0.2650555014  
-0.4560361214  
-0.2381572679  
-0.6548440348  
-0.9458330812  
0.2236002736  
-0.09187708866  
0.3272429525  
0.1976513133  
0.3887914896  
0.2775732563  
0.5284377097  
-0.03612548688  
0.396981102  
0.1513055399  
0.2311382861  
0.07550887016  
-0.6125718942  
-0.08157702993  
0.3734309646  
-0.244513625  
-0.1345067615  
0.1355714337  
-0.4744814563  
-0.3984007747  
0.082640089  
0.3086456008  
0.4297183769  
0.1389679752  
-0.459534618  
-0.4726465688  
-0.5260498073  
-0.2981250681  
-0.9909895641  
-0.8770196115  
-0.05179203853  
0.2794646566  
0.8710986742  
0.459226998  
0.6342915558  
0.06254559797  
-0.02861652403  
-0.3307704517  
0.1555273121  
0.7107223581  
1.007707977  
1.2776865  
1.035820991  
1.398532378  
1.170469815  
1.149130474  
0.8845756315  
1.255235452  
0.9325629905  
0.6496300826  
-0.01455638407  
0.2969126293  
0.3120649991  
0.3093503211  
0.1274275946  
0.1566694686  
0.1085657122  
0.0841222675  
-0.04596986466  
0.006118094982  
0.5758877925  
1.13767486  
0.807477473  
0.3978759223  
0.3871974276  
1.001531358  
0.7959881588  
0.9698227659  
0.9501064339  
0.6573020271  
0.8041168967  
1.066442523  
0.9366848728  
0.6331525166  
0.5016821079  
0.01210372926  
0.0506357488  
0.5877930148  
0.4903080392  
0.7176301184  
0.2379266816  
0.3691231848  
0.5131867528  
0.07451697178  
1.069496015  
0.8098390629  
0.2846558829  
0.0175513271  
-0.1248591564  
0.0376289116  
0.3409620896  
0.2294303527  
0.1546494975  
-0.002127491368  
-0.09482865298  
-0.09985340676  
-0.8206567832  
-0.3807816002  
-0.6897225518  
-0.3289039278  
-0.3558552237  
-0.2204597073  
-0.1676627837  
-0.9694192276  
-0.5590092419  
-0.9407447106  
-1.095663354  
-0.8016626636  
-1.198403915  
-0.1652890339  
-0.4570782795  
-0.3143689725  
-0.004565527732  
-0.1680434605  
0.5216351516  
-0.362975995  
-0.2296408636  
-0.4681406999  
-0.4364273078  
-0.4146678479  
-0.3705155544  
-0.340089111  
-0.1353631786  
0.1659026003  
0.1212001442  
0.1973566395  
-0.2184037895  
0.3748889705  
-0.04212826524  
0.6050862945  
0.3537855209  
0.3984953733  
0.3329271941  
-0.02025581593  
0.2953275847  
0.6100844985  
0.5702926246  
0.7486523293  
0.3827775073  
-0.02923432902  
0.02614223622  
0.4226315402  
0.4017456706  
0.3437522459  
0.5925036481  
-0.1219103473  
-0.1259345416  
0.2727515041  
0.3772445721  
0.2892439135  
-0.0937514869  
-0.1402231305  
-0.0908081699  
-0.3405758859  
