2743.042753  
2746.780493  
2740.452106  
2745.373492  
2733.494257  
2744.551849  
2742.171412  
2742.282843  
2734.165873  
2731.422685  
2735.639628  
2731.842438  
2736.847653  
2731.96354  
2737.160923  
2721.860863  
2725.770566  
2737.342114  
2736.71567  
2735.218972  
2738.053312  
2746.528849  
2738.340233  
2726.288684  
2740.712715  
2734.026367  
2720.709102  
2728.988928  
2725.864451  
2740.150311  
2730.369219  
2725.061685  
2735.931859  
2740.129094  
2728.519231  
2724.50551  
2733.509854  
2732.498093  
2732.8435  
2736.459848  
2736.835612  
2738.681596  
2739.924906  
2739.890489  
2747.755882  
2747.802905  
2750.316226  
2731.007983  
2741.97152  
2747.584173  
2737.782484  
2738.035126  
2737.294747  
2739.175391  
2734.47422  
2737.073009  
2739.810499  
2739.474627  
2745.689725  
2757.949172  
2754.500908  
2733.68856  
2738.250322  
2743.136039  
2729.220353  
2736.961389  
2734.989684  
2747.794198  
2734.353371  
2733.232456  
2737.187394  
2732.975374  
2732.388747  
2732.342598  
2741.663334  
2730.151645  
2732.17028  
2729.90189  
2735.490209  
2724.44322  
2727.66188  
2734.272835  
2739.232303  
2738.676524  
2732.465526  
2746.591013  
2731.600272  
2735.700134  
2722.870348  
2728.251838  
2730.786922  
2728.969449  
2731.540056  
2737.802659  
2736.256774  
2720.922389  
2739.681228  
2740.648379  
2732.967119  
2730.107667  
2731.065319  
2731.647108  
2731.47902  
2735.646568  
2731.75431  
2738.898775  
2746.52863  
2742.832395  
2733.528228  
2729.795562  
2737.335065  
2729.410131  
2730.716041  
2741.235267  
2739.730436  
2742.166364  
2735.195863  
2731.379943  
2741.997544  
2735.153482  
2738.243833  
2741.432656  
2727.824934  
2723.315032  
2730.60007  
2738.618734  
2729.601453  
2741.625618  
2732.155052  
2734.064933  
2729.669641  
2732.209831  
2734.4343  
2734.308939  
2720.932395  
2731.659428  
2737.434602  
2732.01049  
2735.772602  
2734.887895  
2750.726298  
2731.583636  
2733.484074  
2741.728589  
2731.739479  
2730.089745  
2724.441155  
2729.653576  
2714.950262  
2724.689887  
2717.896128  
2734.685329  
2734.539234  
2735.475243  
2742.470905  
2736.905027  
2736.52018  
2727.769381  
2724.055203  
2742.365459  
2733.557011  
2739.378209  
2726.214115  
2737.533329  
2738.970199  
2734.390729  
2737.529823  
2737.72935  
2735.299326  
2728.254645  
2736.373513  
2741.835186  
2730.683291  
2725.691872  
2741.767933  
2736.244249  
2735.402312  
2734.863215  
2737.520101  
2733.555793  
2733.040604  
2737.748633  
2744.53711  
2741.181333  
2734.949921  
2725.425976  
2725.982137  
2726.704955  
2737.542554  
2739.024322  
2736.952002  
2733.255188  
2739.035268  
2742.201142  
2728.27972  
2729.828233  
2727.358218  
2736.997453  
2727.805221  
2730.561417  
2732.558283  
2734.528978  
2739.84207  
2743.799296  
2735.478569  
2729.837713  
2729.981397  
2722.561786  
2725.970319  
2720.109859  
2733.015104  
2718.781564  
2731.657303  
2737.763955  
2731.857619  
2731.384337  
2741.900121  
2734.769684  
2729.524929  
2737.766149  
2734.132369  
2728.963732  
2723.671444  
2729.618958  
2740.040528  
2735.72367  
2729.196127  
2740.520885  
2738.859546  
2722.765301  
2731.152462  
2736.60726  
2720.721578  
2727.188741  
2731.291932  
2734.701085  
2725.812208  
2730.788338  
2742.810191  
2727.126614  
2726.539715  
2736.023462  
2743.625605  
2732.78434  
2732.698915  
2739.691104  
2737.963356  
2735.491426  
2729.311422  
2730.288515  
2733.337823  
2734.72165  
2735.771402  
2726.467595  
2733.449325  
2735.231531  
2731.95318  
2736.060358  
2739.263052  
2729.748847  
2733.220654  
2735.464681  
2735.400165  
2733.770167  
2723.617957  
2725.765374  
2732.482216  
2738.688289  
2734.411049  
2737.192638  
2740.800544  
2739.871118  
2736.466483  
2736.921187  
2744.576501  
2726.99782  
2729.550681  
2734.546154  
2733.542601  
2725.267595  
2733.677232  
2743.2886  
2733.49307  
2732.272033  
2724.314899  
2737.565344  
2737.275659  
2738.639435  
2746.727443  
2762.019545  
2755.444329  
2749.263838  
2746.645464  
2741.812471  
2739.764214  
2738.754903  
2731.606297  
2728.637668  
2732.512616  
2737.635482  
2727.137506  
2738.022288  
2740.583056  
2740.555689  
2733.57523  
2736.614138  
2742.701163  
2743.660856  
2741.956638  
2735.919652  
2742.314113  
2737.06761  
2739.879418  
2729.310016  
2735.560115  
2743.609329  
2738.735286  
2731.751767  
2736.600317  
2732.476024  
2730.118589  
2739.984966  
2741.947908  
2747.552918  
2739.245849  
2738.245927  
2734.892399  
2731.098984  
2737.94359  
2743.72895  
2758.640893  
2749.973793  
2740.603878  
2746.17693  
2742.380962  
2733.315901  
2731.545132  
2737.913399  
2743.068549  
2741.004649  
2740.38124  
2751.501165  
2743.493922  
2735.672681  
2739.231161  
2736.231469  
2737.915622  
2743.716044  
2744.153018  
2757.615278  
2754.129109  
2749.753398  
2744.616856  
2747.494397  
2728.018704  
2738.352607  
2742.577141  
2741.702443  
2735.8324  
2739.699547  
2745.688208  
2756.709255  
2750.882221  
2753.483188  
2749.55566  
2742.521195  
2746.662648  
2729.677408  
2737.877702  
2741.41478  
2739.32212  
2731.892386  
2745.756199  
2741.730581  
2728.749324  
2745.674473  
2742.37461  
2745.678038  
2733.687117  
2738.970324  
2740.505603  
2742.455541  
2743.685041  
2731.01282  
2736.118282  
2739.962966  
2738.642637  
2737.977797  
2736.416569  
2747.885595  
2737.266192  
2739.963033  
2727.935946  
2730.947154  
2740.086173  
2740.942981  
2740.881912  
2738.297333  
2751.234898  
2745.850591  
2750.023776  
2740.63225  
2743.139342  
2748.754655  
2740.024612  
2733.983651  
2733.033214  
2738.706564  
2727.667401  
2746.778599  
2748.559665  
2738.616083  
2737.461388  
2752.215103  
2742.542801  
2737.713918  
2749.336671  
2745.967938  
2740.202122  
2735.438279  
2743.560575  
2739.598732  
2734.428778  
2737.33931  
2740.328876  
2733.821003  
2741.347715  
2736.262949  
2729.460323  
2723.851519  
2732.623719  
2734.584408  
2721.057014  
2728.60832  
2734.85889  
2736.302419  
2735.478746  
2742.220627  
2738.762667  
2731.971408  
2745.041675  
2726.849174  
2731.79427  
2746.27124  
2742.09911  
2743.266592  
2734.843343  
2726.875805  
2738.436592  
2730.584876  
2738.866062  
2743.889221  
2738.763507  
2733.118248  
2747.282015  
2755.799693  
2737.261187  
2732.734617  
2731.05341  
2726.035074  
2724.238022  
2736.385118  
2740.392658  
2737.492041  
2745.347345  
2741.759597  
2751.526874  
2742.738871  
2737.696131  
2728.013966  
2723.173096  
2730.333169  
2737.907666  
2723.345752  
2714.24714  
2723.85448  
2729.549398  
2730.33213  
2729.1075  
2729.518663  
2733.622722  
2725.314017  
2732.916641  
2721.750769  
2732.2225  
2732.334049  
2734.557215  
2731.169452  
2719.966176  
2731.562946  
2728.872056  
2724.200207  
2729.900541  
2723.855131  
2728.971773  
2735.500273  
2732.770367  
2723.278709  
2726.756237  
2728.483325  
2725.939638  
2719.502411  
2728.761915  
2729.761439  
2733.035989  
2722.346592  
2733.973278  
2733.862994  
2733.07511  
2731.886535  
2731.664995  
2735.951276  
2731.985626  
2720.783782  
2724.112443  
2736.12922  
2738.966788  
2742.937593  
2745.025653  
2748.293435  
2741.029023  
2727.220555  
2737.837712  
2738.420387  
2742.524669  
2742.192624  
2741.740683  
2733.261901  
2740.899016  
2741.883727  
2742.129706  
2738.560694  
2740.731082  
2735.136931  
2742.878924  
2744.704401  
2738.105778  
2744.423406  
2746.373759  
2745.97069  
2739.101301  
2742.788037  
2743.079835  
2750.953352  
2757.529155  
2755.388125  
2754.2186  
2758.344067  
2744.663734  
2745.440646  
2743.255738  
2736.308606  
2746.602766  
2742.073438  
2735.333741  
2740.552793  
2747.927954  
2749.129648  
2749.582399  
2740.276628  
2743.169312  
2738.883001  
2740.990591  
2743.746338  
2742.663036  
2739.071795  
2733.597506  
2733.866046  
2737.150651  
2735.757051  
2733.725891  
2740.176726  
2746.029903  
2733.916509  
2746.695957  
2749.955733  
2741.743909  
2742.276021  
2737.911012  
2743.286704  
2738.602448  
2740.235083  
2731.291632  
2745.744995  
2741.244292  
2739.052631  
2740.588847  
2735.788714  
2735.972288  
2736.343315  
2740.57488  
2745.280967  
2736.855985  
2730.493647  
2741.873038  
2740.089222  
2736.213344  
2734.485207  
2737.41394  
2732.169038  
