1.010833209  
1.071301748  
0.9011728318  
0.2023450708  
-0.34889063  
-0.8608918853  
-0.9200879887  
-0.93594689  
-0.6986949103  
-0.6133728069  
-0.7923540989  
-0.9550887013  
-0.8160614269  
-0.6274380499  
-0.7535585217  
-0.6390288979  
-1.050080454  
-1.038615114  
-0.7207525347  
-0.5989171753  
-0.3862076273  
-0.1644544165  
0.0185582083  
0.283477942  
0.002772737198  
-0.0024444246  
-0.2799489211  
-0.1155256307  
-0.07800989327  
-0.1445800996  
-0.4262699063  
-0.7285665778  
-0.295462095  
-0.1790449895  
-0.2030794416  
-0.5885449352  
-0.3944124991  
-0.07105377284  
-0.4145770363  
-1.091321532  
-1.162075878  
-1.085088815  
-0.7289493605  
-0.5897738295  
-0.02567019983  
0.215667872  
0.1126637454  
0.3128752751  
0.154525441  
0.3868882047  
0.2380974789  
0.06124102646  
0.1463372831  
0.2463432475  
-0.1267770831  
-0.1724722667  
0.2199676325  
0.5486335212  
1.059200795  
1.100296969  
0.6414250226  
0.1726421951  
0.0365238133  
0.03756510006  
-0.4290799393  
-0.882570745  
-0.2447674106  
-0.6441451913  
-0.1834393011  
-0.3746798479  
-0.3899577546  
-0.2808067494  
-0.5612836876  
-0.4538405572  
-0.1121011242  
-0.4847281821  
-0.5372949418  
-0.8354719035  
-0.4834364395  
0.02803608479  
-0.2436111657  
0.04082645275  
-0.007220949097  
-0.5594950581  
-0.7176055639  
-0.6613117774  
-0.8228423893  
-1.022832337  
-0.5882576527  
-0.3452807207  
-0.3280374438  
-0.3532411918  
-0.0842950326  
-0.192225222  
0.2332007678  
0.1431941292  
0.5081706641  
0.5424230174  
0.3320174887  
0.5986032283  
0.4176094307  
0.2652313459  
-0.1976306191  
-0.6094846302  
-0.6399766079  
-0.4926105516  
-0.4895806193  
-0.7242440568  
-0.8710378827  
-0.7355189532  
-0.4324866504  
0.06717317886  
0.2813546543  
0.2898579489  
0.1053093593  
0.1637350112  
-0.1464103396  
-0.3231622643  
-0.03435804471  
-0.3169441244  
-0.06877594657  
-0.01164880485  
-0.3187163984  
-0.4440120218  
-0.9689347646  
-0.7760546912  
-0.3385998522  
-0.3622109564  
-0.1674357532  
0.3329243889  
0.1815974752  
0.2063791003  
0.530824713  
0.2843106687  
-0.06041717084  
-0.1727182536  
-0.1761378407  
-0.8514266088  
-1.279517979  
-1.656203386  
-1.518032494  
-2.012622617  
-1.515528737  
-1.379816764  
-1.244145229  
-1.504497861  
-1.146372423  
-1.072186656  
-0.7788074843  
-0.7864211158  
-0.6055696542  
-0.5658386594  
-0.03831858148  
-0.1855017315  
-0.2704338013  
-0.1137904697  
-0.3437421028  
-0.9565385432  
-0.5513979711  
-0.3221317015  
-0.219970018  
-0.3998722656  
-0.2688068575  
0.0564885036  
-0.3539793046  
-0.07363067874  
-0.2070804363  
0.4460388262  
0.6421024081  
0.4529318014  
0.4057072805  
0.5902563437  
0.4808066497  
-0.1851355541  
-0.3657787475  
-0.5986254963  
-0.9234119512  
-1.067998214  
-0.8534891882  
-1.308016508  
-1.293913397  
-1.127591164  
-1.001343827  
-1.04127997  
-0.9473422141  
-0.5323719823  
-0.5283330535  
-0.6434199239  
-0.2358111785  
0.4690344462  
0.2002259874  
-0.06988174323  
0.1688078853  
0.121427847  
-0.2662982385  
-0.7252662322  
-0.6913570127  
-0.5776434504  
-0.7329362541  
-0.2767913937  
-0.3130759771  
-0.3424745703  
-0.4481529039  
-0.5760769723  
-0.5402960855  
-0.3608546544  
-0.9631856013  
-1.721599072  
-2.070002578  
-1.564355114  
-0.9994528142  
-1.021067893  
-0.5233858038  
-0.09752257575  
-0.6839937787  
-0.5958123517  
-0.1561098745  
0.04473574117  
-0.3250494289  
-0.08543254849  
0.1951456699  
-0.2855684894  
-0.5107723284  
-0.5821222551  
-0.9067481077  
-0.9398611218  
-0.9208817307  
-0.01220138621  
-0.1894177972  
0.04941578279  
0.267864842  
-0.01739179551  
-0.6059061666  
-0.8620280237  
-0.6356747538  
-0.394007866  
-0.4514049944  
-0.3341084143  
0.001088202064  
-0.1950511437  
-0.4128999405  
-0.03852557689  
0.0588850942  
-0.09806871041  
-0.09966754365  
-0.1746159839  
-0.5535923385  
-0.3935011899  
-0.7184003703  
-1.018778209  
-0.4617565617  
-0.1102834821  
0.04716043609  
0.1484360832  
0.1851839957  
-0.02764025416  
-0.05382244  
0.2419783671  
0.7149263102  
0.2775020328  
-0.1388228631  
-0.01928582296  
-0.116797394  
-0.2390493318  
-0.5007141342  
0.1638492289  
-0.4637432191  
-0.6236839521  
-1.043484313  
-0.8299032996  
-0.6911248532  
-0.8981316731  
-0.8681985881  
-0.3093163381  
-0.009744724774  
-0.2219373741  
0.03824272872  
-0.2533711207  
-0.1363160114  
-0.3795039288  
-0.1040706708  
0.4509171988  
0.4906140694  
0.5921191934  
0.6497550736  
0.8345717145  
0.8512114479  
0.5732655469  
0.4946299445  
0.5031193599  
0.09567327177  
0.6267374451  
0.8660496762  
1.169592344  
0.9470656214  
0.4687521015  
0.1400444488  
0.2625735238  
-0.2116265663  
0.2861029949  
-0.1463789136  
-0.3434909589  
-0.6373671588  
-0.1594275485  
-0.5082100154  
-0.5536514316  
-0.2619289034  
0.1859736636  
0.2502601172  
0.2061982401  
0.2394375673  
0.5308733842  
0.3019131415  
-0.307024597  
-0.319252051  
-0.2114696472  
-0.1545861905  
0.2937312949  
0.4291752748  
0.6497526954  
0.6482405225  
0.8191115793  
0.9119423884  
0.9291853165  
0.2617910921  
-0.3118961274  
-0.01437258808  
-0.8508682602  
-0.7460104847  
-0.2974109713  
0.4562350671  
0.5118475585  
1.026623683  
1.310436245  
0.9242829334  
1.064375229  
0.6263064862  
0.8687535748  
1.053154114  
0.8317252426  
0.6212722074  
0.9478231241  
1.009381447  
1.236354548  
1.130824694  
1.33132272  
1.459850399  
1.76197941  
1.096907117  
1.325133746  
0.8362276591  
0.6189597007  
0.3877943923  
0.9161397007  
0.391736364  
0.1923742101  
0.1485463993  
0.6654059203  
0.2892985945  
0.3335148423  
1.045752298  
1.466579286  
1.583179807  
1.491307289  
0.8309419577  
0.7562187321  
0.1848432441  
-0.3001476645  
-0.3269809405  
0.003417739078  
0.1098077772  
-0.1285573145  
0.3612093903  
0.4645301996  
-0.2519220067  
-0.2296669183  
0.05676673454  
0.4920132762  
0.6710900376  
0.764138793  
0.3758369456  
0.2401985123  
0.03903684989  
0.1224429951  
0.04908166864  
0.5302988033  
0.4449579905  
0.7136681983  
0.4910024858  
0.5181808093  
0.5433642225  
0.4445028136  
0.06578796338  
0.1481305489  
0.1202944851  
0.7304369918  
0.6333784552  
1.068492918  
1.146958943  
0.971564768  
0.9270272122  
-0.1209364317  
0.05507600453  
-0.299750514  
-0.236174582  
-0.4575210605  
-0.792194093  
-0.7323044755  
-0.9166355891  
-0.6864030989  
-0.2327129835  
-0.05007152991  
-0.3064036871  
-0.2118094154  
0.001012757567  
-0.535540383  
-0.3023159397  
-0.3279764037  
-0.3423958565  
-0.471647792  
-0.0584151497  
0.01725043913  
-0.3383354348  
-0.2209550275  
-0.274352369  
-0.3020475766  
-0.659321952  
-0.5657041488  
-0.7805655309  
-0.6755347781  
-0.7336024358  
-0.2404852685  
-0.05462059065  
0.3377689703  
0.09311863232  
0.3496766669  
0.3634253976  
0.3992668912  
0.475761418  
0.2556431393  
0.1198741227  
-0.02997761752  
-0.08388949865  
-0.1837815345  
-0.4304751624  
-0.6993690142  
-1.3500284  
-0.8751693883  
-0.7501329743  
0.06884573344  
-0.2227133136  
0.03336010631  
0.06493008362  
0.01985457131  
0.4462375665  
0.5833190569  
1.07771926  
0.877656927  
1.272865618  
0.8249069882  
0.3978197453  
0.2164299343  
0.8680458745  
0.5883681564  
0.5035558327  
0.3768871226  
0.0820319852  
-0.356430534  
-0.3546228  
-0.7095388433  
-0.6880154194  
-0.8399506799  
-0.0678301688  
-0.02473225425  
-0.09578941068  
0.1094122044  
-0.2965248738  
-0.5058511393  
-0.8706230732  
-0.6287150915  
-0.9380595468  
-0.4219403303  
-0.4095172125  
-0.3045981498  
-0.5750069548  
-0.1577138396  
-0.7603202687  
-0.5335639084  
-0.4940353612  
-0.2898331336  
-0.1944560143  
0.1576029016  
0.3913488959  
0.005605534673  
0.1404590968  
-0.06981765388  
-0.3559919246  
-1.039687539  
-0.999281117  
-0.4769927383  
-0.0125099872  
0.276172554  
0.7259995879  
0.4710190329  
0.2166149029  
-0.02338442209  
-0.4421971014  
-0.7868182619  
-1.006663455  
-0.9250585074  
-0.5128786569  
-0.08722183045  
0.3512102503  
0.08631262613  
0.1161371204  
-0.01276965579  
0.3358150362  
0.3465701453  
0.8482268059  
0.9885139777  
0.8803397255  
0.5371817881  
0.3828018739  
0.179486408  
-0.005093491945  
0.2312877406  
0.7743107822  
0.3317217876  
0.7529679953  
1.137235272  
1.137573317  
1.189340826  
0.6841351057  
0.4879526807  
0.2148923805  
-0.2759248426  
-0.5937430186  
-0.06906109038  
-0.3440316501  
0.05043345135  
0.6326880391  
0.7020917746  
1.068578733  
1.383986133  
1.764274872  
1.492679807  
1.160646484  
1.271589168  
1.57563001  
1.182110937  
1.440252003  
1.337281877  
1.768501505  
1.668289978  
1.373016638  
1.440303653  
1.451852223  
1.161980637  
1.13649702  
0.8180409198  
1.177575846  
0.4992202697  
0.8900493156  
1.172956239  
1.663768307  
1.574638871  
1.383165035  
1.220259481  
0.9477798718  
0.2067761323  
-0.4137820452  
0.1471249435  
0.6695098198  
0.7517280096  
0.5922474547  
1.311084462  
1.384557669  
0.8229251586  
0.6671587773  
0.4355810907  
0.3938227002  
-0.01981894527  
-0.112644594  
0.3182578656  
0.4457456143  
0.03408575349  
0.05837827902  
0.003835211087  
-0.190150166  
-0.2242572535  
0.1351346883  
0.09617863864  
0.3395634128  
-0.1690326732  
0.3223616994  
0.4532112661  
0.7788705501  
0.8703474114  
1.125693868  
1.317112248  
0.8665620593  
-0.1245000461  
0.0007512719889  
0.06013342431  
0.07714370972  
0.3215254189  
0.5990496622  
0.3770283388  
0.3555886106  
0.4392447117  
0.3422950221  
0.09650995723  
-0.3599829333  
0.105164155  
0.2142646741  
0.1942177811  
0.1644818534  
0.132529163  
-0.5730385837  
0.0002706590754  
-0.3832009916  
0.1906894962  
-0.07611388537  
0.3637777623  
-0.1085300539  
-1.007094568  
-1.219417823  
-1.46176575  
-1.215182654  
-0.8599095263  
-0.4008487448  
-0.1735101535  
-0.04035676116  
-0.1819821785  
-0.01805625966  
-0.8229658311  
-0.6008051607  
-0.865126592  
-0.2916916126  
-0.3280997882  
-0.04267802022  
0.1361045122  
-0.1346220227  
-0.3827928196  
-0.6479567849  
-0.5185272083  
-0.2310678284  
0.05540211473  
0.0974352542  
0.1961185757  
-0.405756676  
-0.566477655  
-0.8196192502  
-1.005348686  
-1.064888151  
-1.090806177  
-0.7305235975  
-0.6824520565  
-0.6521637253  
-0.7787311411  
-0.3402942569  
-0.7172498989  
-0.5589190617  
-0.2384398796  
-0.1531194398  
-1.003149206  
-0.8763079177  
-1.164637783  
-1.113139565  
-1.037064988  
-0.7614430269  
-0.835477269  
-0.3909916118  
-0.5062235759  
-0.5303339579  
-0.295460384  
-0.4601085014  
-0.8695511992  
-0.5749606814  
-0.9136038279  
-0.8634822802  
-0.8541443833  
-0.8304870099  
-0.5006312992  
-0.4063375618  
-0.3573634215  
0.1065668879  
0.5923175417  
1.003641178  
0.4998685307  
0.6932354104  
0.7045770228  
0.5876540582  
0.3393906648  
0.1687361214  
-0.02523802603  
-0.02412351913  
-0.1177064964  
-0.6656301774  
-0.6680064025  
-0.8933724214  
-0.7076223808  
0.05789748239  
-0.06253454198  
-0.01186770012  
-0.1674114191  
-0.08767645248  
-0.5503985651  
-0.5282188994  
-0.4442074829  
0.1501517548  
0.07230321485  
0.008293205545  
0.2527909266  
-0.0646036425  
-0.5652666889  
-0.3065645878  
-0.03173832399  
0.457169326  
0.8693587607  
0.8113632632  
0.637942283  
0.6508190917  
1.02171767  
0.4686097096  
0.8179934607  
0.7440691876  
0.9452362804  
0.3706793015  
-0.3655496329  
-0.8690576931  
-1.026003366  
-0.1289817073  
0.01445969548  
0.2855488587  
1.192653828  
1.770676591  
1.63949438  
1.630050026  
1.212953834  
0.8128348227  
0.7258540652  
1.051194972  
0.9815172618  
1.012339179  
0.8723826978  
1.575999135  
1.737319089  
1.931329493  
1.899049209  
2.079347024  
2.139592335  
2.020544342  
1.706859054  
1.652474796  
2.090111499  
2.238904381  
2.24531495  
2.359209931  
2.710434125  
3.054432103  
2.604843639  
2.32531464  
1.869575944  
1.4580044  
1.546426203  
1.610908235  
1.972060215  
1.692017705  
1.924549052  
1.575106204  
0.9871918807  
1.150376577  
1.305108997  
1.540098738  
1.501693257  
1.768329213  
1.592168645  
2.122657873  
2.141292143  
2.128916807  
2.316975789  
2.409222084  
2.322894848  
2.066402887  
1.833178829  
1.083436573  
0.7718873297  
0.7447848592  
0.7487723566  
0.9872412766  
0.8295643008  
0.9959179586  
1.19255625  
1.381173692  
1.743939506  
1.910256743  
1.502596548  
1.163666067  
1.080705958  
1.531131481  
1.200712324  
0.994429049  
1.13607872  
0.8148030806  
0.2825208421  
0.5109480469  
0.3306743785  
0.5131133551  
0.1488550187  
0.3486247511  
0.6725324775  
0.5560852499  
0.9059921148  
0.2977432228  
0.4631242904  
0.8797866506  
0.9267999666  
0.5277317662  
0.577937719  
0.6622215491  
0.4243371018  
0.1501619287  
0.1743543043  
0.5609641298  
0.4638163037  
0.1957270291  
0.5372078097  
0.7504288007  
1.017505815  
0.8469878809  
0.8419556087  
0.3848901223  
0.5162267672  
0.06881949276  
0.370860434  
0.3893687944  
0.6750299403  
0.5015419414  
0.4160997129  
0.1429548571  
0.0975414703  
0.3009488261  
-0.1551272385  
-0.5413568353  
-0.4197032833  
-0.6648921609  
-0.2321787844  
0.336348757  
0.1477355518  
0.2540285786  
0.1083345266  
0.6101405595  
0.5234033526  
0.3507997144  
0.616114632  
0.4988689326  
0.9218712173  
0.8855195707  
0.8250849217  
0.6643869365  
0.1918495265  
0.1296315789  
0.08019707561  
-0.002450676791  
-0.4852351002  
-0.5240478209  
-1.065275972  
-0.2541129201  
-0.134408364  
-0.1492891675  
-0.03497913888  
-0.2986205292  
-0.5278186243  
-0.3279698034  
-0.559481948  
-0.7448565277  
-0.759125955  
-0.9650514341  
-0.7605915403  
-0.4763849047  
-0.2144678714  
0.281522444  
0.5821412155  
0.3482306907  
0.3466444257  
0.2199709608  
0.5157089195  
0.4655319093  
0.428651046  
0.2393790384  
0.3540164833  
0.4704447575  
0.2677407091  
-0.3090363222  
-0.5833846957  
-0.1296474688  
-0.1577216057  
0.1789797477  
-0.04287344244  
0.3400210536  
0.01226253505  
0.2770844694  
-0.428683459  
-0.3135327379  
-0.1101049372  
-0.4593931369  
-0.3474414983  
0.1067595047  
0.08006819044  
-0.05906917808  
-0.009513494017  
0.1323858935  
0.03605930459  
-0.1955684723  
0.07748959389  
0.7839195292  
0.5343962507  
0.2844983284  
0.4596413804  
0.356635959  
-0.1401973537  
0.1033941813  
-0.1524647171  
-0.4292666489  
-0.6428236465  
-0.5973465867  
-0.08169112734  
-0.06963521556  
0.1859202996  
0.3314132319  
0.4553495329  
0.5192602721  
0.1440306599  
0.06958905534  
0.2937060829  
0.4729339945  
0.4099617272  
0.2424095957  
0.2350497253  
0.2000121983  
0.2063109214  
0.3365981738  
-0.2332271371  
0.1231431903  
0.07495106823  
0.1169948365  
0.02062865259  
0.1873607551  
0.0969302293  
0.2246672863  
0.4356516617  
0.2548256869  
0.3099407702  
-0.02542645042  
0.09796919155  
-0.0490154915  
-0.5246692705  
-0.5486292366  
-0.4748990054  
-0.6107388  
-1.084271209  
-0.8152335591  
-1.112341596  
-0.5677547108  
-0.4060313339  
-0.435984712  
-0.2672516435  
-0.637492407  
-0.7030814256  
-0.9775236113  
-1.277959791  
-1.323666311  
-1.265582706  
-1.417979553  
-1.187741201  
-0.9092617193  
-1.13664997  
-1.210700096  
-0.8508726574  
-0.8694486721  
-1.160396903  
-1.176847493  
-0.3978481979  
-0.3025250245  
-0.5533194385  
-0.3001662224  
-0.349050346  
-0.07116719634  
-0.008008947229  
-0.329580723  
-0.2873418019  
0.3439688882  
0.1324123841  
0.1529027096  
0.1455677012  
0.4014681042  
0.172935097  
0.1607935475  
0.1105216034  
-0.03189901475  
-0.1285033227  
0.1525568393  
0.1206571938  
0.6782746474  
0.1784877341  
0.08238824649  
0.004740490361  
0.2501136419  
0.2973537911  
-0.1048582249  
-0.1205319314  
-0.2228987662  
-0.3559325519  
-0.1596575032  
-0.1449350998  
-0.2956994806  
-0.967374608  
-1.335986284  
-1.16143555  
-0.6831751207  
0.5929089801  
0.8859742801  
0.03630527839  
-0.5447207129  
-0.9058290485  
-1.514408218  
-1.169214548  
-1.136814937  
-1.269094112  
-1.256908322  
-0.5735119506  
-0.367926092  
-0.2342040083  
-0.4169598497  
-0.5932433466  
-1.110696015  
-1.141885344  
-0.9108026139  
-0.4135575063  
-0.3036818809  
-0.499157293  
-0.4966793501  
-0.2807473688  
-0.194546096  
-0.211717603  
-0.2751319903  
-0.4410742394  
-0.108852936  
0.1563700467  
0.160008344  
-0.009474768741  
-0.2108580389  
0.1905510013  
0.4765206495  
-0.1262765672  
-0.1302451005  
-0.511840505  
-0.9285373411  
-1.367099234  
-0.821291073  
-0.5031421516  
-0.280274902  
-0.07495899302  
-0.3790586863  
-0.2216445024  
-0.6857321216  
-0.6661627482  
-0.9414809282  
-0.5625811969  
-0.5213391749  
-0.867604741  
-0.3653467947  
-0.1535635634  
-0.3925577038  
-0.7134422869  
-0.6243010342  
-0.6598022632  
-0.6183184452  
-0.6619935173  
-0.3358980876  
0.2435018396  
0.4459015064  
-0.2402149813  
-0.2978928502  
-0.6350265224  
-0.6075350301  
-0.9584711143  
-1.004351247  
-1.007922378  
-0.810380873  
-0.9089733888  
-0.5534612946  
-0.8194414858  
-1.177549937  
-1.284178754  
-1.391622418  
-1.350581579  
-1.454381684  
-1.264796321  
-1.279128664  
-0.6642454193  
-0.735574261  
-1.18448582  
-1.244715508  
-1.193634059  
-1.22809148  
-0.8602943768  
-0.8054897968  
-0.8887577778  
-0.7294851654  
-0.9488895683  
-0.8433511408  
-0.5286420019  
-0.4705310173  
-0.8972767584  
-0.8966665092  
-0.9599280694  
-1.000346951  
-0.8308527443  
-0.8325776823  
-0.9614538588  
-0.7465219929  
-0.5289105313  
-0.5528514933  
-0.3320849015  
-0.678958465  
-0.6318664305  
-0.4882130883  
0.07334383596  
0.0669076254  
-0.2055728519  
0.131193629  
-0.2585091016  
-0.4684058867  
-0.1849317952  
0.1187403124  
-0.09571319614  
-0.3525527729  
-0.08754723001  
0.03797786252  
0.03623528442  
0.1467954325  
0.2572802448  
0.207047488  
0.1603486933  
0.1509413248  
0.07598443156  
-0.09674874484  
-0.6440615555  
-0.4496187094  
-0.593438286  
-0.09236273465  
-0.0831133793  
-0.1761998172  
-0.229040551  
-0.6581506681  
-0.7037498358  
-0.2552604976  
-0.2920657164  
-0.02767574038  
0.3809727696  
-0.0134950942  
-0.04755122629  
0.1983665805  
0.2000937026  
0.1788907199  
-0.333473141  
-0.1805765398  
-0.5796010724  
-0.7728985549  
-0.619663391  
-0.2919518421  
-0.3056330549  
-0.3739157576  
-0.164236591  
-0.008070948155  
-0.1548741332  
-0.3944464304  
-0.2340778739  
0.02064297742  
-0.199439727  
-0.001718454326  
-0.03912888749  
0.2191515651  
-0.001891897051  
-0.484138403  
-0.6697001973  
-0.9275296693  
-0.635515713  
-0.3526971448  
-0.4439492215  
0.09215770314  
0.06809132916  
-0.1399727448  
-0.3025201958  
0.09008236927  
-0.1119775528  
-0.5868460961  
-0.8272782132  
