4964.390718  
4960.070666  
4940.520068  
4929.588426  
4919.616251  
4920.302709  
4919.802558  
4921.33322  
4928.198486  
4932.157648  
4932.102885  
4928.052229  
4921.34976  
4910.608445  
4910.298471  
4912.58424  
4912.967153  
4923.314228  
4921.997735  
4919.108112  
4921.263728  
4928.066912  
4928.966981  
4935.451464  
4939.48622  
4939.989698  
4935.621996  
4932.124653  
4934.531866  
4934.598797  
4921.171799  
4918.095361  
4915.943841  
4921.572468  
4917.822633  
4918.686387  
4924.683939  
4918.589422  
4914.59809  
4905.184451  
4904.789053  
4922.657876  
4931.68819  
4939.028754  
4947.165225  
4948.767125  
4934.878027  
4930.996305  
4923.377041  
4934.065645  
4926.77175  
4927.547678  
4922.548701  
4931.136884  
4929.878501  
4928.62925  
4936.114236  
4941.085458  
4954.918576  
4949.582734  
4943.28814  
4935.730919  
4930.615413  
4929.631464  
4924.120003  
4914.658373  
4923.480805  
4920.819376  
4926.282101  
4930.368723  
4932.54646  
4923.509688  
4917.277534  
4914.160286  
4914.821344  
4914.888121  
4916.092556  
4921.969657  
4928.534137  
4935.812901  
4928.923868  
4935.61242  
4936.090727  
4932.264124  
4924.934558  
4923.313659  
4912.546559  
4915.589443  
4912.045838  
4916.443653  
4919.028755  
4922.63309  
4932.736436  
4933.292301  
4943.641625  
4943.222954  
4943.577747  
4942.76614  
4935.93226  
4938.464968  
4936.345814  
4938.689309  
4931.635579  
4926.73172  
4928.006846  
4929.578476  
4923.986145  
4928.621529  
4935.403328  
4935.384903  
4926.208663  
4928.447541  
4935.603725  
4933.053993  
4929.134556  
4927.79785  
4925.373374  
4923.518257  
4920.293089  
4917.869303  
4918.183999  
4915.927498  
4910.073962  
4911.236385  
4919.51068  
4922.41048  
4919.885838  
4919.732295  
4918.874367  
4924.032325  
4916.235446  
4916.504762  
4918.314404  
4920.711747  
4912.686828  
4913.712461  
4920.423172  
4918.942896  
4919.037618  
4921.532984  
4921.788427  
4912.637428  
4914.174104  
4915.949923  
4917.311841  
4915.946818  
4911.502043  
4912.819387  
4913.724832  
4916.530848  
4923.606646  
4929.319143  
4934.433192  
4922.214734  
4925.813883  
4934.073746  
4938.189421  
4936.565515  
4934.104716  
4931.628611  
4933.0771  
4927.413292  
4928.973791  
4937.457499  
4934.93955  
4929.210584  
4929.657293  
4932.261862  
4931.159055  
4932.54509  
4934.956537  
4933.690831  
4928.44161  
4917.474343  
4915.801427  
4909.011209  
4910.834584  
4914.195691  
4920.919618  
4915.555948  
4920.775441  
4922.404993  
4927.289665  
4922.998076  
4921.159931  
4920.684902  
4913.331573  
4908.688012  
4914.292042  
4918.688065  
4919.873201  
4916.006234  
4917.051259  
4918.78779  
4912.899035  
4906.269062  
4913.636476  
4920.430676  
4912.27372  
4919.25968  
4918.329037  
4911.458318  
4919.731674  
4921.80616  
4919.01221  
4928.497833  
4920.152251  
4907.696195  
4901.481066  
4900.459745  
4909.397504  
4910.908894  
4921.684267  
4931.557314  
4928.035951  
4928.21271  
4935.703346  
4931.967376  
4916.410437  
4913.411389  
4908.352067  
4912.675107  
4911.256751  
4921.56679  
4922.835115  
4920.391703  
4911.989269  
4919.97813  
4918.329707  
4916.495437  
4912.921519  
4911.409679  
4912.417201  
4913.059987  
4920.458149  
4925.604296  
4918.024922  
4912.315144  
4921.104645  
4919.136914  
4910.438467  
4918.566768  
4919.025686  
4911.059364  
4917.072181  
4921.914316  
4923.101788  
4913.527377  
4902.683146  
4903.061743  
4914.891338  
4924.511633  
4924.27148  
4917.881682  
4913.935087  
4908.63357  
4905.080581  
4909.687374  
4913.692229  
4919.423452  
4912.209142  
4920.080833  
4921.7245  
4920.134819  
4914.959839  
4927.01214  
4924.797491  
4918.336189  
4916.240638  
4913.690667  
4917.730581  
4914.804295  
4917.740717  
4930.74464  
4943.279517  
4942.727318  
4944.576593  
4950.818563  
4951.477694  
4938.606001  
4932.089204  
4939.64094  
4932.986856  
4920.908222  
4932.775932  
4936.100199  
4946.044834  
4953.50364  
4957.923361  
4966.673123  
4959.466966  
4959.20588  
4952.920001  
4949.193196  
4940.535186  
4929.777679  
4934.442742  
4927.181335  
4924.870199  
4929.28297  
4932.164983  
4932.347519  
4936.314355  
4946.013715  
4948.352626  
4935.896891  
4940.586065  
4945.566505  
4942.58399  
4929.921856  
4931.980967  
4929.250206  
4935.208844  
4932.323154  
4941.212694  
4944.206731  
4939.446935  
4937.274203  
4944.654243  
4950.959663  
4954.835575  
4949.277687  
4959.53039  
4957.763343  
4942.357141  
4947.911818  
4944.219976  
4942.731524  
4931.977324  
4940.043384  
4946.268637  
4943.387411  
4937.969005  
4948.435771  
4938.074506  
4934.237034  
4935.260575  
4936.04624  
4943.305351  
4934.671304  
4933.541437  
4936.513925  
4939.286927  
4944.35625  
4949.439531  
4956.852188  
4963.186958  
4971.92467  
4957.414967  
4960.871735  
4955.338064  
4950.02201  
4956.258923  
4963.037977  
4952.993374  
4941.535668  
4929.089807  
4934.233499  
4933.791803  
4938.688072  
4955.260074  
4963.212988  
4968.753073  
4964.445686  
4956.09426  
4956.457005  
4939.546043  
4927.917795  
4938.275166  
4947.707687  
4948.332071  
4948.85534  
4951.909488  
4952.322853  
4946.467496  
4944.227798  
4941.507245  
4936.169473  
4933.571618  
4930.16751  
4933.055115  
4925.718451  
4927.853086  
4929.491374  
4932.672157  
4935.431154  
4938.502683  
4942.372904  
4948.390363  
4949.633467  
4953.929722  
4951.499426  
4935.622375  
4931.838823  
4936.480702  
4941.458854  
4942.530905  
4947.876882  
4948.691208  
4952.647112  
4950.615767  
4940.247667  
4938.345628  
4936.682783  
4935.477405  
4932.844047  
4941.381654  
4946.898183  
4938.069786  
4947.377595  
4948.181988  
4957.300361  
4948.153087  
4953.463087  
4956.883233  
4944.699635  
4941.304524  
4937.727929  
4921.025915  
4925.442654  
4936.434048  
4935.714758  
4935.356229  
4935.05802  
4933.73969  
4934.271071  
4927.145487  
4937.545237  
4928.376776  
4925.873441  
4924.041373  
4930.671896  
4930.898012  
4928.314536  
4931.156903  
4937.07923  
4939.801847  
4936.924147  
4943.459777  
4940.218661  
4933.998661  
4924.528034  
4919.85873  
4932.916702  
4945.23353  
4950.64308  
4955.20399  
4952.071559  
4944.642525  
4940.302142  
4935.166993  
4946.089763  
4949.09021  
4954.573266  
4952.226345  
4956.078011  
4953.680421  
4944.084937  
4938.015904  
4934.477416  
4926.688414  
4930.772814  
4942.469928  
4943.968124  
4947.863635  
4952.5106  
4957.777052  
4947.241041  
4937.062984  
4919.110477  
4923.359758  
4922.959444  
4935.100076  
4930.574427  
4920.213503  
4916.770088  
4921.068684  
4917.57795  
4916.21947  
4923.778115  
4923.728602  
4926.363167  
4928.691617  
4936.212716  
4932.419309  
4934.158132  
4924.328287  
4928.241965  
4926.65943  
4932.69654  
4928.32838  
4934.51267  
4944.954072  
4943.763498  
4940.589438  
4944.67367  
4937.041684  
4924.419852  
4927.172431  
4930.594073  
4933.918627  
4934.64563  
4934.25645  
4938.002325  
4927.968643  
4923.836189  
4927.511744  
4933.441106  
4938.320846  
4935.336757  
4926.672987  
4934.436485  
4931.729798  
4933.703414  
4939.526922  
4945.667135  
4947.559631  
4951.440222  
4959.593878  
4969.699538  
4962.161582  
4947.865745  
4948.455608  
4944.586596  
4940.669768  
4940.521117  
4956.239379  
4952.534118  
4954.220277  
4953.492668  
4957.231668  
4954.783055  
4946.304956  
4950.099029  
4958.853918  
4953.853211  
4953.098495  
4958.54093  
4951.241606  
4955.398674  
4967.535368  
4965.421995  
4970.456495  
4980.995301  
4989.526733  
4978.600058  
4975.839228  
4977.996358  
4974.14961  
4960.098119  
4953.451033  
4949.463136  
4957.707627  
4954.746148  
4951.111464  
4956.652495  
4964.228779  
4956.318481  
4963.858538  
4957.791583  
4963.805016  
4962.019086  
4958.243838  
4966.644712  
4971.50332  
4964.899504  
4953.962888  
4956.091891  
4960.075935  
4958.029733  
4954.829067  
4954.794953  
4962.288417  
4960.532301  
4959.468016  
4962.043339  
4953.582125  
4961.665497  
4957.518702  
4961.810544  
4958.67986  
4953.473004  
4955.878865  
4959.703242  
4956.216479  
4956.100657  
4958.473292  
4954.307148  
4956.007158  
4951.757057  
4961.103462  
4964.558728  
4957.230145  
4944.86344  
4946.750399  
4948.549061  
4953.868824  
4956.795662  
4960.880451  
4958.406857  
