1.412755842  
0.8946124058  
0.5596909813  
0.6842054551  
0.5130902299  
0.8793949927  
0.8800729709  
0.111488784  
0.1918847854  
0.4401528648  
0.08875820321  
0.323969035  
0.2363470137  
0.3683006274  
-0.2508079102  
-0.132946875  
-0.4958556466  
-0.1966220969  
0.3417444095  
-0.6282888371  
0.2734372558  
0.04055920761  
-0.2573872613  
-0.3241258566  
-0.3378759007  
0.2004118855  
-0.1063423813  
-0.1299637255  
-0.2099693884  
-0.3172125745  
-0.9434146413  
-1.151441269  
-0.3899919642  
-0.2124244092  
-0.2339757  
-0.1046083109  
0.085640443  
-0.1718840405  
-0.1666843837  
-0.5218275799  
-0.8035880816  
-0.4312012448  
-0.02891057324  
-0.3814665316  
-0.1644655185  
-0.2276271076  
0.1772677816  
-0.08646716951  
-0.2243604189  
-0.06088162263  
-0.5021210027  
0.04211130793  
-0.7354020774  
0.030996745  
-0.08372158527  
0.1030891908  
0.1025537554  
0.386564689  
0.3123514812  
0.01936479336  
-0.3096180717  
-0.3193131992  
-0.8026941973  
-0.2455937931  
-0.08712256726  
-0.5189655176  
-0.02683910017  
0.3869683905  
0.07688860858  
0.261178383  
0.2246443417  
-0.4756436823  
-0.008438486649  
-0.8675315204  
0.03885272562  
-0.4124268154  
-0.1769864487  
0.03504867898  
0.004093682938  
0.2257286996  
0.1134818379  
0.1619260143  
-0.06767101466  
-0.3900100143  
-0.4084243876  
-0.05612115108  
0.2743211254  
-0.5697970509  
-0.2153787924  
-0.4107152862  
-1.04667034  
-0.5619563545  
-0.8117785205  
-0.2651388257  
-0.07216238542  
-0.5633757278  
-0.6031882306  
-0.305498252  
-0.9649642221  
0.011785504  
0.2957263048  
0.1273035705  
-0.06296626209  
-0.8014413585  
-0.6547867439  
-0.4051421739  
-0.2906391013  
-0.3748819172  
-0.5341900579  
-0.6343958193  
-0.6597850229  
-0.4377186358  
-0.7821103226  
0.314588378  
-0.5257660304  
0.2078375823  
-0.4047069002  
-0.3170043481  
-0.4681769533  
-0.1733469603  
-0.7916318629  
-0.1730112921  
-0.2768871372  
-0.7507415331  
-0.7136628584  
-0.8971711105  
-0.5793104518  
-0.6924212137  
-0.04468625396  
0.1255475876  
0.0332851773  
-0.5528842133  
-0.3876352525  
-0.2444082609  
-0.5607823851  
-0.7488595437  
-0.001431570223  
-0.3314827074  
-0.303639313  
-0.06550925418  
0.1702388084  
-0.5205514208  
-0.01014931465  
-0.372539659  
0.09701006674  
0.1721032692  
-0.9668569958  
-0.5352636072  
-0.1482049435  
0.0114872406  
-0.1062196315  
0.8705286045  
0.8614841647  
0.552121069  
-0.05491081214  
-0.08114911416  
-0.7462381465  
-0.6615148108  
-0.595727652  
-0.7766930828  
-0.35131886  
-0.6535715783  
-0.6669790786  
-0.2318429504  
-0.1035535445  
-0.5667029008  
-0.4342775836  
0.2092665711  
-0.3162491626  
-0.8927502167  
-0.5090425674  
-0.1493808571  
-0.2614855116  
-0.6576228203  
-0.1913850751  
-0.7959313844  
-0.337808324  
-0.4286813358  
0.409712731  
0.584179668  
0.4891281487  
0.6967392661  
0.5965630602  
0.7251429451  
0.2451362914  
0.2939255832  
-0.5055069414  
-0.5191180491  
0.3854580885  
-0.004523445098  
-0.1199036972  
0.2865778303  
0.8963175977  
0.250943883  
-0.07550546896  
0.06391043834  
-0.1722096109  
-0.616777739  
-0.3203476335  
-0.9741264984  
-0.8904943168  
-0.5865050936  
0.4202649988  
-0.2896202499  
-0.2983266184  
0.06444722187  
-0.7436320753  
-0.8366466365  
-1.189592298  
-0.3908163223  
-0.5752659139  
-0.4302742465  
-0.0004003976004  
0.04309568033  
0.5327588982  
-0.6339597396  
0.243480077  
-0.02430346763  
0.5517641686  
0.4130273991  
0.106654651  
-0.3689498696  
-0.3403906203  
-0.3095928064  
0.2361600023  
-0.3883768155  
-0.2139289771  
-0.06052989804  
-0.06820041372  
-0.2640043013  
0.1989343814  
0.2809403747  
0.1874246554  
-0.3384724233  
-0.6285490043  
-0.3258078631  
-0.5530953288  
-0.1399656019  
-0.005485059795  
-0.05447954305  
-0.6773778555  
-0.1616409696  
0.2226806528  
-0.4265098738  
-0.2796784038  
0.1196601557  
0.1264385525  
0.2021122119  
0.1658308309  
-0.1207821705  
0.1330353815  
0.1706203622  
0.5487275514  
0.3962921038  
0.4699643691  
0.4831089632  
0.5325849843  
0.7588062442  
0.8299706486  
0.6167378511  
0.2201218185  
-0.04495232206  
0.1450543947  
-0.1072861757  
0.2766110434  
0.6030597389  
0.3695950861  
0.2183025006  
0.2331687358  
0.4556131222  
0.1156061032  
0.1318411234  
-0.04321455457  
0.3460716811  
-0.1069896038  
-0.06809922445  
-0.1548357574  
0.02539022005  
-0.5241761484  
-0.933620675  
-0.8678948552  
-0.08887694908  
-0.447603574  
-0.390894601  
-0.2017845713  
0.0151992215  
-0.9525557458  
-0.5711258017  
0.2347321397  
0.5238154672  
-0.06237821565  
-0.2372592644  
0.09761249227  
0.7089115276  
0.2172107919  
0.3857669679  
-0.3261506758  
0.07385320567  
-0.4520741861  
-0.5446803083  
-0.2595899584  
-0.6990814766  
-0.1348271658  
0.2085313293  
0.5186403549  
-0.06372772283  
0.4786504345  
0.5216930776  
0.1610332602  
0.1182644655  
0.1933832785  
0.540501037  
0.2320210516  
0.2347287547  
-0.1373309585  
0.03437660405  
0.05481805366  
0.04371526375  
0.07883602121  
0.7332409842  
0.2491037712  
0.2350897075  
0.6928227047  
1.103364117  
0.1241970911  
0.4889579368  
0.1132908934  
-0.4704459461  
-0.230205923  
-0.5468452569  
-0.08755909295  
0.4027930391  
0.5548851254  
0.872011134  
0.7345314336  
0.5414290027  
-0.3261389555  
0.4761259367  
0.3082038019  
0.2049382081  
0.3903252461  
0.4682889296  
0.3653461352  
0.4061270576  
0.5092992042  
0.2043013959  
0.3843562533  
0.3655529703  
0.6677686389  
0.8085440596  
0.3471755151  
-0.3227043737  
-0.6442300248  
0.09852550582  
-0.1285633183  
-0.3283755694  
-0.2016942214  
-0.01009513826  
0.01514319597  
0.1013072312  
0.2382206873  
0.6300284947  
0.471904101  
0.3388567721  
0.5599358854  
0.8941661989  
0.03418685224  
-0.2209608907  
-0.3839974124  
0.07226670205  
0.604529976  
0.4020699691  
1.352906596  
0.7951105558  
0.562677529  
0.5200899983  
0.4847693323  
0.7628516805  
0.8224197202  
-0.2477584088  
-0.7846919529  
-0.2119221732  
-0.1202929125  
-0.1310372827  
-0.462378997  
-0.4792971909  
-0.04249159275  
-0.1662496647  
-0.4162280114  
0.2051097753  
0.6571684581  
0.4243240009  
0.4219418798  
0.2651352998  
0.508160578  
0.3036116147  
-0.0112476528  
0.1963329944  
1.02351844  
0.3328910552  
-0.06893253249  
-0.4534283423  
0.3009624178  
0.5360395718  
0.1513033062  
-0.2068674769  
0.687560275  
0.6084135005  
0.342435314  
0.6004686642  
0.725830027  
0.7180061867  
0.284749801  
0.517076463  
-0.09409624993  
-0.2167911437  
-0.2245340829  
-0.1906003129  
-0.04527712216  
-0.3127312792  
0.2802941782  
0.53995039  
0.08817600637  
-0.4853145237  
-0.3202871744  
-0.4255236299  
0.3623038024  
0.1302844013  
-0.1559528354  
-0.2832368526  
0.05671948731  
-0.4738645925  
-0.5470187822  
-0.04894647778  
-0.0743967077  
0.09680926773  
0.2709180488  
-0.03163132791  
0.318577615  
-0.5295777503  
-0.02448921545  
-0.7628353601  
-0.9063415217  
0.5371874554  
0.3530022925  
0.1609216568  
0.4558149562  
0.8846093439  
0.2991969224  
-0.3476934861  
0.07009380229  
-0.1630734709  
-0.288618346  
-0.03132342951  
-0.3635844938  
0.1026455331  
-0.3978745135  
0.003720807318  
0.3246685917  
0.7783618393  
0.1978632175  
0.06731320318  
0.3035635835  
0.2776059788  
-0.02481157508  
0.2307405248  
0.6904086754  
0.3753504486  
0.9520993614  
1.033530551  
0.4595469176  
0.1510011162  
0.7810143927  
-0.1294592824  
-0.9986330091  
-0.9030403316  
-0.5704792848  
-1.028106927  
-0.6221781108  
-0.4302527087  
-0.749132024  
-0.6132997648  
-0.3173151377  
-0.03661018377  
-0.4070255342  
-0.4669463894  
-0.2042685293  
0.2614249133  
-0.2319737507  
-0.6825240684  
0.01214305757  
0.2985135302  
-0.2555958417  
-0.4808593277  
0.40959256  
0.2758501913  
-0.1794312652  
-0.994232317  
-0.4007294696  
-0.5794899177  
-0.2878180224  
-0.3738190203  
0.1132155068  
-0.030648834  
-0.4064673738  
0.1891129556  
-0.389698117  
-0.4792366032  
-0.5765366558  
-0.5254729765  
0.4338126408  
0.3520965542  
0.1909215496  
-0.6013918526  
0.06837733107  
0.8789127484  
0.197674098  
-0.354840831  
-0.1756162828  
0.2279837356  
0.1172170597  
-0.02914290325  
0.8574983848  
-0.0101580772  
0.5070624962  
-0.03842334925  
0.9174504384  
1.067034773  
0.9722368438  
0.5474477086  
0.7272356392  
0.8722187987  
0.5521097421  
-0.02424766609  
0.5746909532  
0.3252894582  
-0.11830248  
-0.009262324457  
0.05655829974  
0.2585023602  
0.1901805092  
0.1542241984  
-0.27101389  
0.1624731148  
0.6778230026  
0.1592496917  
0.3856433253  
0.235069446  
0.7803488899  
0.2828205941  
-0.3547487779  
-0.4278845193  
-0.2065722661  
-0.5900604649  
-0.444426674  
-0.4289558279  
0.1386767883  
-0.2121493677  
0.0743620534  
0.4170498005  
0.4629189119  
0.6557823868  
0.3697702437  
-0.3393791803  
0.3100649901  
-0.04570468778  
-0.6507370626  
0.3262732905  
0.3361872882  
-0.02421477399  
0.2564389483  
0.460446383  
0.08768514744  
0.377835627  
0.8236499396  
1.078583939  
0.9791459032  
0.3161808214  
0.3179586749  
0.7954916922  
0.7921118166  
0.2295477169  
0.37584995  
0.8889978095  
0.3168676558  
0.2739603584  
0.02901617961  
-0.1720284424  
0.5048072591  
0.3512711599  
0.6210817975  
0.1351187892  
0.4103630283  
0.2518654319  
0.07689965436  
0.2385949013  
-0.7762286717  
-0.8599680524  
0.2991035325  
-0.3074079474  
0.3577475125  
0.3986621616  
-0.07997513706  
0.2622359235  
-0.3214376129  
0.2014893078  
-0.2595413608  
-0.2550509592  
-0.1115149341  
-0.3000702021  
-0.3273589662  
-0.1476794272  
-0.4394514723  
-0.4968049987  
-0.7004735453  
-0.3975107657  
0.2851289072  
0.03529785334  
-0.1059893374  
-0.3488001771  
-0.03406410451  
0.1465849736  
0.08187174495  
-0.03513331928  
-0.5279292772  
-0.2933901456  
-0.2053410802  
-0.513020807  
-0.5760908423  
-0.4461086311  
0.03365698204  
-0.4607345377  
-0.4766523997  
-0.1227830865  
-0.2910774259  
-0.6123537253  
-0.6623473783  
-0.5691385828  
-0.1926871165  
-1.166064241  
-0.141824863  
-0.3365745395  
-0.1421071753  
-0.1185274607  
-0.4031219419  
-0.6459175284  
-0.09370270182  
0.1822652683  
-0.4552015897  
-0.3746119013  
-0.6506870889  
-0.7944399911  
-1.315798161  
-0.9478172444  
-0.2205219131  
-0.6483285539  
-0.3597423452  
-0.1969691745  
-0.1478056516  
-0.4014666789  
-0.1988495897  
-0.7420175321  
-0.1754666618  
-0.3738789284  
-0.3568524885  
-0.3738710953  
-0.6412855935  
-0.6829703245  
-0.8642415936  
-0.7852869293  
-0.4635083821  
-0.4360232373  
-0.5166317644  
-0.41296517  
0.0138487816  
0.07232323272  
-0.5021948119  
-0.5645451645  
-0.3582135176  
-0.3962284558  
-0.8423133031  
-0.841817823  
-0.8499991702  
-0.6066666476  
-0.1771780243  
-0.7509969714  
-0.2499209388  
-0.1026071459  
0.1138405978  
0.1836021519  
-0.1941354781  
-0.3172687878  
-0.6912981406  
-0.3152299171  
-1.239381008  
-0.7279419132  
-1.10410164  
0.03475543406  
-0.3951526849  
0.6549854617  
-0.2578680041  
-0.2558459204  
-0.5979028113  
-0.335495964  
0.0322506957  
-0.05489650687  
-0.2598606309  
-0.3546720803  
-0.421732843  
-0.186478835  
0.03141631783  
-0.1699233172  
0.2818215324  
-0.4756003783  
0.2087807331  
-1.084987924  
-0.9683141794  
-0.5073198627  
-0.8191058243  
0.2147349373  
-0.1612219915  
-0.1733604054  
-0.2865201568  
-0.2459929019  
0.1519651392  
-0.2851292059  
-0.02795214958  
-0.0274317587  
0.06178670284  
0.07711081167  
0.2469935516  
0.393114816  
0.764735741  
0.1075241799  
-0.0213195557  
0.4142514835  
0.7685659346  
0.3741439973  
0.6374713684  
0.4928158019  
0.5456713732  
0.729671759  
-0.1238620982  
0.1402589937  
0.5529556946  
-0.08608164423  
0.2862372542  
0.1220003877  
0.5965529174  
0.851478277  
0.7743973105  
1.054023394  
0.8197223644  
0.7422617008  
0.789999688  
0.8277703791  
0.4592940199  
0.664261541  
1.338713336  
1.578864399  
1.564074701  
1.587029487  
1.484427195  
0.8255417365  
0.663093075  
0.5427558309  
0.04230808108  
0.5034086724  
0.453070791  
0.5857668534  
0.4100229896  
0.6464526412  
0.4979420345  
0.4219063571  
1.424343365  
1.506264536  
1.389100887  
1.460309169  
0.6587417626  
0.7880969971  
1.375942973  
0.2729098775  
0.6042675658  
0.4304396655  
0.4310835478  
0.6511589273  
0.2627456047  
-0.09966036412  
-0.4039691732  
0.1037495825  
0.6315871085  
0.01269704849  
0.2804830985  
-0.0303383535  
0.5695811116  
1.027266142  
1.111906959  
0.6436745138  
0.4805541327  
0.8083126358  
0.7804692365  
0.5457824972  
0.1953889575  
0.07906071628  
-0.2654391908  
-0.1185866203  
0.6842919713  
-0.2675763643  
0.4193029708  
0.3407939516  
0.0300870227  
-0.1011973154  
-0.3782031256  
-0.2766949392  
-0.2816597039  
0.07323879064  
0.4576881407  
-0.06174206248  
-0.001721481552  
-0.1177112195  
0.348029868  
-0.1418427855  
-0.4615512992  
-0.705036006  
-0.1511125862  
-0.2837453565  
-0.5443542385  
0.09944450262  
-0.2079266043  
-0.09803932075  
-0.3341582036  
-0.3276217226  
-0.4934175062  
-0.2659657882  
-0.386034984  
0.02762991336  
-0.3217342571  
-0.05070680121  
-0.3363842648  
-0.2454730406  
-0.4243327733  
-0.21688345  
-0.0140318376  
0.08898625647  
0.2987944581  
-0.1668915762  
-0.5225002918  
-0.3439057657  
-0.2497983657  
-0.02913996551  
-0.01479086813  
0.02186338597  
0.3376384351  
-0.2516491094  
0.2196672915  
-0.2435469793  
-0.4742639422  
-0.4007182107  
0.01574341881  
-0.4155429495  
-0.4350968884  
-0.6601367372  
0.4730538588  
-0.003639967955  
-0.2791292024  
-0.04351964297  
-0.7611558014  
-0.1390392655  
-0.1323752488  
0.05123925723  
-0.04073314955  
0.05324278902  
-0.3369580214  
-0.6130055065  
-0.4106672799  
-0.2728660069  
-0.3994558278  
-0.4907467848  
-0.4688219452  
-0.3238057015  
-0.3370832435  
-0.1817389007  
-0.01040904659  
-0.1990536999  
-0.4909516084  
0.166860024  
-0.2138547076  
-0.1554665492  
0.2886337461  
0.1731483665  
0.4089671126  
-0.2819669279  
0.5876826027  
0.04272514547  
-0.2252069509  
0.1750777052  
-0.09736505076  
0.3960061644  
0.0175446024  
0.2904806259  
-0.0167737705  
-0.08221117662  
-0.1936192606  
0.00120764028  
-0.2078885642  
0.3523045251  
-0.09499376905  
0.03268735268  
0.2107822295  
-0.1549796538  
-0.1523541256  
-0.2249354904  
0.4460128025  
0.4516538128  
0.3428984404  
0.5249028385  
0.4639507034  
0.09368667547  
0.04542075678  
0.08910253035  
0.1077507241  
-0.249209612  
-0.3587135461  
0.3893242606  
0.04461696723  
0.02698870189  
-0.6643362745  
-0.3453940015  
-0.0418040974  
-0.29868647  
-0.2407000975  
-0.2936555057  
-0.3952615233  
-0.574066343  
0.1805436853  
0.3014501478  
-0.06735939444  
0.006145370426  
0.0461563416  
0.1036520532  
0.0105368154  
0.3709914803  
0.3115910023  
0.3953211107  
0.4952984669  
0.2284304438  
0.1171338627  
-0.04047497147  
0.3026528646  
0.143887162  
0.0880908278  
1.015685306  
0.4837650681  
0.04845426315  
0.3916616435  
-0.1263538423  
0.2364821571  
-0.1578483575  
-0.7438174806  
-0.2347763072  
-0.6229143837  
-0.9405571351  
-0.9662295166  
0.1735211705  
0.04669988973  
-0.1947528143  
0.05357756888  
0.2336917432  
-0.465556033  
-0.07215558188  
-0.03701792444  
-0.5723505972  
-0.1866822683  
-0.516058741  
-0.5319625733  
-0.5385492177  
-0.5366146532  
-0.8387817901  
-0.467036308  
-0.5431695831  
-0.09949281094  
-0.2385298292  
-0.6256144731  
0.2342918365  
-0.02246170386  
0.04705353481  
-0.2375397132  
-0.1452759455  
-0.4985629882  
-0.2346375501  
0.07530552402  
-0.4138877974  
0.01445349172  
-0.03168508603  
0.374206293  
-0.05426154898  
0.2602601023  
0.1092043083  
-0.1372745223  
0.1267550714  
0.2802475538  
-0.2404492536  
-0.1244094454  
0.1716196149  
-0.2003139758  
-0.3507297044  
-0.3266200318  
0.5049562862  
0.2341817124  
0.298225946  
-0.2805573736  
0.488577026  
-0.1555149339  
-0.01663026301  
-0.4948168932  
-0.4095857959  
-0.3296590141  
0.4382957642  
-0.3352167317  
-0.08866878794  
0.07440636908  
0.9129827948  
0.617175806  
-0.05004547978  
-0.1191713142  
0.1191995058  
0.6198387431  
0.2935213533  
0.00819258979  
0.2164248262  
0.07450384136  
-0.05748561695  
0.647069242  
-0.0745482483  
0.5107802754  
0.4086321479  
-0.00855900011  
0.1786843447  
0.07615675785  
-0.3373309347  
-0.1998491262  
-0.4567099017  
-0.4199627479  
-0.4832450783  
-0.06738238444  
-0.4160624545  
-0.5400677172  
-0.2055824893  
-0.3693320813  
-0.09837593264  
-0.1543709117  
0.5487307248  
0.2073160076  
0.1886536643  
0.2795389004  
0.05324513118  
-0.4379465882  
-0.4084946291  
-0.5877103813  
-0.4117874845  
0.01885018968  
-0.1738339078  
-0.2680596279  
-0.2394580911  
0.006423768038  
0.07266306629  
-0.3454763103  
-0.2528679372  
-0.1565597804  
-0.3160544126  
-0.1738259352  
-0.3300219003  
-0.4844528978  
0.0148157105  
-0.1379777833  
-0.1480931707  
-0.04901059647  
0.7498314963  
0.5970425279  
-0.06220759403  
0.4313233748  
0.7037442856  
0.3566922009  
0.3461182759  
0.5111647121  
0.263199973  
0.08700572258  
0.5970042763  
0.5584767449  
0.5422007707  
-0.371879586  
0.01199406122  
0.1540032555  
0.5191642324  
0.0690290822  
-0.02950952006  
0.1966895108  
-0.4680659233  
-0.5526643206  
-0.4112615692  
-0.1826301124  
-0.2820775917  
0.059686113  
0.1337377584  
0.09998891628  
0.507680333  
0.03820952703  
0.0386388888  
0.1566451155  
-0.1915275726  
-0.2988815324  
-0.3650665278  
0.002892558304  
-0.00582291781  
-0.3273343516  
-0.1407515378  
0.4373187559  
-0.01203340063  
0.1868934695  
0.3383958281  
-0.2715516002  
-0.755354809  
-0.05387462256  
-0.6679926072  
-0.0402319676  
0.1832019605  
-0.09969899303  
0.2300558527  
-0.1281372301  
-0.1059838307  
0.03508337902  
0.1835447997  
-0.2679199341  
0.03096952923  
-0.3959282523  
0.01051138421  
0.2064773381  
0.4793147797  
0.4693233115  
0.1851429213  
0.8605692548  
0.3464819285  
0.256217941  
0.5681526229  
0.3820147481  
0.783730419  
0.5099102576  
0.4270416874  
0.05079730098  
-0.2228864046  
-0.270787675  
-0.3569257785  
-0.1059991612  
-0.05919727262  
0.4243383679  
0.2121723011  
-0.09727617001  
-0.5205527425  
-0.2074920765  
-0.1881954386  
0.04569573196  
0.1864440312  
-0.06137170042  
0.1877801683  
0.4688515767  
0.4384440547  
0.2531152235  
-0.2403296925  
0.123133069  
-0.1527282634  
0.000127596163  
0.3870847023  
0.1734292906  
0.2598424095  
0.1866996417  
0.1262109069  
0.5629174465  
-0.02505958532  
0.3756981114  
0.4146120296  
1.042648374  
0.9184362058  
1.021578695  
1.043185461  
0.8544619572  
0.2917343313  
0.0003377339046  
0.362079251  
0.5500581724  
0.5845220413  
0.61584086  
0.5568277135  
0.08622046305  
0.2249417818  
-0.1322518944  
-0.131952091  
-0.2894984075  
0.329290736  
0.2117699885  
0.2955022665  
