4418.936156  
4408.318072  
4400.459392  
4406.705934  
4387.709348  
4386.637014  
4389.265625  
4393.665053  
4390.298611  
4393.795771  
4390.080279  
4393.791764  
4385.266242  
4381.27374  
4373.858444  
4372.571733  
4370.207775  
4370.752079  
4376.425071  
4375.004976  
4370.76889  
4379.910542  
4369.198652  
4375.059409  
4373.963921  
4379.210984  
4387.326452  
4391.791601  
4394.832965  
4391.934759  
4389.88435  
4377.920972  
4378.589833  
4376.406507  
4380.313571  
4380.842896  
4384.649801  
4378.965664  
4389.074907  
4385.685387  
4381.362144  
4379.104254  
4374.291477  
4371.144784  
4372.119189  
4376.995373  
4383.098228  
4370.555483  
4368.566559  
4366.045612  
4370.048171  
4371.469087  
4366.763271  
4379.223857  
4375.786195  
4371.552311  
4369.287326  
4376.948322  
4372.665756  
4378.009395  
4383.5691  
4379.115603  
4379.428404  
4372.612236  
4376.323594  
4372.924604  
4378.340992  
4366.457816  
4369.760532  
4366.925011  
4365.286272  
4367.111231  
4380.649223  
4378.196457  
4372.716776  
4380.572215  
4374.436639  
4369.522883  
4368.952806  
4372.439232  
4373.276998  
4360.384596  
4369.319968  
4369.080621  
4390.142799  
4381.742131  
4387.615661  
4397.830432  
4400.679999  
4391.594618  
4389.016997  
4388.461263  
4383.464117  
4384.451695  
4382.270242  
4387.735567  
4391.855978  
4379.377952  
4366.199555  
4381.691045  
4376.865983  
4374.685608  
4375.377003  
4371.810012  
4369.908201  
4377.249982  
4392.724282  
4397.141887  
4407.224744  
4417.480437  
4426.800773  
4442.234166  
4426.167338  
4423.474003  
4398.533833  
4392.196197  
4397.232396  
4399.075779  
4418.054873  
4416.50756  
4413.172357  
4390.351091  
4382.900455  
4384.940969  
4378.444294  
4371.495984  
4377.228489  
4387.993476  
4389.894206  
4393.900314  
4395.962743  
4403.501519  
4403.307157  
4403.309022  
4399.987794  
4403.174212  
4404.592207  
4407.476689  
4402.805733  
4401.459379  
4393.130568  
4393.588777  
4403.139367  
4392.488073  
4398.866301  
4385.588448  
4393.335549  
4389.339229  
4382.544586  
4391.420677  
4401.10552  
4409.892286  
4419.341163  
4421.304083  
4421.316927  
4420.965764  
4416.018952  
4413.952023  
4419.461772  
4425.494702  
4427.997038  
4430.001587  
4421.968841  
4421.123195  
4411.561635  
4401.380154  
4387.153746  
4393.714221  
4407.554024  
4405.811693  
4404.247492  
4414.556809  
4412.62602  
4420.300731  
4426.037646  
4431.511045  
4435.153563  
4430.491008  
4437.988617  
4428.764963  
4427.128728  
4409.224412  
4410.950086  
4405.374282  
4407.659516  
4415.305205  
4408.6889  
4433.152387  
4436.788677  
4437.889651  
4446.945205  
4440.46951  
4435.421192  
4435.408109  
4438.053604  
4449.347442  
4450.751753  
4435.739461  
4435.348585  
4439.326815  
4448.699452  
4447.309575  
4451.191166  
4436.461267  
4424.264588  
4396.924935  
4402.788623  
4402.977438  
4410.18287  
4414.155844  
4409.201438  
4407.146692  
4399.493474  
4403.9966  
4397.820147  
4401.758766  
4411.320068  
4403.157903  
4400.625265  
4405.916205  
4413.671122  
4407.993609  
4414.419956  
4410.938351  
4421.687299  
4420.821085  
4422.170814  
4424.981397  
4425.977416  
4414.795487  
4411.137908  
4402.192274  
4401.5873  
4407.927657  
4394.216601  
4385.292127  
4388.445777  
4398.995294  
4402.890622  
4403.311682  
4403.280862  
4407.163367  
4401.713104  
4402.532473  
4404.392075  
4403.907675  
4393.739802  
4394.28606  
4410.457827  
4402.703913  
4406.229177  
4414.142616  
4420.801693  
4421.78315  
4402.744757  
4410.08963  
4388.942442  
4407.458788  
4406.091326  
4407.3142  
4401.139716  
4400.020692  
4403.712036  
4411.797746  
4412.222077  
4402.206172  
4392.736625  
4374.93272  
4373.10122  
4379.81818  
4382.828935  
4389.084617  
4392.175829  
4381.641008  
4391.229057  
4388.781939  
4384.087784  
4397.374644  
4404.622304  
4405.821684  
4414.071803  
4420.179383  
4427.018312  
4457.824188  
4443.043238  
4438.254498  
4417.319602  
4427.706831  
4428.779751  
4426.027424  
4417.570732  
4415.08318  
4413.65246  
4417.832911  
4405.754523  
4395.225649  
4403.063581  
4414.776899  
4417.769547  
4419.829608  
4427.30989  
4417.33694  
4410.277453  
4400.982552  
4404.134778  
4405.419783  
4405.523102  
4398.561803  
4427.03051  
4424.909227  
4424.120066  
4419.126638  
4430.472449  
4431.337526  
4431.248599  
4424.72678  
4444.254511  
4421.051748  
4407.854125  
4413.574964  
4426.264623  
4413.561851  
4419.765401  
4411.048251  
4420.378843  
4410.314905  
4420.824494  
4416.132431  
4429.240721  
4420.769312  
4420.590897  
4425.437743  
4429.67541  
4418.497451  
4415.560066  
4416.871738  
4411.760721  
4404.197618  
4407.374787  
4411.931179  
4427.258277  
4423.943739  
4431.028661  
4422.657772  
4419.690637  
4406.829683  
4401.397581  
4403.568785  
4407.460412  
4408.454748  
4403.413042  
4419.704172  
4404.492822  
4406.20904  
4405.585176  
4400.204369  
4409.920466  
4398.884265  
4402.16811  
4397.788712  
4410.244322  
4397.637184  
4399.556522  
4398.816709  
4393.377165  
4399.372945  
4401.541326  
4397.807974  
4389.420039  
4397.502036  
4395.587677  
4388.957424  
4396.214343  
4404.738467  
4396.178681  
4401.159455  
4410.216353  
4400.649248  
4395.276769  
4392.005716  
4394.98619  
4391.714026  
4394.717579  
4411.449763  
4426.547769  
4428.669083  
4425.753272  
4420.126515  
4418.555787  
4418.272555  
4414.089867  
4401.586428  
4402.087073  
4402.967058  
4406.260575  
4414.68385  
4429.666024  
4422.764288  
4422.620396  
4429.020778  
4424.271888  
4415.825913  
4416.327584  
4408.585469  
4413.993017  
4401.812075  
4404.350166  
4403.290425  
4411.023558  
4402.892154  
4400.047201  
4403.489097  
4400.169443  
4400.189687  
4394.075471  
4401.682836  
4391.889037  
4388.701912  
4393.278128  
4395.118326  
4394.175104  
4424.867317  
4435.59363  
4418.090526  
4414.92232  
4411.034681  
4419.591306  
4421.721829  
4416.474371  
4404.267589  
4396.430887  
4404.807488  
4412.002949  
4408.014658  
4407.905097  
4407.946271  
4413.263556  
4410.963594  
4414.124117  
4417.856168  
4412.517421  
4409.874335  
4415.130433  
4420.539955  
4416.965696  
4418.052816  
4402.278193  
4407.7193  
4401.173671  
4412.482264  
4418.400082  
4416.509392  
4407.079122  
4402.76869  
4397.902161  
4390.008352  
4390.995065  
4396.872792  
4408.18878  
4406.531204  
4404.112234  
4412.314058  
4400.997057  
4399.980228  
4391.50802  
4401.670573  
4399.647205  
4404.528503  
4404.52759  
4411.617928  
4412.578926  
4400.041139  
4417.313471  
4421.87683  
4435.608994  
4423.346064  
4426.055839  
4423.09756  
4417.516625  
4420.398996  
4428.234122  
4428.707269  
4430.148016  
4411.157828  
4413.914646  
4418.592486  
4415.149664  
4413.526462  
4411.534153  
4420.530143  
4419.379023  
4415.70875  
4414.792806  
4423.541005  
4405.697952  
4413.443501  
4418.066617  
4418.309713  
4403.361446  
4388.472731  
4397.229089  
4414.384082  
4414.538791  
4418.362848  
4417.819679  
4424.234711  
4424.542111  
4413.126435  
4406.905924  
4402.416647  
4400.837951  
4406.448436  
4403.067787  
4402.784663  
4403.868021  
4394.855235  
4410.075425  
4410.031544  
4408.706333  
4404.728199  
4415.490789  
4405.973631  
4401.656302  
4405.416873  
4413.828273  
4418.837726  
4411.541975  
4411.924492  
4417.092596  
4422.409664  
4424.331895  
4423.80497  
4425.403123  
4419.687416  
4407.082514  
4404.641617  
4413.432337  
4413.387387  
4416.033215  
4419.117876  
4427.224047  
4425.82029  
4419.092106  
4427.279331  
4408.835703  
4417.350202  
4405.809126  
4405.892394  
4403.423614  
4393.175054  
4402.44503  
4404.072217  
4405.938161  
4410.274591  
4417.171693  
4410.942873  
4412.611321  
4407.203218  
4401.30886  
4399.54204  
4405.205651  
4417.286812  
4409.163239  
4400.719573  
4418.662867  
4401.648826  
4409.665327  
4411.87188  
4427.237641  
4434.264438  
4424.616153  
4424.713409  
4422.080911  
4406.188948  
4406.01255  
4403.670543  
4422.584108  
4412.080857  
4407.806999  
4411.56368  
4418.667243  
4414.824957  
4423.084117  
4413.130513  
4417.159286  
4411.710387  
4399.127731  
4406.860315  
4414.367516  
4411.297573  
4400.962018  
4399.479508  
4409.832507  
4409.414211  
4409.732029  
4408.103959  
4417.877559  
4405.994274  
4402.467018  
4405.111947  
