1.016017763  
0.9203072155  
0.2291693225  
-0.1305092703  
-0.4327747576  
-0.3281702705  
-0.3391769925  
-0.3451798289  
-0.1393989383  
-0.001166510666  
-0.01419005871  
-0.1984498342  
-0.3936852482  
-0.8265676876  
-0.8078360936  
-0.7261252577  
-0.680108667  
-0.2828216802  
-0.3845278548  
-0.5117077646  
-0.4379013717  
-0.2022886716  
-0.2112441609  
0.04827878126  
0.2105054073  
0.2541481445  
0.1025405561  
-0.06121262558  
0.01307509482  
0.0389421485  
-0.4492152089  
-0.5789451458  
-0.6526109919  
-0.4775383208  
-0.5878261285  
-0.5763552231  
-0.3606208285  
-0.5342542047  
-0.669506097  
-1.00351476  
-0.9848345094  
-0.3518158304  
-0.0572482973  
0.1943613929  
0.4789220951  
0.5129768221  
0.03080584818  
-0.09298766127  
-0.4200552363  
0.003654150646  
-0.2953129221  
-0.2525284639  
-0.4235096235  
-0.1100832878  
-0.09999920008  
-0.1774844697  
0.07381995932  
0.1827813869  
0.6861799998  
0.5308127514  
0.3227444759  
0.07553671429  
-0.09195635432  
-0.1267884025  
-0.3302206972  
-0.6925537244  
-0.3941286232  
-0.5096011282  
-0.3003223315  
-0.1240831709  
-0.03645569504  
-0.3707564283  
-0.5924287199  
-0.700710784  
-0.6734958396  
-0.671598968  
-0.627936106  
-0.4104331785  
-0.1702399837  
0.08601644482  
-0.1681441702  
0.08625213995  
0.09854442359  
-0.05765561314  
-0.2976424979  
-0.351411084  
-0.7135168958  
-0.5945750464  
-0.711669291  
-0.5855341502  
-0.4852327738  
-0.4103705794  
-0.03152613285  
-0.04285488602  
0.3152956289  
0.2678927657  
0.2528328588  
0.2500230028  
0.01431690007  
0.1270905043  
0.01387575845  
0.1467043128  
-0.08940023802  
-0.2300476555  
-0.1911267968  
-0.1526656301  
-0.3844899972  
-0.2661968593  
-0.05309754589  
-0.02647887576  
-0.3820514743  
-0.2708078963  
0.02419033651  
-0.0491115701  
-0.2228183234  
-0.2721218098  
-0.3816063482  
-0.4130462341  
-0.4822012655  
-0.6087429043  
-0.551253238  
-0.6743484392  
-0.7972953061  
-0.8107655005  
-0.5186850837  
-0.4162408389  
-0.5521675509  
-0.5350781574  
-0.5810137677  
-0.3895464316  
-0.7049074623  
-0.6568923258  
-0.6077688685  
-0.4686725324  
-0.7122047245  
-0.6545167175  
-0.4657817703  
-0.5082623583  
-0.4809403788  
-0.4425711136  
-0.4298021068  
-0.7325606705  
-0.6728002348  
-0.5775894952  
-0.5615533185  
-0.6331520247  
-0.7861067061  
-0.7472025825  
-0.7083099576  
-0.6364058674  
-0.4069641356  
-0.2135397901  
-0.05728301894  
-0.4479472498  
-0.314340265  
-0.009008294047  
0.09460824656  
0.04264893204  
-0.09112185958  
-0.1459407468  
-0.1079518816  
-0.2992145766  
-0.2504896012  
0.03611392857  
-0.06582156903  
-0.2680739751  
-0.2512517588  
-0.1561618709  
-0.1753993969  
-0.160823804  
-0.09732100033  
-0.08462272012  
-0.2587071514  
-0.6650837889  
-0.7213744737  
-0.9258857582  
-0.8480201651  
-0.7073425218  
-0.4672003871  
-0.6346914503  
-0.432042073  
-0.3887791949  
-0.1935112795  
-0.3476110717  
-0.4423250977  
-0.4082345302  
-0.6762087713  
-0.8780036901  
-0.735710583  
-0.561263784  
-0.5276180149  
-0.6474846259  
-0.6220933126  
-0.491572041  
-0.7062551549  
-0.9616363356  
-0.6682902716  
-0.3801050839  
-0.748362463  
-0.5030172697  
-0.5779515027  
-0.8624084349  
-0.5857964854  
-0.4782328588  
-0.6167341014  
-0.2972260381  
-0.570477312  
-0.9905607508  
-1.162669591  
-1.161956526  
-0.8040597952  
-0.8218826537  
-0.4275562732  
-0.05267428402  
-0.1893786706  
-0.2107726351  
0.03071138376  
-0.1478003055  
-0.6931741124  
-0.7868375809  
-0.9323888519  
-0.7698676079  
-0.8517426957  
-0.4676860478  
-0.4304717196  
-0.5401837158  
-0.8254974684  
-0.4850298604  
-0.5615134174  
-0.6151698501  
-0.7643987925  
-0.8614408668  
-0.838245579  
-0.8214949999  
-0.5668181627  
-0.3247564872  
-0.6025157789  
-0.7797320547  
-0.4517996132  
-0.5560889568  
-0.8902643284  
-0.6034096703  
-0.5464742984  
-0.8887764902  
-0.6312315422  
-0.5124753019  
-0.4821139849  
-0.7848229754  
-1.166526633  
-1.15148933  
-0.7240874327  
-0.4288006422  
-0.4778101657  
-0.7174337134  
-0.7851963679  
-0.901842602  
-1.044951843  
-0.9040671235  
-0.738141976  
-0.5328549296  
-0.790838088  
-0.4912141898  
-0.4462898487  
-0.4521075143  
-0.696662894  
-0.273451974  
-0.3530723153  
-0.5719924012  
-0.6486647674  
-0.7210695953  
-0.5672417426  
-0.7035762384  
-0.6090733766  
-0.1661176367  
0.2757206361  
0.2262120196  
0.2648392749  
0.4969734242  
0.4540480959  
-0.0153907797  
-0.2043210122  
0.09743476697  
-0.06821662818  
-0.4978414497  
-0.09810702472  
0.05791523483  
0.3956422263  
0.6587976324  
0.8415734382  
1.185581507  
0.9436048469  
0.8923095508  
0.6470791316  
0.5316753338  
0.203190307  
-0.1552202045  
0.04932950357  
-0.2113504156  
-0.3229711384  
-0.1858537474  
-0.06137992429  
-0.09218053398  
0.0218301062  
0.4281042078  
0.4992510282  
0.05693799066  
0.1776484193  
0.3283713712  
0.214388387  
-0.199614367  
-0.07544764735  
-0.1635132931  
0.04219099776  
-0.06350508055  
0.2197129702  
0.3348436046  
0.1493853865  
0.147515867  
0.4025158312  
0.6051665222  
0.7482431839  
0.5034006227  
0.8858234527  
0.8220037198  
0.2256145786  
0.4879383924  
0.3004389787  
0.2892966545  
-0.0840132657  
0.249915523  
0.4458226921  
0.290002972  
0.05339284807  
0.422298847  
0.05929412607  
-0.03206982436  
-0.03088366302  
-0.05442376125  
0.2372507613  
-0.06375439749  
-0.06637910388  
0.0271643643  
0.1589156645  
0.3234449602  
0.5028838728  
0.7382902035  
1.02438493  
1.297213372  
0.7314056259  
0.8439071355  
0.6354488637  
0.429183897  
0.7032924598  
0.9571596214  
0.587624096  
0.2173114993  
-0.2229195316  
-0.02182237809  
-0.01088210862  
0.1628051396  
0.7066967019  
1.011310404  
1.186975511  
1.001296727  
0.7511715536  
0.7951701968  
0.1770928932  
-0.2061965209  
0.1890639352  
0.4967711295  
0.4962510418  
0.5032227363  
0.6014839117  
0.6475005381  
0.4681949274  
0.3473910581  
0.2137395842  
0.02024289637  
-0.08937876105  
-0.2048801438  
-0.08342327949  
-0.3195786335  
-0.2525963547  
-0.1927816966  
-0.09925464635  
-0.05247190732  
0.001720227561  
0.1342865987  
0.3711986619  
0.3616421374  
0.5455020422  
0.4714543523  
-0.06806307359  
-0.08409615526  
0.08158322265  
0.3007789343  
0.2845284588  
0.4685622671  
0.4687955411  
0.5415743858  
0.5090953061  
0.1691259551  
0.1094161622  
0.0764379349  
0.03523300109  
-0.03316253309  
0.2428246785  
0.4183197849  
0.126291511  
0.481864158  
0.5149783996  
0.8642821483  
0.5105295416  
0.7149841715  
0.8113113383  
0.3419193828  
0.1992389709  
0.1187026146  
-0.4670638775  
-0.27383734  
0.09454599632  
0.02641835574  
-0.007960833102  
-0.06152423178  
-0.05357868171  
0.0271490616  
-0.2431697956  
0.1292470855  
-0.2129941824  
-0.2890944808  
-0.4116988915  
-0.1852332272  
-0.177966941  
-0.2262743244  
-0.09273874572  
0.1012538318  
0.2012924113  
0.04864740881  
0.2789667609  
0.1760211478  
-0.03966776763  
-0.3510674358  
-0.5400537001  
-0.06691746179  
0.3837623448  
0.5658291513  
0.6920528522  
0.6284761782  
0.3462055988  
0.2089053903  
0.003296402171  
0.4227157433  
0.5110805937  
0.6765823664  
0.54858175  
0.6867034671  
0.6552532363  
0.3382161063  
0.1111470101  
-0.02910744789  
-0.3273428185  
-0.1985288486  
0.1995749351  
0.2931162258  
0.4286530541  
0.6054348667  
0.7609605725  
0.4164325209  
0.05120141063  
-0.5222344167  
-0.3213993983  
-0.4109791945  
0.02369425477  
-0.07299344405  
-0.4647288122  
-0.6257493807  
-0.4371765046  
-0.5793638348  
-0.6441745515  
-0.3965578501  
-0.4146808473  
-0.2548781808  
-0.2263648934  
0.03630025969  
-0.1110352602  
-0.03064221309  
-0.3486458597  
-0.2194566102  
-0.2465374841  
-0.04706747114  
-0.2271877589  
0.003634587634  
0.4020524266  
0.3144884755  
0.191819566  
0.3136548209  
0.06702031382  
-0.4043369723  
-0.2856566027  
-0.1829709024  
-0.01277047546  
-0.01256199936  
-0.029564849  
0.07579190965  
-0.2500530443  
-0.4051140228  
-0.2777796373  
-0.06420188286  
0.1430100401  
-0.01244632993  
-0.3413261142  
-0.03246345815  
-0.1470864599  
-0.06920845329  
0.1120803977  
0.3052938076  
0.3853545525  
0.4928006048  
0.7759116279  
1.152860273  
0.9440314825  
0.4137022702  
0.4617842988  
0.3231399543  
0.2584072644  
0.2130593381  
0.7595755983  
0.5921176749  
0.6453875971  
0.6054516994  
0.7763707958  
0.6885569674  
0.3893665417  
0.563864625  
0.8969882341  
0.6804044934  
0.6174398755  
0.8137798292  
0.5195733226  
0.6791218585  
1.128298159  
0.9995747338  
1.150458043  
1.567750717  
1.891200883  
1.508968501  
1.377934815  
1.398118453  
1.29329432  
0.831628369  
0.6311340639  
0.5262313077  
0.8294723284  
0.7094891  
0.5826218059  
0.8020907616  
1.063567805  
0.7677475376  
0.9839974465  
0.7991674659  
0.9977322126  
0.9467046522  
0.7519041298  
1.109700022  
1.251205193  
1.046269358  
0.6499362235  
0.7651713942  
0.9371875094  
0.8939994147  
0.7389639773  
0.7541120142  
0.9964098428  
0.9573894363  
0.8898203217  
1.020580481  
0.7027648514  
1.008244092  
0.8507690189  
0.9802142907  
0.8507447614  
0.6491275778  
0.7325367068  
0.8565302354  
0.7241686829  
0.7319684415  
0.8115843359  
0.6244747119  
0.7189852576  
0.5564803947  
0.8741535276  
1.042817756  
0.7702764436  
0.3222173088  
0.3809774506  
0.4367141208  
0.6728043317  
0.7689746881  
0.8919175731  
0.8112289711  
0.638207826  
0.267233522  
-0.1360439667  
0.0359856609  
-0.4297234625  
-0.2323595949  
-0.1739681086  
-0.21903432  
-0.2945230656  
-0.1997690017  
-0.1076249298  
0.0429758954  
-0.2277265055  
-0.4187392384  
-0.2137256587  
-0.4112378049  
-0.6242390973  
-0.7057478414  
-0.5840861613  
-0.5370236223  
-0.3316466866  
-0.4621363902  
-0.8159217254  
-0.6210599096  
-0.7964382592  
-0.6735521316  
-0.601532853  
-0.4602806336  
-0.3623872952  
-0.6197887893  
-0.5470097571  
-0.6045393317  
-0.4819775911  
-0.7480847897  
-0.4930905758  
-0.3739265042  
-0.303408403  
-0.3032766744  
-0.0971788491  
-0.3433022794  
-0.5463477682  
-0.4416468301  
-0.4646915079  
-0.6277725086  
-0.5130812292  
-0.5126323332  
-0.3659525018  
-0.2366049407  
-0.3913227906  
-0.3133732843  
-0.8011958141  
-0.7563931133  
-0.7194095644  
-0.5251540992  
-0.2407577258  
-0.4193884943  
-0.538356728  
-0.4896439884  
-0.6718637827  
-0.6521032845  
-0.5773824156  
-0.2766396629  
-0.05084623615  
-0.03334831366  
-0.0243283001  
-0.3548815051  
-0.4962884965  
-0.6405099688  
-0.6795261021  
-0.7673345613  
-0.6158301328  
-0.572075062  
-0.2412423329  
-0.2007232938  
-0.2295368495  
-0.1951790876  
-0.3619293991  
-0.83349534  
-0.7337711702  
-0.6781298498  
-0.3833732181  
-0.3284092696  
-0.162846238  
-0.3705673617  
-0.04851947997  
-0.1105088054  
-0.08348053308  
0.1022404694  
0.0303297422  
-0.01597057588  
-0.3547687117  
-0.3789458545  
-0.07999677587  
-0.3537153135  
-0.3786381321  
-0.2789286794  
0.04143740796  
-0.05422885645  
-0.09675293417  
-0.00726930263  
0.1810015927  
-0.3075253848  
-0.293742284  
-0.167704055  
-0.2315672587  
-0.1196203974  
0.3288371974  
0.4799170251  
0.5757033098  
0.9917055518  
1.520965599  
1.83816714  
1.681691863  
1.66378161  
1.015078628  
0.07154427375  
-0.02505111283  
-0.0501556689  
0.309183326  
0.7125695279  
0.676019628  
0.4171888099  
0.2892104755  
0.04444813804  
-0.2417118385  
-0.3422848507  
-0.4514189693  
-0.2759682048  
-0.1459424186  
-0.1075133559  
0.002451001775  
-0.09415623838  
0.2846810912  
0.2753813938  
0.3051091334  
0.8156713645  
0.8970623817  
0.7574648756  
0.6286858217  
0.1170553165  
0.2735315601  
0.6307812418  
0.6682657816  
0.5416858085  
0.8321148499  
0.186556165  
0.6886571187  
0.4335566816  
0.2652659138  
0.3819382412  
0.6829247007  
0.6555838341  
0.8950335175  
0.9282476284  
0.5918773523  
0.917738253  
1.091240605  
1.203368095  
1.536070653  
1.665629523  
1.722354465  
1.648155388  
1.324440329  
0.981436492  
0.6195124034  
0.6595684956  
0.6140679237  
0.4475234267  
0.3451826771  
0.5567260881  
0.7830106535  
0.3123988542  
0.2514934696  
0.8147543946  
1.056636417  
1.332590922  
1.587045415  
1.415291521  
1.487980613  
1.436701582  
1.221278199  
1.083047232  
0.8174269537  
0.7897040727  
0.4465637503  
0.9806074617  
0.7782738514  
1.042247832  
1.400446074  
1.343617088  
1.149614122  
1.05103922  
0.7143772441  
0.9110441684  
1.030345431  
1.215246359  
1.355049473  
1.056381764  
1.20732374  
1.459275557  
1.735288611  
1.731395905  
1.806158279  
1.397613973  
1.112428928  
0.6827222748  
0.4813907711  
0.5832543799  
0.4616754434  
0.3679455022  
0.3932575597  
0.4442163345  
0.3137676972  
0.5851394599  
0.4944232882  
0.4911842523  
0.7494291636  
0.8149318558  
0.461380473  
0.6620078301  
0.9126764623  
0.7211791735  
0.2980433075  
0.4986267889  
0.5513471735  
0.7552131441  
0.7781708405  
0.8890908697  
0.9790539774  
0.8714052491  
0.6604704805  
0.4550130172  
0.4540149399  
0.4867611602  
0.2792549037  
-0.1511307258  
-0.2696859025  
0.01908651832  
0.176680538  
-0.07721416083  
-0.008619311955  
0.1184312781  
0.4865597049  
0.296173603  
0.1323413292  
-0.1708521436  
-0.4348033996  
-0.3824843167  
0.0387853434  
-0.006515471747  
0.1159763043  
0.0649911638  
0.2539485452  
0.4770326689  
0.2456715359  
0.3908098709  
0.2351794094  
0.4669108801  
0.3474770538  
0.05618065122  
-0.07078581382  
-0.4799403561  
-0.7864587597  
-0.7611436569  
-0.4528158063  
-0.319174275  
-0.09790936805  
-0.7502724307  
-0.8780379205  
-0.7909830079  
-1.086729584  
-1.029447997  
-0.9638281598  
-1.089442792  
-0.70177065  
-0.8540635353  
-0.6104010776  
-0.6077262022  
-0.2548333728  
-0.1950357475  
-0.3045365262  
0.1105751081  
0.565971256  
1.33822593  
1.069682068  
0.5752238434  
0.04249075386  
0.009582047255  
0.08959372475  
0.03386265701  
-0.03297433448  
0.1198641794  
0.17880393  
0.138927231  
-0.01011393423  
-0.5620462751  
-0.2121662414  
0.04837103395  
0.1517351615  
0.3959969481  
0.3297030613  
0.1767158065  
0.07742612715  
-0.5461780951  
-0.7144116293  
-0.4991347383  
-0.3828863535  
-0.4230807023  
-0.07602687458  
0.3608719153  
0.3133050067  
0.3510638275  
0.3970074791  
0.7106262605  
0.665585806  
0.7381605963  
1.068040389  
0.6510200377  
0.4252068314  
0.5402247159  
0.4323912106  
-0.1654389788  
-0.1688211336  
-0.3538036948  
-0.2869807806  
-0.1793974162  
0.06665187081  
-0.005967248522  
0.140449374  
0.4479695924  
0.6248885744  
0.9615504897  
0.9096447623  
0.2014988168  
0.3901977812  
0.1824736773  
0.1683944493  
-0.1438148085  
-0.2462294028  
0.02098672727  
0.3757799395  
0.1282825035  
0.2056363067  
0.3555926641  
0.2899111963  
-0.1165207454  
-0.4521221373  
-0.7077280771  
-0.719957366  
-0.4802590728  
-0.3944360203  
0.0393301218  
-0.2159188339  
-0.3744444641  
-0.4481759489  
-0.4083410459  
-0.241326245  
-0.725065338  
-0.7567889762  
-0.7743903543  
-0.5359372623  
-0.5136935094  
-0.2408405661  
-0.3273781401  
-0.4247525309  
-0.5094049296  
-0.8460321229  
-0.6951694307  
-0.940208363  
-0.6829204122  
-0.5910434126  
-0.8092630866  
-0.518648215  
-0.658413352  
-0.6005852837  
-0.3952059393  
-0.213940038  
-0.3794256341  
-0.477346613  
-0.4527764674  
-0.4441784032  
-0.5334145356  
-0.548616174  
0.01933653487  
0.2612587261  
0.04719748408  
0.09741897342  
-0.2391599681  
0.0800803787  
-0.0874374685  
-0.2084533305  
-0.4818301405  
-0.1536762174  
-0.3647020544  
-0.3634361177  
-0.135898355  
0.3806629445  
0.2528946951  
0.3316606914  
0.5996863061  
0.6334442377  
0.1589411363  
-0.2247354254  
-0.1176368074  
-0.1395679933  
-0.3862387529  
-0.1910492464  
0.06355303627  
0.2057809063  
0.04783688585  
-0.1621850789  
-0.150683044  
-0.209267559  
-0.3164307027  
-0.5389099738  
-0.395833396  
-0.7131549173  
-0.8868758591  
-0.9957780297  
-1.009823903  
-0.8894020438  
0.5643473002  
0.3556149831  
-0.3281069884  
-0.7519791195  
-0.6574091204  
-0.4530728673  
-0.2723975833  
-0.3471229044  
-0.6210989316  
-0.6433805476  
-0.5764807374  
-0.4359030805  
-0.3347717037  
-0.07448980332  
0.1115378305  
0.1147047021  
-0.05361231937  
-0.03736984903  
-0.0009871835219  
-0.1950182116  
-0.3426122231  
-0.1263213802  
0.2082263967  
0.04285848022  
0.0558281506  
-0.09728213315  
-0.2383264907  
-0.4598985271  
-0.3028461012  
-0.2861150811  
-0.103719841  
-0.01706920992  
-0.01919720436  
0.01725226504  
-0.319808093  
-0.6294198368  
-0.4343945961  
-0.4974127097  
-0.4957211529  
-0.435676549  
-0.2758895536  
-0.5498817025  
-0.7305184562  
-0.8554649931  
-0.5759033534  
-0.550314833  
-0.2392249135  
-0.1125218844  
-0.2930389062  
-0.2051742279  
-0.505815575  
-0.09512620637  
0.2456143438  
0.1980412358  
-0.1907972948  
0.03317641571  
-0.06281002565  
0.1031773377  
-0.1555694483  
0.1672290867  
0.4370035599  
0.47382687  
0.256557326  
0.07063313796  
0.1059650734  
-0.04582394762  
0.03629557636  
-0.1575901923  
0.05140099275  
0.09221343377  
-0.0791023587  
-0.2795011864  
-0.1020774319  
-0.5569139963  
-0.4947075322  
-0.4226874085  
-0.3048554254  
-0.6819897371  
-0.7819387338  
-0.9079062795  
-0.4261233694  
-0.2542446094  
-0.3190716841  
-0.08381997671  
0.1487024067  
-0.03855954622  
-0.06772743477  
-0.1429252096  
-0.430696572  
-0.4833779549  
-0.3999195001  
-0.249039289  
0.06941356828  
-0.1859407627  
-0.4499530608  
-0.3244595651  
-0.2580127764  
-0.1501076468  
0.03278612939  
0.0543169129  
-0.1450371142  
-0.2311694214  
-0.1697127316  
0.1262614142  
0.1229928368  
-0.2405898785  
-0.2679257598  
0.08567716402  
0.3001382234  
0.637616072  
0.7119746568  
0.6352671937  
0.2905940084  
-0.160136678  
-0.494406007  
-0.2239750904  
-0.2943697136  
-0.1035981747  
-0.03902909778  
0.1687640076  
0.03656802528  
-0.2984170867  
-0.06132034034  
0.0002058773405  
-0.05398280875  
-0.1958858339  
0.02157865913  
-0.2310732215  
-0.4245189122  
-0.2747318668  
-0.1502304399  
-0.1728114657  
0.2725762111  
0.5553412641  
0.3219597232  
0.2578845966  
0.02303700647  
-0.229351202  
-0.6164434824  
-0.7877647533  
-0.6388452611  
-0.5671000719  
-0.6105110546  
0.3048441831  
0.1449935393  
0.3813133925  
-0.06313790229  
0.2128395959  
-0.08642818455  
-0.217463999  
-0.3489373474  
0.1303467968  
-0.1828043024  
-0.2319050949  
-0.5051579944  
-0.3958378234  
-0.8285923126  
-0.950872096  
-0.503427615  
-0.2098297046  
-0.1780702141  
-0.02756477279  
-0.2804335956  
-0.174362579  
-0.4066455571  
-0.77391813  
-0.6153603431  
-0.5626403182  
-0.5955531776  
-0.758750691  
-0.5143770596  
-0.3395793837  
-0.3605606058  
-0.2274720093  
-0.2851290004  
-0.2795784009  
-0.3191088398  
-0.2655471205  
-0.3866552749  
