6566.223004  
6540.007761  
6533.725303  
6538.901756  
6543.71837  
6519.164858  
6501.19472  
6500.705516  
6504.754184  
6491.327339  
6496.997053  
6501.44501  
6511.753133  
6504.087641  
6513.962958  
6509.669846  
6498.553154  
6505.828525  
6497.045636  
6511.825311  
6520.238194  
6506.310277  
6529.539967  
6545.581433  
6550.828602  
6531.133685  
6523.49404  
6501.75887  
6492.278029  
6479.175677  
6481.424666  
6496.039192  
6504.979147  
6509.568405  
6509.587993  
6510.055656  
6490.599273  
6486.168969  
6487.052519  
6495.157647  
6496.410091  
6501.270884  
6510.049198  
6511.110695  
6521.450869  
6532.217295  
6512.251319  
6512.390598  
6501.711794  
6509.922674  
6521.556435  
6530.019085  
6528.629895  
6524.260256  
6519.274255  
6518.593808  
6517.4917  
6515.933216  
6535.044466  
6529.84536  
6520.144901  
6508.116165  
6515.66734  
6514.546457  
6533.69321  
6523.387738  
6518.695181  
6523.010225  
6516.113283  
6515.39238  
6516.881939  
6515.898489  
6522.194728  
6524.032475  
6528.081461  
6544.123566  
6541.693249  
6545.880012  
6542.858624  
6535.836553  
6534.343956  
6531.111584  
6543.267569  
6541.107476  
6550.833508  
6554.8021  
6545.139783  
6539.937515  
6514.896577  
6510.208142  
6502.16044  
6510.893353  
6498.038779  
6491.219495  
6485.29322  
6492.691307  
6482.553542  
6492.561725  
6510.120578  
6504.926751  
6517.91254  
6517.146255  
6526.958856  
6506.026172  
6498.740339  
6505.124081  
6501.127679  
6501.663141  
6504.305213  
6499.332742  
6490.474998  
6485.986089  
6508.286891  
6501.281236  
6508.512714  
6510.945785  
6507.042061  
6496.160538  
6523.859139  
6519.145015  
6531.800087  
6528.925354  
6514.824954  
6490.572127  
6473.72212  
6467.536007  
6488.24882  
6490.855472  
6498.24312  
6517.597752  
6513.924945  
6506.969118  
6497.102641  
6502.443862  
6490.57009  
6499.456061  
6512.651146  
6521.785506  
6531.148419  
6532.193038  
6535.504363  
6537.743448  
6534.861625  
6517.837816  
6517.107128  
6510.291394  
6489.489535  
6486.725246  
6500.57835  
6520.515745  
6529.435717  
6556.521364  
6565.74725  
6562.952431  
6568.913486  
6551.316617  
6540.29414  
6520.247643  
6494.421803  
6498.306168  
6494.323283  
6495.203854  
6506.202806  
6526.698423  
6512.794356  
6507.660533  
6485.803865  
6476.706106  
6480.615583  
6476.888323  
6482.67614  
6490.584157  
6511.952813  
6512.48917  
6501.446426  
6511.732075  
6524.439057  
6541.140557  
6547.736737  
6547.285279  
6555.020054  
6569.688249  
6570.498729  
6568.326367  
6573.476731  
6562.435033  
6557.869485  
6543.184343  
6544.189287  
6560.617062  
6564.118849  
6543.112171  
6549.565554  
6556.313997  
6554.10344  
6532.578892  
6519.413133  
6516.952416  
6519.987391  
6514.683704  
6509.87514  
6514.386952  
6510.434523  
6527.546801  
6542.497302  
6535.856946  
6539.653846  
6537.166475  
6514.994023  
6524.331708  
6521.988359  
6522.353496  
6525.450492  
6527.554422  
6528.432316  
6524.120198  
6527.436072  
6532.212688  
6529.687913  
6523.575865  
6543.709572  
6561.180383  
6547.165401  
6560.667441  
6557.999411  
6559.284964  
6564.99389  
6576.523986  
6565.935373  
6566.747836  
6555.75733  
6553.098764  
6546.755955  
6517.242802  
6529.120006  
6555.278287  
6560.733277  
6560.093502  
6575.327222  
6593.352634  
6570.050188  
6560.223659  
6562.298056  
6557.317845  
6535.971004  
6548.312611  
6545.889677  
6561.357591  
6556.576515  
6556.480161  
6558.813044  
6564.074477  
6567.37743  
6557.103621  
6553.837186  
6567.158573  
6546.582693  
6543.673219  
6556.194409  
6570.485472  
6556.55633  
6567.064875  
6570.500319  
6557.469992  
6549.802776  
6545.250595  
6554.066123  
6560.871991  
6559.854176  
6567.447354  
6559.988341  
6569.135441  
6547.310828  
6545.208961  
6524.605985  
6532.555967  
6524.505249  
6533.486608  
6538.597373  
6538.896924  
6536.940006  
6550.937877  
6537.716789  
6514.574852  
6493.074062  
6502.693318  
6506.00466  
6506.553514  
6538.195435  
6561.959887  
6557.719249  
6560.365396  
6569.252168  
6563.874289  
6574.982649  
6562.734837  
6582.120786  
6569.487096  
6563.530817  
6557.602056  
6568.770791  
6556.058956  
6564.748299  
6555.791573  
6581.927504  
6561.882757  
6551.994485  
6547.613999  
6547.905622  
6528.875104  
6546.820528  
6546.726298  
6557.530205  
6563.601096  
6567.616636  
6557.090663  
6554.210215  
6559.549023  
6574.105065  
6575.659477  
6568.073258  
6567.10777  
6575.521644  
6581.883341  
6562.210511  
6564.390938  
6564.637123  
6561.006082  
6536.967618  
6521.157663  
6517.408883  
6521.975825  
6536.063769  
6554.298297  
6544.107794  
6545.612527  
6526.808675  
6522.961917  
6524.821368  
6533.446773  
6554.272491  
6545.591978  
6542.970144  
6532.229797  
6515.438632  
6517.654924  
6521.268627  
6534.889097  
6535.768617  
6560.737379  
6563.025193  
6564.664143  
6546.638067  
6540.655217  
6554.083693  
6551.377601  
6557.123046  
6549.939107  
6566.625576  
6550.060561  
6573.067904  
6569.767654  
6565.211741  
6551.653753  
6543.04784  
6546.827615  
6535.762331  
6523.531939  
6520.463012  
6544.948876  
6554.658643  
6557.705638  
6571.8606  
6587.685763  
6575.551123  
6580.341282  
6583.609828  
6587.803388  
6585.699299  
6569.137233  
6561.168121  
6531.486594  
6515.292573  
6523.271851  
6540.845181  
6545.838823  
6558.725881  
6555.009003  
6564.306272  
6553.272941  
6563.804111  
6565.588811  
6580.728529  
6573.859774  
6568.679517  
6555.452834  
6544.37489  
6542.373516  
6542.358119  
6542.482464  
6563.95309  
6547.34107  
6558.872723  
6556.975055  
6553.924178  
6541.121605  
6544.128579  
6554.766012  
6553.176685  
6559.203905  
6581.980966  
6577.088617  
6596.438965  
6591.834946  
6564.658938  
6564.459084  
6556.919605  
6568.027265  
6562.807059  
6583.157243  
6582.598685  
6573.577194  
6565.801334  
6530.635904  
6534.111207  
6531.510737  
6540.368661  
6534.048865  
6547.967213  
6556.456986  
6563.211469  
6566.615186  
6553.441278  
6542.80476  
6536.821465  
6513.831032  
6526.810207  
6529.780785  
6549.970273  
6551.360792  
6533.211926  
6521.855028  
6516.542858  
6523.35898  
6544.07343  
6540.804921  
6552.343954  
6540.250989  
6532.114195  
6534.190607  
6524.789428  
6515.936964  
6530.642125  
6531.122186  
6537.056645  
6544.72858  
6558.399354  
6554.923072  
6552.081929  
6568.008581  
6562.478561  
6558.711232  
6548.836889  
6545.88936  
6535.918367  
6539.220797  
6542.931669  
6539.687958  
6545.980438  
6544.403684  
6563.676482  
6555.448812  
6566.626821  
6566.354161  
6544.429801  
6518.276527  
6513.739446  
6512.816785  
6503.372947  
6510.94484  
6531.38903  
6530.560092  
6522.513298  
6526.526722  
6524.432447  
6520.365167  
6528.309566  
6544.468354  
6524.93425  
6527.992684  
6522.634805  
6534.538441  
6542.585203  
6533.273953  
6535.546533  
6533.294874  
6548.671835  
6540.28743  
6541.383619  
6523.449959  
6513.742051  
6518.879877  
6518.104916  
6517.86868  
6535.023226  
6537.720108  
6558.331861  
6565.639444  
6557.238633  
6557.675607  
6552.281759  
6533.849587  
6534.712132  
6519.847388  
6542.886238  
6551.984259  
6567.50041  
6563.599441  
6558.621749  
6572.497553  
6574.353436  
6574.152743  
6573.783747  
6583.471272  
6585.495994  
6587.72921  
6597.758287  
6605.364949  
6600.944083  
6604.642432  
6595.356238  
6588.213194  
6578.778352  
6573.372122  
6577.292246  
6574.465507  
6571.122649  
6578.827379  
6584.968577  
6590.635621  
6601.377321  
6615.484334  
6564.839232  
6604.975545  
6631.664532  
6625.383166  
6618.458072  
6598.934772  
6601.213377  
6580.00565  
6570.861572  
6553.11471  
6555.829027  
6547.373209  
6555.47265  
6556.443847  
6571.519842  
6580.789528  
6572.857228  
6568.396898  
6561.123036  
6556.498997  
6543.874377  
6552.711898  
6557.390944  
6560.801976  
6557.772442  
6561.828815  
6565.805485  
6549.002875  
6545.548376  
6546.130521  
6557.992713  
6562.564936  
6553.717836  
6573.933538  
6594.953612  
6580.936912  
6575.33629  
6576.651043  
6555.66351  
6541.360344  
6511.537732  
6524.944627  
6532.871343  
6529.822459  
6540.693883  
6545.58395  
6543.062455  
6517.339274  
6533.86022  
6535.960151  
6531.91346  
6526.230949  
6525.832814  
6519.692273  
6523.794093  
6544.60017  
6554.274575  
6566.274912  
