0.4710755422  
0.6731863108  
0.2449682122  
0.5797092551  
-0.2281995236  
0.4379048872  
0.3244888657  
0.3898019729  
-0.06751753999  
-0.3071145616  
-0.032729348  
-0.271801604  
-0.008144226344  
-0.2162597444  
0.08918188755  
-0.8676498889  
-0.6300899375  
0.09223761361  
0.02551406926  
-0.08956654928  
0.07348687575  
0.6723618691  
0.08244684667  
-0.5686606358  
0.2674367703  
-0.05937956481  
-1.022795977  
-0.434940046  
-0.7140416332  
0.1862150912  
-0.3486310655  
-0.6814995945  
-0.06440028572  
0.1705231689  
-0.5160897703  
-0.7198823993  
-0.1446285082  
-0.2154771326  
-0.244729657  
0.009239975862  
0.04833443007  
0.2173212796  
0.1720180881  
0.2725081699  
0.708454981  
0.6945738269  
0.8847577745  
-0.2866082238  
0.3937817171  
0.7040705205  
0.1143269751  
0.1999123983  
0.09080373394  
0.2601379535  
-0.1718852621  
0.02353340896  
0.2708983868  
0.1580838828  
0.5947635398  
1.411769786  
1.14513936  
-0.06743347124  
0.1772400564  
0.4869887058  
-0.3675184254  
0.004777047911  
-0.1341324155  
0.6608589325  
-0.1841394042  
-0.2151433765  
0.05324907537  
-0.1629179177  
-0.2105869843  
-0.2334758702  
0.339891661  
-0.4253635831  
-0.2181324997  
-0.4462571382  
0.03190871872  
-0.6845615864  
-0.492602524  
-0.08769866994  
0.2694769238  
0.138907523  
-0.2974683842  
0.5634512283  
-0.2618380351  
0.02621210322  
-0.8368516546  
-0.5249079043  
-0.314020995  
-0.4814163338  
-0.3073904347  
0.09991540371  
0.06956555027  
-0.9945140475  
0.1759241324  
0.1708966976  
-0.3084680889  
-0.4392578893  
-0.3673831767  
-0.4050385316  
-0.236913412  
0.003582700335  
-0.3400409772  
0.1739040372  
0.6981601736  
0.3960907957  
-0.1607892246  
-0.4453901666  
0.07175373202  
-0.3558113259  
-0.3196162066  
0.3443633479  
0.2697234198  
0.3123343873  
-0.08297436739  
-0.3674950772  
0.3095622869  
-0.09389881467  
0.1014897798  
0.3011746956  
-0.5613582864  
-0.7928887877  
-0.3252174071  
0.1410300145  
-0.452043325  
0.3963459155  
-0.3795248952  
-0.1829941418  
-0.3996106601  
-0.3470535405  
-0.1110274023  
-0.1428646551  
-1.05235811  
-0.33258923  
0.02379839278  
-0.2845834208  
-0.02685927104  
-0.1286294939  
0.9131701393  
-0.342929569  
-0.2525165261  
0.32177412  
-0.2787697305  
-0.4023867547  
-0.7781176  
-0.3804870847  
-1.343552075  
-0.7069656164  
-1.100749395  
-0.08828118262  
-0.2432102922  
-0.09374310897  
0.3985218465  
-0.02941154941  
0.05071788602  
-0.5899676786  
-0.8451111894  
0.3989639371  
-0.203911809  
0.1977163869  
-0.6726508639  
0.09380276566  
0.1830830531  
-0.1563379623  
0.02464907311  
0.04436529635  
-0.05039148569  
-0.4912850473  
0.04370210727  
0.3208987311  
-0.4392843267  
-0.6147563321  
0.3413579095  
-0.04731453892  
-0.04291355042  
-0.02012909684  
-0.007064068989  
-0.1461235232  
-0.1405555095  
0.1259929297  
0.5008753785  
0.3570298187  
-0.1396140072  
-0.6251175732  
-0.6586357564  
-0.545570188  
0.03491017625  
0.2128359912  
0.1313329518  
-0.2325429762  
0.1375582104  
0.404745888  
-0.5765978784  
-0.4431741966  
-0.5243947694  
0.0514815097  
-0.5823847006  
-0.4502222343  
-0.1998703563  
-0.02107899532  
0.2446601701  
0.5010161455  
-0.08370596183  
-0.3874137853  
-0.3481960825  
-0.8363711192  
-0.7203823203  
-1.065841023  
-0.2176985385  
-1.065137347  
-0.2947611507  
0.05639822956  
-0.3356828337  
-0.3500040654  
0.2818616959  
-0.2045692194  
-0.5404608404  
0.02308578747  
-0.1920148984  
-0.5882762268  
-0.8871680007  
-0.4284848813  
0.2881562957  
-0.05426074617  
-0.4906343658  
0.2484659485  
0.1871590812  
-0.8546517274  
-0.3658127004  
-0.04534186782  
-1.049452376  
-0.6557826969  
-0.3865971092  
-0.06511898044  
-0.6475314558  
-0.3102943561  
0.4116010738  
-0.5891801681  
-0.6237022437  
0.001221239704  
0.51817445  
-0.1702798524  
-0.2369159753  
0.2461360742  
0.08955835985  
-0.1124145538  
-0.4680379508  
-0.3506878055  
-0.1797270244  
-0.04234639461  
-0.1332333792  
-0.5921019762  
-0.254945876  
-0.1804003588  
-0.3012522144  
-0.01075988022  
0.2339081329  
-0.2995753977  
-0.2229703079  
-0.05312985695  
-0.1445695541  
-0.130386188  
-0.8532180493  
-0.6187981349  
-0.2383075281  
0.1758737749  
-0.1818831588  
-0.0483866516  
0.1927986329  
0.2313064486  
0.06389191253  
-0.04608570815  
0.4743707353  
-0.6124446077  
-0.4674341916  
-0.1273377718  
-0.3040208639  
-0.7018335831  
-0.2470516562  
0.4098444674  
-0.171352103  
-0.2647519469  
-0.7642019298  
0.2286841386  
0.08678421233  
0.1594210968  
0.6554037842  
1.622134782  
1.275096375  
0.8299988308  
0.7047261477  
0.3550438166  
0.1574074991  
0.07851896825  
-0.302596816  
-0.4645405078  
-0.2995254386  
0.1091064252  
-0.5605230547  
0.1492649385  
0.2341175354  
0.1626145195  
-0.2650184784  
0.00303583789  
0.3925643473  
0.4911600079  
0.3958748402  
-0.04654761151  
0.3627823745  
0.02822121197  
0.1724619001  
-0.5470495712  
-0.03470803274  
0.4407615205  
0.117127044  
-0.3515690759  
0.1100279343  
-0.2292920744  
-0.3672651975  
0.1710733209  
0.2350780088  
0.6710335819  
0.1416481834  
0.1289936619  
-0.09083946594  
-0.2936876374  
0.02690605112  
0.4804194841  
1.400729657  
0.7428389366  
0.2312442195  
0.5554901564  
0.3140628757  
-0.2087431287  
-0.3258387891  
0.09119083937  
0.4507274593  
0.2387263828  
0.2513857183  
0.8841339922  
0.4506910598  
-0.06891996156  
0.1798971593  
0.03927663837  
0.1440792578  
0.3887977579  
0.3912562747  
1.32494327  
1.097316828  
0.840358556  
0.4836477467  
0.6276116873  
-0.492563187  
0.01651476264  
0.4828101134  
0.2753485641  
-0.06841630339  
0.1922035226  
0.4935153252  
1.27017054  
0.8758628915  
1.046471242  
0.8096743014  
0.449124556  
0.6905539006  
-0.5338594753  
0.04851355947  
0.3278205392  
0.2755492606  
-0.2989402705  
0.5153320035  
0.2968870552  
-0.4508158414  
0.5364439081  
0.3525728811  
0.5538440261  
-0.1048627091  
0.1260447366  
0.2989654092  
0.3664247145  
0.4914295694  
-0.2922900509  
0.06488663574  
0.202735447  
0.1721994713  
0.1004519219  
-0.02271797929  
0.7484360873  
0.1146752768  
0.2802857508  
-0.4086709307  
-0.2642506105  
0.2056597811  
0.2949047362  
0.2249971556  
0.1378314319  
0.908135399  
0.6113490911  
0.8652365688  
0.2100131626  
0.3763511672  
0.7660993502  
0.2564719115  
-0.1480966079  
-0.1850181071  
0.189462141  
-0.5304162923  
0.6828874277  
0.770367735  
0.06799988832  
0.06635207191  
1.012630016  
0.3595851016  
0.09907983184  
0.8706338509  
0.6428340902  
0.1558212188  
-0.02201774888  
0.4493855762  
0.227714862  
-0.1368460652  
0.05346850461  
0.2398655748  
-0.2727302821  
0.2898738885  
0.002577854461  
-0.5111645789  
-0.6445371278  
-0.2871659144  
-0.1122136614  
-1.025703234  
-0.4343234583  
0.01243722411  
-0.0212343826  
-0.01314167393  
0.451223731  
0.1830488114  
-0.3124752595  
0.5748554531  
-0.571598741  
-0.297612852  
0.60601497  
0.4247218481  
0.4801074839  
-0.007191702751  
-0.5800745496  
0.1189940511  
-0.2896356116  
0.2074611416  
0.4711967756  
0.2308865418  
-0.1498244967  
0.759415772  
1.188687303  
0.02064859015  
-0.2655672433  
-0.3669292325  
-0.6250439629  
-0.8511305114  
-0.03386322747  
0.2561923706  
0.1927832338  
0.5801303399  
0.4123754527  
0.8688431266  
0.3486652207  
0.0341928308  
-0.5541667381  
-0.8860431712  
-0.4689142106  
0.03623707328  
-0.7999168248  
-1.399885095  
-0.8541854113  
-0.4654674286  
-0.4028156454  
-0.3911852028  
-0.4191959415  
-0.2432026144  
-0.6554056142  
-0.2013576081  
-0.9467710147  
-0.3182337528  
-0.2578022976  
-0.1900074368  
-0.4537197715  
-1.077564873  
-0.4310570837  
-0.5925742118  
-0.6887310535  
-0.4391060833  
-0.7987026591  
-0.5316011671  
-0.1155757608  
-0.2327109609  
-0.8110853055  
-0.6242468886  
-0.5413987795  
-0.6711338468  
-1.131546236  
-0.4662170315  
-0.4495898917  
-0.2023374591  
-0.9301550552  
-0.1646442287  
-0.2401256582  
-0.2537321804  
-0.3355051838  
-0.4415519604  
-0.05221549583  
-0.2602153407  
-1.043348261  
-0.7846657792  
-0.004269754618  
0.04784365226  
0.3521443173  
0.4454074149  
0.7689199593  
0.2872131875  
-0.6011369092  
-0.004823526347  
0.04535615535  
0.4009360384  
0.3175621292  
0.330346358  
-0.2087208705  
0.2543240625  
0.2784426082  
0.3162967059  
0.1025379625  
0.2824251789  
-0.06888483935  
0.3629231254  
0.4477033163  
0.05440736554  
0.510023016  
0.6129384135  
0.5554867925  
0.1369006823  
0.4083241983  
0.3992866056  
0.8159884422  
1.313416386  
1.131142498  
1.157065137  
1.34463975  
0.4719196122  
0.4393799818  
0.3782522985  
-0.1103602788  
0.6285331987  
0.2275839795  
-0.1960966202  
0.2404154283  
0.6669649823  
0.6853358536  
0.7861815719  
0.1901477237  
0.3441053926  
0.1839688059  
0.2048298287  
0.3960294094  
0.340015005  
0.1512594138  
-0.1863662055  
-0.2161867944  
-0.0110457319  
-0.1649634948  
-0.2324654153  
0.1456868018  
0.5831417397  
-0.2794027819  
0.6876000841  
0.7809610695  
0.3335989251  
0.3785275597  
0.01196239069  
0.4166812222  
0.05352726182  
0.1703811961  
-0.41925264  
0.5110455966  
0.2633133262  
0.1896864108  
0.2030897991  
-0.04600742696  
-0.04652125576  
-0.09765775364  
0.1782794977  
0.5797282432  
-0.002447158036  
-0.4111480242  
0.3113591085  
0.2082418367  
-0.03701549535  
-0.1822018233  
-0.02657444949  
-0.3463742249  
0.4633357689  
0.2061773137  
-0.1125211454  
0.4208320938  
0.2418389554  
0.6770213604  
0.3828098074  
0.9854366242  
0.1795421571  
0.5212828633  
0.3290210935  
0.3238747255  
0.1096557394  
-0.08642649182  
0.1052547501  
0.7302270293  
0.8119186309  
0.6489816023  
1.115078912  
0.7923699403  
0.6429437352  
0.2930872131  
-0.452180211  
-0.2037155862  
-0.1377319457  
-0.5831447827  
-0.2436505579  
-0.5572495542  
0.6570787445  
-0.1736699885  
0.1114899946  
0.4397264838  
-0.5679509299  
-0.8348468488  
-0.01176647745  
0.2365424128  
-0.5897463469  
-0.09290615053  
-0.09825522127  
-0.3841490421  
0.04437676444  
-0.07335751307  
0.1326357475  
0.2856737112  
0.2609003633  
0.1888552183  
-0.368775672  
0.2078051229  
0.1283405664  
-0.06544216084  
-0.1778616771  
0.7933692823  
-0.154874723  
0.217274176  
-0.04794747596  
-0.5001661279  
0.1913378121  
0.2967965243  
0.0713983185  
-0.05455978625  
0.2908733415  
0.3877063332  
-0.3805022102  
0.265186378  
-0.02348551331  
0.2351616526  
0.1905805092  
-0.3117361733  
-0.2679632152  
-0.6462789556  
-0.8530857488  
-0.2929667812  
0.2749264681  
0.4545223609  
0.1963449143  
-0.557217219  
0.2438941765  
-0.859386446  
-0.3961439446  
0.168136993  
0.1152732175  
-0.5961018561  
-0.1708892662  
0.1850390854  
-0.07163554004  
0.138951149  
-0.01890577324  
0.1945801223  
0.1414646551  
-0.07694696858  
0.1540663579  
0.08166187704  
-0.0108506342  
0.04564002281  
-0.07581094542  
0.5755933128  
0.09379732929  
-0.0008494069778  
0.2689033409  
0.8781938859  
-0.167958074  
-0.09811955137  
-0.4803970106  
0.01264665639  
0.005054464829  
0.09650728169  
0.555889673  
0.9233883746  
1.00249718  
1.110969382  
0.8362108454  
0.7670958675  
0.8624371546  
0.60575343  
0.8549337999  
0.04214115674  
-0.5930750516  
-0.3525552396  
-0.2342304762  
0.8056291141  
0.2725328204  
-0.6643438839  
-0.4153538179  
-0.4499418953  
-0.3655612666  
-0.230198482  
-0.2136626838  
0.4381453764  
0.3662818961  
0.5440645342  
1.272178305  
0.9579439575  
-0.004401202707  
-0.2286252209  
-0.5162080542  
0.2553617344  
0.7525216636  
0.9712248217  
1.288126212  
0.9156385484  
0.2729839332  
1.222353161  
0.2944068496  
0.6803663255  
0.7327140098  
1.066132693  
1.762406083  
1.774736895  
1.302749725  
1.773083004  
1.68065987  
1.555145515  
1.727417781  
1.187807502  
1.888404024  
1.674344818  
2.346232557  
0.9439168703  
1.50561636  
1.786194439  
1.240780194  
1.4523578  
1.595936494  
1.16956385  
1.069827758  
0.9361751164  
0.4916754654  
1.173096613  
1.380000339  
1.230470411  
1.474398851  
1.626302907  
1.601767258  
1.754035745  
1.294762278  
1.55356962  
1.292247676  
1.056563138  
1.358289514  
1.186892926  
0.3883784858  
0.3924202384  
0.3910246116  
0.2539072293  
0.3785035817  
-0.1100412391  
0.3003946303  
0.9384597991  
0.9106535288  
1.053432878  
0.9350697816  
1.280029834  
1.252658508  
1.248119859  
1.454451532  
1.766597779  
1.691338435  
1.329239949  
1.90435095  
1.383574069  
1.457640616  
1.012662208  
1.06223681  
1.126819817  
0.5709255187  
0.5778547928  
0.6895901851  
0.5160691064  
0.2627958912  
0.1075305102  
0.6553878257  
-0.1886733566  
0.1284251245  
0.2103077419  
-0.2806133159  
-0.3065328154  
0.3700814259  
0.211061976  
0.2083403475  
-0.5813494929  
-0.1255174831  
0.1407531629  
-0.1021163086  
0.405866382  
0.216783328  
0.1936810673  
0.1230942331  
0.3019469859  
0.2030285936  
0.1631842862  
0.414387834  
-0.06668794735  
-0.001611831103  
-0.004273155489  
-0.2745677013  
-0.8659367282  
-0.233676447  
0.111678019  
-0.3027705426  
0.1192445012  
-0.3183587382  
0.3407755187  
-0.5407751155  
-0.4611119291  
-0.1769702508  
-0.3576987445  
-0.4167502361  
-0.589102919  
-0.05634974418  
0.342446894  
-0.4645983914  
-0.3711194903  
0.6313925925  
0.3628045523  
0.06575093187  
-0.2914839494  
-0.6524888392  
-0.266579213  
-0.5731717673  
0.4012714976  
-0.1741490386  
-0.1297478664  
0.4294906247  
-0.06978400872  
-0.3696385381  
0.02801406738  
-0.1675395313  
-0.2859768162  
-0.0918596435  
-0.2751130541  
-0.4974472478  
-0.7244028485  
-0.4891076935  
-0.6137055819  
-0.7448519195  
-0.261878944  
-0.7346440785  
-0.09319370219  
-0.1924098199  
0.2765640965  
0.3946119226  
0.2362910479  
0.8291013631  
1.060688903  
0.3882762743  
-0.03996783991  
0.2401052088  
0.583941055  
0.2691765333  
-0.041368443  
-0.0370347521  
-0.6873814809  
-0.1982504875  
0.07711580248  
0.2059644429  
0.248181249  
0.06507158035  
0.1495630933  
0.3156863618  
0.4190227916  
-0.1392819457  
0.315930071  
0.6244194097  
0.1350786518  
-0.6239009133  
-0.2510338158  
-0.04607259812  
-0.3420709805  
-0.05622003875  
-0.03599274542  
0.2492839733  
0.2253928028  
-0.05296893599  
-0.3685057087  
-0.1434854418  
-0.04470012883  
0.2190220794  
-0.2517179563  
-0.2043025731  
-0.09936634271  
-0.1283031738  
-0.4443031919  
-0.1964440569  
-0.4428881434  
0.06086324331  
0.08286861379  
-0.4314771181  
-0.9646033909  
0.1443311373  
0.2335518595  
-0.3699187796  
0.4351276883  
0.0431967226  
-0.3072687519  
-0.6556618528  
-0.5055344777  
-0.6670500222  
0.506297845  
-0.5996952345  
-0.3187901427  
0.4827659246  
-0.4080609419  
-0.03216420307  
-0.3031142586  
-0.4400138123  
-0.364187276  
-0.4234050975  
-0.2089906166  
0.4314241925  
-0.2486185764  
-0.2838034324  
-0.122056766  
-0.6738429797  
-0.1345152842  
-0.2009962769  
0.2466688216  
-0.515402106  
-0.1302680225  
-0.2584143963  
-0.4687663219  
-0.4791993413  
-0.5672828282  
0.02879209695  
0.05220319241  
-0.4099401672  
-0.1708425103  
-0.3406273224  
0.1006778773  
-1.141636283  
-0.08470927881  
-0.8184397948  
-0.3785150138  
-0.550890918  
-0.001897715112  
-0.2496115137  
-0.8143015958  
-0.4941470089  
-0.7807377814  
-0.2778361113  
-0.1930321203  
-0.07719615997  
-0.1552111173  
-0.4639812326  
-0.7380705326  
-0.6079664809  
-0.2087468723  
0.1427640124  
-0.08642491996  
0.4004866601  
-0.1498532158  
-0.7436108581  
-0.6405597401  
-0.3480217887  
-0.2562172103  
-0.05358976044  
-0.4812647331  
0.2777806374  
0.189130603  
-0.2806420292  
0.1613861543  
-0.07062685291  
0.03202916388  
0.1589407936  
-0.1058110107  
-0.4196230164  
0.1060991485  
-0.4794683482  
-0.4228976812  
-0.3090223813  
0.07361544148  
-0.3442882416  
0.1811086313  
0.2413275337  
-0.3241679024  
-0.4508386958  
-0.2726768781  
-1.07640745  
-0.1312927629  
0.04582747804  
-0.2575001183  
-0.1436738062  
-0.1148882716  
-0.3956083594  
-0.708199583  
-0.5983570307  
-0.4536506758  
0.09136069612  
-0.3763936695  
-0.2780775041  
-0.1667297809  
-0.1757767774  
-0.2245063048  
-0.3021857926  
-0.4666199637  
-0.03971357755  
-0.3249628372  
0.1071308673  
-0.2839647518  
0.002976016563  
-0.3147529579  
0.1016772546  
-0.8184386416  
-0.6251920196  
-0.05551367361  
-0.164540564  
-0.1318936464  
-0.3615080936  
-0.3215523506  
-0.7909393259  
-0.6768166076  
-0.4999438469  
-0.8223186383  
-0.6219176801  
-0.8342293029  
-0.3109481503  
-0.3571132808  
-0.4560395085  
0.05701098621  
-0.8329479769  
-1.103392851  
-0.5711148398  
0.1897913079  
-0.2655089527  
-0.7014681636  
-0.7052839624  
-0.6741473144  
-0.7589334318  
-0.958596477  
-0.9131671529  
-0.453990245  
0.3334589465  
-0.3064367987  
0.03987286861  
0.4371540677  
0.05832127233  
-0.2529766892  
-0.8914737343  
-0.9204922351  
-0.3658925694  
0.09144215785  
-0.6810271437  
0.1459367202  
0.1010274805  
-0.2876460332  
-0.2834804835  
-0.4388265653  
-0.5336167239  
-0.3481013721  
-0.6036720068  
0.04040919746  
-0.815578378  
-0.3495432525  
-0.282033313  
-0.4543798422  
-0.5096441601  
-0.6235271901  
-0.5962183756  
-0.02694416595  
-0.3783213743  
-0.3961700704  
-0.5044472518  
-0.4923993329  
-0.09322493941  
-0.09833275706  
-0.4358780294  
0.3393288249  
-0.1283801782  
-0.3831559526  
-0.7002420311  
-0.9358847082  
-0.6569205783  
-0.9707294811  
-0.7485905325  
-0.2810207065  
-0.5113630498  
-0.4988746553  
-0.1019508179  
-0.5951180171  
-0.9167965826  
-0.6142490318  
-0.3480094834  
-0.5012647018  
-0.5579782899  
-0.8430085731  
-0.7643126134  
-0.2570482826  
-0.3322488984  
-0.8179538866  
-0.05716547509  
-0.143070781  
-0.1801119195  
-0.4973230026  
-0.4134367847  
-0.2271961101  
-0.5685773437  
-0.5726847779  
-0.2441012455  
-0.7427433873  
-0.3080348985  
-0.2725171465  
0.3265694644  
-0.04363660267  
-0.4139564867  
-0.07166416708  
-0.3976641207  
-0.4670807704  
-0.3448489093  
-0.5006455611  
-0.4808121854  
-0.6056773422  
-0.4475363323  
-0.7656132144  
-0.1100214033  
-0.4010220825  
-0.2498280052  
-1.12266519  
-0.9071522924  
-0.100217718  
-0.9896501721  
-0.5590845715  
0.03261455673  
-0.2949219027  
-0.4518240818  
-0.8137705366  
-0.5611004969  
-0.9328845736  
-0.8079532811  
-0.0620535393  
-0.04862400458  
0.3029161123  
-0.142221889  
-0.2365096437  
-0.2969830872  
-0.2565655527  
-0.9710220146  
-0.5804240419  
-0.3126656003  
-0.5038177541  
-0.1052807834  
-0.2728898978  
0.3585847391  
-0.3067357579  
-0.7270058114  
-0.1188530832  
-0.01031815549  
-0.3770282014  
-0.2287334299  
-0.1682954901  
-0.05805753599  
-0.4107605309  
-0.6353990922  
-0.4000965645  
-0.898769803  
-0.1874053313  
-0.3726048924  
-0.5100159513  
-0.1268602522  
-0.7721488389  
-0.7041278674  
-0.2397455653  
