0.07970416862  
0.2402394672  
0.1595873531  
0.0568489102  
0.1837822607  
-0.06088329207  
0.01433283025  
-0.3211313702  
-0.2166800998  
-0.01290159343  
-0.3591240455  
-0.2883635051  
-0.1427312149  
-0.4279022199  
-0.3307112545  
-0.3942257352  
-0.5092542484  
-0.1195246652  
-0.0734793923  
-0.3281136637  
0.7835413503  
-0.006179748005  
0.319208963  
-0.09005883752  
-0.3583076112  
-0.07613227174  
0.09552104019  
-0.3068650589  
-0.3875751501  
-0.4832825382  
0.1732355265  
-0.6389310641  
-0.4290005779  
-0.4614007045  
-0.3906157521  
-0.06476354089  
-0.1424590826  
-0.3828564607  
-0.1929041748  
-0.4187689248  
-0.7000479258  
-0.4815794173  
-0.02973067595  
0.3106252993  
0.4443454459  
0.3017544001  
-0.1150415481  
0.05606035069  
0.2685082801  
-0.4893078785  
-0.2764333959  
0.1467601273  
0.06526018111  
0.07886819848  
0.3151695071  
0.1336293565  
0.6920567225  
1.363521724  
0.6685308722  
0.3579359636  
-0.02357220183  
0.342223301  
0.07241323211  
-0.0810359811  
-0.6583979357  
-0.1846144364  
0.6299537975  
0.380054764  
-0.03076455763  
0.3090572667  
0.1290885092  
-0.2467078947  
-0.2369807741  
-0.2770878082  
-0.5074095784  
0.06633002281  
-0.4658008035  
-0.4197015731  
-0.1297437918  
-0.1506954303  
-0.007890418386  
-0.2785963779  
-0.37198048  
0.5535662303  
0.05698719723  
0.3419588646  
-0.5927889351  
-0.561431481  
-0.3599084251  
-0.4280906235  
-0.597408747  
-0.3116722158  
0.08632842576  
-0.0006398811134  
-0.08554650484  
-0.3729703459  
0.03480039169  
-0.1045773796  
0.006351094012  
0.0361872304  
-0.04830981665  
0.2894489421  
0.2713239415  
0.4731933619  
-0.005979687966  
0.3010324713  
-0.06508913659  
0.07223684661  
-0.5224832843  
-0.1592464753  
-0.4600930787  
-0.3072008227  
0.06726372903  
0.2780906106  
0.2127546608  
0.1460785154  
-0.1122975256  
-0.344965665  
-0.6826838556  
-0.02495313491  
-0.3319003078  
-0.5961433648  
-0.7010649827  
-0.5640287457  
0.1995290591  
0.13040597  
0.02812061144  
0.265116034  
0.2604190111  
-0.0615382235  
-0.8994640803  
-0.3098418927  
-0.8396077521  
-0.2046171382  
-0.5874268031  
-0.133869415  
0.2776782245  
-0.3314837914  
-0.06136959892  
0.3099918892  
-0.141046609  
-0.306444595  
-0.421409297  
-0.210012707  
-0.7390671999  
-0.4891006317  
-0.2762865285  
-0.05603392604  
-0.3941564248  
-0.5693662079  
0.3133772281  
-0.1654299219  
-0.1769390747  
0.05783823464  
0.5197914938  
0.4116946462  
0.05567190093  
0.01755100469  
0.1089609351  
0.04958441123  
-0.1760286878  
0.1966203043  
-0.4586046394  
0.03222194749  
0.06117501987  
0.007028791915  
0.2078766419  
0.3210067736  
0.617784188  
-0.1187971299  
0.9585092579  
-0.1634659841  
-0.1231354463  
0.001805715733  
0.3092556225  
-0.7162281035  
0.167188024  
-0.3056182433  
0.1950180466  
0.3248393034  
0.2742483863  
0.6599558168  
1.16484661  
0.5670485766  
-0.2213648325  
-0.09700659985  
-0.143297231  
-0.1480209056  
-0.1534678753  
0.4571165513  
-0.07183088895  
1.050166605  
0.600128406  
0.1666060341  
0.1559439029  
-0.3711790545  
0.1614418165  
-0.3150808742  
-0.5779567511  
-0.4822672977  
-0.3035393835  
-0.004177237567  
0.2859068672  
0.1057775664  
-0.2231490997  
-0.6409567948  
-0.7100922534  
-0.8649128132  
-1.227438101  
0.2921426451  
-0.3446823837  
-0.2362916744  
-0.3372741368  
-0.2947706661  
-0.1435748655  
-0.3322699164  
0.05743643837  
0.5587408769  
0.2718992043  
0.1449574519  
0.02466415422  
-0.3695395534  
-0.554006187  
-0.2621477212  
-0.8397816741  
-0.4487215119  
-0.4210785124  
0.02918897989  
0.3775610838  
0.2297485806  
-0.1018314589  
-0.3119083098  
-0.5053924928  
-0.1005099314  
-0.4331921279  
-0.7765102031  
0.1250689617  
-0.4692244331  
-0.08376571887  
0.03557068104  
-0.2794836894  
0.1736809838  
-0.2480095551  
-0.5990611589  
-0.02554215697  
-0.6035226918  
-0.2185261156  
-0.3759078104  
-0.529357385  
-0.4605253541  
-0.3877324331  
0.01070524108  
-0.4912898264  
-0.4474318745  
-0.2976896897  
-0.195722598  
0.0101928927  
0.4215364748  
0.4920891407  
-0.1881376538  
-0.1338467735  
-0.3037810747  
-0.4446939164  
0.1320669995  
0.04081891321  
0.3552230856  
0.1693409005  
-0.6003099874  
0.1592884828  
0.1685766598  
0.2125482165  
-0.4251757288  
-0.04162496125  
0.7414923162  
0.2083416367  
-0.03035634332  
-0.5772325704  
-0.1882119595  
-0.1969481389  
-0.002403574744  
-0.7264077283  
-0.06384638346  
-0.2435068941  
-0.06022617052  
-0.3788883748  
0.3864737508  
0.2701839979  
1.30084625  
0.5240904833  
1.385506435  
1.24149961  
0.7491959155  
0.6964833979  
0.7299255347  
0.4042804357  
0.3863404651  
0.4570804829  
0.1463435938  
-0.1446276404  
-0.2470096439  
-0.168229144  
-0.4160248665  
-0.2332949759  
0.1569681316  
0.2230344636  
0.02853284993  
-0.4305983235  
-0.2134042152  
-0.2202886213  
-0.6486876043  
-0.865633427  
-0.08104537274  
-0.1817560902  
0.0605639925  
-0.2249055374  
-0.2563940443  
-0.2240804787  
0.02044511303  
-0.1456723303  
0.1548670214  
0.6141756515  
0.05218683236  
0.2239398659  
-0.3574811156  
0.06579064354  
-0.08928371256  
-0.8770364703  
-0.714706195  
-0.3482790004  
-0.5771382753  
0.2962520075  
0.4540616842  
0.08020987651  
0.2575648397  
0.143418566  
-0.05064333402  
-0.3108628723  
-0.8817210255  
-0.6745282323  
-0.3047404357  
-0.7383169304  
0.1000594829  
0.7847609045  
0.07950717368  
0.3107765139  
-0.2949522137  
0.4765964344  
0.4292329465  
0.2510408458  
0.3507850037  
0.1352630244  
-0.369671023  
-0.02058398354  
-0.1566877895  
0.09424328442  
0.0997094941  
-0.1822003297  
-0.360691652  
-0.1757762398  
0.08601982929  
1.008852407  
0.8178581743  
0.5197616412  
0.4062138055  
0.9285308518  
-0.2163354764  
-0.1091287491  
0.1063584482  
-0.01895683301  
0.2120659582  
1.119512038  
0.7076739345  
0.7007246778  
0.9039821025  
0.7345983558  
0.4887292204  
0.8184578143  
0.2451944346  
-0.1614640759  
-0.4270220811  
-0.7857959947  
-0.6216853622  
0.1426749848  
0.1245145599  
-0.5080117158  
-0.3226563297  
-0.1106282911  
-0.1579472569  
0.066237626  
-0.2697805297  
0.2808564088  
-0.1423005309  
0.01970722406  
0.07512191911  
0.05683219617  
0.09280241685  
0.08222212793  
-0.2115131332  
0.3425798121  
0.751362471  
-0.06562223637  
-0.04359019825  
-0.3755190808  
-0.1895547562  
0.3403683568  
-0.0243160918  
0.03547623364  
0.06507665122  
0.2893773564  
0.4485873975  
0.3202890486  
0.4475954912  
-0.464525488  
1.066349773  
0.3237269058  
-0.3999572553  
0.2175781519  
-0.1169895144  
-0.2391145059  
-0.1890027174  
-0.01596629174  
-0.5845713214  
-0.5460840174  
-0.2767479854  
0.1466089895  
-0.1338023637  
-0.5837441263  
0.08074886996  
-0.4316655216  
-0.2140333572  
-0.5135173113  
-0.2820396492  
0.1831998661  
-0.2862634313  
-0.1640207902  
0.5026595157  
0.1742788815  
-0.5804662434  
-0.9762921084  
-0.02801220736  
-0.02641937032  
-0.6786437256  
-0.8233636629  
0.2187031331  
0.2931382783  
-0.2937966221  
-0.225828856  
-0.2601316803  
-0.19427448  
-0.1794853022  
0.3259293211  
0.6603363435  
0.7796482719  
0.7339003459  
0.5300147079  
0.4861211861  
0.3284795577  
-0.1565167365  
0.1999606771  
0.1679750814  
0.5371564754  
0.2603481128  
0.6810676738  
-0.4563729853  
0.1868923802  
0.7139461311  
0.5743416117  
-0.164048117  
0.0554093711  
0.274774957  
0.236001693  
-0.4472140911  
-0.1560611613  
-0.6863652161  
-0.8489775139  
-0.9957241651  
-0.8854789527  
-0.6417724186  
-0.03836379432  
-0.3107576429  
-0.5670975154  
-0.2301640775  
-0.2413067767  
-0.4813831648  
-0.4138061961  
-0.5019264042  
-0.5877103759  
-0.1585580948  
-0.4151817567  
-0.2738811389  
-0.05671958587  
-0.04594838968  
-0.4962506409  
0.2015810038  
0.02838774189  
-0.2466450054  
-0.159310068  
-0.295985578  
-0.2122816161  
-0.1354359328  
-0.1505790815  
0.5808258871  
-0.2256914783  
0.09453469338  
-0.4311393319  
-0.178486755  
-0.1613957433  
-0.4421025264  
-0.107592865  
0.2785636985  
0.7689476026  
0.0265697563  
-0.02816857361  
-0.2421163766  
-0.5071641987  
-0.5026869215  
-0.2099858122  
0.6464786947  
1.356721855  
0.8410079029  
0.6253671493  
0.7844373479  
0.3969205726  
0.2838758169  
0.02071162477  
0.2400600361  
0.4031156032  
0.8162256449  
0.4046833015  
0.5820404449  
0.5376686801  
0.1328811646  
-0.2972723497  
0.006864623442  
0.09386843845  
0.158854341  
0.4455245609  
0.1746278224  
0.3428083551  
0.5505700598  
0.7147100587  
0.5598656363  
-0.0783756229  
0.8496327348  
0.8031864774  
0.2088488876  
0.7705801938  
0.2451235707  
0.2348116671  
-0.05739684411  
-0.4847147274  
-0.3039036792  
-0.1642273822  
-0.1461771519  
-0.4547234492  
-0.1810247966  
-0.09552786373  
0.4636519189  
0.7868593014  
0.3174142434  
1.09558124  
0.4730261533  
0.1906662676  
0.3586247643  
0.186512044  
0.3228440091  
0.3636120889  
0.9402738124  
0.7280894116  
1.071234612  
0.797206419  
0.04831805141  
0.09336214469  
0.8216407395  
0.2011720565  
0.1330709281  
-0.07283330767  
0.5743830294  
0.2708323664  
0.2053406121  
0.4261438979  
0.2084893994  
-0.2265185123  
0.4339779342  
0.5113416375  
-0.226031743  
0.4901338216  
0.5426766178  
0.3329122996  
0.4374191729  
0.1613358557  
0.1596767847  
-0.2622464521  
0.0551229537  
0.2491033931  
-0.0442894089  
0.08744309399  
-0.2345668527  
0.438337919  
0.02440287406  
-0.66062664  
-0.612508425  
-0.4242559773  
-0.2446179107  
-0.6649534627  
-0.5265332226  
-0.1936582601  
-0.3620810711  
-0.5248187869  
-0.3704806554  
-0.1909550913  
-0.7835018111  
-0.1659932871  
-0.1924873007  
-0.9830453961  
0.09884335235  
-0.5563953015  
-0.5007329469  
-0.2573175345  
-0.07230763755  
-0.2784306885  
-0.8674597401  
-0.2064375424  
-0.3658825566  
-0.9492720648  
-0.6170463597  
-0.8771002539  
0.1560966368  
-0.4386589211  
-0.2756449274  
0.2586306984  
-0.4334441199  
-0.5792225859  
-0.8173054529  
-0.3864821598  
-0.4041304709  
-0.7156731924  
-0.434534149  
0.1327924345  
-0.1084852182  
-0.9368571885  
-0.4964701985  
-0.7606175535  
-1.19548009  
-0.6843521329  
-0.5093692448  
-0.6546284448  
-0.3688188005  
-0.4748096903  
-0.6528850574  
-0.671081309  
-0.5895484528  
-0.9009940791  
-0.5647744102  
-0.2428015576  
-0.5292425302  
-0.5361867824  
-0.6901652392  
-0.8011242507  
-0.06363281065  
-0.4435828912  
-0.006781943215  
-0.6841180306  
-0.2682724077  
-0.8873211579  
-0.8893820739  
-0.4987325537  
-0.390389971  
-0.9829104111  
-1.022167689  
-1.009041774  
-0.2985925726  
0.1032697794  
-0.1565706882  
-0.7346966484  
-0.5664072953  
-1.155050823  
-1.143944511  
-1.140855714  
-1.232929108  
-0.9226697942  
-1.404881968  
-1.298480159  
-0.6357827488  
-0.3174083523  
-0.2583274009  
0.01692656768  
0.2443702409  
-0.1553784731  
-0.3670901196  
-0.5845016412  
-1.121160448  
-0.9948993084  
-0.581002647  
-0.2102980621  
-0.4492559246  
-0.1359711326  
0.1963993791  
0.1832084191  
-0.248320513  
-0.5742463737  
-0.4800610908  
-0.7343882963  
-0.07651940097  
-0.4618832277  
0.1906507416  
-0.04350024686  
0.5284671493  
0.4741751928  
0.9763929972  
0.558335399  
0.6089896876  
-0.4722044813  
-0.9856599044  
-0.7663763222  
-1.209501348  
-0.3984077685  
-0.3064685468  
-0.4143420112  
0.1657017586  
-0.3071879829  
-0.352758669  
-0.9274978623  
-1.036591888  
-0.6472948957  
-1.203600243  
-0.4091902599  
-0.367765115  
0.05603299032  
0.3322725413  
0.3086519374  
0.5204431615  
-0.2431927478  
-0.9272878034  
-0.453832553  
0.04809912043  
-0.08893007554  
0.003676221978  
0.6978087278  
0.9861795145  
0.3828858469  
-0.6289062152  
-0.1961597028  
-0.4918971737  
-0.5933636426  
-0.1544136307  
0.1711219143  
-0.3747181739  
0.2110934017  
0.6215982088  
1.233381964  
0.6591673394  
0.9360136872  
0.6909369245  
0.1076797033  
0.1970312287  
0.07835528949  
0.4932739319  
0.485851021  
1.035601649  
0.9817954223  
0.7056330058  
0.485030757  
0.6123551438  
0.07519358339  
0.4014431912  
-0.5809808596  
-0.09364798596  
0.1379804159  
0.7520225436  
0.6228554513  
0.7053155058  
0.999241529  
1.353929146  
1.280473992  
0.9676551373  
0.7399636787  
0.2680384221  
0.4736944715  
0.1222005991  
-0.2277070108  
0.3276301078  
0.1165218672  
0.3326684531  
0.01733169674  
0.06937555686  
-0.2306070764  
0.5244644547  
0.382909966  
0.4463269062  
0.693227908  
1.128858459  
0.6787949595  
0.5234056676  
1.242914908  
1.462178531  
1.164767031  
0.9080267582  
0.1931431493  
0.8094528865  
0.1125144112  
-0.1514811058  
0.3862512297  
-0.316152321  
-0.2303108919  
-0.2297753571  
-0.1335458888  
-0.1610977509  
-0.2683824314  
-0.03423841041  
-0.03936548142  
-0.5808772833  
-0.3031632848  
-0.289513773  
-0.4519619231  
-0.3530837871  
0.4274022357  
-0.2262702649  
-0.7038935264  
-0.2620677399  
-0.2797434625  
-0.5252116815  
-0.3403909387  
0.04488754369  
0.2517140625  
-0.09451906673  
-0.01462877712  
-0.206426036  
0.1277622915  
-0.1969790435  
-0.09998790059  
0.1683879506  
-0.1820647838  
-0.1943107207  
-0.7775335703  
-0.6557949699  
-0.1705452184  
-0.07725980133  
0.2908258534  
0.1796873677  
0.2354213592  
0.3006601583  
-0.5225485568  
-0.4021419595  
0.04117051107  
0.04907269928  
-0.2858991022  
-0.005083806134  
-0.1492246705  
0.01396601892  
-0.4070356511  
0.2308923395  
0.7614948914  
-0.03640160304  
-0.1050185721  
0.01586118085  
0.26923945  
0.2619249222  
-0.6085253275  
0.02195612959  
0.05898847764  
-0.2029227195  
0.3192933002  
-0.1013005678  
-0.3266032829  
0.3721067624  
-0.1350682923  
-0.1881948228  
-0.4616776854  
0.05969312914  
0.9223248692  
0.1127921592  
0.1196377114  
-0.1361654999  
-0.3857885231  
-0.03082884874  
0.1846874578  
0.5095808003  
0.7331581907  
0.6805050845  
0.8597074553  
1.176257698  
1.191312541  
0.2933456897  
0.2901020965  
0.2001537195  
0.06621015835  
-0.1127068792  
0.126253664  
0.1694132409  
-0.3577485524  
0.08900376929  
0.4060217428  
0.4174309679  
-0.3567075049  
-0.5581720673  
0.2649587491  
-0.2380275165  
-0.05523196342  
-0.1276977619  
0.5289203092  
0.05505746528  
0.2702356693  
-0.4483343167  
-0.4095335773  
0.194681491  
-0.5543425173  
-0.4575675374  
0.1839437467  
0.08653612435  
0.7416517021  
-0.157862932  
0.303344513  
0.7800788965  
0.5273108805  
0.3956777009  
0.2331672653  
0.4062378266  
-0.141249537  
-0.1052405683  
0.2474700852  
-0.3704497438  
-0.266372451  
-0.03650612617  
-0.6886712217  
-0.6035419459  
0.04898369855  
0.2697053371  
0.2954029443  
0.5674652853  
0.1038950961  
-0.1462008823  
0.1071477508  
0.1478817084  
-0.03058281043  
-0.1035122776  
0.05101738689  
-0.2882873881  
0.4034637355  
0.5996926956  
0.7490856957  
0.1751884188  
0.5066789127  
0.4513263053  
0.8537686107  
-0.06264485159  
-0.1412385991  
0.6535874497  
0.1716520429  
0.2507972915  
0.06974659588  
0.135567356  
0.218833082  
-0.03760770084  
-0.05328619684  
0.2819249465  
-0.4428991043  
-0.6042991526  
-0.5521097152  
0.007723760051  
-0.5847407492  
-0.4817226439  
0.09454302045  
0.2389253137  
0.4253616562  
0.003293896417  
0.1806023075  
0.3382364369  
-0.08899209181  
-0.2012432346  
-0.3392057176  
-0.4710936172  
-0.4360310404  
-0.4899091783  
0.1516841071  
0.422243932  
-0.2795487086  
-0.5144821496  
-0.4671839405  
-0.4251485634  
0.01354382154  
-0.2286273415  
-0.4711253216  
0.02182800627  
-0.3435273125  
0.007734665725  
0.3971250776  
0.1624105923  
0.09944964441  
-0.2287505733  
-0.2905188881  
-0.7131129238  
-0.1379611188  
0.0689770868  
-0.007540567774  
0.5170873098  
0.422383321  
0.7696353319  
1.010395651  
0.7416248884  
0.3930838577  
0.3440440398  
0.4025580442  
1.0244854  
0.2692550368  
-0.1123534196  
0.003106934026  
0.2057306475  
0.2663383729  
0.777769517  
-0.2604888631  
0.7577014069  
1.131450057  
0.2336836363  
-0.3787049613  
0.06340948336  
0.1673305146  
0.1174967889  
0.5251709192  
-0.1931520906  
-0.2130886098  
-0.4241025072  
-0.3318237541  
-0.1077486199  
0.5959306124  
0.6105546548  
1.09731895  
0.9755514169  
0.3904715355  
0.1640676283  
0.1234612129  
0.3725780852  
-0.6606510723  
-0.4827997645  
-0.2041087884  
0.04589086049  
-0.02736050788  
-0.05510350679  
0.635755082  
0.4517806033  
-0.1327107017  
0.09012353825  
0.3218871852  
0.3440762967  
0.2297517878  
-0.1176714436  
-0.1233164695  
-0.2128510486  
0.1161696309  
0.1450541701  
-0.09690566133  
-0.5220313782  
0.1588714034  
-0.08764928449  
-0.4044884235  
-0.9007495859  
-0.405503242  
0.2770561204  
-0.7539346699  
-0.4826538078  
0.006081003316  
0.07405322853  
-0.2783481497  
-0.7307791536  
-0.2759844279  
-0.3890376775  
-0.341328119  
-0.08978034883  
-0.06570586721  
-0.002672030884  
0.06885612514  
0.3262363655  
0.2098792873  
0.9104078175  
0.8111577611  
0.7332351284  
-0.09627492493  
0.2321946727  
0.2934946447  
0.02109049622  
0.5630673191  
0.4649390299  
0.5961382738  
0.4029960076  
0.2480608455  
0.3603055034  
-0.3323899384  
-0.2318286852  
-0.4614746422  
0.5213044223  
0.08690597589  
0.1530827076  
0.2374731678  
0.3181862866  
0.1155873465  
0.2502773412  
0.2245567564  
0.1316335166  
-0.3565312668  
0.1340046013  
0.4964165857  
-0.1074566103  
0.3650547371  
0.1700065897  
0.4058877879  
0.2608282951  
-0.01863376654  
-0.3820243209  
-0.002266408699  
-0.0133351099  
-0.05914718809  
0.006902483303  
0.1718601195  
0.01027641662  
0.1679883856  
0.007172901337  
0.5731516494  
-0.03349680625  
-0.09573422755  
-0.4651145051  
-0.3918965504  
-0.2229442554  
-0.2876724764  
-0.4440160045  
0.1277830581  
-0.2577961531  
-0.2901941429  
0.3523150489  
0.6108415497  
0.3155125726  
-0.0544736009  
-0.008334936434  
0.2423726959  
0.2006960397  
-0.1950135185  
-0.4741611839  
-0.1405725977  
0.5231468465  
0.7838865168  
0.7372753489  
0.3507650155  
0.02739938513  
0.2430160334  
0.5634181199  
0.1226367658  
-0.01027558646  
-0.4411006089  
-0.02257755288  
-0.3810513313  
0.3805000039  
0.3243065897  
0.4315763896  
0.4516996956  
0.263514637  
0.1480994275  
-0.05881477587  
-0.1342043539  
0.1506268436  
-0.1950521346  
-0.2183712416  
-0.02379776235  
0.1409209459  
0.2531055806  
-0.1982267587  
0.1424639051  
-0.4219639067  
-0.5140315017  
-0.1691951921  
0.4715145557  
0.3032441784  
0.5252989431  
0.1824419334  
0.5772325937  
0.2548631912  
0.7166599415  
0.274577569  
0.4510200278  
0.9786436857  
0.7070541812  
0.5801423244  
1.717669749  
1.127979128  
0.6788235413  
0.05964406844  
0.1600513223  
0.08260256638  
0.6367060679  
0.4908320584  
0.6571398255  
0.1315274646  
-0.03761708158  
0.1512558452  
0.5162815214  
0.3014296357  
0.3187319301  
0.2930857808  
0.08828431874  
0.1853132143  
0.08700637427  
0.5015041838  
