0.9448903726  
0.4768441182  
0.196465361  
-0.1323954501  
-0.684262318  
-0.4299335738  
-0.56614414  
-0.6046147145  
-0.8823078667  
-0.5852784325  
-0.4289274719  
-0.711130223  
-0.8415756503  
-0.9277305001  
-0.7921780395  
-1.083235074  
-1.025912707  
-0.7188385741  
-0.4887186257  
-0.3778264532  
-0.5671738476  
-0.5562505645  
-0.6955465792  
-0.4245959238  
-0.2741788982  
-0.2357039146  
-0.3398327365  
-0.2880755133  
-0.6866231731  
-0.2450388355  
-0.7122511557  
-0.9226127794  
-1.122044067  
-1.014981135  
-1.035192634  
-0.801553179  
-0.9219122308  
-1.058754217  
-1.51929279  
-1.321698068  
-1.015944503  
-0.5316968823  
-0.2513528804  
-0.1197817944  
-0.09295344722  
0.2377508149  
-0.3324168055  
-0.7810573053  
-0.5661671299  
-0.6944841548  
-0.7688231015  
-0.9794875024  
-0.7959685516  
-0.4592325551  
-0.2926757279  
-0.4284333098  
-0.176478385  
0.05776991966  
0.5850434726  
0.2833991835  
0.3178750173  
0.1682339129  
0.05196728846  
-0.4357300816  
-0.5145796591  
-0.8863795862  
-0.4275182179  
-0.5100832984  
-0.3672195963  
-0.5325448207  
-0.3786942854  
-0.7244871993  
-1.018150336  
-1.283213712  
-1.263536437  
-0.9690571858  
-1.264123834  
-0.9555403288  
-0.4958860319  
-0.4938091134  
-0.5094605218  
-0.007922176213  
0.07295937418  
-0.0147875009  
-0.1998300962  
-0.2014133617  
-0.4605670047  
-0.6016756573  
-0.5938637464  
-0.4046192277  
-0.1763535237  
-0.5680172802  
-0.4766325544  
-0.2982239455  
-0.1104385804  
-0.3322790276  
-0.4893094999  
-0.2646936146  
0.1136018575  
0.1694489046  
0.01982891215  
0.1932839984  
-0.1088476221  
-0.4075868096  
-0.2967719724  
-0.5986194142  
-0.4387557681  
-0.3876928313  
-0.3036267984  
-0.5803548488  
-0.8835027526  
-1.196220808  
-0.8348563249  
-0.4165040559  
-0.7650354424  
-0.5611849152  
-0.7874856883  
-0.6759438953  
-0.9069982125  
-1.074193753  
-0.8399020831  
-0.6881330725  
-0.7764326271  
-0.9035453084  
-0.5844273888  
-0.3456242781  
-0.4138070134  
-0.5881903154  
-0.642099196  
-0.6332110082  
-0.7004865203  
-0.6591774385  
-0.7103393531  
-0.5366540751  
-0.751810315  
-0.6910200742  
-0.2374048836  
-0.6306604662  
-0.3965268305  
-0.6230224477  
-0.4958642345  
-1.059638502  
-0.7977485936  
-0.7046074498  
-0.4649700872  
-0.8283599493  
-0.7992233276  
-1.074803617  
-0.6119429075  
-0.5308889187  
-0.3615625809  
-0.1092931095  
-0.03163736343  
-0.3806777556  
-0.3656976333  
-0.3325785904  
-0.401060662  
-0.2861431086  
-0.4923781211  
-0.5652300375  
-0.1893996783  
-0.7889754391  
-0.5238104812  
-0.6752008049  
-0.3260506803  
-0.8462882648  
-0.8007694888  
-0.8238407294  
-0.6741843796  
-0.9587253912  
-0.5660493445  
-0.4904647446  
-0.1428255288  
-0.7645496103  
-0.4741361689  
-0.2882764484  
-0.9157129484  
-0.7384241763  
-0.2550513867  
-0.09062458502  
-0.2717227255  
0.04788500286  
0.2108609392  
0.1772583028  
-0.4936136663  
-0.317770306  
-0.6140816301  
-0.9544989596  
-0.3183584237  
-0.4601508892  
-0.4139802894  
-0.5534878419  
-0.1228326844  
-0.09760342724  
-0.6386532  
-0.66748842  
-0.6546126469  
-0.4417051147  
-0.5608032601  
-0.8351445288  
-0.6648678447  
-0.5614924503  
-0.3932620049  
-0.3169211391  
-0.465320358  
-0.5677856229  
-0.5155797637  
-0.9675224367  
-1.170850578  
-0.7358363687  
-0.5090848941  
-0.7373810028  
-0.08578914275  
0.4139882439  
-0.06790744834  
-0.2367681982  
-0.3041432733  
-0.4727749251  
-0.9594103721  
-1.05030459  
-0.8666340852  
-0.6165334128  
-0.7318384292  
-0.9220116797  
-0.373223676  
-0.4840635201  
-0.7054225012  
-0.2728472945  
-0.2001887624  
-0.418580161  
-0.5763486557  
-1.052924143  
-0.5122345251  
-0.9574067682  
-0.1181672303  
-0.1220183513  
-0.6753253442  
-0.7401082982  
-0.616902931  
-0.1347299634  
-0.4019644302  
-0.6206871124  
-0.5394012073  
-0.7102261548  
-0.5948225402  
-0.6447030525  
-0.4987866288  
-0.7591163281  
-1.164486063  
-1.108068968  
-0.7293629996  
-0.4966454474  
-0.725833362  
-0.675510309  
-0.6195293752  
-0.4420928772  
-0.2219401044  
-0.652716255  
-0.6254179126  
-0.7077566058  
-0.7338205388  
-0.2755112543  
-0.4199510723  
-0.2070970444  
-0.4509047327  
-0.4336068295  
-0.2684516739  
-0.6516539054  
-0.9967144214  
-0.7207643904  
-0.5394033426  
-0.4101714426  
-0.4275749746  
-0.09742003768  
-0.03575688097  
0.09062753078  
-0.2945425115  
-0.1845515461  
0.07427832231  
-0.1691642181  
-0.2259959892  
-0.01292247451  
0.06743734391  
-0.2371946047  
-0.4792876049  
-0.05411317915  
1.135919523  
1.234916824  
1.893062261  
1.902329204  
2.111617381  
2.049637948  
1.763915315  
1.833133604  
1.169875133  
0.4304277441  
0.3997061828  
0.5585924011  
0.1838510786  
0.2209314987  
-0.2012355282  
-0.0390526411  
-0.3018128382  
0.4359374399  
0.04111096043  
0.1634083598  
0.1675699877  
0.7834877633  
0.318079256  
-0.03226112878  
0.232834797  
0.3731691452  
0.2404854973  
0.3245477899  
0.188104407  
0.2714454413  
0.2286068514  
0.1308560913  
0.2324801676  
0.755813576  
0.9748328418  
0.6074282246  
1.038085618  
0.6828563358  
0.177338148  
0.05790312379  
0.0009117027004  
0.06604788464  
0.1149298178  
0.2931425945  
0.9511212259  
0.7955540241  
0.7659875272  
0.8530831962  
0.5053229104  
0.09267535091  
-0.1504296144  
-0.3059042538  
-0.09465915415  
-0.08239096683  
-0.05282027903  
0.2392472404  
0.156576422  
0.2955492225  
0.4031506204  
0.4854438985  
0.740824155  
1.309183534  
0.6429058869  
1.339071647  
1.014106014  
0.6012879891  
0.6181742683  
0.5994771436  
0.2910814893  
0.1162199809  
-0.1587183781  
0.2079228459  
0.2745941566  
0.2368440445  
1.02763357  
0.9548843332  
0.9961923961  
0.8650930318  
0.4904161231  
0.3994266939  
0.1252999002  
-0.2112082486  
-0.009858934628  
0.6003341403  
1.156557108  
0.7314068084  
0.940832331  
1.230634937  
0.7715820739  
0.6934096425  
0.3461564232  
0.1002766315  
-0.1037232072  
-0.08193750405  
0.1727966024  
-0.1966496241  
0.2137783556  
0.1072950585  
-0.0641197556  
0.1302284201  
0.2045324642  
0.2421599763  
-0.01345418806  
0.1060273249  
-0.06173370608  
0.2576676762  
-0.2332292877  
-0.2569555031  
-0.1545064339  
0.6148731107  
0.8030749609  
0.5739648327  
0.4722372672  
0.6456884934  
0.2748879474  
0.4329799983  
0.004773407492  
0.3984271598  
0.4408387937  
-0.1609391095  
0.3096406643  
0.5774327407  
-0.1474621646  
0.08075461879  
0.2954338225  
0.2916778951  
0.5902213237  
0.8241605088  
0.7722454747  
0.2103366633  
0.347914714  
0.4475392391  
0.05412981472  
0.1007081762  
0.1830610681  
0.2725864966  
-0.1079110415  
-0.07699072713  
-0.1041940419  
0.104632226  
-0.2792177465  
0.250230392  
0.004052314806  
-0.1790176513  
-0.7035492747  
-0.1011281237  
-0.1823809855  
0.09214442223  
-0.4667483146  
-0.06351427591  
-0.1706289137  
-0.145957881  
-0.3437170891  
-0.08014665047  
-0.2422044715  
-0.284407385  
-0.6069747987  
0.01916882878  
0.2673872374  
0.1671374362  
-0.007894555865  
-0.3032385301  
-0.4549282725  
-0.3331364398  
0.2404932452  
0.9199200195  
0.9866696486  
1.231958261  
1.064843507  
0.8872823425  
0.9151651854  
0.3220549061  
0.02656841631  
0.3908508091  
0.6561974333  
0.02821088163  
0.4329380827  
0.05686290171  
0.2988846947  
0.4227597548  
0.9928683275  
0.7402973282  
0.6526023474  
0.03622915244  
0.07618002877  
0.350324907  
0.4310027914  
-0.03245409336  
-0.1032481542  
-0.4597698919  
-0.5645856022  
-0.3985624286  
-0.6686476193  
-0.5441213354  
-0.511775387  
-0.1132084701  
-0.2551669946  
0.3926642498  
-0.1735156129  
-0.2091302375  
-0.5279871318  
-0.08450944524  
-0.4366909788  
0.126123339  
-0.0270261988  
0.5491362331  
0.4623706981  
0.7996764564  
0.4235029401  
0.6941371981  
0.2891225825  
-0.197225464  
-0.2698642708  
0.2199887165  
0.25371691  
0.1346740322  
0.00302519571  
-0.0650301269  
-0.3456697304  
-0.2208786201  
-0.3181333143  
0.2299762749  
0.4769869639  
0.4459358589  
-0.3370999402  
0.09027560473  
0.07254588398  
0.08022942225  
0.1700974887  
0.3889229449  
1.032279379  
0.9785868583  
1.445994819  
1.387320294  
1.293397394  
1.018007826  
0.8515122899  
0.6068993284  
0.9636635049  
0.7319384861  
1.028008742  
1.076684225  
1.072924354  
0.7061646087  
0.8639623744  
1.095861127  
0.9737768664  
1.075600748  
1.301053722  
0.9324706679  
0.5240283571  
0.4913701669  
0.06911768027  
-0.1625412752  
0.7539235843  
0.47158655  
0.9922545541  
1.196435916  
2.217322529  
1.695655128  
1.507482063  
1.58843621  
1.045469402  
0.7308137822  
0.5348326698  
0.6533086784  
0.9894674259  
0.6557410502  
0.7133189306  
0.546866947  
0.9164290759  
1.079175391  
1.298696872  
0.7620739578  
1.352960503  
1.080784054  
0.6959825955  
0.7834617421  
1.107236696  
0.9269377639  
0.63504432  
0.8823841817  
1.494798823  
1.261029583  
1.049072184  
0.9335303716  
1.136029244  
0.9413642142  
0.9612288813  
1.048746387  
0.9222422904  
1.253133183  
1.118042824  
1.036247295  
1.093671564  
0.5368190651  
1.00044675  
0.8941011593  
1.205138455  
1.058564719  
0.8976762692  
1.022975831  
1.176180816  
0.8351413052  
0.7460181705  
0.7126390694  
0.6984821736  
0.4238894776  
0.2279911443  
0.3411088427  
0.6743813703  
0.9221245719  
0.9560727246  
0.6252506758  
1.244293718  
0.9288170253  
-0.1107463055  
0.4602521792  
-0.07578148142  
0.1126324694  
0.0602106055  
0.280882731  
0.2600952886  
0.140755528  
-0.2766092376  
0.3933359936  
-0.2665127321  
-0.6290169313  
-0.5987223248  
-0.8850330128  
-0.5774102506  
-0.528761746  
-0.6149889298  
-0.6040051872  
-0.4038755409  
-0.05839177065  
-0.6970342577  
-0.5484126568  
-0.6507824101  
-0.4755628069  
-0.64317771  
-0.20895483  
-0.2438736179  
-0.3566994418  
-0.5712423083  
-0.8003798702  
-0.6021583506  
-0.8426006773  
-0.4527256916  
-0.8122789393  
-0.5796890283  
-0.8361518397  
-0.3725220539  
-0.6956832566  
-0.7337939041  
-0.7263642648  
-0.6547184122  
-0.4219159292  
-0.6392344351  
-0.2313532921  
-0.02009587353  
-0.6375042986  
-0.9111927827  
-1.162806245  
-0.9578749552  
-1.030634851  
-1.116483246  
-0.5987693175  
-0.6583587566  
-0.6418252147  
-0.7061698786  
-0.8923910353  
-0.810521968  
-1.06083605  
-0.7237590653  
-0.6867588618  
-0.5632835371  
-0.7241929776  
-0.6609148699  
-0.7811133988  
-0.8462719794  
-1.324092803  
-0.8658449504  
-1.026330504  
-0.7427363048  
-0.5013931765  
-0.142865552  
-0.08982460175  
-0.2032878666  
-0.1223637778  
-0.2777020445  
-0.8253376094  
-0.5752399238  
-0.7663014664  
-0.9071614037  
-0.9770748656  
-0.9884558995  
-0.9040967637  
-0.3309776218  
-0.3849761592  
-0.03523052937  
0.4008354124  
0.5056491867  
0.2858471013  
0.2229861508  
-0.4715828625  
-0.1708733812  
-0.455258482  
-0.3132536433  
-0.4585161145  
-0.319811725  
-0.5179329639  
-0.428687088  
0.1083186615  
-0.02910642037  
-0.04297079801  
-0.3675284398  
-0.6277119654  
-0.3602337825  
-0.4096625509  
0.5840998144  
0.6860061755  
1.003815289  
1.422107153  
1.754912707  
2.30308889  
1.692586804  
1.554454557  
0.6776292205  
0.06398174565  
0.0851770794  
0.0533311667  
0.6697203938  
0.4907189995  
0.6514754158  
-0.1048684546  
-0.735422106  
-0.8079224786  
-0.9132139607  
-1.144995068  
-0.8847894179  
-0.5331641202  
-0.2576286232  
0.1823154436  
0.5317985358  
0.7313474513  
1.172990907  
0.5111790816  
0.4915055381  
0.5888464566  
0.819950431  
0.5810772449  
0.7806199764  
0.5379915048  
0.4002854512  
0.2873131878  
0.5251330331  
0.1929397191  
0.496647152  
0.09717800386  
0.5973980655  
0.5481304297  
0.4883380801  
0.9465149186  
0.8587482198  
1.167806475  
1.499984171  
1.113312852  
0.9713846289  
1.0097571  
0.8685945272  
1.258860898  
1.527793513  
1.487985604  
1.691105113  
1.756544588  
1.370425846  
1.005861021  
1.155421062  
1.086692025  
0.7118048404  
0.4231024138  
0.8309885827  
0.5925605003  
0.470264687  
0.6341852485  
0.5271857953  
1.044188557  
1.463002637  
1.797226692  
1.677047737  
1.592135851  
1.914082377  
1.578335517  
1.526694352  
1.053432151  
0.6350051552  
0.4812724427  
0.0433326576  
0.595126882  
0.5020526261  
1.499340223  
1.488254786  
1.316671968  
1.417640764  
1.25981506  
1.017982768  
1.271691556  
1.127786243  
1.411809982  
1.959553422  
1.401308063  
1.326798333  
1.520074171  
1.680430908  
1.844157491  
1.556623977  
1.150681381  
0.7628517153  
-0.05353179275  
0.1477658623  
0.4592058169  
0.6795557314  
0.2910683858  
0.5290549123  
0.1566768414  
0.00267294594  
0.446631904  
0.1502112805  
0.3894234966  
0.3952279772  
0.3157871161  
0.1544203686  
0.4794313854  
0.3588158039  
0.303888437  
0.01375664585  
0.3076865275  
0.3576630559  
0.3186569252  
0.1928176745  
0.4129727918  
0.1010693553  
0.1514973756  
-0.1808391142  
-0.2855116491  
0.05119687114  
-0.2531484224  
-0.2793634468  
-0.6236373512  
-0.9013227264  
-0.1920128675  
0.3096658055  
0.00847352142  
-0.05141872345  
-0.1112953991  
0.0576471541  
-0.358772771  
-0.0676432695  
-0.1998897834  
-0.8041329066  
-0.6270156109  
-0.2029695963  
0.2007394964  
0.08084430944  
0.1570653782  
0.8481002371  
0.7133996435  
0.1178997527  
0.130441597  
-0.713152106  
-0.04047682874  
-0.06695601593  
0.1853570197  
0.04994686892  
-0.02498456954  
0.1425127254  
0.1226936529  
0.1990002308  
0.03351200113  
-0.04923181619  
-0.7778054847  
-0.8690338807  
-1.056477716  
-1.041136009  
-0.8940464758  
-0.7734899566  
-1.294948881  
-0.7371185777  
-0.9571347374  
-0.8237542308  
-0.6475541925  
-0.2898681662  
-0.1124593394  
0.01464530871  
0.1174135042  
0.4718570838  
1.442515225  
0.8253874559  
0.8860081985  
0.1211999659  
0.1925748928  
0.3086455809  
0.5868213686  
0.1656744779  
0.1972868727  
0.245017538  
0.293966154  
-0.06332840518  
-0.6064102946  
-0.4544606455  
-0.001048130944  
0.3507305534  
0.904012206  
0.712507032  
0.1119537222  
0.1003598691  
-0.481500016  
-0.2875600424  
0.004316149336  
-0.2992413885  
-0.4315299257  
0.3011732703  
0.6113375956  
0.5006872173  
0.8568059997  
0.7867269575  
1.024714152  
1.063572956  
0.6990339052  
0.6880945054  
0.3431597835  
-0.0609790629  
-0.1626008493  
0.1863716412  
0.1417170435  
0.1153744062  
-0.132332148  
0.1711621557  
0.1546197765  
0.468994442  
0.05950732888  
0.2684389379  
0.149020879  
0.495533699  
0.1660200198  
0.531880041  
-0.02768564873  
-0.3476675632  
-0.1926146523  
-0.4597888333  
-0.4772503828  
-0.2928105789  
-0.08830465863  
0.55188353  
0.3805098947  
0.6873969707  
0.7520667364  
0.5574233857  
-0.1854774321  
-0.3346096007  
-0.5501345884  
-0.4822300242  
-0.1189601399  
0.03369872248  
0.3564197428  
0.1028715447  
-0.1638599235  
-0.150057042  
0.04421013887  
0.1221510727  
-0.005029001939  
-0.2825629556  
-0.1627403488  
0.1555865281  
-0.734942569  
-0.5370222118  
-0.9331913821  
-0.6143865262  
-0.8375895102  
-0.9184403121  
-0.9191480315  
-0.9199192669  
-0.9246013048  
-0.7319514355  
-0.7976528849  
-0.8913786727  
-0.8064750698  
-0.7603002933  
-0.7746252801  
-0.352332077  
-0.6784951893  
-0.69663278  
-0.9122384187  
-0.7983015885  
-0.4800555741  
-0.3531365953  
0.2549047046  
0.7727207182  
0.628724264  
0.4967399394  
0.3466122423  
0.1438418965  
-0.1583335893  
-0.2894951454  
-0.8388880113  
-0.6484239354  
-0.8334826248  
-0.4533822035  
0.08129983574  
0.6070207637  
0.7598942532  
0.9662098716  
1.35890018  
0.6832751019  
0.3863143505  
0.128184852  
-0.03688413983  
0.2619828881  
-0.4570109741  
-0.3330860281  
-0.1720701634  
0.0157299359  
-0.2492847464  
-0.2665536096  
-0.3242909181  
-0.5486610833  
-0.3497496344  
-0.7788129451  
-0.7054238034  
-0.8302121824  
-0.6311631773  
-0.7789700603  
-0.3665430516  
-0.5835868914  
0.9306659683  
0.7117699672  
0.1823106931  
-0.09901321755  
-0.580718111  
-0.4004747259  
-0.0008258121714  
-0.2173591492  
-0.8115432094  
-0.7801933424  
-0.6503696931  
0.01068668378  
-0.3394337159  
-0.3083998486  
-0.1431446231  
-0.3378253722  
-0.3463958724  
-0.1968061536  
-0.09238939412  
-0.292124722  
-0.436153267  
-0.471868978  
-0.1380428084  
-0.08321520309  
0.1894574191  
-0.1093876253  
-0.30069416  
-0.2252884657  
-0.0209254787  
0.030499239  
0.2221673559  
-0.117253988  
-0.401588087  
-0.4219936679  
-0.6797762666  
-1.081452535  
-0.592423186  
-0.5844490971  
-0.07851864265  
-0.01157615838  
-0.1540354355  
-0.2310550619  
-0.3680490511  
-0.6400923764  
-0.3706348194  
-0.6685863778  
-0.1906625575  
-0.2985775139  
0.07920334211  
-0.2224398324  
-0.371903052  
0.2378319556  
0.4118148854  
0.5013294422  
0.5177286258  
0.421938395  
0.4429196239  
0.2369306123  
0.1605609615  
0.1795751028  
0.1874824353  
0.4472629026  
0.1102619907  
0.2724787626  
0.3097132112  
-0.07602885426  
-0.1142929459  
-0.4334553174  
-0.226792673  
-0.2594912969  
-0.03748218584  
-0.340872103  
-0.06351966288  
-0.3951966893  
-0.2198821519  
-0.3431756328  
-0.07481684042  
-0.6462544831  
-1.324969876  
-1.256967057  
-0.5229310613  
-0.2745581168  
-0.1298854434  
0.2533617766  
0.528485294  
0.5009401172  
0.2674114298  
-0.2661457273  
-0.4444512873  
-0.5334662269  
-0.335629585  
-0.5123295937  
-0.305885218  
-0.3969727752  
-0.8576977655  
-0.5804919974  
-0.6104023658  
-0.4616393627  
-0.3844821289  
-0.1676108602  
0.007015496495  
-0.5343646421  
-0.5641469639  
-0.7224974423  
-0.1364305827  
-0.3560681569  
-0.150417051  
0.04897230117  
0.3519778624  
0.3046085603  
0.329736109  
0.105094993  
0.3326001077  
-0.1428458827  
-0.3334206184  
0.1128824351  
0.1264162772  
0.5639168055  
0.5698326507  
0.5003223619  
0.2846224249  
0.05238725901  
0.2789157105  
0.06672013503  
0.08751965898  
-0.07999999708  
0.02873814042  
-0.4884993434  
-0.5930310884  
-0.2730234964  
-0.4574655944  
-0.1212702886  
-0.02767768236  
0.08489438125  
0.1859319906  
0.1430285726  
-0.1065984428  
-0.1533187201  
-0.5146862805  
-0.4120070565  
0.01491181338  
-0.05206343838  
-0.2894523579  
0.3497572543  
-0.2776817884  
-0.01305021939  
-0.2495450848  
0.3356447711  
0.3961505696  
0.2645279989  
0.423352236  
0.5119890041  
0.04504042172  
-0.05272744464  
-0.6248847238  
-0.1992364848  
-0.2635717235  
-0.4505655198  
-0.3716619642  
0.2212386457  
0.0388448142  
0.3618502443  
-0.0218395933  
0.3210943519  
-0.3862454102  
-0.4157413385  
-0.3941719042  
-0.3075610631  
-0.5545879472  
-0.6566110847  
-0.8123420121  
-0.3261899566  
-0.5073325924  
-0.4838681108  
-0.5699748691  
-0.3166131323  
-0.02400050988  
-0.4725740857  
-0.372884909  
