2827.776288  
2815.958181  
2808.151855  
2807.002338  
2789.39195  
2789.454833  
2786.536487  
2799.988171  
2794.853862  
2790.146486  
2785.170532  
2787.974128  
2787.764604  
2786.664375  
2790.888907  
2788.355072  
2801.095647  
2792.886764  
2795.68803  
2799.927305  
2797.39572  
2801.381889  
2804.293811  
2796.87523  
2798.328956  
2803.024879  
2803.250116  
2811.090663  
2803.800313  
2811.834838  
2796.994338  
2798.207649  
2797.647042  
2801.782366  
2811.190559  
2816.380997  
2817.676654  
2821.068797  
2803.883311  
2793.491713  
2807.014092  
2804.960997  
2795.755921  
2802.194727  
2791.67774  
2790.050356  
2794.288015  
2795.173407  
2789.613164  
2795.977376  
2802.095179  
2799.657346  
2796.909214  
2811.154103  
2807.413813  
2792.050309  
2804.675527  
2800.527841  
2784.542748  
2793.066117  
2792.604446  
2800.690261  
2810.784108  
2798.921196  
2794.232054  
2794.761843  
2790.427697  
2773.734594  
2791.451768  
2783.303568  
2794.248858  
2800.991416  
2787.089218  
2793.845726  
2796.525284  
2798.498693  
2790.829713  
2780.982931  
2790.765047  
2778.397498  
2787.018099  
2785.646275  
2787.450249  
2799.096168  
2781.36545  
2789.856078  
2798.876098  
2793.889291  
2790.360687  
2789.785092  
2793.800583  
2792.286575  
2794.92976  
2791.606861  
2788.295905  
2788.034573  
2793.921664  
2794.253884  
2796.478582  
2803.970561  
2789.941916  
2782.39184  
2788.378436  
2788.756546  
2782.906612  
2788.707135  
2795.13835  
2800.238029  
2805.795592  
2799.410003  
2805.030875  
2802.342526  
2805.483293  
2798.614391  
2794.121677  
2781.604937  
2774.340575  
2784.467596  
2788.585963  
2787.024003  
2793.519944  
2791.209558  
2792.708176  
2791.785339  
2782.676579  
2790.240576  
2793.423393  
2806.518319  
2805.362633  
2803.365056  
2807.054694  
2824.474683  
2816.933068  
2817.609818  
2821.544153  
2813.229005  
2819.305294  
2812.782036  
2811.66928  
2806.383492  
2798.608851  
2796.062285  
2807.798506  
2804.057907  
2796.003331  
2800.329462  
2801.135723  
2803.808365  
2804.98465  
2801.423283  
2814.326088  
2817.456964  
2813.855099  
2814.24597  
2814.469778  
2822.787744  
2816.352858  
2817.277489  
2812.807583  
2822.115019  
2817.835876  
2819.366846  
2822.16755  
2815.709041  
2812.694632  
2817.897174  
2814.19275  
2815.879585  
2829.095306  
2814.396994  
2818.994409  
2819.808936  
2825.879889  
2826.319874  
2833.589902  
2830.058985  
2834.890734  
2835.294011  
2832.746072  
2836.739876  
2824.869538  
2806.802989  
2808.463542  
2807.906031  
2803.417226  
2814.95652  
2820.909964  
2813.042406  
2804.362451  
2800.531441  
2808.559024  
2816.964324  
2823.884464  
2820.009176  
2821.065968  
2828.759067  
2831.091592  
2821.033953  
2820.362587  
2817.719066  
2814.244865  
2810.462739  
2806.905896  
2805.273841  
2809.427242  
2819.463987  
2840.480784  
2825.295258  
2825.242364  
2822.910919  
2810.040947  
2819.094723  
2807.486074  
2803.16578  
2812.953178  
2821.895842  
2809.16871  
2803.184725  
2798.233189  
2797.680034  
2805.01601  
2793.53941  
2796.019188  
2793.707587  
2803.24144  
2792.537386  
2792.0655  
2794.696544  
2802.488697  
2810.819832  
2809.635337  
2808.483034  
2803.585791  
2799.178565  
2797.418638  
2792.880719  
2783.481623  
2783.764229  
2786.717146  
2798.099736  
2808.99128  
2808.208584  
2821.285192  
2810.670603  
2824.05683  
2798.297663  
2795.871175  
2805.75359  
2800.673707  
2806.362245  
2804.730049  
2805.337884  
2810.661243  
2800.309778  
2792.549275  
2787.25661  
2786.82956  
2782.45943  
2788.161166  
2787.337122  
2796.994212  
2797.427635  
2804.400972  
2807.374278  
2813.14361  
2802.069602  
2811.697663  
2815.10293  
2812.77898  
2806.933493  
2807.812155  
2800.028261  
2814.087226  
2805.158481  
2814.809446  
2807.414138  
2810.179432  
2815.345484  
2800.533572  
2809.978028  
2791.73481  
2800.879724  
2797.282428  
2812.645309  
2804.157266  
2812.140011  
2814.368835  
2815.322768  
2819.198288  
2825.064839  
2821.770135  
2822.231678  
2821.804103  
2822.666246  
2823.095369  
2810.393611  
2813.827906  
2819.882916  
2813.763646  
2836.264849  
2820.276447  
2812.293105  
2812.917497  
2808.58597  
2815.429606  
2816.59835  
2804.715421  
2805.580972  
2803.438121  
2800.37162  
2801.238089  
2799.66694  
2802.393105  
2801.081578  
2800.781559  
2800.730508  
2800.033465  
2806.959342  
2805.59001  
2805.426696  
2809.237739  
2807.02057  
2815.013249  
2815.653294  
2810.547933  
2803.403112  
2811.441161  
2800.431323  
2803.218085  
2797.158025  
2804.250946  
2787.36269  
2785.274131  
2796.106485  
2791.045581  
2789.275091  
2795.634585  
2801.631517  
2797.934406  
2790.12807  
2787.48542  
2800.436248  
2799.040939  
2808.632411  
2810.848773  
2820.397  
2815.069651  
2823.047485  
2813.128634  
2807.983018  
2814.511022  
2805.780933  
2804.503895  
2804.862687  
2797.457114  
2809.704425  
2802.060635  
2799.720125  
2804.317838  
2809.610766  
2807.184881  
2814.000599  
2815.141408  
2809.605593  
2803.041806  
2820.151504  
2820.503429  
2819.347423  
2828.540672  
2819.647878  
2824.472721  
2829.407988  
2831.257233  
2828.36597  
2818.930906  
2814.702847  
2798.814074  
2810.12462  
2804.670044  
2802.312589  
2801.748492  
2806.236045  
2807.044454  
2803.674414  
2817.118458  
2802.847631  
2809.005879  
2800.490905  
2798.109354  
2800.363145  
2796.502691  
2799.708153  
2802.31866  
2801.617606  
2801.658251  
2802.059779  
2813.521691  
2803.303366  
2808.884401  
2809.13272  
2813.424051  
2804.974458  
2798.251702  
2789.150871  
2797.003327  
2797.496245  
2801.330009  
2817.51874  
2811.28787  
2821.743105  
2817.829425  
2806.270848  
2802.999026  
2799.134696  
2798.15113  
2793.492782  
2811.378541  
2804.060653  
2808.533007  
2800.346518  
2804.274351  
2834.445254  
2831.63915  
2817.183627  
2815.1679  
2816.059101  
2806.336016  
2805.730212  
2807.086985  
2797.623938  
2808.870565  
2813.310813  
2814.302219  
2818.522501  
2821.832645  
2816.342142  
2819.877597  
2815.108273  
2816.089866  
2812.389716  
2808.653371  
2801.181713  
2796.55228  
2801.729072  
2792.698495  
2785.862296  
2809.721896  
2803.541939  
2812.154231  
2809.786832  
2815.064303  
2812.135064  
2817.154522  
2805.030587  
2814.188058  
2808.838362  
2810.824559  
2807.556241  
2793.910727  
2804.553076  
2815.030533  
2802.263669  
2803.555522  
2807.872937  
2795.396555  
2796.781494  
2807.230352  
2812.713359  
2815.261533  
2808.702681  
2795.389067  
2795.154309  
2794.716447  
2798.542351  
2784.726363  
2787.202579  
2804.963712  
2812.28721  
2824.52118  
2816.201556  
2818.851773  
2807.10901  
2805.035307  
2799.339498  
2809.884787  
2821.729739  
2827.493898  
2832.767758  
2827.176295  
2834.184178  
2830.200466  
2831.019118  
2825.461747  
2832.473633  
2826.066965  
2821.178091  
2804.79133  
2811.291969  
2812.174747  
2811.862086  
2808.343443  
2809.933355  
2806.354841  
2807.428564  
2804.180583  
2806.037951  
2818.438995  
2830.589939  
2823.683785  
2814.034574  
2814.020095  
2827.815405  
2823.314532  
2826.463898  
2826.584769  
2819.198766  
2822.67437  
2828.834683  
2826.107748  
2819.147164  
2816.190188  
2805.322221  
2807.16451  
2819.351307  
2816.10031  
2821.026304  
2810.181343  
2813.044997  
2816.205482  
2809.157597  
2828.685386  
2823.832599  
2811.996964  
2805.858933  
2803.752344  
2807.424607  
2812.966013  
2812.083332  
2809.976675  
2807.292807  
2804.177407  
2804.264492  
2789.85309  
2797.537704  
2791.701583  
2799.303983  
2798.480643  
2801.942726  
2803.630168  
2786.735365  
2795.106  
2786.295825  
2783.296535  
2788.747614  
2780.991939  
2802.294509  
2795.857283  
2798.942142  
2806.338229  
2802.829949  
2817.695146  
2798.947244  
2802.671355  
2797.300005  
2796.773655  
2798.668821  
2798.859054  
2799.392352  
2803.534901  
2809.561748  
2808.201155  
2810.25616  
2801.734867  
2813.895023  
2805.521507  
2818.48039  
2813.164121  
2814.329245  
2812.7774  
2805.113029  
2811.76962  
2817.326026  
2817.771139  
2822.571735  
2813.803859  
2805.866584  
2805.951687  
2814.101101  
2813.900735  
2812.142831  
2817.833001  
2803.324445  
2803.075457  
2811.785063  
2813.994018  
2812.256139  
2804.768844  
2801.989402  
2803.283505  
2798.308481  
