5017.441275  
5005.207871  
4993.493772  
4997.302051  
4982.749199  
4989.638056  
4992.301723  
4990.56278  
4989.033985  
4994.375964  
4998.077975  
5002.399357  
4990.858618  
4984.678206  
4989.756708  
4984.490027  
4977.414272  
4975.946485  
4979.079538  
4981.140657  
4985.353482  
4981.668034  
4970.56233  
4975.071162  
4971.071203  
4974.282014  
4978.230896  
4981.385043  
4984.662789  
4976.717526  
4978.479314  
4976.592734  
4979.977679  
4974.544227  
4982.681096  
4984.577465  
4987.303723  
4988.127566  
4993.008019  
4984.128405  
4980.142139  
4983.796291  
4984.045518  
4977.987874  
4981.124793  
4980.322913  
4984.205763  
4988.831119  
4984.913729  
4987.951979  
4971.891958  
4972.935051  
4973.128611  
4978.826579  
4987.444848  
4980.331271  
4978.31267  
4977.951166  
4974.157754  
4976.068013  
4978.086509  
4987.616766  
4994.846892  
4995.897007  
4996.756566  
4985.04705  
4981.705352  
4977.449261  
4975.927179  
4972.833079  
4976.425819  
4976.390241  
4986.483049  
4988.428952  
4989.183203  
4989.754447  
4984.895594  
4971.481128  
4973.132018  
4975.099294  
4983.089546  
4985.037243  
4991.287296  
4986.326124  
4996.561755  
4994.438791  
4995.670453  
5002.725252  
5001.018047  
4997.416208  
4988.759002  
4986.449775  
4994.894038  
4985.867674  
4985.752705  
4990.304455  
4999.389144  
4995.510888  
4994.318672  
4994.854903  
4997.959357  
4985.008209  
4986.151133  
4989.857797  
4988.401967  
4991.904892  
5005.214853  
5006.94258  
5010.983512  
5024.382954  
5041.285084  
5051.020221  
5046.28678  
5047.682316  
5029.283789  
5000.528234  
4999.071173  
4998.58747  
5010.669792  
5025.292575  
5022.879158  
5016.063919  
5012.001269  
5003.910122  
4992.975768  
4987.822609  
4984.838708  
4989.715456  
4993.176048  
4992.551743  
4995.857584  
4994.970659  
5006.948477  
5008.680107  
5010.713417  
5026.704254  
5028.809633  
5023.395398  
5018.876677  
5002.823589  
5007.95776  
5018.46739  
5019.645993  
5019.024609  
5027.342557  
5007.565253  
5020.399361  
5012.087827  
5005.113258  
5011.212944  
5019.583563  
5020.449734  
5029.088956  
5028.745581  
5020.494439  
5031.108553  
5034.99543  
5039.656563  
5050.034912  
5055.316163  
5057.936534  
5056.02653  
5046.850259  
5035.610043  
5023.406491  
5022.089091  
5019.48817  
5014.152785  
5011.762528  
5017.159043  
5026.113102  
5011.143586  
5007.813321  
5027.237069  
5034.818574  
5042.930357  
5051.848523  
5046.85344  
5047.652534  
5046.693542  
5039.34109  
5035.867618  
5027.421497  
5025.371305  
5014.407306  
5030.228807  
5025.68581  
5034.581379  
5045.626357  
5047.262339  
5040.920198  
5037.876905  
5027.116056  
5032.450074  
5037.192726  
5043.054665  
5046.491857  
5036.257904  
5041.16977  
5048.962422  
5056.873815  
5056.442254  
5059.479327  
5046.809143  
5035.535776  
5020.827332  
5013.869692  
5012.965242  
5010.445677  
5008.204198  
5009.544657  
5013.631065  
5011.344199  
5020.846215  
5015.691688  
5013.849561  
5020.143629  
5020.674419  
5010.666448  
5016.435018  
5025.349928  
5020.062721  
5008.411552  
5017.349162  
5020.723812  
5026.505425  
5028.232657  
5032.849549  
5035.811415  
5032.403281  
5025.043601  
5017.568962  
5017.140528  
5015.708836  
5006.653896  
4993.375527  
4990.47733  
4998.97605  
5004.164295  
4996.962759  
4997.167109  
5000.278743  
5012.138362  
5007.48752  
5001.810692  
4992.239351  
4983.297922  
4984.07702  
4996.998481  
4995.862071  
5001.007845  
5000.147537  
5007.546872  
5012.815513  
5007.36307  
5009.569658  
5003.979157  
5010.600448  
5007.913627  
5001.30705  
4995.481011  
4983.471004  
4972.77011  
4974.96198  
4984.959284  
4988.298337  
4994.271805  
4974.062489  
4970.40004  
4972.097575  
4962.953948  
4964.21632  
4966.200695  
4963.450617  
4976.853333  
4973.642785  
4981.266306  
4982.740907  
4992.773166  
4993.410398  
4991.335965  
5004.835804  
5021.156929  
5047.264784  
5036.744215  
5023.041372  
5005.235034  
5004.111906  
5004.876433  
5001.839426  
4997.148555  
5000.644842  
5002.216675  
5001.013987  
4997.407886  
4980.226131  
4992.848242  
5001.904097  
5004.722376  
5012.650298  
5009.966757  
5005.745723  
5000.249936  
4978.936916  
4973.519093  
4980.346658  
4985.197855  
4987.957534  
4997.628421  
5010.556323  
5009.989116  
5011.639625  
5012.270253  
5022.298161  
5021.102145  
5023.580823  
5035.49781  
5021.689363  
5013.624699  
5017.903627  
5013.862306  
4994.684209  
4992.151725  
4987.397677  
4989.197974  
4991.889905  
5000.569526  
5001.226133  
5007.283742  
5017.06519  
5022.599417  
5032.991196  
5031.31108  
5009.33047  
5013.267365  
5009.482903  
5007.240383  
4996.802267  
4992.185001  
5000.987024  
5011.983179  
5003.354201  
5004.648043  
5009.930837  
5007.253336  
4994.178273  
4984.94622  
4978.807702  
4978.494882  
4985.83702  
4987.066924  
5001.84068  
4993.538474  
4988.626444  
4986.375322  
4987.346599  
4989.487824  
4973.401851  
4972.995843  
4971.77018  
4980.055735  
4981.418555  
4990.216721  
4987.546291  
4985.501047  
4984.433234  
4973.61182  
4977.876726  
4969.2193  
4976.397983  
4979.698477  
4974.262951  
4985.020979  
4980.045212  
4982.749251  
4989.424925  
4994.312083  
4988.649875  
4983.137152  
4983.010379  
4981.930604  
4979.525221  
4980.212527  
4998.554694  
5007.35971  
5001.259694  
5003.194322  
4996.632167  
5004.349609  
4998.984761  
4992.520946  
4984.559828  
4995.680479  
4988.647367  
4991.104505  
4997.882309  
5012.527289  
5006.286858  
5009.162745  
5016.996549  
5016.430414  
5003.06804  
4991.976337  
4994.890698  
4993.767148  
4986.101383  
4991.398282  
4999.869287  
5004.803158  
4999.090273  
4994.439432  
4995.192763  
4991.846645  
4987.699684  
4981.312686  
4986.123109  
4975.701825  
4968.680976  
4965.911568  
4964.483383  
4968.483758  
5016.427651  
5010.935623  
4988.725929  
4976.336835  
4978.65298  
4985.545962  
4992.950265  
4989.572026  
4980.937859  
4981.110282  
4982.560938  
4988.161668  
4989.454253  
4998.980933  
5003.730952  
5003.664761  
4998.0539  
4998.302919  
4998.499414  
4993.278907  
4989.402052  
4997.812208  
5008.53456  
5003.098099  
5003.507508  
4995.316097  
4989.227228  
4982.227725  
4988.419463  
4990.511428  
4994.696531  
4998.469269  
4999.86663  
5001.280838  
4988.934359  
4979.418995  
4984.623683  
4982.192098  
4982.911628  
4987.120875  
4991.965905  
4983.629524  
4975.873031  
4973.339308  
4979.231127  
4979.239896  
4989.892585  
4993.289928  
4989.411379  
4991.222579  
4981.453408  
4996.530805  
5007.189971  
5007.660405  
4994.459571  
5001.349834  
4998.613579  
5002.784207  
4995.082913  
5006.819241  
5016.198672  
5017.694322  
5008.90523  
5004.133837  
5004.402607  
4998.75162  
5000.158428  
4993.699508  
4999.932934  
5000.581572  
4996.475373  
4991.404529  
4994.740905  
4981.054593  
4981.225102  
4985.384951  
4989.028906  
4976.873055  
4973.852382  
4971.718726  
4987.004693  
4991.244246  
4990.294573  
4997.922099  
5005.987516  
5000.026122  
4997.783038  
4993.872938  
4983.38213  
4982.623156  
4986.030664  
4990.672648  
5001.509374  
4994.046146  
4985.645707  
4989.299522  
4990.73749  
4993.912953  
4999.539161  
5000.414832  
4993.723484  
4991.419444  
4993.581498  
5003.193238  
5004.061941  
4993.357904  
4995.565722  
5006.979405  
5014.096633  
5023.398349  
5024.066687  
5020.356214  
5009.723543  
4995.588872  
4985.728565  
4993.016348  
4991.143914  
4995.652335  
4997.204442  
5002.829527  
4998.179598  
4989.688455  
4996.553245  
4997.274487  
4996.765237  
4992.885565  
4997.950094  
4989.598744  
4983.050248  
4989.819442  
4992.928953  
4993.798812  
5006.66311  
5013.796063  
5006.180109  
5004.601698  
4997.451042  
4990.961189  
4980.931415  
4975.487805  
4980.291632  
4981.856585  
4979.880872  
5005.891438  
5001.833056  
5010.299843  
4999.422316  
5007.914732  
5000.58122  
4996.294959  
4992.443068  
5003.703511  
4991.794851  
4990.896421  
4980.708531  
4985.454977  
4973.285974  
4970.782062  
4984.480519  
4993.980107  
4993.690762  
4997.009773  
4990.110761  
4994.8261  
4985.771358  
4973.569595  
4980.578539  
4981.827588  
4980.492185  
4975.796317  
4981.494902  
4987.711996  
4987.357287  
4992.712098  
4990.875107  
4992.136273  
4989.749657  
4990.602107  
4988.286554  
