0.2945778585  
0.3814609493  
0.138727535  
0.1850718975  
0.4108948555  
0.2303700489  
0.1401322911  
-0.4267187394  
-0.2644679997  
-0.3646107121  
-0.162863154  
-0.2738840368  
-0.1363568928  
0.05982557225  
0.1493818368  
-0.01377156002  
-0.1973400008  
0.4186771871  
0.2628052135  
0.3105367345  
0.1106567982  
-0.03508920054  
-0.05636524628  
0.1106918965  
0.2902241071  
0.7137382496  
0.07379017423  
-0.1405462423  
0.3830281453  
0.694856647  
0.8728944926  
0.8702614243  
0.3456435616  
0.09460330641  
0.3918342528  
-0.03108688193  
-0.08719265774  
-0.01937809706  
0.1841302315  
0.03403688337  
0.06706670023  
0.71380848  
0.4961915679  
0.555316127  
0.4871716777  
0.3318047449  
0.5315980999  
0.6506339665  
0.8092763762  
0.81527198  
1.025885658  
1.161970927  
0.8309585477  
1.363067074  
0.5759292332  
0.4645092843  
0.5043635214  
0.339657213  
0.4074999893  
0.3052009624  
0.2701370372  
0.5084125546  
0.1408843668  
0.2396912179  
0.1934317516  
-0.1424322185  
0.04533616238  
0.2894498565  
0.2972795355  
0.5526053324  
0.5073296949  
0.7728513815  
0.8825604727  
1.385300186  
1.361944709  
0.972234518  
0.3425417091  
0.08053646457  
0.08264014934  
0.09297782647  
0.4648922235  
0.1579489926  
-0.1855207074  
0.05436061703  
0.5146761703  
0.286685356  
0.3167567404  
0.3231663543  
0.2441984433  
0.2522068124  
0.5062362957  
0.3166584211  
0.1567728081  
-0.08975674941  
0.4555699767  
0.5014142374  
0.2763827231  
0.09916454631  
-0.0739110745  
-0.3500553863  
-0.6127216125  
-0.5272181019  
0.082819329  
0.3384491049  
0.7244636727  
0.5258634072  
-0.08494095245  
0.1663417327  
0.1990404701  
-0.1025219128  
-0.3703406222  
-0.1459179735  
0.1178372262  
0.1308674481  
0.1515955108  
0.2648773107  
0.1520728914  
0.1937496658  
-0.05828067801  
0.1217936721  
0.008435308663  
-0.1642213564  
-0.04866799493  
-0.2679156301  
-0.5232578609  
-0.5631445233  
-0.3285487906  
-0.4866359431  
-0.681089256  
-0.6522314909  
-0.7088366124  
-0.7562734704  
-0.5696906787  
-0.3256820107  
-0.2336291645  
-0.6040366347  
-0.6151369437  
-0.6534011498  
-0.5633096292  
-0.3012433283  
-0.6714760536  
-0.7550169726  
-0.02838966211  
0.2357841975  
-0.02775633698  
-0.3063980513  
-0.1278234152  
-0.2190717383  
-0.0684197777  
-0.2770439116  
-0.2444029958  
-0.2250789344  
0.1759472993  
0.1994522626  
-0.09971917968  
-0.1743026578  
0.04756782447  
0.05271613699  
0.09706983098  
-0.4499591487  
-0.2183209561  
0.0871371245  
-0.1137236104  
0.1339305799  
-0.1991407935  
-0.1411123138  
0.1078454556  
0.09559101514  
-0.1492446017  
-0.643135229  
-0.196406401  
-0.406077195  
-0.05447120483  
-0.2312686268  
0.1444616076  
0.006933304932  
0.1631689955  
-0.1746406938  
-0.1980738364  
0.1489983733  
-0.1493652599  
-0.05660177867  
-0.07328013415  
-0.1773822454  
0.2452279009  
0.0791761006  
-0.09204746074  
-0.4169345869  
0.2235866049  
-0.008124125867  
0.2534390766  
-0.06453147185  
0.3275852364  
0.2586047887  
0.146815615  
-0.00983021612  
0.535165582  
0.6950489975  
0.7642721792  
1.002618932  
1.548658464  
1.82959286  
1.909227328  
1.434620469  
0.9762104831  
0.7235784801  
0.06468583787  
0.6603882035  
0.4631449357  
0.5555226201  
0.1610404148  
0.3354529005  
-0.5795589327  
-0.2121811115  
-0.5198190617  
-0.5147422271  
-0.8620385222  
-0.9048057375  
-0.5972701237  
0.08062068048  
-0.1426582488  
0.1898022321  
0.2184254162  
-0.2376226467  
-0.3097436184  
-0.1929670535  
0.02876287228  
0.2925644617  
-0.03112373779  
0.02392722609  
0.5141415002  
0.03637473707  
-0.1288710284  
-0.246097356  
-0.1962515174  
-0.3881870451  
-0.5750851489  
-0.6567501115  
-0.8120169455  
-0.8658759805  
-1.061947077  
-0.8668463863  
-0.5676774954  
-1.291069607  
-1.047478976  
-0.5431076215  
-0.7049326727  
-0.7875007413  
-0.9350067112  
-1.03767964  
-0.920802066  
-0.6797241055  
-0.7198803468  
-1.243731698  
-0.9922958404  
-0.9537236157  
-0.609839217  
-0.7696500735  
-0.3514546178  
-0.6381377931  
-0.3870660299  
-0.282472555  
-0.3082724188  
-0.4814915706  
-0.5097188078  
-0.8002412619  
-0.765556053  
-0.7828990475  
-0.8146436309  
-0.9185752061  
-0.776205679  
-0.9876870492  
-1.272292706  
-1.083498024  
-1.094315033  
-0.8251020436  
-0.7844101747  
-0.717591011  
-1.111046527  
-0.6379667508  
-0.6288569522  
-0.6688196249  
-1.075822172  
-0.6770987143  
-0.7880966689  
-0.6245565162  
-0.5953238046  
-0.7870662157  
-0.73194666  
-0.8120242645  
-0.4457886746  
-0.7280410279  
-0.8080697895  
-0.5368957745  
-0.5639499351  
-0.1743525589  
-0.378159075  
-0.2738444765  
-0.533756919  
0.002367636124  
0.05021906793  
0.3983713678  
0.1595719038  
0.1181545225  
-0.2536184477  
-0.06068990889  
0.246112251  
0.5207656761  
0.4276878144  
0.4306123802  
-0.1669984845  
0.3717781314  
0.7094204009  
0.7196760775  
0.8552481188  
0.8526178934  
0.5206098357  
-0.1762214915  
-0.4186249314  
0.2001458493  
1.052275293  
1.608188965  
1.306694469  
0.7671257545  
0.4577781202  
0.5589549004  
0.6581968628  
0.4446485058  
0.05914971723  
-0.3600608807  
-1.051040771  
-0.8526291408  
-1.234110364  
-1.753834211  
-1.997801889  
-2.466892754  
-2.092408163  
-1.553995791  
-1.509987947  
-1.398152031  
-1.075620517  
-1.157047171  
-0.7140905707  
-0.4702548885  
-0.2026211074  
-0.1091274083  
-0.2199408982  
0.1661927569  
-0.409091932  
-0.8854156837  
-0.6002929728  
-0.7352332454  
-0.8297752347  
-0.8095883427  
-0.8335579598  
-0.6604388149  
-0.5979709824  
-0.1802905607  
-0.1252635284  
0.3628796175  
0.4656059079  
0.2472880688  
0.4436293597  
0.3984608226  
0.8100534462  
-0.2315089994  
-0.405794382  
-0.4834937483  
-0.04390098995  
0.2451052008  
0.1368479294  
-0.2974957858  
-0.7629859754  
-1.616058744  
-1.48759386  
-1.709434038  
-1.476533079  
-1.718369756  
-1.756626327  
-1.911331024  
-2.467666707  
-2.480928541  
-1.839232157  
-1.362995332  
-0.8227326953  
-0.5563460257  
-0.1303921429  
-0.1042331515  
-0.1284363273  
-0.3094701962  
-0.0970457853  
-0.5689508868  
-0.7029597958  
-1.011373973  
-1.028762457  
-1.186635286  
-0.9060510347  
-0.9115209074  
-0.5169854051  
-0.383856463  
-0.1592819368  
0.3620397343  
0.24280026  
0.4403170072  
1.032218023  
0.6340476785  
0.9835886131  
1.058687148  
1.063119412  
1.127888313  
2.421199556  
2.149305603  
1.458342268  
1.765293017  
0.9447428922  
1.385583312  
1.465493228  
1.239480984  
0.8127569517  
0.307961381  
-0.07269347217  
-0.3081939779  
0.6530139242  
0.3906580694  
0.02051277325  
0.06597678475  
0.1317260448  
-0.1487108356  
0.3967460719  
0.4905337082  
0.4303624995  
-0.1561195849  
0.03396105436  
-0.02185952861  
-0.2257257389  
-0.1640050571  
0.1316365972  
0.2705786821  
-0.127952924  
0.257331857  
0.5268683745  
0.6120798321  
0.7325626726  
0.3931791814  
0.1908833439  
0.4120900465  
-0.01011411372  
0.2325561501  
-0.2324253058  
-0.3522084931  
-0.4154954303  
-0.3470454852  
-0.5951960209  
-0.7837187917  
-1.022812022  
-0.9004729673  
-0.8096757409  
-0.5538119957  
-1.076811683  
-1.209545086  
-1.068962682  
-0.5830176645  
-0.8470657782  
-0.6677420422  
-0.72780697  
-0.6967880073  
-0.8875868422  
-0.3825366276  
-0.171064203  
-0.5519013937  
-0.1978290062  
-0.2207062166  
-0.03077429257  
-0.1483421787  
0.03896519839  
0.1992520059  
0.3511626261  
0.1615294421  
0.417003866  
1.023558335  
0.9566877801  
1.059510647  
0.9512213284  
0.8430868895  
0.8606227376  
0.9296953166  
0.551983415  
0.6872575015  
0.2682495387  
0.3017541059  
0.1348905324  
0.5097381215  
0.9365455218  
1.020468499  
0.9762016675  
1.351435702  
1.488842797  
1.084137776  
1.615920175  
2.07284578  
1.712680649  
1.621269877  
0.7055667841  
0.4205140798  
0.3797796871  
0.3459343466  
0.5293743744  
0.4822654852  
0.1865525019  
0.6251038804  
0.5131542455  
0.6919275288  
0.9023641593  
0.8056273851  
0.7318039583  
0.470233044  
0.6583281409  
1.071107512  
0.565525207  
0.8481158315  
0.7216038121  
0.3090712363  
0.5326144197  
0.6430894986  
0.845029934  
0.3724143285  
0.347523678  
0.424927505  
0.5250380461  
0.166158661  
-0.1194237768  
0.2362122985  
-0.0910857323  
0.8656399726  
1.157633153  
0.9274378061  
0.9838410659  
0.6751200542  
0.3415841711  
0.6486137481  
0.6270171107  
0.3682962705  
0.3265782387  
0.2000611462  
-0.09684425076  
-0.2982919608  
-0.3682629335  
-0.3014656106  
-0.5673882652  
-0.7292304856  
-0.9945975508  
-0.7517483292  
-1.016150613  
-0.7918727593  
-0.9498790055  
-0.8144261417  
-0.6932537821  
-0.7803454188  
-0.7797962089  
-0.3142920025  
-0.4701167933  
-0.5718957913  
-0.1647336991  
0.1918727519  
0.2063469538  
0.2292125176  
0.1307171392  
0.1187890407  
0.02943855722  
0.4357312442  
0.4676435796  
0.5688761164  
0.05121359177  
0.399939741  
0.06859950327  
-0.01576031289  
1.04359938  
0.5959965875  
-0.04580401193  
0.2613446327  
0.1676370393  
0.5575144629  
0.912483967  
1.463489875  
1.137868269  
0.772540205  
1.082921547  
0.8910946527  
0.6711987766  
0.7965972665  
1.068997307  
0.3932737572  
0.3481016739  
0.2520429884  
0.4246188375  
-0.06024521832  
0.103253687  
-0.1717833206  
-0.5672869671  
-0.07632739394  
1.408754568  
0.8899678424  
0.5798774307  
0.5799404416  
0.482919916  
1.146065397  
1.066903105  
0.8922532865  
0.3249876147  
0.2201063233  
0.4374231334  
0.4388859677  
0.6341095838  
0.3995107487  
0.04722322716  
0.174225738  
0.5188061546  
0.6074912445  
0.3041498647  
0.4367632375  
0.5038030127  
0.15592396  
0.1082172558  
0.6201394025  
0.6440169349  
0.2913043877  
0.1728340715  
-0.09679875672  
0.2136137058  
0.4505023546  
0.3066483549  
0.5200899515  
0.2420976135  
-0.9350333661  
-1.316945055  
-1.033279402  
-0.7630315603  
-0.2882268534  
-0.2277064624  
-0.4002993334  
-0.8857080841  
-1.578388313  
-1.968350311  
-1.564815244  
-1.632592989  
-1.343657875  
-1.28018517  
-1.259185654  
-1.830632769  
-1.692949628  
-1.070574728  
-0.8657570786  
-0.6674862451  
-0.636524665  
-1.152947169  
-1.302530058  
-0.9891922894  
-0.778298673  
-0.5147796036  
-0.3485631839  
-1.088132046  
-1.011911093  
-1.062448087  
-0.313623088  
-0.2267484347  
-0.2632775855  
-0.2404550704  
-0.01105520602  
0.2571870449  
-0.04083298757  
-0.01591431761  
0.1075004939  
0.06798159255  
-0.2235618203  
-0.05844014984  
0.002999196196  
0.3835113848  
0.4606523109  
0.4677118063  
0.4539121029  
0.4251340857  
0.03266972712  
0.6396070741  
0.6437898256  
0.4079763684  
0.4923367321  
0.2061284511  
-0.0394294999  
-0.01957941649  
0.5692528475  
0.3703632023  
0.641030604  
0.5550546302  
0.4671862878  
0.5230195026  
0.7649234077  
0.8701291284  
0.7275436948  
-0.1252379521  
-0.2448617544  
-0.4665673008  
-0.1955615186  
-0.06480907047  
-0.3045101112  
-0.7140030256  
-0.7070753291  
-0.3716581009  
-0.5405349079  
-0.244873244  
-0.5474647662  
-0.4393507313  
-0.4145513684  
-0.1295717036  
-0.332814938  
-0.628649619  
-0.8923193608  
-1.201539752  
-0.04202401268  
-0.2185666511  
-0.1162811762  
0.08267243258  
-0.1087170871  
0.3243698083  
0.6647149502  
0.238924959  
0.7975220988  
0.6955001359  
0.3923740813  
0.4049011551  
0.5903694218  
0.6724071279  
0.5308388272  
0.5522872576  
0.513371827  
0.4949617065  
0.5078603193  
0.822319289  
0.05776807723  
0.296592101  
-0.04298646139  
-0.1025154826  
0.2653779382  
0.5203193441  
0.1413605961  
-0.06746590324  
0.120641067  
0.3164690097  
0.08953863516  
0.3079266315  
0.3564932845  
0.310347378  
0.02485524038  
0.1028714254  
0.2150348495  
-0.2499189521  
-0.5628144301  
-0.9767855462  
-0.7885876167  
-0.7402814678  
-0.9229209434  
-0.9126390228  
-0.802737563  
-0.8104852015  
-0.7668213793  
-0.3868386506  
-0.2617436452  
-0.2271044933  
-1.055254232  
-0.5957086609  
-0.09948537424  
0.7497640791  
-0.3491335898  
0.2597097574  
0.4967853988  
0.3788336833  
-0.1694066834  
-0.2698585547  
-0.4416031011  
-0.9788945282  
-0.6390396033  
-1.355389232  
-1.197654877  
-0.6823038639  
-1.073910901  
-0.8773400882  
-1.035973624  
-1.224390264  
-1.089061832  
-0.9367321059  
-0.8154210062  
-0.7467684309  
-1.095039277  
-1.146885384  
-1.051215638  
-1.030049921  
-0.6805185994  
-0.5989549649  
-0.8952672192  
-0.8342366379  
-0.8816651871  
-0.7952875575  
-0.7380937078  
-0.6849887758  
-1.11803765  
-0.7976518321  
-0.6494615619  
-0.6128543419  
-0.3817065447  
-0.5364941878  
-0.6271511825  
-0.5473565751  
-0.4756242971  
-0.4015851914  
-0.5949404857  
-0.8084621445  
-0.4278986706  
-0.1860147517  
-0.3879275046  
-0.5031904977  
-0.5976839246  
-0.4995341457  
-0.3215132413  
-0.5149222587  
-0.2198963544  
-0.2369441805  
-0.2487450522  
-0.1415111005  
-0.4178584632  
-0.3173544936  
-0.7069926128  
-0.5894937455  
-0.1867247063  
-0.201737118  
-0.0814848439  
-0.416078549  
-0.4167178793  
0.04767575349  
-0.09353484572  
0.2063433537  
0.6031963809  
0.4592711704  
0.5817990377  
0.8440852481  
1.119835627  
0.8486748452  
0.9367206551  
1.132748082  
1.24458088  
1.006716289  
1.290512922  
1.191991183  
1.392356797  
1.145040275  
0.9019625989  
0.09368615607  
0.3979252303  
0.3908093706  
0.6106164546  
0.2014333285  
-0.1833258595  
-0.03080655315  
0.09914200374  
-0.08259820597  
-0.1609239726  
-0.2321581472  
-0.431663036  
0.1972548079  
0.7596853545  
0.8911562052  
0.9257237099  
1.270442341  
0.702003933  
0.7286453518  
0.8561451848  
0.8097923816  
0.4823439566  
0.2884963232  
-0.1316475798  
0.05287359662  
0.3814028083  
1.164806074  
0.6086318823  
0.7358984371  
0.7078684138  
0.8802874915  
1.180099772  
1.018417436  
1.337995613  
1.450092203  
0.8386262347  
0.7068941907  
0.4799937249  
0.8070915404  
0.4683574927  
0.5211476489  
0.4388997002  
0.2287940574  
0.1328994978  
-0.1344523486  
-0.3416143138  
0.08536969383  
-0.01602625271  
-0.01037817914  
-0.1798511378  
-0.4358593939  
-0.2109621486  
0.3726053014  
0.5510899922  
0.2254974256  
0.3620258082  
0.4296123387  
0.6240614006  
0.9230974757  
0.7245470868  
0.5485287834  
0.3622911635  
0.3715968621  
0.110549092  
0.6288520424  
0.4403454509  
-0.093161647  
0.1675846531  
-0.15136287  
-0.044533772  
0.05488569972  
-0.3964478706  
-0.5815841233  
-0.6259759451  
-0.1506254356  
0.1226013314  
0.5376700469  
-0.05220112011  
-0.2096947331  
-0.651371467  
-0.02456823002  
0.3298654325  
0.329235827  
0.2443370721  
0.08930718544  
-0.2934408425  
-0.1179729586  
0.5787205493  
0.8260670497  
0.2118536626  
0.3089547605  
0.04909954889  
0.2176661679  
0.3574418715  
0.4550449892  
0.1831287087  
-0.7028217458  
-1.645040343  
-1.145152053  
-0.4057313114  
-0.3991711287  
-0.3272235037  
-0.5863917128  
-1.231592349  
-1.831202315  
-2.028762925  
-1.832891018  
-1.813122153  
-1.930895873  
-2.025092972  
-2.375513275  
-2.699468466  
-2.293439193  
-1.997745522  
-1.675815757  
-2.019971127  
-1.593739222  
-1.452190397  
-0.769069924  
-0.4763387459  
-0.170535611  
-0.5373088462  
-0.8089575095  
-1.316255513  
-0.7275285559  
-0.03008841527  
-0.01225323305  
-0.250940788  
-0.5470151752  
-0.6940270394  
-0.9751733514  
-1.290438164  
-1.052031172  
-0.7636562001  
-0.1470939893  
-0.4607487803  
-0.480166396  
-0.5750534517  
-0.7929515604  
-0.5618258019  
-0.3698290792  
0.01618211203  
0.05539119941  
-0.08484928347  
-0.5406683431  
-0.681386222  
-0.176953717  
-0.4128836641  
-0.3557563642  
-0.09267124346  
-0.5849993388  
-0.1934590214  
-0.09568389836  
0.08267193771  
-0.3085704749  
-0.8499125534  
-0.7524317203  
-0.8907115083  
-0.321772943  
-0.3714616996  
-0.1630364509  
-0.5372142209  
-0.04999407104  
0.08485631646  
0.007238307884  
-0.4746375972  
0.09845013636  
-0.6012070424  
-0.3484052336  
-0.05100870143  
0.4939186471  
0.1551557887  
0.1846271991  
-0.1364559087  
-0.2711808845  
0.7293854354  
0.8436257498  
0.7723256091  
0.9717276325  
0.655838206  
0.2199496079  
0.2103046064  
0.7276180977  
0.9371858528  
0.8401326566  
0.5244856227  
0.3206820459  
0.2648428101  
0.2349026659  
0.5795869843  
0.4585047362  
0.3162177493  
-0.09072174174  
-0.4113386129  
-0.05700998969  
0.06946242466  
0.3029260081  
0.522526352  
0.455061752  
0.3159109545  
0.8827719552  
0.7039054036  
0.6820419565  
0.3593974109  
-0.2633598635  
-0.2542721704  
0.235728759  
0.5116308239  
0.098792148  
-0.1262202787  
-0.09860611732  
-0.5058140897  
0.1564853614  
0.8405475551  
0.4930685655  
0.8488808931  
0.7747041081  
0.800107002  
0.5751225264  
0.9050625823  
1.650300271  
1.6271914  
1.291211872  
1.041150739  
0.2021489182  
0.09106397357  
0.9265703184  
1.052895825  
0.7423628459  
0.7699179083  
0.6253854067  
0.2609526973  
0.5232771  
0.681956997  
1.054092153  
0.2644319116  
-0.2134808221  
-0.3315769849  
-0.2826724246  
-0.05737944814  
-0.251166079  
0.7073081305  
0.9013425562  
0.07058139078  
0.4363703222  
0.476051089  
0.553300621  
0.5427186058  
0.3046570717  
0.08791035661  
0.3559254775  
1.551483099  
1.164558433  
0.9918279879  
0.7051832515  
0.01407722391  
0.3707815961  
0.8267821652  
1.419864592  
1.127040263  
0.5484824559  
-0.06223620506  
-0.7643237558  
-0.1193295531  
-0.5546659547  
-0.4017778536  
-0.574654531  
-0.9999848892  
-0.9881169163  
-0.9198355323  
-0.3990896959  
-0.2157596541  
-0.7557363519  
-0.6569797945  
-0.8476210803  
-0.2656480457  
0.25021841  
0.6605587005  
0.6893252186  
0.7530016601  
0.774650865  
0.8641199349  
0.008453255984  
-0.1947135703  
-0.7021966858  
-0.5203972185  
-0.4672783628  
-0.9270561576  
-0.9743306471  
-1.625878788  
-1.505638135  
-1.543092806  
-1.173219485  
-0.9122300341  
-0.8558396107  
-0.5334474664  
-0.8260329236  
-0.7616596171  
-0.366984195  
1.110574738e-05  
-0.03134378996  
-0.09684758841  
-0.0006666783119  
-0.08963760715  
-0.1178415386  
-0.04455310474  
0.3942309028  
1.093120706  
0.6565172103  
0.3866025502  
0.243105625  
0.210965907  
0.0285467359  
0.4566392522  
0.3607849756  
0.5687204048  
0.1539874133  
0.1121354647  
0.2737625697  
0.4357987611  
0.7266483564  
0.6952535228  
0.6763331109  
0.2591085996  
0.4678351901  
0.9652218523  
1.171113843  
1.36464604  
1.71582526  
1.491165256  
1.24643023  
1.194229554  
1.598005878  
1.779092106  
1.90614675  
1.741079736  
1.501414153  
1.199253162  
1.607420271  
1.739025799  
1.67215255  
1.304165159  
1.532166845  
1.264545199  
1.26815343  
1.910208981  
