-0.1250194765  
-0.1478794289  
0.1355972116  
0.04243512113  
0.4086331653  
0.5111216273  
0.03574890545  
0.3116885586  
0.4363671178  
0.1565066844  
-0.05361237589  
-0.0453961893  
-0.08658432538  
0.2036925257  
0.316399575  
0.4965404273  
0.04657422814  
0.3965259002  
0.5013118462  
0.6181835296  
0.6716654885  
0.2534154572  
0.2691164184  
0.8143182513  
1.372348442  
1.798862566  
0.7633574579  
-0.1440554199  
-0.5854904071  
-0.1904596428  
0.6821363762  
0.5997692135  
0.1625932187  
0.293280286  
0.7883091318  
0.7107255464  
0.741940119  
0.9816429715  
0.6337146026  
1.177737725  
0.7389848847  
0.8098718437  
1.002436758  
0.6599900847  
0.7614032645  
0.6291610543  
0.3476702149  
0.1429274179  
0.589894098  
0.4007395581  
0.1413037497  
0.4795389359  
-0.1306247256  
0.1762330288  
-0.1533078844  
-0.7282090187  
-0.1519239035  
0.3211806426  
0.5103073983  
0.5099303844  
0.2281468801  
0.1279854008  
-0.2686898981  
0.07134897872  
-0.4793311329  
0.01764017791  
0.3690393087  
0.5577721927  
0.3375696998  
0.3342108471  
-0.06658170537  
0.04737427717  
-0.2422669216  
0.1053900285  
-0.02653435571  
0.672775395  
0.7523410913  
-0.109089054  
-0.2919848828  
-0.1056848137  
0.4896966132  
-0.2884401983  
-0.8300282272  
-0.7452068634  
-0.4303051257  
-0.4397170405  
-0.4883163615  
-0.1681008396  
-0.5238112805  
-0.5905421114  
-0.3426743214  
-0.598715658  
-0.6432505125  
-0.6637848935  
-0.650277839  
-0.7511679402  
-1.187619902  
-1.01119891  
-0.4472405086  
-0.4994672132  
-0.8350052841  
-1.009271029  
-0.6091715984  
-1.181005825  
-0.8406597826  
-0.8211651216  
-1.041057752  
-0.5389292655  
-0.6014221267  
-0.3879001462  
-0.3816669806  
-0.2604809409  
-0.1165234227  
0.07868981642  
0.1185287183  
0.0534894386  
0.05071215786  
-0.02612181873  
0.3689126203  
0.9689576841  
0.6022759378  
0.5272043846  
0.518158629  
0.452569342  
0.7126776646  
0.6994892272  
0.3623314504  
0.06243162005  
0.4847288953  
0.4266192034  
0.6717547771  
0.1182194049  
0.1630765093  
0.6578622255  
0.3739666781  
0.4193444784  
0.6455531601  
-0.05110132524  
0.3718547606  
0.753096239  
0.4767512486  
1.036661486  
1.162594322  
0.7599450807  
1.013528997  
0.5464777319  
0.7279957255  
0.4227944354  
1.051705692  
0.6669059109  
0.4169842111  
0.4555938793  
0.9111145376  
1.013915575  
0.8269447268  
0.3683364507  
0.7205142693  
0.4087209102  
0.1401024941  
-0.1110902378  
0.4079635903  
0.3434071798  
0.8074665113  
0.7241744714  
1.262561877  
1.24677981  
0.8804610853  
1.246389509  
0.526053812  
0.4560574228  
0.2271231054  
0.2035641692  
0.5791718611  
0.4334925819  
0.6587926356  
0.5585024008  
0.4242909283  
0.8823295467  
0.9239413133  
0.4651597064  
0.4582209764  
0.4049356078  
0.5935522432  
0.3857358694  
0.7131971324  
0.7754123479  
0.7970119102  
0.7715245467  
0.5114960066  
0.5530570546  
0.8807177787  
0.6793892  
0.4650091855  
0.132775965  
0.6336151641  
0.5421619104  
0.08954556277  
0.7650826448  
0.1679674934  
0.2097140722  
0.5755147753  
1.355612365  
0.7960786867  
0.0118835187  
-0.1776045108  
0.5571503056  
-0.6020816381  
-0.2844106879  
-0.2718483407  
-0.4031857999  
-0.2985814197  
-0.3051366021  
0.3575955151  
0.3056278607  
0.1543569909  
0.4297755886  
0.2621412304  
0.2287313473  
0.5779281244  
0.4876157627  
0.5260216026  
0.4230734356  
-0.004539412527  
-0.05680115803  
0.5843525902  
-0.1826192427  
0.1744955691  
0.4051160549  
-0.4277121516  
-0.5775413125  
-0.4063054214  
0.07032432847  
0.03706983319  
-0.09942743914  
0.09783274721  
0.1877890338  
0.1352119312  
0.0294627797  
-0.2251652189  
-0.1865971532  
-0.005994790791  
0.2980046745  
0.1187900081  
0.1004609329  
0.3530288178  
0.09298751734  
0.461210912  
0.7555667595  
0.412183519  
-0.07132539616  
0.30203102  
0.3160580403  
0.3209085868  
-0.07012676846  
0.3644847739  
0.4922623477  
0.8259449585  
1.122404928  
0.3387864319  
0.9677056427  
0.8461240805  
0.959731748  
0.6572739433  
0.8955658778  
1.111141203  
0.8538985477  
0.2917190654  
0.1134966324  
0.1870911161  
-0.04171406696  
0.05645309733  
0.1670199722  
0.1338645294  
0.03741546904  
0.5050438402  
0.2765353935  
0.3590384602  
-0.06813859305  
0.459943784  
-0.344292227  
-0.2405393109  
0.1141420156  
0.1398939357  
0.207670358  
0.2085797477  
0.2657007167  
-0.2243958413  
-0.1856913241  
-0.2573020191  
-0.3317582888  
0.03961767461  
-0.1623033676  
0.4354593124  
0.3847481786  
0.3569535748  
0.5261113022  
0.4158298744  
0.3431365866  
0.02551435597  
0.3485314675  
0.3213313875  
0.6576508979  
0.3907821713  
0.3182698261  
0.6654899732  
0.3367635186  
0.220576882  
0.527988618  
-0.02709866275  
0.1352741467  
-0.2197156624  
0.2929178277  
0.05185695372  
0.04624594754  
0.05418836595  
0.1222503717  
-0.1297916549  
-0.1383523594  
-0.6158721954  
0.05219915909  
0.1056559574  
0.4392838767  
-0.08514470495  
-0.794680385  
-1.057769969  
-1.107547313  
-0.9232466017  
-0.5593255561  
-0.4513940874  
-0.8869099452  
-1.433014057  
-1.208004251  
-1.243740893  
-1.372853246  
-1.207587326  
-0.8906617409  
-1.120604179  
-0.4224608957  
-0.850423876  
-0.1738876466  
-0.3013512195  
-0.3300609182  
-0.6849896843  
-0.7439729201  
-0.9210104697  
-0.6660778185  
-1.223439065  
-1.056184506  
-1.117044441  
-0.8341019727  
-0.8313836622  
-0.6525292678  
-0.7523566415  
-0.7021053473  
-0.4488200428  
-0.1250814731  
-0.4711111161  
-0.2152235281  
-0.5184112054  
-0.1657301783  
-0.5624589726  
-0.301911998  
-0.1067993603  
-0.1171727062  
-0.0303232127  
-0.6440458071  
-0.8496743299  
-0.8489255871  
-0.1907169704  
-0.2161460375  
-0.2019435994  
-0.9582232681  
-0.9142085935  
-1.070543602  
-0.7611167886  
-1.10197773  
-0.596653404  
-0.8389278833  
-0.6951698123  
-0.7060849498  
-0.622432199  
-0.7297217497  
-0.8893515714  
-0.6856791646  
-0.7674476229  
-0.5738134843  
-0.6231044239  
-0.08199285866  
-0.011197019  
0.1715972342  
0.1754187576  
0.2789476819  
0.1618041146  
-0.2219333122  
-0.01496428168  
-0.3587486034  
-0.449328055  
-0.9092262241  
-0.4405811567  
-0.2693200734  
-0.3659190641  
-0.2561982809  
0.3349240923  
0.01436886319  
0.08990087399  
-0.4909314719  
-0.05812064934  
-0.1601194563  
0.3788786294  
0.05243193575  
1.766171122  
0.7290454922  
-0.3672039063  
0.8110449533  
-0.1307001576  
0.1462238554  
-0.08701583998  
-0.8021700008  
-0.5911593197  
-0.5400778963  
-0.1767524541  
-0.2476358003  
0.02101885534  
-0.5196665768  
-0.5389134197  
-0.5616525353  
-0.2200178293  
-0.3564524128  
-0.2861684888  
-0.2487627875  
-0.5974767815  
-0.7878039192  
-0.8402919942  
-0.8725345476  
-0.4156030633  
-0.7236819957  
-0.6973243501  
-0.4217035776  
-0.6076791093  
-0.3651797742  
0.1018546921  
0.1875422959  
0.1849867695  
0.14340551  
0.3420315688  
0.1539390765  
-0.8107752234  
-0.4453676344  
-0.4267252914  
-0.428660267  
-0.3862089446  
-0.3711568551  
-0.4077291034  
-0.3537921273  
-0.04774146797  
0.08253635553  
-0.6091027036  
0.04914562926  
-0.354322439  
-0.5770034676  
-0.4790245152  
-0.3952544644  
-0.4826484204  
-0.2858506238  
-0.43833226  
-0.7234617299  
-0.4525197347  
-0.3644624094  
-0.2688502857  
-0.4121416595  
-0.2284260347  
-0.4663967074  
-0.1787504309  
-0.2619667618  
-0.270333264  
0.06822650077  
0.1675004955  
-0.3893017577  
-0.1891875473  
0.06282427858  
0.2339655931  
-0.1291831881  
-0.1525049576  
-0.0123937519  
-0.264687254  
-0.5279919975  
-0.5281297376  
-0.5220721479  
-0.2782610098  
0.2338134037  
-0.3908784304  
0.01063606283  
-0.2212333718  
0.05321565688  
-0.3648372179  
0.1962528807  
0.1314398059  
-0.0285622537  
0.1553739432  
0.6906822416  
0.4032602189  
0.8002084147  
0.7062816867  
-0.2498972864  
0.1829741972  
-0.8419466925  
-0.4723210171  
0.005668363427  
-1.086762527  
-0.7668475304  
-0.6606090506  
-0.6528666768  
-0.3018046132  
-0.5929657772  
-0.5880987783  
-0.5502429692  
-0.1552125485  
0.6136478491  
0.1966265982  
0.1921502833  
0.03251552465  
-0.4055834933  
0.09186717911  
-0.7638894002  
0.04643289915  
-0.4149846261  
0.3089577365  
0.8858008744  
0.4289078207  
0.3154735189  
0.3758966448  
0.3432550056  
-0.3264105205  
0.7269219286  
0.4591651545  
0.01918028882  
0.2266156295  
0.1199545541  
-0.0831239624  
0.03467996659  
0.5962710018  
0.3737352343  
0.4516905803  
1.177147677  
0.4666935786  
0.1688389497  
0.1135865853  
0.3401717906  
-0.2435149501  
-0.5696636373  
-0.6438057713  
-0.5661982737  
-0.8371951388  
-0.4785431452  
-0.9251541764  
-0.6700512287  
-0.3518181466  
0.1657718466  
-0.02380795589  
0.04808175002  
-0.7410240261  
-0.4518397158  
-0.3933075432  
-0.01543960314  
0.06267769969  
-0.4921280454  
-0.5680054646  
-0.4386302574  
-0.1761905544  
0.2613927133  
-0.1389685  
-0.1958896541  
-0.4142752373  
-0.5225695511  
-0.7327517319  
-0.4734502669  
0.1533740045  
-0.4253788293  
-0.189239285  
-0.5874663412  
-0.6498235899  
-0.6829538201  
-0.1925035441  
0.1135365761  
0.4629289102  
0.1461444858  
-0.07603299677  
-0.3816466819  
-0.4173480409  
0.14480871  
0.3393389844  
-0.0906232027  
0.2292883216  
0.0020436878  
0.16079422  
-0.1548413412  
0.1140479338  
0.0940973345  
-0.2293368816  
-0.0852619426  
0.2989898936  
-0.2980146042  
-0.14736889  
-0.4142245646  
-0.6259256509  
-0.3779656967  
-0.3562173111  
-0.06492260285  
-0.3440257862  
-0.6186640713  
-0.6509114877  
-0.3352858487  
-0.8898431419  
-1.006710609  
-1.40813005  
-0.8848171846  
-0.656150184  
-0.3834714682  
-0.6304990442  
-0.5627185375  
-0.7457204265  
-0.7276275992  
-0.5457277936  
-0.2571072794  
0.06900281815  
-0.178932609  
-0.1458448399  
-0.8933369193  
-0.2851665591  
-0.3335638865  
-0.4332353004  
-0.1501939185  
-0.04895426217  
-0.7006230797  
-0.8775524525  
-1.186400014  
-0.974691743  
-0.4506355006  
-0.3891405891  
-0.3612066184  
-0.7749477499  
-1.381189289  
-1.81252688  
-2.142593866  
-1.902755785  
-1.508510197  
-1.552350063  
-1.63891352  
-1.886652104  
-1.839697824  
-1.555201296  
-1.06676719  
-1.166047975  
-0.828653849  
-1.15778602  
-1.313975961  
-0.9710820751  
-0.636493531  
0.1651257263  
0.1988472592  
-0.5984618299  
-0.9574439519  
-1.312948825  
-1.26018665  
-1.171361137  
-1.210643261  
-1.372913484  
-1.690023628  
-1.202497416  
-1.388708376  
-1.808230337  
-1.226000916  
-1.030095004  
-0.8299960216  
-0.4622913822  
-0.5377603444  
-0.1229221416  
-0.07739187724  
-0.117406926  
-0.3378900169  
-0.2286022336  
-0.5705437694  
-0.385102013  
-0.2810425371  
-0.03062571419  
0.0007685430859  
0.1860073721  
-0.1022138326  
-0.3759257675  
-0.1695629806  
-0.1160212077  
0.0854214187  
0.5647414657  
0.3971372931  
0.1323363792  
0.2947535504  
0.3521146584  
0.6052217022  
0.4013826542  
0.5569501169  
0.9881007302  
0.7838667341  
0.4088233186  
0.08457971216  
-0.03116265617  
-0.343515595  
-0.4370511302  
-0.7889274552  
-0.3858232565  
-0.6471633093  
-0.783917753  
-0.09530046913  
0.3688680523  
0.3972604601  
0.8050826463  
0.156116162  
0.05335768184  
0.4479122642  
0.03956862748  
-0.3009212774  
-0.1419232928  
-0.4980550705  
-0.5630002496  
-0.2606392307  
-0.6116357731  
-0.06129486886  
-0.4925321327  
-0.5121546334  
-0.4319843891  
0.05833379723  
0.1350088268  
0.06957365883  
0.6771756333  
0.07467161852  
-0.4539156461  
-0.4755063458  
0.1437298549  
-0.5643457887  
-0.7622363048  
-0.7689853495  
-0.6656597596  
-0.2249103316  
0.04789102975  
0.291178693  
-0.01647234764  
0.1590563859  
0.04449843164  
0.03622371084  
0.1386678943  
0.3223540198  
-0.08314223374  
-0.3435050602  
0.06608070198  
0.2322131572  
0.1399126413  
-0.2551113579  
-0.4570171536  
-0.6895673636  
-0.3626071767  
-0.5067268637  
-0.6049264261  
-0.8189876063  
-0.7770746942  
-1.02310481  
-0.6823427155  
-0.4182642249  
0.1360580279  
-0.6048038166  
0.003451114733  
-0.2458772245  
0.6154575798  
0.3671751347  
0.5931767573  
0.4844080127  
-0.157363586  
-0.4513864713  
-0.5526221304  
-0.2573027738  
-0.2629627915  
-0.348632647  
-0.3173767333  
-1.08781068  
-0.374378373  
-0.1980961248  
-0.4637082715  
-0.4940937168  
-0.5617074013  
-0.5485834795  
-1.005027542  
-0.5934348005  
-0.5388921378  
-0.7222077067  
-1.05585169  
-0.6822994156  
-0.9001126289  
-0.6412133078  
-0.6297613468  
-0.8271481829  
-0.8809020948  
-1.211807402  
-1.264247371  
-0.8948648634  
-0.8179002164  
-0.9620132582  
-0.8039144731  
-1.076441998  
-1.00684828  
-0.8345496093  
-0.9642247236  
-1.046653095  
-0.9805125482  
-1.091440056  
-0.7106899476  
-0.8294364705  
-0.9778455762  
-0.9307685711  
-1.162430573  
-0.7785211041  
-1.259078862  
-1.074596625  
-0.6888452684  
-0.3546440168  
-0.5485082177  
-0.6383933891  
-0.7809397755  
-0.7886834408  
-0.8676188406  
-0.6155530984  
-0.5014803041  
-0.6917284339  
-1.078528751  
-0.7037340549  
-1.067255567  
-0.7030014039  
-0.856226966  
-0.9965390331  
-1.065202137  
-0.9140838725  
-1.223257653  
-1.033712406  
-0.5703308431  
-0.8692910887  
-0.9301435255  
-0.7024410407  
-0.5880777254  
-0.5672778712  
-0.4586998786  
-0.3970667603  
-0.511306323  
-0.2250679542  
0.1650573762  
0.007980973251  
0.5772641742  
0.6702188582  
0.3410549827  
0.1699227238  
0.07493583543  
-0.05976468445  
0.01335366681  
-0.2261652085  
-0.4282650021  
-0.1472340583  
-0.3938138749  
-0.01289955648  
-0.3671885615  
-0.5191345974  
-0.06394180813  
0.2255959394  
0.3651639486  
0.4314346692  
0.4353884021  
0.2201042834  
0.219695653  
0.5637356326  
0.669048503  
0.7757109007  
0.5542644429  
0.6140687611  
0.2875520867  
0.584649937  
0.7363585403  
0.3589640938  
0.5320605039  
0.9142645032  
0.7034608391  
0.613211739  
0.3862466299  
0.740439345  
0.6987314221  
0.6970857011  
0.7537733967  
0.7690539173  
1.209955244  
0.5273310759  
0.3810055107  
0.4812911075  
0.2154464127  
0.06581528654  
0.3908272556  
0.7083501869  
0.9303348329  
1.060435708  
0.987366068  
0.5227187709  
0.3607199018  
0.7587885198  
0.9269854701  
1.295754181  
1.222197004  
0.8482292024  
0.7021638937  
0.5257093455  
0.6296353185  
1.073947528  
0.6434498537  
0.3115809982  
0.1057575775  
-0.1705039082  
0.3108057427  
0.3493661923  
0.02237592682  
0.2001606624  
0.05281906076  
0.3142662427  
0.5223876612  
-0.1130811341  
0.04623707456  
-0.4032277885  
-0.181237313  
0.3253996773  
0.5149914472  
0.3063054754  
0.6335849174  
-0.06882907781  
0.3676131849  
1.243406368  
1.132233497  
1.197842445  
0.55000874  
0.4138355264  
0.1604102251  
0.9565164942  
1.197428351  
0.9015388705  
0.8894843203  
0.03022087328  
-0.2465555037  
0.2202593038  
0.2360218831  
0.2654925525  
0.02182184141  
-0.5563362177  
-0.8180644429  
-0.8543175741  
-0.7728241365  
-0.08243592354  
-0.5020798305  
-1.00635332  
-0.8764902872  
-1.219163599  
-1.185397649  
-0.8918430916  
-1.16301587  
-1.051294861  
-1.096101857  
-1.769903645  
-1.608650346  
-1.480215138  
-0.8858281886  
-0.9424085805  
-1.009163998  
-0.9189043011  
-1.020629774  
-1.435366638  
-1.15873315  
-1.325469543  
-1.039823336  
-1.257477452  
0.2003411114  
0.3555400193  
0.1374824912  
0.1821129078  
-0.1234458679  
-0.2811328801  
-0.6289022163  
-0.5925090243  
-0.491014218  
0.0190985611  
0.5535119533  
0.5986553575  
0.3419276655  
0.07162844594  
-0.4463385072  
-0.2328368378  
0.4486535226  
0.4046873075  
0.3773230066  
0.6167272473  
0.1831837345  
0.5292754573  
0.6873615549  
0.3047153918  
0.08738326524  
0.04192285462  
-0.2627833665  
0.3000698706  
0.1386137281  
0.5813355811  
0.724705316  
0.8468818317  
0.1195453809  
0.4539245873  
0.2755378085  
-0.0624131003  
0.1195702806  
0.1179934973  
0.7264608104  
1.180764389  
0.9295784367  
0.5234509612  
0.5869048441  
0.08862870314  
-0.2501365244  
0.3293510668  
0.6748037246  
0.3748307132  
0.5871263951  
0.1304055778  
0.02760937895  
1.357600379  
1.322367014  
0.7080443465  
1.003332405  
0.7035070245  
0.2564885519  
0.4085400142  
0.9705104423  
1.335337391  
1.066267303  
0.7038556429  
0.8739135764  
0.7640952813  
0.9263136667  
1.227759014  
1.016728387  
1.016501873  
0.7612048002  
0.619428046  
0.6573965804  
0.4900296417  
0.7745949295  
0.3138647797  
0.2257906325  
0.07416535111  
0.2774412051  
0.5360623292  
0.539686386  
0.4375942193  
0.1899876883  
0.2388189198  
0.7502003497  
1.5668576  
0.7670628285  
0.8820748759  
0.4673874078  
0.3125157513  
0.8693013717  
1.396700557  
1.047694643  
1.30675645  
1.424005508  
1.200727692  
1.10158675  
1.203598572  
1.793552232  
2.040180226  
1.178317538  
0.9144730118  
0.6965275258  
0.65152879  
1.248701516  
0.9494754358  
0.9129002586  
0.532246535  
0.387691979  
0.1056483113  
-0.2647649366  
0.4745836117  
0.4118907882  
0.1329921896  
0.1939842143  
-0.3853880818  
-0.1836957484  
0.01194500984  
0.2497857033  
0.5721319261  
0.9731013593  
0.6855458533  
0.5871878386  
0.7726784632  
1.056988403  
0.8423292113  
1.036373349  
0.9203931455  
0.933538939  
1.377643959  
0.9530975073  
0.799373751  
0.8569669342  
0.7791991865  
1.214899253  
1.699966244  
2.039358899  
1.684429374  
1.258629611  
0.5124260031  
-0.1579654428  
0.08944833373  
-0.1027138009  
0.01913189831  
-0.1674814737  
-0.7652178787  
-0.4727115971  
-0.4994222603  
0.6725910096  
0.7871974937  
-0.1637865466  
-0.2552920589  
-0.08082881976  
-0.1341698958  
0.5963031529  
0.6139421029  
0.9206411537  
0.9507620427  
1.240128411  
1.229370499  
0.7977477267  
0.6089654868  
0.1927826608  
0.08414280505  
-0.05843738814  
0.1533773606  
-0.5497901424  
-0.9335760387  
-1.027795033  
-1.099109265  
-0.7213754519  
-0.6419894765  
-0.8649821807  
-0.6867192724  
-0.8215176364  
-0.9005416892  
-0.07623713912  
0.1366134835  
0.3770753303  
0.4742785343  
0.3542673235  
0.08253112176  
0.03764939972  
0.1378789851  
0.5690108789  
1.488284404  
1.082954969  
0.8996551817  
0.5829865587  
0.06763725024  
-0.2507516955  
0.2657915063  
0.3071452683  
0.4212681409  
0.1033992494  
0.07004500001  
0.1881937995  
0.1082077735  
0.9038300852  
0.890678817  
0.9035330162  
0.7087229499  
0.8066250286  
0.7922674733  
0.8770189742  
1.181191721  
0.9482480444  
1.051972506  
0.8651979759  
0.2995212655  
0.9074449132  
1.428685593  
1.322793576  
1.184683871  
0.9343116276  
0.9901722699  
1.298391814  
1.578364559  
1.72791764  
1.171911934  
1.079959691  
0.9578310694  
0.6208071763  
1.304963613  
