0.4652757453  
0.4148053386  
0.04991946134  
-0.3081677549  
0.003335084755  
0.2862015515  
-0.4268483534  
0.02656266521  
-0.1098731191  
0.3066026358  
-0.170055397  
0.2924976992  
-0.1482558646  
-0.07781318858  
0.07795001741  
0.1127970665  
0.2600952414  
-0.1197063218  
-0.04755308832  
0.2292183783  
0.0182964668  
-0.01231534064  
0.130401116  
0.08426472498  
0.2446621453  
0.2461765876  
-0.1064731604  
-0.4124799638  
-0.4667664135  
-0.3939813877  
0.2684068329  
0.0975760681  
0.1322573314  
0.07620697877  
0.07844722114  
-0.1465477006  
0.6734544711  
0.225823  
0.5319550146  
0.4169468133  
0.1181326049  
0.167978473  
0.334718892  
0.5230850609  
0.265116954  
0.04006161445  
0.1795897843  
0.4255251959  
0.2278578039  
-0.165037143  
0.2696466403  
0.2808843793  
0.393754103  
0.3370732352  
0.01533891765  
0.3446508372  
0.1382579506  
0.1621199673  
0.2376111976  
0.02114259114  
0.03448303969  
0.1979220193  
0.03940312622  
0.1967843366  
0.4565861309  
0.5826205907  
0.439054602  
0.2034909243  
0.7741248581  
0.2746785499  
0.6696587031  
0.5837853251  
0.1235364118  
0.458386843  
0.3273436246  
0.5238001984  
0.7380720073  
0.3260109411  
0.4439604703  
0.01142623268  
0.4822636465  
0.8335499734  
0.7619821895  
0.4288677959  
0.5554018721  
0.5898449462  
0.615313476  
0.5236946377  
0.2346593234  
0.7841814077  
0.6782112573  
0.6381120247  
0.4138643194  
0.8066507674  
0.6165364864  
0.4461023248  
0.4181038948  
-0.03321195136  
0.5587523999  
0.2008589351  
-0.4545493288  
-0.06255216333  
0.1102166522  
0.6417020544  
0.670100718  
-0.01410982958  
-0.08190209074  
0.3417110455  
0.0310473879  
0.1671929199  
-0.01016296505  
0.5682561995  
-0.2563711367  
0.8240893337  
0.2304999163  
0.3622064675  
0.4982162182  
0.4116974397  
0.4376324881  
0.9379681028  
0.6486655749  
0.7026819353  
0.6926731952  
0.5438378324  
-0.01986472769  
0.7237084211  
0.3977047069  
0.238680697  
0.2073579975  
0.5940757597  
0.5964620896  
0.5299244197  
0.9329837691  
0.5110053049  
0.4912661619  
0.3322953745  
0.564512342  
0.4163970759  
0.3025542185  
0.1800808493  
0.3875236822  
0.2447629034  
0.7304398305  
0.6983526489  
0.6194212081  
0.5111538636  
0.8516643057  
0.6543405447  
0.4817458609  
0.4975728221  
0.08714036648  
0.3872322524  
0.517286914  
0.2080475797  
0.2431176521  
0.5999992389  
0.6336990016  
0.7573119353  
0.5114702657  
0.566464957  
0.6350463965  
0.676896741  
0.5668630947  
0.7815925542  
0.779393456  
0.6190178937  
0.5937225782  
0.8087237596  
0.6579439821  
0.5847995875  
0.01466201201  
0.18858866  
0.8423239597  
0.1250812361  
0.6133993046  
0.537566778  
0.7380869573  
0.2244397158  
0.5497857898  
0.6058884118  
0.4178376721  
0.3286231809  
0.118909708  
0.6438551657  
0.03675773092  
0.5951615021  
0.4859943977  
0.4335602797  
-0.04306876751  
0.5218355559  
0.1423192146  
0.3804293263  
0.3927525491  
0.2387784752  
0.3473163034  
0.4156035267  
0.4019726273  
0.3634801962  
0.09088329834  
-0.2476912697  
-0.004974540447  
0.4967171664  
-0.1042004827  
-0.4286387593  
-0.4231299983  
0.425087635  
-0.5523509553  
-0.6690566551  
-0.008692637882  
-0.4278537875  
-0.414199397  
-0.04838002668  
-0.3929418219  
-0.4063829579  
-0.2920955731  
0.006387771631  
-0.3014367575  
-0.5508754874  
0.2686151694  
0.1517270774  
0.1812237855  
0.3503759246  
0.5434763066  
-0.1229965532  
-0.2916016624  
-0.08208101177  
-0.1555473126  
-0.2093045768  
-0.1788629901  
-0.6485839727  
-0.2329711143  
-0.2068219632  
0.04604263759  
-0.1421051071  
-0.1648970112  
0.1832900988  
-0.3546925225  
-0.3450374462  
-0.4039795506  
0.2303568164  
-0.3771184687  
0.0003869040996  
-0.0489568947  
-0.323966528  
-0.3337151687  
-0.276758696  
0.1225863944  
0.3366094492  
0.05111818626  
0.09944117184  
0.05665320916  
0.227488654  
-0.02637448642  
-0.3104168313  
-0.5548216316  
-0.2405175554  
-0.0392542282  
-0.08126830027  
0.2209791483  
0.06420131846  
0.1596794242  
0.296671196  
0.1114952654  
0.4858874066  
0.1950874168  
0.2417068407  
-0.04230107439  
0.01460796881  
0.02815723705  
0.2222620445  
-0.1005217077  
0.04846081232  
-0.2461957824  
-0.04037994058  
0.004195017022  
0.02219530202  
0.2705092282  
-0.3678896831  
-0.2437523416  
0.05491378426  
-0.09737320057  
0.1285592326  
0.06962465591  
-0.3820133149  
-0.3224433778  
-0.3403137664  
-0.2520048207  
0.03346419402  
-0.3071067242  
-0.2105239169  
-0.4113932782  
-0.3316666485  
-0.1801229253  
0.1042292458  
-0.02390794252  
0.3955589164  
0.2979896256  
-0.08859996065  
-0.325523275  
-0.1794694536  
0.3435566204  
0.1425705826  
0.7018492806  
-0.04617449311  
0.5165979527  
0.03770244639  
-0.03135547082  
0.2465170365  
-0.09821547948  
0.01199344534  
-0.6607396171  
-0.4655568027  
-0.6161450165  
-0.05532735753  
-0.3955456223  
0.06982768142  
-0.2091242638  
-0.8082303667  
-0.2817269192  
-0.09913095546  
-0.1753444084  
0.06168602418  
-0.4873998703  
-0.7489630987  
-0.734959834  
-0.8058537337  
-0.5213218841  
-0.2598278634  
-0.4026357781  
-0.1693765197  
-0.5355418001  
-0.4275820898  
-0.377153976  
-1.091285825  
-0.1075207673  
-0.4791745691  
-0.9680787136  
-0.899720704  
-0.4724490368  
-0.4113753497  
-1.189554713  
-0.4590469169  
-1.147919737  
-1.161585542  
-0.8231021142  
-1.083922464  
-0.4401376301  
-0.8611850217  
-0.3484805046  
-0.5443563851  
-0.9097029739  
-0.5124577278  
-0.09647739208  
-0.3853942331  
-0.6766165748  
-0.3111097013  
-0.1167829747  
-0.1869160101  
-0.6729652899  
-0.4580295144  
0.1593398693  
-0.4659232454  
0.2064312522  
-0.03499355206  
0.1766169302  
-0.1800220657  
-0.8095612563  
-0.6403967529  
-0.7362952295  
-0.647713797  
-0.3010091745  
-0.07689002839  
-0.4447287212  
-1.325368071  
-0.9855093013  
-0.7185916142  
-0.2629859073  
-0.5698114123  
-0.5794440504  
-0.7109973273  
-0.391335366  
-0.8404063132  
-0.6052996786  
-0.6346572345  
-0.1819295524  
-0.3979071202  
-0.1085665898  
-0.2387855147  
-0.2865910332  
-0.048850825  
0.3193770637  
0.2875179775  
0.2178771304  
0.2195226115  
-0.2816452504  
-0.2795073318  
-0.6410942044  
-0.4638882784  
0.01084507599  
-0.008264819717  
0.002407230367  
0.3153837249  
-0.4276512703  
-0.105471884  
0.1912659887  
-0.1880022643  
-0.115272744  
-0.01696953368  
0.1920639863  
-0.1120550211  
0.8027740362  
0.6798758113  
0.09632575715  
0.1523099056  
-0.2085138795  
-0.1988228135  
0.1725510799  
-0.4836659621  
-0.2101686721  
-0.425394212  
-0.4622405966  
-0.2080578632  
-0.2556979512  
-0.1411356008  
-0.3270657214  
-0.6216509135  
-0.4225183504  
-0.06727875608  
-0.07260878586  
-0.2475958784  
-0.6919479705  
-0.05967168805  
-0.4091794923  
-0.1910046652  
-0.7587004857  
-0.2788222498  
-0.203666235  
-0.2735282039  
-0.799006612  
-0.2011215117  
0.4761069558  
0.272486152  
-0.2224318467  
0.4793048222  
0.2919315484  
0.6097302754  
0.2843213264  
0.03993693394  
0.3100983639  
-0.2433632314  
-0.09125280673  
-0.4099829496  
-0.2506571537  
-0.02828461742  
-0.3283686364  
-0.1376425152  
-0.3336086553  
-0.3845886301  
-0.463259756  
-0.6278610775  
0.04401040266  
-0.3192287015  
-0.195313514  
-0.3672001023  
-0.7589771242  
-0.5171582573  
-0.1290278987  
-0.6231140473  
-0.539217502  
-0.2164116368  
-0.3725648493  
-0.7756495468  
-0.3396140824  
-0.3152860993  
-1.127170241  
-0.921745163  
-0.7335074033  
-0.3535539002  
-0.2634997874  
-0.2027028975  
-0.1177261964  
0.1726781882  
0.1323482244  
0.06527785255  
0.3433745742  
-0.0890488869  
0.5059664006  
0.3960616301  
-0.1374953696  
-0.4793177229  
-0.4216022984  
-0.2964949042  
-0.2232017654  
-0.3017386636  
-0.296397185  
0.09781147697  
-0.0335127509  
0.0374150283  
0.5721209272  
0.4624957625  
0.7821470463  
1.091127091  
0.08030511255  
-0.2896383024  
-0.4203909828  
-0.5418696304  
-0.2900881202  
-0.6742400027  
-0.6244183142  
-0.2745181544  
0.05640682302  
-0.1893144096  
0.4278944058  
-0.504872383  
0.4248252269  
0.3464450674  
0.03514391109  
0.2168986995  
0.04316078842  
0.187821161  
0.3346125587  
0.3124843057  
0.1158832621  
0.3021120538  
0.2214083779  
-0.2387390449  
0.8029328332  
0.07654001233  
0.01291783273  
-0.2037666343  
-0.4579876307  
-0.4304931251  
-0.1882509764  
0.06849438585  
0.153722733  
0.416677836  
-0.2290742841  
0.8316836302  
-0.02679449044  
0.6611591968  
1.127898702  
0.7766464071  
0.7671223819  
0.4254281357  
-0.2689062867  
0.0547868712  
-0.4993780831  
-0.3038391292  
-0.3183806226  
-0.4651336486  
-0.5207408513  
-0.148355662  
-0.8323729007  
-0.3390713741  
-0.7857833261  
-0.8357920752  
-0.2200663151  
-0.3417268442  
-0.3042394792  
0.04317682092  
-0.3567938112  
-0.7596713839  
-0.4575801836  
-0.479021832  
-0.6104275797  
-0.06241554494  
-0.5007647392  
-0.2423915368  
-0.5446812734  
-0.262801881  
0.2799718687  
-0.4250237417  
-0.06297656518  
0.07413721452  
-0.1219949932  
-0.4831380622  
-0.5842975869  
-0.06809673676  
-0.6546688422  
0.05664210242  
-0.280615727  
-0.2027779917  
-0.4038693827  
0.5931792629  
0.3688032249  
0.05684164892  
0.8011936446  
-0.3862306829  
0.4662092419  
0.3019346189  
0.3946498919  
-0.04570864005  
0.07816726166  
0.03152278552  
-0.2164897965  
0.1144775357  
0.1314577537  
-0.149570448  
-0.2176396612  
-0.2204287284  
0.3954890028  
-0.1003578132  
0.009992032084  
-0.4213377486  
0.003137186975  
0.3639610359  
0.2192754465  
0.1758732083  
0.08491851006  
0.2812003563  
-0.5231456124  
0.1326508843  
-0.5707807919  
-0.3463695982  
-0.08867489516  
-0.1652275274  
0.2971031343  
0.3903214276  
0.06735594886  
0.1208196177  
-0.2452963843  
0.2048496489  
-0.1844649838  
0.05290739359  
0.8848434378  
0.06010962908  
-0.3204927385  
-0.5353134509  
-0.1359573723  
-0.3030040513  
0.3434686076  
0.4506141971  
-0.4813443888  
-0.5964810498  
-0.6567779701  
-0.4907145573  
-0.1067748486  
0.3334024335  
-0.2420044345  
-0.1585102355  
-0.4488794333  
-1.104305442  
-1.112889547  
-1.04580293  
-0.6899822418  
-1.047776156  
-0.4684202654  
-0.3246878888  
-1.100897233  
-1.295855185  
-1.267296601  
-1.169839205  
-1.077794946  
-0.4515501223  
-1.12861506  
-0.9795198232  
-0.3375156827  
-0.3624002313  
0.5931819361  
0.9812682235  
0.681326304  
0.0872653863  
0.7182310904  
-0.001199175352  
0.00805219303  
-0.07493478213  
-0.3918325655  
0.1968310578  
-0.1998490307  
-0.1917010042  
-0.3215074812  
-0.2105240541  
0.2613526289  
0.3159004914  
0.205917583  
-0.06871472573  
0.4577641028  
0.3758371864  
-0.2636990392  
0.3413212433  
-0.04621683489  
-0.3932717066  
-0.3311559929  
-0.2127079462  
-0.2878853834  
-0.005200227132  
0.3265547525  
-0.01578274248  
-0.3077799665  
0.2381687898  
0.1899886834  
0.2633457915  
0.5502980537  
0.1652823573  
0.1143347465  
0.6800216448  
0.4876184371  
0.8336367901  
0.2079599209  
0.4233362778  
0.2604984367  
0.3625202179  
0.3512432059  
-0.2165247519  
-0.1912164756  
-0.1079257917  
-0.5718737921  
-0.1492142553  
-0.2215724041  
-0.1963840093  
-0.2241824241  
0.6335175272  
0.9178730542  
0.385855547  
0.2071279796  
-0.2142129371  
-0.2503315891  
-0.3034879471  
-0.2878846247  
-0.463373607  
-0.2767715606  
-0.5505510337  
-0.006209235009  
-0.1861691816  
0.1248000973  
0.3247504129  
0.497118621  
0.2740132815  
0.06782640315  
0.2028097568  
0.3563423262  
-0.2703779511  
-0.003933630803  
-0.232648459  
-0.489640081  
0.1574568956  
-0.2217819754  
-0.4238746411  
-0.5170400866  
-0.6077419795  
-0.4944565991  
-0.1402126767  
-0.04175733607  
-0.0629733032  
0.1841850604  
0.341328206  
0.3806045529  
-0.1887845088  
-0.3631406558  
0.1508312233  
0.0809112915  
-0.5874337512  
0.0458584397  
-0.3472822168  
-0.2894439222  
-0.6339729725  
-0.33966351  
-0.4452127188  
-0.2608838414  
-0.4162265034  
-0.1150435599  
-0.362612875  
-0.4022999495  
-0.4816131218  
0.07167514469  
0.5478280901  
0.3132209147  
-0.2270345009  
0.4168743741  
0.1512758429  
1.336596769  
0.9400617749  
0.2533261772  
1.148722321  
0.6042450313  
0.6332585269  
0.2126285694  
0.1316874536  
0.5489373641  
0.2352810614  
-0.3866632732  
0.3399245339  
0.0359810745  
0.2388258772  
-0.04907579359  
-0.02991129501  
0.1235181332  
0.08068530901  
0.2471254799  
0.7133862264  
0.2587960475  
0.04101227506  
0.2447604297  
0.1998792105  
-0.03718915228  
-0.08717315091  
-0.007056061974  
-0.5742178325  
-0.3070867642  
-0.4889510892  
-0.03058671583  
0.3510401714  
0.5887421253  
-0.04704515532  
-0.3410240292  
-0.3861086627  
0.01646921272  
0.4723565581  
0.2392298264  
0.1593975015  
-0.06247836248  
0.1009058786  
1.028877062  
0.2536744041  
0.1852200864  
0.0532955911  
0.08443538931  
0.1067489931  
0.1020516223  
0.02776348867  
-0.2973016243  
-0.07564804153  
0.6962420263  
0.2517000953  
-0.3346561705  
-0.4586088911  
0.3526041728  
-0.1943851805  
0.2908406014  
0.2204374553  
0.1465943992  
0.2632993808  
0.06790663683  
0.3948676709  
0.4791384077  
0.3188967806  
0.6597080547  
0.02492795474  
0.3629323005  
-0.009617606636  
0.401134368  
0.05938320925  
-0.7569188428  
-0.4162277302  
-0.6435886889  
-0.2059138215  
-0.1630767408  
-0.07548120136  
-0.6597675451  
-0.2922174618  
-0.1484681808  
-0.2665041745  
0.03152958641  
-0.4501379326  
0.0742363493  
-0.1528146145  
-0.09467950221  
0.1164823477  
-0.0014060078  
-0.1405814724  
-0.06311890686  
0.5094349572  
-0.2299125798  
0.1329252019  
-0.4058576282  
-0.4058296629  
-0.06032370945  
0.262430695  
-0.1601683874  
-0.4246463427  
-0.6546027252  
-0.2947659071  
-0.6405745439  
-0.11305458  
0.3302259  
0.2448261048  
-0.2126341937  
0.002440728977  
0.1708347698  
-0.06374255547  
-0.1077094466  
-0.3071867002  
-0.2137203969  
0.3682766375  
-0.2450638342  
0.0100698596  
0.1851769609  
0.3321950442  
0.2304615063  
0.3468481378  
0.1106959313  
-0.1349786905  
0.1931520367  
-0.2746532053  
0.1302136364  
-0.4744476516  
-0.4538602846  
-0.4862985992  
-0.4241553178  
-0.3059409203  
-0.1925067131  
-0.09630726664  
-0.4024035073  
-0.3465690792  
-0.308802987  
-0.1562504882  
0.363171512  
0.4028099183  
-0.100305435  
0.1503417449  
0.09996828843  
-0.002428978317  
0.1047299338  
0.3072003825  
-0.3582776698  
-0.0299263036  
0.1001136824  
-0.1906425685  
-0.002701978784  
0.2852236641  
-0.2439205875  
0.3670922273  
-0.1460182861  
-0.239713906  
0.5212569389  
0.5891015806  
0.002383771653  
-0.1872027891  
0.004218575861  
-0.08702106735  
0.2794949896  
0.1201067479  
0.1706300166  
-0.4096547303  
0.2867585552  
0.4308463818  
0.3922517739  
-0.08451276867  
-0.01424953368  
-0.4917566505  
-0.271636556  
0.6165145548  
0.8814805986  
0.6685116822  
0.4534182583  
0.1309897457  
0.2019533877  
0.4119311644  
0.2960150159  
0.4916566648  
-0.2889061879  
-1.054628486  
-0.6075478187  
-0.2836140551  
-0.06346977385  
-0.3424588139  
-0.006204533376  
-0.1333622335  
-1.076077711  
-1.327011879  
-0.6064422096  
-0.5826624025  
-0.5205132428  
-0.05504447236  
-1.101696696  
-0.8314108193  
-1.186151921  
-1.782710936  
-1.43201082  
-1.850524534  
-1.392973449  
-0.9396790188  
-0.7467203457  
-0.9672537073  
-0.4165986043  
-0.817429046  
-0.6325804212  
-0.9918276039  
-0.314817078  
-0.9696092073  
-0.694753146  
-0.7526364401  
-0.6698357304  
-0.875112343  
-1.080261872  
-0.6133004421  
-0.5387495273  
-1.00742295  
0.2343577751  
-0.2961797305  
-0.1475125088  
0.4574168671  
-0.5390085293  
0.2275431224  
0.2296034049  
0.2356710884  
0.6515132636  
0.3042311116  
0.3774391092  
0.53819342  
0.4533181372  
0.5874582397  
-0.2908513188  
0.4753051263  
0.1273629693  
0.3769927175  
-0.008611126381  
0.2867613748  
-0.1054797525  
0.4990806539  
-0.3857063573  
-0.7405510598  
-0.3236591278  
0.04564891352  
-0.3620988521  
-0.1755289743  
0.03231945983  
-0.3322274523  
0.138646724  
-0.2064157149  
-0.09776758239  
-0.6281821783  
-0.2702485286  
-0.3225991775  
0.419281512  
-0.5421935768  
-0.3253690428  
-0.02265028859  
-0.2695965704  
0.4568570285  
0.07422493313  
-0.101347112  
0.293471288  
0.08193147805  
0.2648180745  
-0.07388029735  
0.2705309251  
0.2526152523  
0.4098088824  
-0.4388507925  
-0.3983341006  
-0.3486780542  
-0.7069351947  
-0.4088208073  
-0.5397080332  
-0.3410132885  
-0.4080522945  
-0.9147223861  
-0.8000381262  
-0.858886226  
-0.01727193444  
-0.4348639978  
-0.3622250482  
-0.4305873707  
0.02476262636  
0.03127660496  
0.3288704438  
0.5239756824  
-0.2704246439  
0.2108513201  
-0.07002424098  
0.3018042364  
0.366260494  
-0.2960892055  
-0.4959024134  
-0.4094086856  
-0.3448272228  
0.6373429749  
0.5332621608  
0.5417201505  
0.3813559239  
0.334556049  
1.057536273  
0.8900790328  
1.296757073  
1.382829641  
1.249575996  
0.6595383813  
0.1355853416  
-0.05667443409  
-0.1126403421  
0.3999593175  
0.5615905796  
0.4191701306  
-0.01952683695  
0.06036673723  
0.005778383196  
-0.0002327593811  
0.3075080452  
0.2600539509  
0.03746616591  
-0.5160836599  
-0.2131965163  
-0.384260399  
-0.1301797694  
0.6747432099  
0.03638777165  
0.183429827  
-0.199150582  
0.08019650157  
0.5388989635  
0.06244982275  
0.6021112016  
-0.1040501573  
0.4110602319  
0.6326220234  
0.2838377053  
0.5051152045  
-0.2103006099  
-0.1740569185  
0.2180851415  
0.3538582436  
1.208246107  
0.4481528862  
0.2954819518  
0.4302437265  
-0.2683286198  
0.09020256563  
-0.4761687157  
0.09558533866  
0.2586000713  
0.1245760376  
0.07252614486  
0.2549013107  
0.4060625153  
1.143596128  
0.4619052922  
-0.2028706272  
-0.1432301638  
0.2685972435  
0.2147207265  
0.6792345706  
0.3860945747  
1.061061744  
0.868448648  
1.291468741  
0.6702561555  
-0.2894277299  
-0.4631367265  
-0.4425010759  
-0.7745120623  
-0.7566095957  
-0.6591970252  
-0.4984330375  
-1.431335389  
-0.9050894621  
-0.8567629839  
-0.7475278757  
-0.5098831513  
-0.5553247187  
-0.9921443765  
-0.9955633727  
0.03239030969  
0.2196440518  
0.1104921553  
0.4596449097  
0.4102809223  
0.4927495321  
-0.08807476536  
0.4312386644  
0.4442864714  
0.6797515475  
0.7675340452  
0.5658669333  
0.02788211403  
-0.238774204  
-0.3524373464  
0.1605134867  
0.19514149  
0.1038404733  
-0.1407545739  
-0.04840204174  
0.143560282  
0.2077221984  
0.5810293641  
0.1327015114  
0.4738327071  
0.4038911847  
0.287604982  
0.7994631047  
0.938009137  
0.9206057049  
1.113666801  
0.4936469373  
0.4567145435  
0.4860220034  
0.6775172947  
1.015020699  
0.819462541  
0.9556133222  
1.194751494  
0.9974347679  
1.294114917  
1.399020445  
1.482241013  
1.664386147  
1.277759741  
1.436057293  
1.3257447  
1.60142916  
