0.940082105  
1.227848085  
0.8376824289  
0.3682796674  
-0.1306859877  
0.683117536  
0.3300661864  
0.1636389197  
-0.1292737299  
-0.1839502243  
0.5560630163  
-0.03615549458  
-0.1502300499  
-0.4061639691  
0.1719912969  
1.058348382  
0.2917904305  
0.5997950846  
0.1070044795  
0.2008174609  
0.6275321226  
-0.2278253449  
-0.8067482917  
-0.8443404253  
-0.008251144712  
-0.487911821  
-0.9253182889  
-1.196596525  
-0.6878537676  
-0.01949369407  
-0.3183015144  
-0.5504144958  
-1.041962851  
-0.1498722156  
0.2376218335  
-0.5662473662  
-0.4721971194  
-0.658861549  
0.5085724967  
0.1204565576  
-0.1114327764  
-0.3538515676  
-0.416676122  
0.4647864354  
-0.1892607969  
-0.1458777287  
-1.070620175  
-0.2020508457  
0.2528915415  
-0.2856383771  
-0.08800888395  
-0.5009681156  
0.8948452903  
-0.05136844472  
-0.5032491339  
-0.4018942196  
0.4365223568  
0.2943764893  
-0.1953712068  
0.7796514616  
0.3273437144  
-0.250202851  
-0.1187932249  
0.4943698935  
-0.1091418711  
-0.5989818943  
-0.5214445037  
0.5697706426  
-0.09297441496  
0.3823896529  
-0.1308010403  
1.247379881  
1.20431923  
0.800054038  
0.5657794067  
0.8037119932  
1.225891995  
0.4996074383  
0.1456602532  
-0.9667124985  
-0.3086578538  
-0.2111266883  
-0.8413254066  
-0.5112136945  
-0.9191293419  
-0.05059303693  
-0.663846374  
0.001761138612  
-0.7202594138  
-0.5118760832  
0.3600957827  
-0.2035854632  
-0.4580476237  
-0.3380673348  
1.137985668  
0.2671724983  
0.02011163823  
-0.2129571231  
0.7941972083  
0.1363863394  
-0.0762364778  
-0.5420350376  
0.2416623476  
0.2709665778  
-0.3141863725  
-0.3588567188  
-0.2458509931  
0.5533188692  
0.0130552258  
-0.3859368029  
-0.3011775042  
0.7159791499  
0.2532911524  
0.01773888194  
-0.6875669438  
1.128444511  
1.178485249  
0.2853998059  
1.32865399  
1.368010911  
-0.1756612304  
-0.4190303609  
-0.8948746871  
-0.9706032308  
-0.7461073967  
-0.1120116089  
-0.2266939379  
-0.2219348397  
-0.9069167719  
-0.7995416783  
-0.3225886533  
-1.188625563  
-1.717704445  
-2.250842894  
-1.306841663  
-0.9537244991  
-1.376961836  
-1.551938078  
-1.384205813  
-1.656423142  
-1.371880546  
-0.9174769412  
-1.850825874  
-1.924950054  
-1.652180575  
-0.7372663127  
-1.054497615  
-0.731817964  
-1.036897804  
-0.348252003  
0.07335424521  
-0.173293518  
-0.7231408772  
-0.241720524  
0.452084536  
-0.07466128009  
-0.1737068087  
-0.6179194881  
-0.3361698967  
0.5129232739  
0.3745613216  
0.05847401786  
-0.07142998023  
1.223457797  
0.6915565072  
0.4978749054  
0.1974286494  
0.8544491727  
1.415422164  
0.6543369435  
0.6466043191  
0.2264202771  
0.5805526947  
-0.1676773395  
-1.172905825  
-1.039202003  
0.2987603182  
-0.5798651018  
-0.726566692  
-0.6021937793  
0.2024782852  
-0.1334921829  
-0.4734786974  
-1.125883212  
-1.411513979  
-0.3357522054  
-1.008820406  
-1.204588153  
-1.588663835  
-0.2408737973  
-0.6532412694  
-0.9528724236  
-1.018764967  
-0.9478929876  
-0.7875423103  
-1.076281769  
-0.6238012295  
-0.5505368909  
0.0800373818  
-0.4226793113  
-0.8023578814  
-0.9101202437  
-0.1487069231  
-0.9564805802  
-0.8860369657  
-1.273076546  
0.2298001866  
-0.3938474645  
-0.2103526109  
-0.6311797714  
0.7068392247  
0.5636322029  
0.4018798126  
-0.3857361153  
0.3483155091  
0.9049904783  
0.1836491572  
-0.8416555438  
-0.996251045  
-0.2784048415  
-0.9999677612  
-1.607788768  
-1.716855532  
-0.3603793454  
-1.02986007  
-0.8328710433  
-1.169703349  
-0.06562685476  
0.7354797549  
-0.222247507  
-0.4338537503  
-0.3149343627  
0.5661939525  
0.02348547088  
-0.3925491239  
-0.4287994058  
0.4816307284  
-0.02118762639  
-0.1382461311  
0.2086569536  
1.56006895  
0.8438351477  
0.2752186055  
0.6208082353  
1.521321757  
0.9698361819  
0.8010804529  
0.5674529993  
1.668807346  
0.7958587609  
0.8728693194  
0.1125197764  
1.239271854  
0.9944212242  
0.283454238  
-0.5027236578  
0.1658741615  
0.5576841181  
-0.2965600941  
-0.6616174065  
-1.098516914  
-0.6811347377  
-0.5636697883  
-0.9547583872  
-1.52156158  
-0.8341350699  
-0.001632352303  
-0.7500477147  
-1.155804146  
-0.8166397593  
-0.06556081146  
-1.084168049  
-0.6294083642  
-0.8111440249  
0.5149788605  
0.3619358408  
0.01801183818  
-0.5859094618  
0.3413204141  
1.255588112  
0.3450515242  
0.2542223746  
-0.2484971219  
0.4713508927  
0.7417275265  
-0.0109066324  
-0.238527606  
-0.159514436  
0.6955614905  
0.5394853788  
0.1888317645  
-0.1734018735  
0.2014402025  
0.9891078925  
0.3309816498  
0.3985580807  
-0.1630989056  
0.7490101585  
0.7549201788  
0.3373874623  
0.02069087012  
0.6812121519  
1.443223744  
1.09854692  
1.347218773  
0.9544090778  
1.918688971  
1.490627613  
1.017024244  
0.1700464746  
0.80621047  
0.9244382015  
0.2578726858  
-0.1299168185  
-0.6651508259  
0.4500436608  
0.3169728313  
0.05157023557  
-0.3079604226  
0.1459947076  
0.5458250371  
0.03288600622  
-0.2938618581  
-0.7808334632  
0.4158458094  
0.1517739125  
-0.1094744332  
-0.2180851809  
0.586100553  
0.7217008474  
0.3798075969  
0.1516407931  
0.2643221907  
0.6784938962  
0.3719231841  
0.6743344213  
0.4300123679  
1.254446728  
1.192308482  
1.066886811  
0.8683617127  
1.794264498  
1.25578266  
1.37420622  
0.483825309  
1.532325064  
1.315122237  
0.8774332594  
1.007324828  
1.062311591  
1.059629885  
0.7866783038  
0.809801917  
0.183256855  
1.190300912  
0.9808036259  
0.2105069837  
-0.6194640288  
-0.3866600563  
0.5988247439  
-0.2502817726  
-0.3492716502  
-0.4943114189  
0.1932306787  
0.2644238733  
-0.09568081956  
-0.2978049694  
0.1970209531  
0.8837283204  
-0.127896788  
0.1285125135  
-0.5799040093  
0.2556986867  
-0.05665249226  
-0.06280215675  
-0.9887167333  
0.1545001442  
0.1590981131  
-0.2693748341  
-0.7672042376  
-0.5293857277  
0.3891680876  
-0.561597856  
-0.66279346  
-0.6212532108  
0.14623738  
0.4612068839  
-0.01062841658  
-0.1660189183  
1.00784042  
1.458399128  
1.346594008  
1.939656763  
0.6910622979  
0.04835403451  
-0.2948009662  
-0.7583704758  
-1.095086249  
0.04326849396  
-0.1831880803  
-0.5920879033  
-1.096355294  
-0.7035882564  
-0.471227929  
-1.143745593  
-1.755765811  
-1.391907619  
-0.5474342865  
-1.252645784  
-1.488543256  
-1.367040805  
-0.6874864203  
-0.6288535237  
-1.450804112  
-1.779588942  
-1.528748018  
-0.2330037628  
-0.4129169995  
-0.4774780093  
-0.5405323641  
0.091917058  
0.8350124705  
-0.05081218536  
-0.1521422626  
0.1165486454  
0.6509876713  
0.3122858027  
-0.3917177367  
-0.2822484254  
-0.5674830157  
0.3843127152  
-0.5205480517  
-0.3679250678  
-0.5149803542  
0.6471283652  
0.144349868  
0.1620432837  
-0.3128690284  
0.4841307797  
0.2285575269  
-0.1984126888  
-0.6714855753  
-0.06773086589  
-0.2919651516  
0.5575384153  
0.3970437821  
0.1718006683  
0.489497058  
0.1161231447  
-0.5828013058  
0.0400385628  
0.5586348041  
0.05647424101  
-0.5536177185  
0.2635011551  
0.7565298186  
-0.1334667046  
-0.04125746533  
0.2746298092  
0.7788204791  
0.006364725469  
-0.02748318705  
0.5337412032  
0.7162915541  
0.03558586646  
0.2922518772  
0.292922199  
1.296217307  
0.2063011354  
0.5809849292  
0.3320334576  
1.687328004  
1.038684304  
0.9697587661  
0.05298718455  
1.005725561  
1.134564468  
0.7547695357  
0.4615589504  
0.8612117318  
1.442970437  
0.7076720369  
0.4607816853  
0.4224142868  
1.602517645  
0.8754955792  
0.7459503449  
0.2123218902  
0.5021161095  
1.299335978  
0.7188653686  
0.9333705355  
0.3042823333  
1.523956803  
1.728879639  
1.339882696  
0.8439301412  
0.4390495156  
0.1848552604  
1.114148671  
0.2437796845  
-0.334369526  
0.3098839336  
0.7367290596  
0.006203426115  
-0.6922094907  
-0.8879924259  
0.208584334  
-0.43574627  
-0.4653572531  
-0.4405399617  
0.6427646462  
0.250192898  
0.2949862353  
0.0393787291  
1.036257532  
0.2451755413  
0.1909298849  
-0.9655800982  
-0.2191776681  
0.06734949505  
-0.7723832673  
-0.9136857174  
-1.278014289  
-0.5755916237  
-0.6221786948  
-0.8837231811  
-1.144846322  
-0.6984067295  
0.3796842363  
-0.1881855654  
-0.1418604275  
-0.4579483612  
0.8765202215  
0.4453649019  
-0.04811509851  
-0.524800649  
0.3416746706  
0.233949784  
-0.571673423  
-1.29625738  
-0.4155464832  
-0.4871159254  
-1.138103853  
-0.9284538671  
-1.094144868  
-0.3466178833  
-0.5321882036  
-0.6037689903  
-1.357626291  
-0.6369449475  
-0.6424743665  
-1.138632497  
-1.081519922  
-1.056203042  
0.06874889953  
-0.4658377395  
-0.5325696954  
-0.7969201175  
0.335893152  
0.2966479845  
0.4872500304  
0.7445276081  
0.1032995939  
1.126457436  
0.9677321148  
0.726735488  
0.995283297  
0.350876561  
1.367688868  
0.6752503604  
-0.07722475869  
-0.6709569792  
-0.04778907701  
0.3859906521  
-0.5027522308  
-0.6001894886  
-0.6168176133  
0.01722881286  
-0.2565967511  
-0.7109483229  
-0.05999430511  
0.6099580287  
0.01162634652  
-0.07898854844  
-0.1277007131  
0.6817558964  
0.210312459  
0.2036500773  
0.2878694106  
1.349869142  
1.162550565  
1.092994171  
1.182556173  
0.7012250416  
0.2568802252  
0.9463760947  
0.434588259  
0.2833024019  
0.0728132755  
0.8293942881  
0.374929183  
-0.1471272108  
-0.09858710871  
-0.562769925  
-0.1126684808  
0.09942016892  
-0.6010538633  
-0.5944182843  
-0.6850890047  
-0.8867177094  
-1.186797665  
-0.7271218269  
-1.112757992  
-1.27219987  
-0.8184025676  
-1.208972964  
-1.250479312  
-0.9788761871  
-0.8297680689  
-1.127379036  
-0.9956096985  
-0.9336530945  
-1.032447009  
-0.8228398055  
-0.6822442633  
-0.9197852256  
-0.507939816  
0.00305844478  
-0.5185763  
-0.3210931335  
0.02252694615  
-0.0941848577  
0.2557287741  
-0.01273954098  
0.1789832835  
-0.4915662131  
-0.5533370693  
-0.5672097935  
-0.2998505788  
-0.08927120943  
0.3214410275  
0.1046174181  
-0.05206613179  
0.1109954276  
0.3949792747  
-0.05721006008  
0.256940405  
0.9130596798  
0.7924206692  
0.4784495342  
0.7267168492  
0.8574088564  
0.7369007616  
0.250789493  
0.1363481601  
0.2126147483  
0.07197346382  
0.1555738652  
0.001936022154  
-0.06224410628  
0.3198666056  
-0.08602705206  
0.01297138386  
0.5785668676  
0.5582610266  
0.7017670633  
0.9716955802  
1.216065526  
1.047470977  
1.01429608  
0.630522474  
0.3601073297  
0.5004081451  
0.2817980452  
-0.2932619852  
-0.484582222  
-0.22202269  
-1.017605613  
-1.024576915  
-0.1947763569  
-0.2727849439  
-0.1744220374  
-0.3718761362  
-0.1282634647  
-0.09477157742  
-0.24001949  
-0.3320013284  
-0.3445119653  
-0.1404767144  
-0.3946520922  
-0.2362132383  
-0.8837502448  
-0.2402028469  
-0.2186491497  
0.4115181961  
-0.4376448805  
0.02248632236  
-0.1569734761  
0.2378449257  
-0.03788751411  
0.1688057327  
-0.1798122856  
-0.2550300413  
0.3505284448  
-0.154898434  
-0.08638874372  
0.119433646  
-0.07561097488  
-0.5007238119  
-0.4534382375  
0.1479450351  
-0.6326458934  
-0.2387840645  
0.01167297787  
-0.356772993  
-0.003758807442  
0.05490171722  
-0.06545062524  
-0.5502853927  
-0.3574314584  
-0.4627606074  
-0.3526032656  
-0.7567754273  
-0.5286946351  
-0.7658985026  
-0.1534730854  
-0.1531994231  
-0.1707740208  
0.1850020198  
0.5458167685  
0.3449180795  
-0.1039226157  
0.158425913  
0.2219979835  
0.7308035622  
0.3756852175  
0.2687392831  
0.3953925635  
0.1995543947  
0.8066750388  
0.2121248941  
0.315523325  
0.3058960485  
0.2535687748  
-0.2583403797  
-0.2873635766  
-0.5319172463  
-0.04819227911  
-0.5090365821  
-0.713965122  
-0.5738744432  
-0.265189779  
-0.09191795336  
-0.216381838  
-0.06972911277  
0.09561934833  
0.2969456634  
0.01280311943  
0.03351185657  
-0.05358654553  
-0.3430245706  
0.4793605005  
0.2582316645  
-0.8248342298  
-0.3929064111  
-0.3947489596  
-0.7879794723  
-0.7757860918  
-1.006449683  
-1.327179787  
-0.557464602  
-0.07855686238  
-0.4084334822  
-0.5293195998  
-0.2108885738  
0.304302957  
-0.3397053404  
-0.01776743174  
-0.4697171469  
-0.2373808475  
-0.8072322962  
-0.7305090602  
-1.571990712  
-1.384684194  
-1.16625895  
-0.6738281788  
-0.9913050708  
-1.285554568  
-1.476754996  
-1.488920018  
-1.052319009  
-0.4650439364  
-0.2075197043  
-0.7915125467  
-0.4957407108  
-0.7950047607  
-1.175589616  
-1.249672837  
-0.9635956869  
-1.570698404  
-1.734877897  
-1.394150928  
-1.398620875  
-1.612502185  
-1.165287309  
-0.6523156957  
-0.9459676308  
-1.011853161  
-0.8093170727  
-0.9755051922  
-0.9807855657  
-0.6921804007  
-0.2678619175  
-0.914604005  
-1.040533396  
-0.1774861298  
0.1508615965  
0.4335605063  
0.6155556142  
0.5341295729  
0.2514851287  
0.9844164996  
0.5938623439  
1.004051092  
0.3574857969  
-0.003001582902  
0.4113654619  
0.4932414526  
0.2797689918  
0.2314627131  
0.2974343066  
0.118246389  
0.2535607409  
0.5087963852  
0.4292299345  
0.3759554233  
0.4041214476  
0.3755584779  
0.2009757594  
0.4894500157  
0.3356786274  
0.9227931928  
0.5760354626  
0.588519181  
0.2280452355  
-0.1178232635  
0.3217835729  
0.4577987816  
-0.2722752608  
0.121540286  
0.1946815803  
0.1054379071  
0.09993916792  
0.03721019621  
0.1380911307  
0.2366287066  
-0.09497201438  
-0.01033861799  
0.4897884141  
1.046947525  
0.19370747  
0.8760315002  
0.4934313307  
1.104107054  
0.6307382302  
0.8486930688  
0.9569707363  
1.25235485  
0.8873861414  
1.346322573  
1.136421452  
1.256904178  
0.9582749912  
0.6408764609  
0.2297964185  
0.4626421187  
-0.1874607422  
-0.1938569304  
-0.4332721931  
-0.03001469543  
-0.01318080298  
-0.473731185  
-0.6054958831  
-0.2747236606  
0.05500044439  
-0.5059595021  
0.07821917962  
-0.09465831777  
0.06479205692  
-0.005048908282  
0.2158398981  
0.5002347754  
0.3498755501  
-0.07783815776  
0.2300097783  
-0.03099925242  
0.1206834369  
-0.2006542383  
-0.01261580907  
-0.5766361955  
-0.004804592417  
0.7575179469  
0.2111423251  
-0.03329288582  
-0.1915003859  
0.2921594607  
-0.1587701207  
0.2879974242  
0.03304995267  
-0.0549118815  
0.4606271397  
0.5219807453  
-0.1649829378  
-0.006608701912  
0.2574744534  
-0.04193102501  
-0.04572036173  
-0.4987560452  
-0.2998858705  
0.475082613  
0.363028087  
0.06480106852  
0.1699897914  
0.004709706032  
0.4252845826  
0.5227242516  
0.7968758637  
-0.3048896726  
-0.3396954203  
-0.1056731649  
0.08814393244  
0.4410034721  
0.7873834332  
1.299726209  
0.2301477195  
0.4497350991  
0.0621992904  
0.06359925106  
-0.2571517038  
-0.5272317125  
-0.538568005  
-0.4639832135  
-0.1189786317  
-0.08627607154  
-0.3711574607  
-0.485943534  
-0.217104  
-0.440550348  
-0.5744548617  
-0.1286698573  
-0.3481968413  
-0.3573016409  
-0.2748584096  
0.04484700126  
0.1307765555  
0.2309781002  
0.3153070084  
0.5832942456  
0.4305106922  
0.2460040121  
0.531424192  
0.08194723745  
-0.1400761224  
1.779456997  
0.8857869586  
0.993372219  
0.56732404  
0.7841358033  
0.2092245707  
0.4403129449  
0.1197464088  
0.3169126233  
0.5684288722  
0.7826733785  
0.7049153712  
0.6614904251  
0.6653039925  
1.526739242  
0.9932837939  
0.8413475686  
1.164820179  
1.570067958  
1.189612147  
0.4925719919  
0.7176829983  
1.336559646  
0.2927768907  
-0.5593854724  
0.5625032068  
-0.5926772166  
0.3642951239  
-0.1046089218  
0.07847555865  
-0.2163067559  
-0.2615468588  
-0.1219723758  
-0.09732533658  
0.2050027823  
0.1990219174  
-0.1600115176  
0.3200178884  
0.3398916713  
0.3986022483  
0.316632378  
0.6876028556  
0.6251477615  
0.464281796  
0.3528296534  
0.3456983192  
0.8808623597  
0.6292122742  
0.6649662056  
0.4725481814  
0.5972582477  
0.5227405044  
0.4545836107  
0.7403634606  
0.7139297339  
0.18253629  
0.2034512358  
0.3501763783  
0.5442645455  
-0.07324058375  
0.02428373861  
-0.1455896254  
0.0898993292  
0.05514013662  
-0.214315667  
-0.0120468874  
-0.08965469374  
0.2500124183  
0.4075357423  
0.2289596022  
0.2924054219  
0.3629858338  
0.1307807814  
-0.1015309184  
0.2584171724  
0.3522647672  
0.08766050325  
-0.3316945229  
0.3721550935  
-0.1275026927  
-0.4754578081  
0.3211101573  
-0.1980991717  
-0.5621695687  
-0.2577311833  
-0.4116829236  
0.0282441661  
0.1417473822  
0.2677646021  
0.2186573015  
0.403148455  
0.5048407627  
0.6005415116  
0.8236170547  
0.8779736917  
0.872709959  
0.3575853279  
0.7395956636  
0.3980206114  
1.28556738  
0.6135503464  
0.4667782306  
0.3922161556  
0.0007400051044  
0.7169270633  
0.5004530282  
0.6912705659  
0.3679637131  
1.299809363  
0.9250155452  
0.6710413161  
1.030636446  
0.9921368496  
0.914367223  
1.078155654  
0.9558767186  
0.8529416858  
0.4854025062  
0.881263517  
0.298978498  
0.9314422863  
0.1913656448  
-0.4210001864  
-0.0009760796692  
0.8642634552  
1.514902449  
0.6677745062  
0.4061792893  
0.4440304882  
0.1125231818  
0.2389664098  
0.2149671151  
-0.2379789981  
-0.1699414118  
-0.5005819419  
-0.7629544088  
-1.142105153  
-1.020498474  
-1.307910203  
-1.31138579  
-1.496445255  
-1.105732589  
-0.6089709841  
-0.7851272633  
-0.8021405371  
-1.502247075  
-1.03490279  
-0.3463266248  
-0.5801598564  
-0.2553215759  
-0.2035178954  
0.02040150982  
-0.1323776727  
0.03151188199  
0.1149909556  
-0.07562524809  
-0.4217279855  
-0.2518166379  
-0.5918623807  
-0.3747826671  
-0.5440259958  
-0.2055557265  
-0.3781427945  
-0.3526366804  
-0.2526362598  
-0.1092861595  
0.03204912509  
0.3180030892  
-0.2187114229  
0.1415000705  
-0.5132668341  
-0.343742445  
-0.5067106906  
-0.2669064845  
-0.4700927758  
-0.499065697  
-0.4419558649  
-0.6141322755  
-0.3160684459  
-0.1136633654  
-0.2223790023  
0.128817207  
0.1785466425  
0.3939030713  
0.2012400914  
0.6827329171  
-0.04125612365  
0.2412822884  
0.08107692523  
-0.008003308612  
-0.2413406315  
-0.3067060479  
-0.1673524865  
0.1069569519  
0.1751183948  
0.04075252864  
0.2667900498  
0.1237611329  
-0.04574794637  
0.6948261646  
0.2156914084  
0.3777963326  
0.1864971784  
0.6565757408  
0.5265060072  
0.1681838509  
0.1191577755  
0.2401423931  
0.1766379163  
0.452312118  
-0.1053456715  
-0.4971902918  
-0.1524556859  
0.4263175637  
-0.2995305617  
-0.09092894544  
-0.05023175254  
-0.01622824984  
0.09052910126  
0.13629736  
0.1008733577  
0.1592869607  
0.01959718794  
-0.2683919246  
-0.5222915274  
-0.3892293891  
-0.516050286  
-0.7899496134  
-0.6951709061  
-0.7942566462  
-0.8105566653  
-0.3564892942  
-0.5113426569  
-0.5054241543  
-0.7407982584  
-0.6890919577  
