1.021785427  
0.4756694632  
0.2698410369  
0.2602499096  
0.1240762489  
0.06422808923  
0.2314731291  
0.03337291211  
0.03006095057  
-0.3876624804  
-0.3958227452  
-0.8212450984  
-0.6240880836  
-0.8588850464  
-0.6389274604  
-0.2817730465  
0.3113993095  
0.1743100017  
0.2363401341  
-0.02959219028  
-0.21095258  
-0.5658107197  
-0.7423796166  
-0.8408585613  
-1.011572163  
-0.3792516116  
-0.250899467  
0.235610736  
-0.2257428018  
-0.07858718164  
-0.09962610757  
0.369924382  
0.3387497588  
0.5933745149  
0.7513529006  
0.3209327557  
0.7668144406  
-0.03513830905  
-0.4481749492  
-0.02813772032  
0.4772121104  
0.5223545959  
0.3827434449  
0.233684344  
0.4405743998  
0.4194919622  
0.6670289917  
0.1086291836  
0.1573910035  
-0.02981703983  
0.5084192145  
0.3705278634  
0.4518865838  
0.5108490734  
0.5744107477  
-0.1576276983  
0.1942603016  
-0.07903581629  
0.5529012702  
0.1197437604  
-0.1443894384  
-0.314625681  
-0.3191281533  
-0.3324853199  
-0.03370415105  
-0.6627030634  
-0.3759778404  
-0.4143570182  
-0.6009037824  
-0.7213616219  
-0.3476681444  
-0.3514316928  
-0.2980931887  
0.006531948676  
-0.06473440438  
-0.7251075895  
-0.7320049119  
-0.332488679  
-0.5801716102  
-0.7823929491  
-0.4615949547  
-0.2587714474  
-0.5422605178  
-0.5624734904  
-0.2681761812  
-0.8971398044  
-0.4854072753  
-0.2418238747  
0.5167072348  
0.5845112423  
0.5836326838  
1.057230939  
0.9953538972  
0.4495725565  
0.2341221602  
-0.1126772323  
-0.1723620746  
-0.6384706797  
-0.3568506935  
-0.5549140427  
-0.6271129952  
-0.3050958815  
-0.03950981975  
-0.02648452256  
-0.3624276888  
-0.1520964561  
-0.2833086286  
-0.6856280663  
-0.9762321993  
-1.032043544  
-0.8932333808  
-0.2138313871  
-0.8498257988  
-0.7342123126  
-1.213387253  
-0.8829594989  
-0.534571189  
-0.5430944813  
-0.5697535035  
-0.1452327109  
-0.2757507886  
0.06111406644  
-0.4349661974  
-0.0582164483  
0.1451078237  
-0.2081335048  
-0.3843464592  
-0.2684312225  
-0.1427493363  
-0.4062125439  
-0.5232926685  
0.01565453454  
-0.2843432233  
-0.5239623412  
0.122840863  
0.1617354197  
0.04343784569  
-0.4219221482  
-0.4941764645  
-0.701112422  
-1.143665412  
-0.7722220542  
-1.094801225  
-0.3542469463  
-0.4958137121  
-0.5497821016  
-0.5897033357  
-0.206999931  
-0.2682120255  
-0.6375438623  
-0.5734412549  
-0.5171885377  
-0.6503887003  
-0.6479615107  
-0.7463565563  
-0.8582304162  
-0.6615526184  
-0.4105008513  
-0.2557273981  
-0.1418465734  
0.1424633289  
-0.01066468602  
0.04115625071  
0.2402599502  
0.5887644334  
0.4630070066  
0.6578492679  
-0.01176088066  
-0.1745718511  
-0.4742570122  
-0.549996851  
-0.1474075578  
-0.04407672524  
0.2887071529  
-0.004466922807  
0.152059742  
0.03270934061  
0.2289687086  
-0.2357919274  
-0.5781858491  
-0.5668939485  
-0.4498767459  
-0.6604923398  
-0.6219152627  
-0.5408743564  
-0.04407147207  
-0.2458716014  
-0.3377606414  
-0.1845695262  
-0.08238997281  
-0.1206671811  
-0.3551194394  
-0.4962439265  
-0.9530087071  
-0.9052042047  
-1.27938618  
-1.344397107  
-1.238299519  
-0.81087462  
-0.8790728601  
0.04786351518  
0.3771308557  
-0.05869585804  
0.280365413  
0.2043952642  
0.545021531  
0.7313699018  
1.412255863  
0.8106095384  
1.015654001  
1.341564258  
0.8986063879  
1.389353954  
0.9309828498  
0.6573564867  
0.6393926123  
0.6351144241  
0.5965916476  
0.7180012459  
0.5392476423  
0.2958930106  
0.2490412759  
0.08062947428  
-0.1036406201  
-0.5149819919  
0.2917128479  
-0.2220282123  
-0.1776114039  
-0.0344130124  
0.1971659412  
0.04595937169  
-0.2404037605  
0.3579768021  
-0.07859718538  
0.1568637552  
-0.1955935855  
0.263969971  
-0.1790666123  
0.8463458587  
0.8583300711  
0.5534436341  
0.1246082297  
0.4375497546  
0.1654550258  
0.03330132183  
-0.3953746957  
-0.6207000174  
-0.3003804721  
-0.4049061977  
-0.8057246201  
-0.7076004052  
-0.6879355616  
-0.6460099176  
-0.4013894103  
-0.1432727004  
-0.4700826919  
-0.4062873964  
-0.9913566769  
-0.2015221911  
-0.2155911921  
0.4059346506  
0.4301982321  
0.09370441807  
0.05969178433  
0.3150323828  
-0.4220594864  
-0.01460410033  
-0.4593217923  
-0.3411746395  
-0.5826328874  
-0.4932996923  
-0.3881074455  
-0.9428555813  
-0.8760625435  
-0.7393812305  
-0.8907249078  
-0.9352906429  
-0.5056016886  
-0.3983795025  
0.09995569326  
-0.2744921279  
-0.01197046523  
0.005605454139  
-0.4161750901  
-0.4468967141  
-0.6356757348  
-0.6712112058  
-0.3173417374  
-0.580426758  
-0.8847611964  
-0.1627790428  
-0.9010649253  
0.0211410375  
0.5259508587  
-0.05339603561  
-0.2837940452  
0.2768072981  
0.3474083238  
-0.1862863379  
-0.394909719  
-0.1702370323  
-0.05431621162  
-0.03544524383  
-0.1269275181  
-0.1271247593  
-0.0544714138  
0.1638274571  
-0.08619859923  
-0.1866668365  
-0.6715342095  
-0.3728257445  
-0.6264302202  
-0.6167042313  
-0.6507586982  
-0.3976668312  
0.1370251918  
0.07246730648  
0.271695616  
0.05975781402  
0.2633072228  
-0.4557252884  
-0.5842636306  
-0.9480920467  
-0.4649516991  
-1.109449655  
-0.8406273759  
-0.7399997278  
-0.5031249273  
-0.6869786087  
-0.4285549335  
-0.856880035  
-0.5483232985  
-0.3987496663  
0.058105135  
1.150626227  
1.556926896  
1.69696092  
0.9073329492  
0.5757878806  
0.2923093274  
0.8386896293  
0.4528405186  
0.7776262293  
1.18232932  
1.70481793  
1.705923899  
1.046645576  
0.6135329572  
0.3722074939  
-0.4449389175  
-0.736672477  
-0.8804558123  
-0.395156732  
-0.4519478318  
-0.3999326246  
-0.4011021887  
0.01585930361  
-0.3557424124  
0.4467479222  
0.2118851043  
0.3776485835  
0.04572160332  
0.1761795289  
0.4248568876  
0.5923622236  
0.8901252814  
0.3572978798  
0.4748042317  
-0.3478675287  
-0.1013314475  
0.01028473561  
-0.5387657855  
0.6537630855  
0.1009328604  
-0.1358463939  
0.2324008945  
0.4203200866  
-0.3375177944  
-0.01994656127  
-0.1073935233  
0.1839464246  
0.6246558038  
0.539997935  
0.6920882392  
0.5729059768  
0.92016311  
0.2095098888  
0.3800375488  
0.01914821886  
0.444414835  
0.06480250501  
0.02486164309  
-0.005347018528  
0.08465217917  
0.08193371233  
0.1154545394  
-0.1329874923  
0.7014770035  
0.7353575887  
0.4731787457  
0.8676054539  
0.4292192372  
0.138183262  
0.3150650641  
0.2486891144  
-0.2918644431  
-0.3435126667  
-0.1706860729  
-0.1612211991  
0.1471472182  
0.2419368525  
0.3158177395  
0.3409399551  
0.8593690789  
0.8390134497  
0.6907631416  
0.7963882803  
0.3684152645  
-0.002067141378  
-0.02242795483  
0.08841626051  
0.403480357  
0.1983888165  
0.392896931  
0.203162074  
0.3920348793  
0.199246816  
0.3857085853  
0.06325864945  
0.4321633251  
0.4830857302  
-0.03627274307  
-0.08789954737  
0.1264407627  
0.08714580141  
0.3014734806  
0.04905940814  
-0.2821359172  
-0.4103467465  
-0.02045935215  
-0.2753844416  
-0.1338090606  
0.5326235  
0.2144164941  
0.2720221346  
0.002397186834  
0.2421717963  
-0.327732522  
-0.2404544993  
-0.4048366322  
-0.06199460662  
-0.1255640714  
-0.4793182694  
-0.3425232094  
-0.3063301998  
-0.08575439503  
-0.3286256408  
0.184986616  
0.08521638716  
0.5450876512  
-0.09460995599  
0.4658793739  
-0.06523745371  
-0.2219164474  
-0.3606953033  
-0.361573417  
-0.4054673583  
-0.5351313919  
-0.3500535431  
-0.1740353842  
-0.385003892  
-0.3023225039  
-0.5693733726  
-0.3959849182  
-0.09040220671  
-0.2058280839  
0.1651054532  
-0.3010286253  
-0.6743589183  
-0.9826271659  
-0.6061162291  
-0.6915746646  
-0.7986793349  
-0.9154584523  
-0.2545660839  
-0.08735194522  
-0.4195930954  
-0.3040224332  
-0.2127511707  
-0.5454976038  
-0.565719021  
-0.9491315295  
-0.6734860323  
-0.08381133731  
-0.3342426921  
-0.5375245993  
-0.3118441718  
-0.7287865008  
-0.2538536372  
0.2778881201  
0.7569249419  
0.6558985402  
0.4881716187  
0.6016128796  
0.5232746028  
0.05648110964  
0.4381175656  
0.2549161324  
0.1874688794  
-0.08909401572  
-0.2052065821  
-0.1912719767  
-0.2539806345  
0.3003005847  
0.136362826  
0.2935259637  
0.7988244874  
1.058774051  
0.9155865634  
0.8849565427  
0.7765017943  
0.9588827142  
0.7853678363  
0.5360921925  
0.2653453689  
0.5570989578  
-0.3026645094  
0.3957771503  
0.4114834735  
-0.4899276767  
-1.251963922  
1.244760413  
1.524116028  
1.064888616  
2.200913054  
1.898327815  
1.946798686  
2.104543457  
2.44120783  
1.545532954  
0.8119257649  
0.05454108694  
0.2069106134  
-0.09484048013  
0.437079093  
0.05428120021  
0.359955168  
1.206079322  
0.7058404998  
1.374332947  
1.129217749  
1.469286804  
1.126707624  
1.087054245  
0.9612679492  
1.56960146  
0.7140504214  
0.1862680963  
0.7908775833  
0.1590726899  
-0.6071533577  
-0.1621718006  
0.4493566628  
0.6919627529  
0.04085585194  
0.3320827834  
-0.001584768185  
0.2382802843  
-0.09812107305  
-0.03636013095  
-0.0254298782  
-0.2326770791  
-0.460481783  
-0.02582873323  
-0.1824873952  
-0.1303842639  
-0.3112341963  
0.04141913565  
0.3731376428  
0.6671521321  
1.076285855  
0.6691744657  
0.6683722245  
-0.09257964932  
-0.3767147555  
-0.4763472533  
-0.3890822882  
-0.2458639731  
-0.1319310875  
0.05359683248  
0.9382996434  
0.6009707258  
0.3240790837  
0.01852377878  
0.1754941127  
0.09202241113  
-0.2224168828  
-0.1439752692  
-0.08267385181  
0.1026818402  
0.9105718894  
0.2489996579  
-0.4707097215  
0.5216020752  
0.7196533699  
0.8671655434  
0.8138281996  
1.574878253  
1.282544123  
1.431062189  
0.7355630241  
0.5833951704  
0.01308889121  
0.1733887379  
0.07225987968  
0.22848153  
0.8827641947  
0.3471731085  
0.09915551387  
-0.1300605353  
0.6033298763  
0.01280216222  
-0.4398781191  
-0.2779958115  
-0.3163405665  
-0.6517350892  
-0.2550329376  
-0.4326870211  
-0.5733090207  
-0.6769026665  
-0.594743557  
-0.9549882004  
-0.6188583462  
-0.4127174168  
-0.1898376699  
-0.1038308841  
0.335000403  
0.6619760374  
0.8861941992  
0.870763588  
0.4044304884  
0.231002826  
0.1339060701  
0.1859101554  
-0.0239750528  
-0.439967219  
-0.379773843  
-0.5740240558  
-0.7007145381  
-0.1939069242  
-0.3139935044  
0.1986541109  
-0.3836794964  
-0.5295166105  
-0.6200456192  
-0.007542760988  
-0.4730435876  
-0.1895067237  
0.04878733897  
-0.2655126701  
-0.169276836  
0.03660010254  
-0.6055611025  
0.08714725953  
-0.540878336  
-0.6883580692  
-0.1623812064  
-0.3490880523  
-0.5604570182  
-0.9657826283  
-0.5340984101  
-0.4316857371  
-0.8236581394  
0.06800680637  
-0.1656822808  
-0.05822755417  
-0.1062768357  
-0.04107476778  
0.04170437628  
-0.2249708262  
-0.444621771  
-0.6640664365  
-0.7423102009  
-0.9989672302  
-0.7678938269  
-0.1657577522  
-0.2194010655  
-0.2117769845  
-0.01726809989  
-0.1344962849  
-0.2983714451  
-0.553318046  
-0.5667630476  
-1.162345047  
-1.043144364  
-0.9624077  
-0.9336677617  
-0.7796815064  
-0.4171434785  
-0.3891190129  
-0.5493161841  
-0.3276642799  
-0.336070024  
-0.8472930564  
-0.8154500867  
-1.172151658  
-1.23735673  
-1.187548315  
-0.9558952854  
-1.041548287  
-0.5981435667  
-0.5356703853  
-0.5249251866  
-0.1839309626  
-0.4477735002  
-0.3791906045  
-0.4593744964  
-0.4987959317  
-0.3243241467  
-0.7808345116  
-0.7092523903  
-0.4517955258  
-0.1654814748  
-0.1265495533  
-0.8266984889  
-0.3828447748  
-0.2758365752  
-0.56531261  
-0.07773876952  
-0.4553161991  
-0.7941451984  
0.4857084658  
0.4659603946  
0.6079743716  
-0.04070043926  
0.6884003591  
0.5439618479  
0.594324758  
0.8486332656  
0.9907107331  
0.88462  
0.7909669265  
0.5591916024  
-0.1670704628  
-0.6289481712  
-1.131205545  
-1.133246682  
-0.754470784  
-0.5962119769  
-1.165114978  
-0.5952410963  
-0.4352900741  
0.02144287013  
-0.4254207291  
-0.2778395298  
-0.7336670395  
-0.3624096106  
-0.8459053473  
-0.642924796  
-0.5313873033  
-0.6551195536  
-0.7513080813  
-0.5287783378  
-0.6700642953  
-0.4536544136  
-0.842123256  
-0.3609282512  
-0.6373300976  
0.1124734925  
-0.008606017441  
0.5676185388  
0.06700129949  
-0.1282460334  
0.406915581  
0.383031583  
0.1421272726  
0.0275163006  
0.07185713703  
-0.009282900677  
0.6263247577  
0.3978924311  
0.5841651478  
0.5575720686  
-0.0821875925  
-0.2329254987  
-0.339545171  
-0.7997651684  
-0.4944316887  
-0.6509243019  
-0.4141813504  
-0.3541905443  
-0.2073258055  
-0.3435011048  
-0.5393241047  
-0.4681903032  
-0.6871391107  
-0.8420785842  
-0.8556901098  
-1.005398859  
-0.9368701852  
-0.5308706398  
-0.8989697112  
-0.3931956928  
-0.8718679444  
-0.6760515212  
-0.0591513356  
-0.1296573507  
0.5566238054  
0.2355999755  
0.1962312371  
-0.1183501984  
0.0236611327  
-0.6840436025  
-0.5575812991  
-0.5726801198  
-0.7111243358  
-1.086930028  
-0.78889019  
-0.4936801834  
-0.1282066867  
0.272077475  
0.09275492224  
-0.1807056155  
-0.3963422307  
-0.5312688205  
-0.3626117096  
-0.1163961174  
0.09226098961  
0.07747802168  
0.2208810207  
-0.04171021782  
-0.3085789001  
-0.07814887892  
-0.2689739176  
-0.264395084  
-0.385360004  
0.5712507287  
-0.1954168944  
0.829491296  
1.380559972  
1.292998373  
1.164862274  
0.9597962592  
0.1877180701  
-0.1859940577  
-0.102375948  
-0.459956231  
0.3381705278  
0.002060676431  
-0.006402685206  
-0.2675384289  
-0.5962173734  
-0.8706675865  
-1.256537113  
-1.493187482  
-1.308756965  
-0.7312305832  
-1.179112939  
-0.5185688918  
-0.9748568856  
-1.000276381  
-1.216562019  
-0.63699117  
-0.7623483441  
-0.2265367769  
-0.7116626819  
-1.284418767  
-0.945593792  
-1.190517854  
-1.119102894  
-1.121800211  
-0.887602693  
-0.5068565753  
-0.6611067409  
-0.5279852418  
-1.219296939  
-1.112138835  
-1.248292539  
-1.317199191  
-0.9032090062  
-1.281384948  
-0.6779111299  
-0.401002237  
-0.7883863385  
-0.01815748663  
-0.1146531649  
0.1725509715  
0.04411357713  
-0.2510872104  
-0.3476724561  
-0.3859912758  
-0.1250003136  
0.5081346924  
0.5625770214  
-0.05488987454  
-0.8103654676  
-0.1693716129  
0.4071361868  
0.2625800317  
0.1199663003  
-0.6561290167  
-0.4245057942  
-0.4831685168  
0.3745828436  
0.6347595567  
0.8605554334  
0.6966907752  
0.320788347  
-0.2092908935  
-0.6896716224  
-1.007118954  
-0.6945846615  
-0.8565293439  
-1.252118895  
-0.723212489  
-0.1981662692  
-0.3460797473  
-0.04935756261  
-0.198977637  
-0.02433432791  
-0.1700656557  
-0.3567320898  
0.05785763627  
-0.04912520688  
-0.7623873525  
-0.4756191531  
-0.6631989382  
0.08724612791  
0.5325097693  
1.219767315  
1.322878252  
1.18197239  
1.477468621  
1.608315203  
1.710724682  
1.74007962  
2.046127173  
2.148993074  
1.851384417  
1.10656116  
0.5806028664  
0.6030776944  
0.8546477619  
1.016376328  
0.4094999705  
0.3029132117  
0.1676909456  
2.855922052  
3.013039695  
0.8410629733  
0.9164818346  
0.5122379379  
0.700387643  
1.156337857  
1.074536141  
1.305029203  
0.623465041  
0.4511844577  
0.3136168817  
0.6232168303  
-0.4093001442  
-0.2436798644  
-0.7293661072  
-0.1800502522  
-0.1515748325  
-0.07483565175  
0.2693601513  
-0.07342069246  
0.1872119938  
-0.3536397888  
0.1883518352  
-0.227149735  
-0.4405310714  
-0.6999682641  
0.1054606247  
-0.4121553102  
0.2090258042  
0.3817998098  
0.351420275  
0.6748475965  
0.4410944411  
0.3885805178  
0.191067413  
0.3475499354  
0.4623878566  
0.676091606  
0.2990019754  
0.8557988548  
-0.2643496041  
0.1220414299  
-0.09931274821  
-0.1623844056  
-0.2028181207  
0.2161941948  
0.1488565877  
0.3532111556  
1.20355299  
0.5839935144  
0.6069053281  
0.2359273577  
0.4938613753  
-0.02578568528  
0.6017783756  
-0.1254076846  
-0.5569876594  
-0.7926616005  
-0.8965176926  
-0.6605160314  
-0.380895205  
-0.262262235  
-0.3730845869  
0.1073673032  
-0.3077746593  
0.2218678212  
0.1197287854  
0.6562298566  
-0.008942063526  
0.4773646239  
0.4490106701  
0.4144633404  
-0.1246919112  
-0.3148148525  
-0.4872696841  
-0.1616276956  
-0.3381921802  
-0.3900692094  
-0.3272424374  
-0.5727720015  
-0.1988105857  
-0.2866419414  
0.00312808544  
-0.3734240646  
0.1101326844  
-0.2337364266  
-0.3390311643  
-0.1350840653  
0.09933252146  
0.4589723684  
0.3304130158  
0.344294136  
0.2338917133  
0.5366541173  
0.1413430136  
0.3144773789  
0.3604294631  
0.2855479798  
-0.1036238517  
-0.2191201383  
-0.3630036343  
-0.0434880197  
-0.6074806978  
-0.1408737758  
-0.4221686062  
0.3229837247  
-0.05798881192  
-0.001319968099  
-0.6626574268  
-0.6806383673  
-0.6809330595  
-0.06253349482  
0.03278409161  
0.7923499518  
0.05984816362  
0.2951951999  
0.01529185376  
0.3755478476  
0.3635217495  
-0.06474083823  
0.1741313561  
-0.003251180167  
0.08157630836  
0.048747307  
0.5499490165  
0.4076285398  
0.7117971813  
0.7108071738  
0.8361266044  
0.1517811513  
0.0986430661  
-0.4233665397  
-0.6020344068  
-0.503249622  
-0.6422978182  
-0.7077475712  
-0.02573205703  
0.4499503337  
0.09475570429  
0.4164559981  
-0.185243291  
0.08583242368  
-0.4828332889  
0.311580349  
-0.1091785774  
-0.5109870706  
-0.6654246441  
-0.003673668293  
-0.3339657814  
0.005164625646  
-0.1608904259  
0.3217935116  
-0.1416537741  
0.1209733328  
0.05872123343  
-0.008891525824  
0.01686739796  
-0.3240719853  
0.068808244  
0.07396219684  
0.235327802  
0.6262637347  
0.3153538692  
1.028547185  
1.390019666  
0.5769690578  
0.5753754282  
0.8591144453  
0.3807853777  
0.3295647316  
0.08922532518  
0.7541688349  
0.08980962182  
0.2485203578  
0.0730878413  
0.0496832477  
0.2232216174  
0.4524844196  
0.5399970157  
-0.007199118865  
0.1347004805  
0.165536364  
0.4558634037  
0.5746891288  
1.346864055  
1.24145383  
1.004785715  
0.8664308466  
0.5937051655  
0.9029213936  
0.5674939926  
1.635577635  
1.899945493  
1.775742968  
1.872599561  
1.835196676  
1.025600964  
0.6819661212  
0.2865766675  
-0.01185629535  
-0.4860977897  
-0.1323770333  
0.2911582834  
0.1884278381  
0.07474365548  
0.552450148  
0.4374691958  
0.6702219644  
1.171561128  
0.9037752569  
1.142677747  
1.37543651  
1.50052764  
1.233333992  
1.225390597  
0.6196403766  
1.132540054  
0.265302495  
0.4319395322  
0.2405130524  
0.822247196  
0.2700508373  
0.977922211  
0.7276383715  
0.7579990976  
0.522739364  
0.5594952561  
0.3322622064  
0.09678546551  
-0.2793944198  
-0.5411447204  
-0.1554112807  
-0.4975010286  
-0.01621726153  
0.5535091988  
0.3206562638  
0.5540930896  
0.6422255316  
0.531231429  
0.6764330822  
0.9316477027  
0.8976356643  
0.3073504614  
0.3619785518  
0.2925992707  
-0.08443982675  
-0.2430472921  
0.04958457345  
0.1224050679  
-0.02181371975  
0.4290964491  
-0.009954300183  
