1.437841262  
0.814084704  
0.4528181745  
0.1369415969  
-0.3957635948  
0.1195465912  
0.2910914635  
0.3847115408  
-0.1766844091  
0.2410549359  
0.4609689541  
0.3532396585  
0.3753295214  
0.1968493802  
0.01894283677  
-0.2831857013  
-0.1389183753  
-0.4437859049  
-0.167769559  
-0.2696248783  
-0.5734931955  
-0.1309484495  
-0.07783985734  
0.1146402751  
0.1727788415  
-0.2081627991  
0.005848827538  
0.5986380897  
0.1527558401  
0.5617167354  
0.7044075582  
0.7447230527  
0.737232915  
0.463025152  
0.4878456178  
0.03206396899  
-0.0378239249  
-0.08978995763  
0.1908081467  
-0.0121745952  
-0.1268656406  
0.5259846025  
0.2800363387  
0.1068231851  
0.3942566868  
0.06192663149  
0.4370187039  
0.3498659491  
-0.5203862617  
-0.1449498119  
0.1137062217  
-0.1655246212  
-0.3589843973  
-0.1892887485  
0.7352542558  
0.03484143005  
0.5146867956  
0.3757379526  
0.5038610593  
-0.2570556454  
-0.1074597279  
-0.04714671495  
-0.3690507683  
-0.4637916758  
-0.6138875533  
-0.3298857599  
-0.1252275807  
-1.080037509  
-0.6858548707  
-0.3214199506  
-0.01311210717  
-0.2938550629  
-0.2961711706  
0.1092227502  
0.2572127611  
0.08059447984  
0.3885665215  
0.5909857677  
0.7603413416  
-0.06078098346  
0.06699496655  
0.01346854438  
-0.3307351115  
-0.3329023536  
-0.09242641641  
-0.1652667721  
0.2101175002  
-0.7830715763  
-0.3977133982  
-0.3796950919  
-0.7667932274  
0.2562337111  
-0.4614285753  
-0.382044656  
-0.2802639562  
-0.04084514193  
-0.14395359  
0.001593592365  
0.1049662553  
0.5139286328  
0.1236046315  
-0.5435869323  
-0.7809135945  
-0.1124701395  
-0.1740022044  
-0.5362439142  
-0.08530394818  
-0.03517785387  
-0.1285863661  
-0.830269369  
-0.2338965079  
0.2730500049  
-0.203731693  
-0.2388048387  
-0.2630303298  
0.1575884371  
-0.05186937496  
0.1347951307  
-0.1251293612  
0.06430244175  
0.1715585556  
0.2295844648  
-0.1467697134  
0.2894389382  
0.3781550863  
0.4552832923  
0.4407365921  
-0.01191521943  
0.1799662943  
-0.06634335629  
-0.5113389942  
-0.2821133484  
-0.05446339039  
-0.314034613  
-0.3384979024  
-0.04175318531  
0.3497468894  
-0.05281239617  
-0.2753504773  
0.3088972148  
0.1443569605  
0.4470168419  
-0.05006586378  
0.2099552881  
0.7906158764  
0.7241195704  
0.09429959549  
0.8141448028  
0.9122775898  
0.731958413  
0.547143213  
0.4087048273  
0.559622151  
-0.2911103318  
0.3448062601  
0.5833186394  
1.072710973  
0.9129519632  
0.5816590255  
-0.01152504955  
0.1539981845  
0.4157567929  
0.5670890485  
0.3486322911  
0.2739278505  
0.2397998245  
-0.2584584294  
-0.3879972033  
-0.3819614001  
-0.4666386811  
-0.659389463  
-0.3286316487  
0.1812261096  
-0.1515707717  
0.2386760285  
0.5371401244  
0.1009361796  
0.00415957693  
-0.1264942468  
-0.6339242224  
-0.2944717032  
0.3129328832  
-0.03915027278  
-0.2769279151  
-0.3258178453  
0.5099050591  
-0.214635118  
-0.003861487569  
0.1019847194  
0.3291777548  
0.03921379363  
-0.05490201007  
-0.2995562129  
-0.3631472978  
-0.3788273599  
-1.019624692  
-0.9341225644  
-0.878182214  
-0.09113049122  
-0.27698767  
0.3194207018  
0.973894576  
0.6684735582  
0.2144458997  
-0.4059119242  
-0.08416881782  
-0.1150268852  
0.3808648827  
-0.1319039572  
0.4454187923  
0.3139031793  
0.1931834517  
0.5015287964  
0.03470538812  
-0.2111790898  
-0.1110563269  
-0.2904020516  
0.1482622656  
-0.4009420688  
-0.1693581737  
0.5143643811  
0.0974001894  
0.1213063108  
0.05206557696  
-0.2790363807  
-0.01401006197  
-0.456299114  
-0.1978752671  
-0.08269826077  
-0.825867477  
-0.8928928921  
-0.8214991834  
-0.07111685789  
-0.4061291773  
-0.4813850048  
-0.2658046124  
-0.1433703756  
-0.3145490218  
0.7157157074  
0.9212909515  
0.6641271368  
0.9246804451  
0.5736094762  
0.5274507842  
0.8917156828  
0.8382118895  
0.3304079083  
0.9369017333  
0.9209822296  
0.7656180034  
0.6216667946  
0.772576081  
0.8286278957  
0.4835451366  
-0.04944000491  
0.2951818722  
0.5556265628  
0.07016560726  
0.1609222773  
-0.1513122553  
0.4152709098  
0.0194588563  
-0.3991223327  
-0.2267075608  
-0.09085090866  
0.06914256249  
-0.06790658791  
0.1221181723  
-0.8684515437  
-0.6750393377  
-0.4485246356  
0.01900255216  
-0.6113810625  
-0.8243202204  
-0.08108016762  
-0.2659517729  
0.05663240407  
-0.4595315032  
-0.1093726672  
-0.1284809412  
0.1533416559  
-0.4689575052  
-0.1568238231  
0.5033591263  
0.2808470742  
-0.4039380819  
0.2112979867  
0.3648946328  
-0.08141835312  
0.1163041226  
0.1134281106  
-0.1447297205  
0.1003230812  
0.238655757  
-0.2694248759  
-0.3602945384  
-0.6130510226  
0.04340605143  
-0.4656428538  
0.4500389035  
-0.24823011  
0.02441273819  
-0.1617486306  
0.2776119644  
0.07307326409  
-0.5603305982  
0.02993496992  
0.1766876054  
-0.07151450367  
-0.4847678305  
-0.09240724763  
-0.1493544118  
-0.5148311385  
-0.7300108407  
-0.406451896  
0.07100777769  
-0.1488946924  
-0.1891104751  
-0.1932963848  
-0.1140075443  
0.1297334469  
-0.4601535876  
-0.2655479374  
0.01994428011  
0.05476534039  
0.1199768844  
-0.3064729035  
0.1262252611  
0.2653941916  
-0.3210893749  
-0.2328063871  
-0.05040551004  
0.1120967958  
0.4867273778  
0.7522063566  
-0.3342148891  
-0.04682089678  
-0.3527572593  
-1.027022393  
-0.681285614  
-0.7055222222  
-0.4828639498  
-0.4203231897  
0.4015664108  
1.170447865  
0.5071243647  
0.1036557098  
-0.29533575  
-0.03880862399  
-0.119396709  
0.02049437725  
0.7457074702  
-0.1648339571  
-0.1044745464  
0.309839388  
0.2057541291  
0.1847673338  
-0.007090417523  
0.5667842147  
1.083359727  
0.8798442453  
0.5156478625  
1.279561078  
1.395795434  
1.372588041  
1.030528251  
0.9477506205  
0.4039049144  
0.4127640217  
0.3152645219  
-0.0474243934  
-0.01650800322  
0.52266058  
0.1843720953  
0.1213079568  
0.04989034524  
0.6199997655  
-0.1432892078  
-0.08102881942  
-0.4271501836  
-0.1059171713  
0.5652256475  
0.2684466201  
0.8533866466  
0.408729747  
0.5813675498  
0.6394579277  
-0.06937577827  
0.4632798206  
1.159850693  
1.196413058  
1.227289099  
0.6192358745  
1.234120336  
1.158017878  
0.6879082777  
0.1138942124  
0.8813963446  
0.8806303084  
0.9855188739  
0.8279445808  
0.1253907299  
0.5713408683  
0.203216994  
0.3545656307  
0.05503252061  
-0.1220017838  
-0.09648694938  
0.2103064182  
0.5653918974  
0.4205502904  
1.090733763  
0.4459317542  
0.1764276727  
0.8343913917  
0.3651126256  
0.6102564868  
0.2761919194  
0.1338872844  
-0.3345302305  
-0.0860673113  
0.01562497788  
-0.4043415855  
-0.1713179977  
-0.4421838335  
-0.5623733143  
0.04742262854  
0.08283283472  
0.4987648253  
0.4267764276  
0.3090840288  
0.3097980802  
0.2231577527  
-0.2599472315  
0.01930795901  
-0.4674415477  
0.2392967429  
-0.243102679  
0.4400930544  
0.4697937757  
-0.06240904207  
-0.5331155693  
0.07468479884  
0.2209360387  
-0.04474323242  
-0.2529496635  
-0.002541510046  
-0.1390494857  
-0.1338695332  
0.3109323621  
-0.5366334813  
-0.3317541638  
-0.6650884801  
-0.1043885169  
-0.5637422084  
-0.2347982378  
-0.7895698706  
-0.5758335468  
0.06916037123  
-0.01518797789  
-0.5360597282  
0.02989572731  
0.1815150975  
-0.1477270143  
0.2648981361  
0.4301373073  
-0.1260857672  
-0.3514929942  
-0.5054740174  
-0.3508456478  
-0.5858518029  
-0.05714780882  
-0.00984226711  
0.1361001837  
0.03837609849  
0.03648172661  
0.1364787467  
0.07381612819  
-0.6536380306  
-0.3719026705  
-0.2597342404  
0.3437653481  
0.635467146  
0.4877006887  
0.7493108584  
0.8862511396  
0.4282840971  
0.3497050037  
0.1910249603  
0.2151962641  
-0.1904316143  
-0.6107024354  
0.05745253703  
-0.2824489516  
-0.3219058076  
-0.8212055151  
0.3046992152  
-0.2225636094  
-0.5187061908  
-0.1788443634  
0.2230912262  
0.0189869149  
-0.1079320928  
0.04795668352  
-0.2785014279  
0.1885704492  
-0.07965935088  
0.05691947409  
-0.2304709528  
-0.1294102423  
-0.4344114152  
-0.2740133002  
0.1650418141  
0.02272871112  
-0.32073618  
-0.3853184099  
-0.2084248088  
0.1399643262  
-0.3462076614  
-0.2754743753  
-0.2676784202  
0.1462886032  
-0.518779686  
-0.2342969627  
-0.1463512313  
-0.1464245595  
-0.872232094  
-0.2419745127  
0.5082761931  
0.83400115  
-1.408594036  
1.011969437  
-1.028186162  
-1.267297989  
-0.2988478869  
-0.5058855606  
-0.1379352535  
-0.5293768354  
-0.2775828588  
-0.6024444494  
-0.8805799364  
-1.192790854  
-0.8337623889  
-0.8448059194  
0.2380877975  
-0.2746363802  
-0.1398082707  
0.4476457703  
-0.3706697477  
-0.949855878  
-0.634252279  
-0.5700341156  
0.5078615344  
-0.3990462273  
-0.6637949847  
-0.4395314114  
-0.9963598837  
-0.9257788592  
-0.3365254597  
-0.6710796301  
-0.7420897328  
-0.2785157099  
-1.047002591  
-0.5176929848  
-0.8617595346  
-0.9011631052  
-0.3513618962  
-0.7324769598  
-1.289533905  
-0.9160579771  
-0.1898787038  
-0.4163152156  
-1.229599969  
-0.7526076246  
-0.5500677433  
-0.9760904028  
-0.8687504254  
-0.07805238741  
-0.08234328076  
0.1935793995  
-0.3788404024  
-0.09388897386  
-0.2584075511  
-0.7313662319  
-0.2202854865  
-1.003198901  
-0.7891038401  
-0.5157630977  
-0.2527456271  
-0.3575310218  
-0.2918704705  
0.2177017019  
0.2372847708  
0.09020976019  
0.1608109847  
0.6751151992  
0.5209701078  
-0.4717977032  
0.04516483446  
0.2610683176  
-0.009721989367  
-0.7641494186  
-0.4870117332  
-0.003660742732  
0.2674469213  
0.6254243226  
0.6755082236  
1.444656334  
0.9241122946  
1.143275958  
0.848497456  
1.453955463  
0.8113669616  
0.5591894809  
0.914094434  
0.8277466919  
1.432805506  
0.6353256047  
0.2998737461  
-0.6104761097  
0.0283133232  
0.007426765527  
0.1783157355  
0.4449622123  
-0.1636673679  
-0.3143121138  
0.4059899681  
0.477791852  
-0.343621485  
-0.008916707259  
-0.2013838726  
0.4243350028  
0.2202102741  
-0.04671787324  
0.347294375  
0.3150996548  
0.8256571444  
0.9513376582  
1.184308252  
1.429982907  
1.15754264  
1.453550789  
0.656687021  
0.9103583231  
0.9161003107  
0.0153118754  
0.1995910872  
0.6210049297  
0.001830609687  
0.2659289759  
-0.2676056113  
0.3567517167  
0.3309760748  
0.2690741982  
0.04175807786  
0.4036305019  
1.109290396  
0.2284283763  
0.1540458989  
0.1863089751  
0.4403612304  
0.2760337265  
0.2339561428  
0.4459975279  
0.6090287095  
-0.202550883  
-0.08148427935  
0.1421727192  
-0.3745191282  
-0.1524092326  
0.3736021462  
0.04377971323  
-0.4174260312  
-0.5170796075  
0.2757315714  
0.07331413991  
-0.3204926806  
0.224634983  
0.3549533799  
-0.2305848951  
-0.3317714507  
-0.107904956  
-0.1043477598  
-0.219635731  
-0.2276943377  
-0.08324414291  
0.06476822088  
-0.1244950922  
-0.08816367321  
0.08971334209  
0.4014261173  
0.08032798656  
-0.07370264728  
-0.4747921135  
0.2721464757  
0.1718357228  
-0.3036762859  
-0.3468394188  
-0.05792184429  
0.601740261  
0.04978172014  
-0.2902129494  
-0.1709948121  
0.004145507842  
-0.2453066572  
-0.2352659032  
-0.3543515271  
-0.3263099511  
-0.3946966738  
-0.6660484569  
-0.7421225358  
-0.1107607253  
-0.05861139689  
-0.2815200328  
-0.3822782467  
-0.0429808495  
-0.2196570012  
-0.3945561905  
-0.1763336436  
0.02112770765  
0.3655812859  
0.2558501636  
-0.488410462  
0.1839950537  
0.3778490678  
0.7523123688  
0.5258808612  
0.1838413057  
0.3306970289  
0.4393754132  
0.258604082  
0.3949713198  
0.3363969129  
0.5797111552  
0.4053799063  
0.1303379679  
0.5530762471  
-0.0298845197  
0.1514991027  
0.5421409857  
-0.008296876328  
0.02767216042  
0.685322704  
-9.961482671e-05  
-0.4358409728  
-0.3632051403  
-0.04472383126  
0.2292760095  
-0.07434314821  
-0.1369334276  
0.2437570576  
0.2138708225  
-0.4214746782  
-0.3182164349  
0.03090514987  
-0.2716757099  
-0.61579828  
-0.5509055524  
-0.4507832783  
0.1909950866  
0.07982043581  
-0.2616747053  
0.2066285729  
-0.07362229187  
-0.2814280051  
-0.9459945206  
-0.137974749  
-0.5972962607  
-0.2538132011  
0.5401354216  
0.186965927  
0.4830069849  
0.2427446639  
-0.007573777047  
0.1004453322  
0.2514697108  
0.4129638773  
0.8077310773  
0.4752735646  
0.821589696  
0.9165910849  
0.6109427403  
0.5510397871  
0.3275647096  
-0.01943486402  
-0.1986299493  
0.07577464736  
-0.0776730919  
0.5607194156  
0.7275586201  
0.003768895901  
0.2193133069  
0.3680209437  
0.3838872866  
0.2519530336  
0.1916146787  
0.6502115278  
0.1488439429  
0.2026946109  
-0.1889157367  
0.3163063054  
0.3686450127  
0.1552533927  
-0.4382046184  
-0.01270688627  
0.2685365065  
0.1035529433  
-0.5480223413  
0.1885027187  
0.6615602992  
-0.1141040923  
0.2763008996  
-0.01562242836  
-0.006852730906  
-0.3049446188  
0.1127739213  
-0.3838590252  
-0.2585100145  
-0.05759744114  
0.2039188199  
-0.3744150997  
-0.5479512022  
0.1402836749  
0.1640730912  
0.4875340374  
0.01734375739  
-0.1800522429  
-0.210832374  
0.0583426626  
0.02323157423  
-0.09416769004  
-0.132739788  
0.3326984168  
-0.01849305365  
-0.1368726391  
-0.1722897628  
0.8702258102  
0.3732583117  
1.790598769  
1.301290964  
0.4421465321  
0.1812575016  
0.2458328903  
-0.6713407464  
-0.3519388077  
0.7132322164  
0.2163645337  
0.9986194886  
0.7136743732  
0.7275739692  
0.04002382373  
0.3507801963  
-0.305827183  
-0.4700053837  
-0.8021474042  
-1.053373917  
-1.199806245  
-1.41186234  
-0.3514945637  
0.497818801  
-0.1643612528  
0.1687109739  
-0.5396534466  
-0.8493354666  
0.1993716199  
0.3810034571  
-0.5066022976  
-0.5241204667  
0.09873217425  
0.2784204349  
0.3442688908  
0.408314473  
0.02570639777  
0.177691626  
-0.2444058044  
0.229990514  
-0.650313186  
-0.7772559466  
-0.6318295134  
-0.07803811105  
-0.8287857599  
0.01370093054  
-0.9583237151  
-0.7295196026  
-0.1132509836  
-1.233272904  
-0.3533059624  
-0.1408532716  
-0.08561614047  
0.1503447576  
-0.5006139809  
0.2455816497  
1.163255422  
0.9206036799  
0.3303342535  
0.2509291358  
0.2887638786  
0.6009063931  
0.198000075  
-1.149030411  
-1.331180411  
-0.1182317567  
-0.2042273538  
0.5107719502  
0.3708879979  
0.2775242478  
0.5447064721  
-0.0622889519  
-0.2537844624  
-0.6446631561  
-0.6164290189  
-0.05072074686  
-0.7843284036  
-1.123475997  
-0.7630915984  
-0.06424076102  
-0.1244806996  
-0.3857773087  
-0.8315013812  
-0.2360824761  
-0.5379091948  
-0.3909716215  
-0.4517323227  
0.08073141274  
-0.6062374044  
0.6268360556  
0.3720014769  
0.3337322225  
-0.6218561063  
-0.1989272653  
0.4838717433  
0.6931495713  
1.074909931  
1.185647089  
0.8042451746  
0.5581453297  
0.7687219556  
1.01349246  
0.6809240035  
0.5885890394  
0.1377860073  
0.2566053511  
-0.1772308573  
0.5854651727  
0.2226447781  
0.05545998338  
-0.06860407632  
3.720750705  
1.395434334  
-1.034062168  
-0.2271882904  
0.2433886294  
-0.1255411584  
-0.485609632  
-0.7998539532  
-0.9093693221  
-0.5486877631  
-0.5212877679  
-1.087703399  
-0.5401246743  
-0.542076276  
-0.8077805927  
-1.082420335  
-0.416119737  
-0.06400998777  
-0.8226855142  
0.002309456121  
-0.257723795  
-0.1777640728  
-0.7391549779  
-0.4223059155  
-1.122825968  
-0.7185565939  
-1.173541723  
-0.1892565074  
-0.163919656  
-0.2387903073  
-0.1120065167  
-0.07072886383  
-0.7058691212  
-0.5503752672  
-0.1864620625  
-0.9060789406  
-0.1116034015  
-0.4492830973  
-0.6965064394  
-0.3707993297  
0.1053187132  
-0.3232182738  
-0.591506631  
-0.7132042828  
-0.4160282738  
-0.5934135415  
-0.7972422956  
-0.2391076041  
-0.5678380129  
0.7324591329  
-0.1558773166  
0.02883391673  
-0.4230199427  
-0.1221024717  
-0.5748196439  
-0.5399625371  
-0.09728125806  
-0.6354229708  
-1.342889642  
-0.8652324147  
-0.366012818  
-0.1663208596  
-0.161763735  
0.000542314544  
0.4496957735  
0.1621230021  
0.1196959443  
0.2798480903  
0.3461508595  
-0.05513593372  
-0.1914560513  
0.4024613553  
0.5599595808  
-0.2641195415  
-0.4559005742  
-0.3816206531  
-0.1889157215  
-0.6452548947  
-1.49677202  
-0.8102369754  
-0.5892806098  
-0.9607688207  
-1.032104729  
-1.350018029  
-1.10787781  
-0.759175209  
-0.5887930083  
-1.126291496  
-1.493535903  
-0.5733624152  
0.3228014944  
0.05384138099  
0.05322994693  
-0.2260106101  
0.3685374652  
-0.2769822949  
-0.1600646767  
0.2197705358  
0.2793862293  
0.4189180921  
0.4940143883  
0.7003901436  
0.9174036883  
0.1450470922  
0.4802657856  
-0.373080167  
0.05390082707  
-0.3047604525  
-0.09482625782  
-1.152125092  
-1.006454389  
-0.6077993328  
0.4797522678  
-0.3375823632  
0.06684750825  
0.2284786291  
0.1049917772  
-0.01782049809  
0.154183181  
0.4049222444  
0.1202055488  
0.2707262721  
0.0954392306  
0.7726882666  
-0.1008946759  
-0.3956649755  
0.0003739619076  
0.2582601266  
0.206426224  
0.3037767024  
-0.3301418788  
-0.8003987653  
-0.7394345078  
-1.198880517  
-0.5532616473  
-0.2113990549  
-0.3205785917  
-1.007549902  
0.0528617066  
-0.4870214405  
0.1830763554  
0.05771877598  
-0.9747130067  
-0.7657182042  
-0.2669834139  
-0.792985967  
-1.05818521  
-0.6678718682  
-0.361059517  
-0.1318746025  
0.2389605352  
-0.0970706214  
0.2467144384  
-0.1521378465  
-0.6744265494  
-0.1631597746  
0.3179899868  
-0.05065770456  
-0.3424947484  
-0.5865124385  
-0.8051388538  
-0.8905205469  
-0.6325361121  
-0.7425417925  
-0.004211410334  
0.4364626326  
0.3144332646  
-0.2370293479  
-0.02119907648  
0.3416674067  
-0.4090809323  
-0.823063315  
-0.1038645253  
-0.03201080861  
-0.1841130531  
-0.02208876007  
-0.4565283487  
0.1001546526  
0.3876091206  
0.6163529317  
0.5007266068  
0.4736406812  
0.2768387056  
0.403022645  
0.8193160101  
1.140388527  
0.8387896014  
0.9315240353  
0.333690357  
0.1987990994  
0.5920491221  
0.5588900131  
0.6310859017  
1.247179559  
-0.05461817975  
0.06809519274  
0.2171061096  
0.2972496327  
-0.3740419417  
0.06118388745  
-0.2975513174  
-0.5440203284  
-0.4540239486  
-0.04148916778  
-0.6941983245  
-0.6152429292  
0.3788689363  
-0.2640444822  
0.3878120969  
1.248175519  
0.2368967241  
1.162661911  
0.7531640702  
1.072770087  
0.3472901681  
0.4331913326  
0.3277266678  
0.4891780158  
0.09997603541  
-0.3926260045  
-1.021588716  
-0.2666845343  
-0.04898912879  
0.7032808125  
-0.02136955379  
0.4490107249  
0.106717777  
0.2067461055  
0.2659772896  
0.2486341135  
-0.322331014  
-0.05284257617  
0.02678738937  
-0.2881346543  
-0.1190553196  
-0.1934292066  
-0.2220661271  
-0.178915901  
-0.06315781118  
-0.1507784027  
0.3004374026  
0.3605591709  
-0.1064939616  
0.2506314156  
0.5691514282  
0.7424104224  
-0.3783328888  
-0.3133660421  
-0.8962985986  
-0.06704565726  
0.3755278267  
0.4770236712  
0.1849347334  
