1.37074067  
1.2244355  
0.4346864009  
0.0892027599  
0.7566529178  
0.5597196736  
0.2336766896  
0.382048419  
0.53511727  
0.03415195858  
0.4412504235  
0.2369378835  
0.2459704374  
0.729933581  
0.7659196399  
0.7990097313  
0.6093338399  
0.6676365248  
0.7211199937  
1.08496788  
0.6847880512  
0.661510236  
0.9064557968  
0.7327168527  
0.337321591  
0.4790269982  
0.3959300415  
0.8451332003  
0.2572931357  
0.998868083  
1.067331404  
0.5943167493  
0.8352261986  
0.4747560997  
0.4023398464  
0.1786107411  
-0.2565069592  
0.01837984051  
0.1783608738  
0.3058733116  
0.1440800787  
0.9061274943  
1.093733742  
0.5702219496  
0.8307974245  
0.2816573478  
0.7862862052  
0.7707409973  
0.3264959978  
0.4050254497  
0.7558359265  
0.8490256562  
0.1933073967  
-0.001214586472  
0.2960599077  
0.1485809423  
0.02832734564  
-0.5871985515  
0.6058325118  
0.2306130895  
0.5751230138  
0.5599831305  
0.5750861611  
0.2015702455  
0.3472341789  
0.6343008173  
-0.005457749213  
-0.4499939695  
-0.4335084925  
-0.1679916367  
0.07064744562  
0.1883311242  
0.001970804294  
0.4306749688  
0.7619925287  
0.3850483136  
0.1326742639  
0.3203033414  
0.1163992785  
0.1081809693  
-0.03449298561  
0.2760945684  
0.4154476524  
0.6210273289  
0.9107316947  
0.1990004298  
0.5903111926  
-0.2571962116  
-0.01173351943  
0.690989305  
0.6579719795  
0.4523316921  
0.1765939448  
-0.08665815752  
0.09083403082  
0.2376462725  
-0.2648446925  
-0.3975817295  
-0.7748523398  
-0.4366443529  
-0.3309508889  
-0.9760165929  
-0.1180687942  
-0.06281397217  
-0.4467934943  
0.6055607575  
-0.08979085571  
-0.1813543138  
-0.124944537  
-0.4422160708  
-0.01911034201  
0.3742046809  
0.03671494009  
-0.1706285564  
0.3786648153  
0.7019173266  
0.7230167475  
0.4302701872  
0.7239427962  
0.2543039787  
0.4343824122  
0.5870514987  
0.1974993081  
-0.3258815043  
0.1776209468  
0.1469934535  
0.09012323065  
-0.2319679936  
0.5382691865  
0.2936742602  
0.2970192845  
0.3411794898  
0.2522834063  
0.3306387308  
-0.1399969218  
0.2503188688  
0.6595585993  
0.4046222312  
-0.04947095726  
0.4658184932  
0.02501294802  
0.4756664466  
0.3914176913  
1.024526772  
0.8892108542  
0.5455062198  
1.179638698  
0.9121738005  
1.384061084  
1.0950275  
0.2522448779  
0.9352318118  
0.3259791721  
0.4187101423  
0.2576078839  
0.302385684  
0.4067705638  
0.9118319963  
0.2949696613  
-0.6100293525  
0.04257037013  
-0.2702780462  
0.8135913124  
0.3040851567  
-0.374699928  
-0.5772235824  
-0.4191176233  
-0.4607967023  
-0.4392998467  
-0.4783048181  
-0.3511179242  
-0.5758371494  
0.08213237607  
-0.3691986456  
-0.6805751996  
0.09549514935  
-0.2483026892  
-0.1178315099  
0.09456120633  
-0.1644427139  
-0.3429441838  
-0.371825934  
0.5055627095  
0.3288233767  
-0.2558180335  
0.6511259618  
0.512398539  
0.4889000024  
0.3589359248  
0.417739976  
0.6286509549  
0.1147617662  
-0.05384310036  
-0.07802523189  
-0.06598515961  
-0.4066684895  
-0.5206347446  
-0.3539130436  
0.4181016084  
0.3426475374  
0.8083408817  
0.7536478958  
0.7495808503  
-0.2029633884  
-0.4126745003  
-0.40609044  
-0.1705467041  
0.8700952969  
0.3178061856  
0.3243489488  
-0.09429661883  
-0.115232666  
-0.0774568177  
-0.2253274096  
-0.7109792443  
-0.3358555369  
-0.5582967217  
0.006802475255  
-0.0114118093  
0.5336179637  
0.4468487079  
1.177640679  
0.8387397772  
0.07217833067  
-0.1353486824  
0.780309011  
0.6995647901  
0.8262777518  
0.3540130009  
0.1862633818  
-0.2816003308  
-0.1550281015  
0.6767392882  
0.6664308454  
1.078735759  
0.9153138381  
1.063152632  
0.2900351555  
0.8391643398  
1.277484548  
1.169675536  
0.8276333289  
1.25832851  
1.138761765  
1.37560431  
1.036474357  
1.06541918  
1.29669871  
1.189376618  
0.8901554349  
0.579899278  
-0.1484740738  
0.06270772045  
0.1249854014  
-0.2236662823  
-0.06374063757  
0.005480680692  
0.2513422656  
-0.3544345323  
-0.08262232492  
0.2678091588  
0.5765875342  
0.3398670794  
-0.5225690496  
-0.28532673  
-0.1512117645  
-0.4531367819  
-0.6208918872  
-0.9746812847  
-0.8995763814  
-1.367262068  
-0.1085437518  
-0.5839343927  
-0.3713713646  
-0.1495961875  
0.1987855403  
-0.376274951  
-0.1406900764  
-0.409651356  
0.2180620337  
-0.1714703749  
-0.5032769843  
0.04827524445  
0.4418631893  
0.1968653235  
0.3370413327  
0.05601778112  
0.495408787  
0.1287371892  
0.1284082875  
0.7746470422  
0.5567506696  
0.9797094054  
0.6339896179  
0.4167549014  
0.04539301828  
-0.3154483455  
0.06624623351  
0.09117384678  
-0.7965473629  
0.05747828978  
0.5010186566  
0.05871307867  
0.7399899588  
0.5853598363  
0.2272794275  
0.3073789913  
0.5549305108  
0.4157228878  
-0.2096285925  
0.2361291569  
0.7757089012  
0.0968367893  
0.09496984504  
0.1999233302  
-0.07201862018  
0.5789588002  
0.2465263356  
0.4620019169  
0.3858118225  
0.6887727788  
0.3465182319  
-0.3960377092  
-0.1255477691  
0.005061235597  
-0.2715657446  
-0.6658549905  
-0.1019330911  
0.09655105283  
0.2037577796  
-0.4307956101  
0.3816785534  
0.05711562794  
0.7015028686  
0.8097249352  
-0.5594207015  
-0.1079735462  
-0.2943833024  
-1.107634173  
-1.430182904  
-0.8321373507  
-0.6078558744  
-0.5523060664  
-0.6519529503  
0.07509015616  
0.2231216704  
-0.1022669975  
-0.5237079955  
-0.8089278469  
0.4916055453  
0.1547397044  
1.349184959  
0.4426605295  
0.7031977476  
0.5140723297  
0.1048193638  
0.6216847086  
0.1907773963  
0.8827227025  
0.926689607  
0.685144066  
0.8680371627  
0.8479953982  
0.2175552363  
0.8407741444  
0.9807766825  
0.9248955678  
0.9122061136  
0.5829492717  
0.6866228113  
0.7897746196  
0.5755219734  
0.3123007344  
0.4351099654  
0.4607844838  
0.6575084085  
0.6707160325  
-0.1430143432  
-0.1913018369  
0.3415788953  
0.346346214  
0.7014669142  
0.5240458364  
0.2863356052  
0.1184454834  
1.107771032  
0.9532646387  
0.9318519836  
1.149243614  
1.017945308  
1.381145802  
1.161064181  
0.7530815165  
0.09574813774  
0.760325521  
0.1289919893  
0.04708909883  
0.1749092005  
1.018796246  
0.9986431798  
1.016181948  
1.119615655  
0.658342644  
0.6014729955  
0.090483881  
-0.1182963978  
-0.521270675  
-0.3726756142  
-0.2068782484  
-0.4190817452  
-0.2432355476  
0.8903018988  
0.1731471441  
0.06052483553  
0.2346532377  
-0.1745336695  
0.1167804193  
0.1608392941  
-0.07108343901  
-0.7345209179  
-0.755458122  
-0.6374175925  
-0.7103147168  
-0.7683493741  
-0.5195257381  
-0.2656594245  
0.1108018976  
-0.4889849549  
-0.4059543077  
-0.5888518865  
-0.03936002405  
-0.581473762  
-0.5554420307  
-0.419749896  
0.07825396429  
0.1810175738  
0.8280869671  
0.2924208737  
0.673443768  
0.7518522333  
0.1668030103  
-0.2276783112  
-0.006844226233  
0.4078750431  
-0.4085070604  
-0.9576645852  
-0.3864438143  
-0.4683609085  
-0.8838883993  
-0.5194669573  
-0.5802576438  
-1.014747922  
-0.4254829177  
-0.9476334181  
-1.477832458  
-1.609868712  
-1.714438545  
-1.140749677  
-1.212073976  
-1.012747712  
-0.9004186581  
-0.749511743  
-0.6112526424  
-0.6223380568  
-0.8607819437  
-0.686726628  
-0.3938066065  
-0.3039120064  
-0.6885304859  
-0.999404158  
-0.8733705076  
-0.7642567058  
-0.4369306774  
-0.3762997003  
-0.7459250982  
-0.7108933679  
-0.5552081412  
-0.4116671016  
-1.018994298  
-1.299596971  
-0.8417186784  
-0.423809297  
0.04125348036  
-0.1203152919  
-0.3976248032  
-0.291679945  
-0.9100202857  
-0.6965266852  
-0.5263157377  
-0.9130109893  
-0.9467375371  
-0.5926888238  
-0.9330980265  
-0.2419259438  
0.07616351871  
-0.4570724545  
0.168651282  
-0.2743070271  
-0.4063804031  
-0.7549606859  
-0.4733635956  
-0.3951310243  
-0.8695842405  
-0.71817031  
-0.5711679054  
-0.3781249199  
-0.4729465204  
-1.131623411  
-0.9537894399  
-0.8362753703  
-1.266433247  
-1.192425863  
-1.155818794  
-1.228076525  
-1.581705111  
-1.568082169  
-1.072519482  
-0.9304866313  
-0.9695923742  
-1.212353588  
-0.6033204176  
-0.8488803794  
-0.3682810167  
-0.09424622019  
-0.3568393782  
-0.06176176135  
-0.4922647374  
-0.3671429638  
0.3453382203  
1.94770547  
0.7087072778  
1.633497711  
-0.2691275009  
-1.854039303  
-0.3819652681  
-1.821466361  
-1.174435462  
-1.560104784  
-1.194532837  
-1.118974272  
-1.220817613  
-1.275623841  
-1.288656649  
-1.182744988  
-1.065071162  
-0.9707625929  
-0.7125169603  
-0.4315752925  
-1.48187214  
-1.196124321  
-0.9829141932  
-0.8115739549  
-0.2292923449  
-0.5249644865  
-0.7884795097  
-0.6397301598  
-0.9125337682  
-1.871325768  
-0.7413546235  
-0.8424431382  
-0.8776157167  
-0.7253038326  
-1.61985629  
-1.40080299  
-1.41566033  
-1.354376771  
-1.081209321  
-1.353896516  
-1.463974493  
-1.112374083  
-0.9986303095  
-0.9421086672  
-1.438919397  
-0.9444723331  
-0.7223545587  
-0.7267916439  
-0.841290802  
-0.2470224003  
0.0840289668  
0.0727085467  
-0.4129586432  
-0.462398764  
-0.5169053032  
-0.7486942152  
-0.6927129873  
-0.1472031969  
-0.3297919284  
-0.104174803  
-0.1999700501  
0.1667051729  
0.06999391319  
0.1004675278  
0.3700161217  
0.03259463347  
0.2183122534  
0.8252173343  
0.5179113415  
-0.4902158134  
-0.4007862662  
-0.4752432071  
-0.8336236683  
-0.9519460023  
-1.546563203  
-1.496115915  
-0.6855979496  
-0.5937776857  
-1.315218688  
-0.1777914871  
0.01615856839  
-0.2970380511  
-0.03871132492  
0.3930931845  
0.3385802569  
0.7772014755  
0.5296733008  
0.6278306022  
1.323954365  
0.8641672598  
0.2870279551  
-0.8503448529  
0.4248529949  
0.443981921  
0.04985367971  
0.1765826657  
-0.1473105184  
-0.1327915868  
-0.3499693268  
0.1462853005  
-0.4300571821  
-0.2747147989  
-0.315800981  
-0.4035245829  
-0.4216043361  
-0.14850351  
0.08832850947  
0.5237961414  
0.5373187094  
0.6487067326  
1.546810782  
1.149134422  
0.7823189381  
0.5727914631  
0.3519697758  
0.5845709339  
0.1646907841  
-0.07433782745  
0.03136616134  
0.06925681119  
0.8408082052  
0.273077548  
0.1638655724  
1.186408875  
0.7112664855  
0.4203645582  
0.245672746  
0.4961072757  
0.5602039394  
0.2773607728  
0.3489928887  
0.8089353838  
1.049070578  
0.3344634171  
0.5140235752  
0.4653153443  
1.24120697  
0.1987649027  
0.3840823485  
0.207220462  
0.2947928513  
0.5064727894  
0.3488248332  
0.1144070472  
-0.3997583931  
0.4945139333  
0.4003465234  
-0.3288414984  
-0.6393170824  
-0.5243586276  
-0.1585534518  
0.009940348467  
-0.4231984912  
-0.1626869256  
0.329877433  
-0.4142037205  
-0.002549536  
-0.1280981756  
0.6407869229  
0.2621315506  
0.7505686686  
0.5260427944  
0.5869688795  
0.3410891482  
0.0273537515  
-0.1805715933  
0.06091093998  
0.1858964216  
-0.1560164012  
-0.5964290329  
0.1105723441  
0.2710716818  
-0.276576495  
0.05354414302  
0.04709840911  
0.2620022252  
0.06301072912  
-0.5376302953  
-0.2642988835  
0.3168939464  
0.06382428207  
-0.325707424  
-0.3017684043  
0.6399805886  
0.22203393  
0.2570150009  
-0.03835791357  
0.2699103197  
0.3076256806  
0.3106471131  
0.136266326  
0.3188881304  
0.5234945391  
-0.03032053846  
-0.2644752738  
-0.2053588995  
0.3215196836  
-0.3730399988  
-0.5115664072  
-1.420842412  
-0.9622858003  
-0.8974894869  
-1.155144333  
-0.9540212572  
-1.330469057  
-0.2658105795  
-1.231820121  
-0.9643837161  
-0.6857041955  
-0.80210278  
-0.1876142666  
-0.2960070985  
-0.8544996371  
-0.249321057  
-0.2448457867  
-0.3805371547  
-0.3727519259  
0.5614866891  
0.1113081361  
0.4961314855  
0.2055043141  
0.255548838  
0.2497175666  
0.3558885701  
0.1424198104  
-0.4368111663  
0.1055729023  
-0.7048942786  
-0.589928048  
-0.5381182969  
-0.575975461  
-0.3731722546  
-0.7462606803  
-0.3997476223  
0.2894182818  
-0.4511013397  
-0.5262108401  
-0.4435437763  
-0.2138864683  
-0.3548821631  
-0.009314749522  
0.4133678551  
0.4877686722  
-0.08759541523  
-0.1022816715  
-0.6920986195  
-0.2109846682  
-0.003797613067  
0.2718344953  
0.6360588677  
0.8073404461  
0.7123301417  
0.9846348439  
0.5200548736  
0.888146224  
0.1937916427  
0.2471119984  
0.1967696911  
0.3732859685  
0.7028337092  
0.4320756516  
0.6338497251  
0.1850254886  
0.7472580223  
0.3064763849  
0.6588899743  
0.3252321188  
-0.3958478147  
0.03000122144  
-0.07877022353  
-0.2393447392  
-0.3369568853  
-0.3861903347  
-0.1383562553  
-0.05446370477  
-0.1355007706  
-0.06100018141  
0.8883565635  
0.03199135962  
-0.5070543574  
-0.7350217545  
-0.0006556524402  
0.1009760105  
0.298196343  
0.4324311566  
0.5310780175  
0.5426492594  
0.8176769049  
0.3626019202  
0.814247041  
0.8530483661  
1.000621527  
0.269908198  
-0.2301703095  
0.2807988889  
0.3346586693  
0.5913850734  
0.1998732308  
0.1875188039  
0.2895479146  
-0.008606098581  
0.318780285  
0.1560014189  
-0.2075596107  
0.1118366303  
0.00024311337  
-0.4197859172  
-0.6005617166  
-0.1735239225  
-0.2175195906  
0.4827154301  
0.1757301747  
-0.3334579166  
-0.5958036381  
-0.2951098243  
-1.482429938  
-1.213450624  
-0.2416164043  
-0.3283151539  
0.6966958314  
0.682449381  
0.4226018795  
-0.356219744  
-0.09235171249  
-1.201480172  
-1.059527689  
-0.920890637  
-1.523550403  
-1.482575942  
-1.415434831  
-0.5347433316  
-0.1669139388  
-0.7051508326  
-0.03828238008  
-0.672325898  
-0.726939949  
0.0209929133  
-0.09143424542  
-0.4584904979  
-1.136190295  
-0.0873792927  
-0.1645184802  
-0.09208270997  
-0.1360837444  
0.2088428273  
0.03994000532  
-0.06735954548  
-0.1371131912  
-0.04381859797  
-0.2749698459  
-0.5038853738  
0.1576588315  
-0.8802496243  
-0.2442509551  
-0.2707232004  
-0.5463981431  
-0.3078082108  
-0.7721055909  
-0.5846499889  
0.006409124244  
0.08423891647  
0.1182170616  
-0.1839474259  
0.2983776787  
0.4585564299  
0.897364784  
0.6302838602  
-0.1236127088  
0.02241928589  
0.2534015041  
-0.177592242  
-0.9424159656  
-1.668723649  
-1.084992298  
-0.9341372345  
-0.4506573604  
0.1770233753  
-0.09465093619  
-0.2537729436  
0.1744608314  
-0.4747354356  
-0.8002939729  
-1.056137775  
-0.5602602139  
-0.1739760744  
-0.4872101705  
-0.09445971169  
-0.6860750815  
-0.6549089018  
-0.07726379154  
-0.7691218717  
-0.2566296791  
-0.2121340532  
-0.374413183  
-0.3822261653  
0.2463325799  
-1.016958241  
-0.1078950465  
-0.3319086344  
0.4401230284  
-0.8026762587  
-0.168421706  
0.3281675952  
0.01045978217  
0.6079846817  
0.5089223395  
-0.01830153021  
-0.3838333986  
0.0636457032  
0.9905251698  
0.2118988125  
1.056277407  
0.203987549  
0.8939928407  
-0.04830322812  
0.6467725107  
0.3896822172  
0.3025048067  
0.006878780694  
3.4742214  
2.40507147  
-0.7665990139  
-0.4709649446  
-0.6650988266  
-0.542463942  
-1.073261809  
-1.367780012  
-1.563050021  
-1.653105932  
-1.430099711  
-1.622030818  
-0.3963871531  
-0.75128512  
-1.567966519  
-1.825873367  
-0.9457255912  
-0.4888528327  
-1.221219455  
-0.7302661996  
-1.155078895  
-1.004363924  
-1.266646326  
-0.8133794937  
-0.9854091627  
-1.269442825  
-1.061558287  
-0.04285619863  
-0.5038528312  
-0.4932036123  
-0.4902121787  
-0.3417998554  
-0.1106283709  
-0.8824470953  
-0.4536238925  
-1.1910151  
-1.058622578  
-0.7115581657  
0.104550262  
-0.4427449609  
-0.2240128949  
-0.5272880316  
0.3188057692  
-0.03581530484  
-0.3109146782  
-0.6598237152  
-0.6209538048  
-0.812585672  
-0.5624105255  
0.8945763611  
-0.1473573896  
-0.01310331355  
0.001618277252  
0.08172659815  
0.192310806  
0.4192156149  
0.2571470057  
0.4730397971  
0.3506421683  
0.1389084893  
0.30457899  
0.5041150736  
0.6159422755  
0.4498541289  
0.9718088811  
0.5772735121  
0.2704528387  
0.6903746112  
0.8834963457  
0.7487886195  
0.01866073417  
0.5919750722  
0.5808626407  
0.2545275368  
-0.006455061687  
0.2437377872  
0.11364424  
0.3711260893  
-0.3091832078  
-0.1545577037  
0.2719635121  
-0.3001331301  
-0.3322876269  
-0.6382006107  
-0.5380995978  
-0.4188255311  
-0.3483077364  
-0.6621610267  
-0.5939254855  
-0.3437815201  
0.9031698497  
0.01343234453  
0.3655385963  
0.2677112195  
0.262262415  
0.3050443042  
-0.03555551417  
-0.0745756971  
0.2753297676  
-0.2769510162  
-0.7068507959  
-0.9403363217  
-0.4191956175  
-0.2730689089  
-0.3570846533  
-0.6013411852  
0.270813851  
0.1323742398  
0.2039921433  
-0.411638843  
-0.4269388181  
0.308697564  
0.2417787481  
0.1593597743  
-0.2416432474  
-0.1029933019  
-0.1172808038  
-0.09995842208  
0.3470382812  
0.4128217038  
0.9129677627  
0.02798125378  
0.3371301852  
0.7685132274  
0.5575551658  
0.1877258335  
0.4557431975  
0.3296557144  
0.3452730423  
0.3357804394  
0.4439065567  
-0.1520339932  
-0.2069565409  
-0.1397284938  
0.1447445163  
0.03681724132  
-0.1587225092  
-0.6711687907  
-0.2572758056  
-0.6686098699  
-0.5785692075  
-0.7410658308  
-0.6071443963  
-0.9175809752  
-0.2487381616  
-0.3539057437  
-0.4488416721  
-0.4664388577  
-0.6232930822  
-0.4285052199  
-0.5983683707  
-0.2717150898  
-0.3911458853  
0.02332184134  
-0.8584788488  
-0.5396285138  
-0.1919953311  
-0.3888519923  
-0.3820215086  
-0.5127786317  
-0.108739401  
-0.878310094  
-0.5587918471  
-0.6535954043  
-0.2832399491  
0.5320519546  
0.1054320051  
0.09748495836  
0.3091459033  
0.6115626179  
0.1050908377  
-0.3011956909  
-0.07790274482  
0.2728901472  
-0.006939946249  
0.4158264158  
0.1649128041  
0.888491296  
1.055388749  
0.9531942095  
1.228240405  
0.9585377799  
1.116956303  
0.953827983  
1.141919381  
1.59281759  
1.443256309  
1.113744874  
1.219576148  
0.5811707071  
0.7690975356  
1.014938574  
1.37636699  
1.808300701  
1.102828359  
1.17587701  
1.07769144  
0.4447250051  
0.4193499576  
0.3906808479  
0.2210589959  
-0.1195430878  
0.6726331719  
0.798584514  
0.6935288849  
0.02014858001  
1.429188849  
0.8249285502  
0.5653441606  
1.050269954  
-0.06059207131  
1.039113033  
0.7541039529  
0.9550218396  
0.6421570973  
0.5129691914  
0.3769166378  
0.5830704626  
0.3309017218  
0.386946823  
0.5256912124  
0.8556919388  
0.6404228267  
1.080618559  
0.9341032099  
1.302771304  
0.5253417203  
0.7759779448  
0.8039528622  
0.5372683511  
0.1389325838  
0.6166665591  
0.4857213644  
0.6335031324  
0.7141047577  
0.5337560964  
0.4312983064  
-0.210874554  
-0.02522330813  
-0.1170357863  
-0.3956254369  
0.3225187366  
-0.2696977775  
-0.1659766667  
-0.05122868986  
0.2362859166  
-0.6247385807  
-0.421803371  
-0.8418863429  
-0.7010510803  
0.01007804654  
0.187639203  
0.1404302176  
