1.24425479  
0.7838831813  
0.0131821604  
-0.2935066897  
0.0280566136  
0.06467537538  
0.3172044111  
0.3026243599  
0.3043013401  
-0.02949405413  
0.01685589184  
-0.4492433483  
-0.6683558274  
-0.2560839452  
0.05884821152  
-0.07834528166  
-0.4589306409  
-0.48938669  
-0.8907120199  
0.3229521255  
0.01377037358  
0.00460480087  
0.2755892472  
0.2656943593  
-0.1234650429  
0.4679058563  
-0.3133528172  
0.1932895997  
0.480985469  
-0.01274706498  
0.4605614922  
1.013852282  
0.9824836789  
0.5197348558  
0.736822412  
0.7971176142  
0.1070267127  
0.3037701311  
0.2707665621  
0.2163286834  
0.2790093843  
-0.0828066929  
0.8283047391  
-0.04980238968  
0.4467695453  
-0.000337429898  
-0.1210401752  
0.1495174268  
-0.4471240245  
-0.01483816433  
0.03956830229  
0.394470832  
-0.1295006242  
0.2698436673  
0.5454589427  
0.3086920146  
0.5361472322  
0.2238352039  
0.2406797785  
0.1667017816  
-0.200333779  
-0.2435715087  
-0.6783340065  
-1.16682568  
-1.017082328  
-0.5967733805  
-1.262647283  
-1.170635355  
-1.125741328  
-0.4989579632  
-0.5084552407  
-0.4025366627  
-0.3006975207  
0.3579916987  
0.2529190443  
-0.1799740128  
0.05854055331  
0.2695814535  
0.05783261347  
-0.4490399952  
-0.1205200999  
-0.08002974352  
-0.07253053764  
0.3613292182  
0.1831938385  
-0.1954211834  
0.4599963569  
0.3142288839  
0.1887212006  
0.3453590531  
0.3206308325  
0.7781143572  
-0.06874096104  
-0.9209280578  
-0.5281035257  
-0.001266648091  
-0.4781072098  
-0.6063102546  
-0.3565145136  
-0.3983838878  
-0.437111128  
-0.5427165124  
-0.06143474571  
-0.5071290429  
-0.4239417499  
-0.5775715988  
-0.4388828538  
-0.2047570129  
-0.3778523943  
-0.4351864138  
-0.1227114323  
-0.01419534802  
-0.2143697292  
-0.09351057136  
0.3185774145  
0.5392870604  
0.3463889514  
0.1296597338  
0.07747986699  
0.3804391744  
0.5986040885  
-0.2642969572  
-0.2485910216  
0.2719047995  
0.7655830273  
0.5209108405  
-0.3075374678  
0.0916464792  
-0.2078399635  
-0.02714476357  
-0.4877702996  
-0.2694004048  
0.159089688  
-0.4846919238  
-0.4328882558  
0.3434703405  
0.2558782873  
0.0526473709  
-0.3370543962  
-0.3617803754  
0.1118687565  
-0.3455779572  
0.2200796695  
0.5280032071  
-0.02224501999  
0.3013078868  
0.1193829648  
0.1459530474  
0.6524033507  
0.3882451219  
0.5366982429  
-0.1448386607  
0.1229864954  
-0.1776241348  
-0.5348468553  
0.01714584373  
0.2966116098  
0.1740493641  
0.06867724517  
0.1430136772  
0.1689743089  
0.4797604477  
0.7087086989  
0.5403831315  
0.2289240738  
0.01682676607  
0.01889131061  
-0.08148233409  
-0.3180965538  
-0.9914488256  
-0.1538216853  
-0.640370368  
-0.19267787  
-0.07115077048  
-0.06929634747  
0.5955409546  
0.284720773  
0.8024889381  
-0.03163491347  
-0.8451577068  
-0.09078623088  
-0.157809265  
0.3552757753  
-0.02077791615  
-0.5273489799  
0.0008925512067  
0.3076871272  
0.07595006891  
0.2455357181  
0.3982559759  
0.6797822085  
-0.3927699641  
0.1276935123  
-0.4059640781  
-0.4742945456  
-0.6048391547  
-1.399040658  
-1.125067971  
-0.03447407292  
-0.5318143894  
0.0653387614  
0.2995089857  
0.206053987  
0.2991939201  
-0.2656602828  
0.2874107241  
-0.3456804964  
-0.1953322843  
-0.5423420567  
-0.1232568415  
-0.01967270198  
0.7360780315  
0.7117789231  
0.5512068753  
-0.2170253689  
-0.3568650199  
0.03271951881  
0.3381928433  
0.1204363271  
-0.09436064429  
-0.0958971919  
0.2761083237  
0.3437341039  
-0.2007907566  
-0.5809309571  
-0.09578835956  
-0.2732696596  
-0.1563585397  
-0.3202545518  
-0.3441752607  
-1.183627021  
-0.1833870598  
-0.4351020973  
-0.4070495787  
-0.2409955968  
-0.4281596349  
-0.3100188748  
0.07151170216  
0.5104855674  
0.6157632173  
0.6567838534  
0.8066422899  
0.9470084158  
0.494802982  
0.5879581885  
0.6742198568  
0.3057381422  
0.1447401255  
0.6640505991  
0.5705966995  
0.3409722349  
0.285186854  
0.4301038865  
0.2546330824  
0.03512778357  
-0.2699457819  
-0.001147736702  
-0.042237629  
-0.5713370342  
-0.8276974473  
-0.04123897251  
-0.133351153  
-0.4968482972  
-0.2852399334  
0.05979010637  
0.01583096171  
0.2995835889  
-0.09429475548  
-0.4347359899  
-0.9495468077  
-0.971568566  
-0.4149304205  
-0.7912461234  
-1.381336234  
-0.8792723667  
-0.4062689726  
-0.8048214407  
-0.3703985831  
-0.2445382909  
0.07248311705  
-0.003617402332  
0.09952923232  
0.1389922312  
0.3385375901  
0.3291476747  
0.1058353023  
-0.187434964  
0.3138530549  
-0.543837245  
-0.4440826339  
-0.3995195222  
-0.1917447493  
0.2958948845  
-0.09980076595  
0.427017001  
-0.1475142042  
-0.2416404367  
0.215062609  
-0.7218320188  
-0.4615691828  
-0.7189479338  
-0.4983510958  
-0.3844948211  
-0.2363873357  
-0.5854313123  
-0.4332454339  
-0.3328397685  
0.06791171185  
-0.1240962274  
-0.390594211  
-0.4396148616  
-0.5880669239  
-0.4789046173  
-0.5539547268  
-0.88076364  
-0.04807922934  
-0.882617127  
-0.7773209443  
-0.7845845425  
-0.5448027457  
-0.376330964  
-0.3922018063  
-0.890257325  
-0.6432390681  
-0.6529750748  
-0.6085520484  
-0.9167030463  
-0.8094749345  
-0.1765770683  
-0.5477691686  
-0.3695174496  
-0.7563578981  
-0.2461452713  
-0.01001549796  
0.7036186498  
0.03921722049  
0.0003391848711  
-0.4286793359  
-0.8080352136  
-1.405716868  
0.3950482128  
-0.2859809469  
-0.04364586901  
0.447735006  
0.9647461076  
0.5451846284  
0.7744186494  
-0.0909615113  
-0.6754636262  
-0.03781389144  
-0.1381579732  
0.03896907255  
0.2629552008  
0.4482803675  
0.3155807643  
0.3394420956  
0.01245779177  
0.262427121  
0.8231012965  
1.20801657  
0.0464200212  
0.5270282148  
0.6848467501  
0.9714990602  
0.9213660771  
0.928994456  
0.4935662831  
-0.2008238606  
-0.04833981022  
-0.3364832288  
0.1481281483  
-0.1236713591  
-0.5612973332  
-0.8340892448  
-0.6246251545  
-0.3470822843  
0.03234193475  
-0.4945219508  
-0.4836528634  
-0.1367143262  
0.2734050925  
0.6862879617  
0.6937197787  
-0.05012374755  
0.6680260743  
0.3493348124  
0.7876549756  
0.420189237  
0.1515677892  
0.5963372382  
0.8628605135  
1.23510943  
1.151376789  
1.111496275  
0.8694648212  
0.469566535  
-0.5486109947  
0.3766353596  
1.332005164  
1.302141304  
0.9925544935  
0.7157493481  
0.8684083122  
0.5256045735  
0.7806780222  
0.1175777395  
0.044901283  
0.02532274442  
0.0513898803  
0.1025574344  
0.7924426428  
0.827536553  
0.5221994521  
0.4937703927  
0.2929653565  
0.6809286194  
0.07664876201  
0.3860298944  
-0.003272007286  
-0.2957549609  
-0.05058387495  
-0.08388185838  
0.07339027588  
-0.1116137427  
-0.1673075396  
-0.1435522039  
0.4426219186  
0.1339969591  
0.5750176737  
0.4801854064  
0.4804210957  
0.6119165083  
0.5461881684  
0.1104970756  
0.3229470925  
0.3468129934  
0.09616709908  
0.4677744814  
0.02896029422  
0.8179437062  
0.4155132968  
-0.03906881177  
0.5754225233  
0.6667316297  
-0.3331586174  
-0.7462468582  
-0.3645898246  
-0.01279663213  
-0.2623152447  
-0.1681241393  
-0.3397610485  
-0.4084809311  
-0.7071781255  
-0.5913040727  
-0.5340640937  
-0.4379904478  
-0.6454963196  
-0.01931870101  
0.2057819089  
-0.3249961647  
0.3716751769  
0.2608864892  
0.5744525198  
0.3500201871  
-0.03755996876  
-0.3273109867  
-0.2903130184  
0.03416025076  
-0.6499568403  
-0.3502641998  
-0.1523108532  
-0.3115910253  
0.1888642731  
-0.06158559141  
0.1667791703  
0.06527937589  
-0.03054295866  
-0.04897215739  
-0.2291659562  
-0.6390596685  
-0.2807501261  
0.3819592034  
0.03294838915  
0.1574377014  
0.397533789  
0.7550488731  
0.05716488806  
0.07053025438  
0.3404923199  
0.3253873266  
0.06793502039  
-0.3258892555  
-0.3500963705  
-0.0151468205  
-0.3396802487  
-0.8731505838  
-0.01380724027  
-0.2146590071  
-0.6704650276  
-0.4207036623  
0.423667847  
0.2296314129  
-0.2061159735  
0.1521588276  
0.03416676946  
0.7010483845  
0.2625790586  
0.3164665447  
0.4131150192  
-0.1061319905  
-0.6421983749  
-0.5181148973  
-0.3932613444  
0.2236140299  
-0.06465318936  
-0.1519143591  
-0.04567175459  
-0.3329253904  
0.006607911773  
-0.02773224327  
-0.03029304538  
0.0735884358  
-0.1604617158  
0.09464021222  
-0.4294800239  
0.01477476817  
-0.8325551798  
-0.4329516501  
0.2768357705  
0.1571266521  
-0.9634058625  
1.328788807  
0.1371523544  
-0.7964656381  
1.107411963  
0.4815430565  
0.7280024186  
-0.05199357017  
0.2296133974  
0.2274913152  
0.2285153848  
-0.1040526613  
-0.3347034734  
-0.3253480313  
0.5332109387  
-0.02163889676  
0.04423521036  
0.3900617422  
0.2256125496  
-0.30179621  
-0.008693819943  
0.9386097241  
1.201260917  
0.3869025734  
0.3063529973  
0.3579591889  
-0.3764062816  
-0.492176888  
-0.3691753978  
-0.2260923309  
-0.2971246132  
0.5997707571  
-0.7190799429  
-0.4633366247  
-0.517593944  
-0.553304437  
-0.4322101857  
-0.1218655335  
-0.1826821977  
-0.7450506274  
-0.1799738918  
-0.4858465621  
-0.6684588516  
-0.447673105  
-0.07934416692  
-0.1689093364  
-0.2581169642  
-0.4565231723  
0.455785617  
0.6938398358  
-0.2591559937  
-0.4085574256  
-0.2471083323  
-0.752383252  
-0.1280814982  
-0.3966754342  
-0.3021998665  
-0.1974478661  
0.06136138708  
0.2413214903  
0.5155407129  
0.9156153298  
0.7155875332  
0.3655118189  
0.7248353105  
1.061639045  
0.6133863576  
0.463568285  
0.3228364831  
0.4435601749  
-0.6910836533  
-1.32294995  
-0.8181587315  
-0.3712635569  
0.4093098455  
0.413367206  
0.3783090697  
1.003669362  
0.7873391753  
0.5835128648  
0.6759064151  
0.3875763936  
0.2383930606  
-0.008795137572  
0.6676825404  
0.41911721  
0.5336043525  
0.1215568813  
0.1475515595  
-0.4928605706  
0.5690316978  
0.8788209082  
0.6311439875  
0.6132499246  
0.2979361448  
0.04053596459  
0.2301931083  
0.5042105158  
-0.2636073548  
0.1941041101  
-0.2229147812  
-0.07491163839  
-0.3493108801  
0.005783001538  
-0.00786110725  
0.2636205084  
0.8104410018  
1.118345412  
1.490436251  
1.342302908  
1.007589294  
0.5280789022  
0.4335086469  
0.5170976837  
0.724553583  
0.09983475799  
0.6772732965  
-0.1809459784  
0.2398036874  
-0.02896731004  
-0.0376101434  
0.3692106147  
-0.1143822488  
0.2605845088  
0.2950980064  
0.8110956848  
0.8678380414  
0.6071664696  
0.6434690791  
0.9180938962  
0.4856347033  
0.3389356058  
0.2110679711  
0.4179301912  
0.4482459502  
-0.460016672  
-0.3565151427  
-0.09120237226  
0.2268719773  
-0.3753543367  
0.2776692931  
-0.3012307964  
-0.2079596842  
0.3077733926  
0.1078631203  
-0.296285509  
-0.06935431129  
-0.4550963135  
-0.4137990964  
0.01024366981  
-0.1417012353  
0.267974326  
0.1420893311  
-0.02746835509  
-0.1140608573  
-0.01697141439  
0.5565615907  
0.2810537955  
0.4673990801  
0.4494385065  
0.7012637079  
0.0432549723  
-0.1772379948  
-0.006292707217  
-0.1857270248  
0.2943410525  
-0.521494688  
-0.7500873527  
-0.03639260088  
-0.1589339529  
0.135654732  
0.2044304088  
0.354123135  
0.4441123742  
0.1866111603  
-0.09900419874  
-0.5863111364  
-0.2275299441  
-0.005433756988  
-0.2998593825  
-0.8166300925  
-0.538790187  
-0.05424841785  
-0.1071814404  
-0.07516684963  
-0.09053307635  
0.03795540445  
-0.01213636444  
0.04231476977  
0.05118322384  
0.4825688403  
0.07589895877  
-0.1785949504  
0.08416846779  
0.100258206  
0.5481412818  
0.06095614731  
-0.5094259673  
0.175438091  
0.3693252215  
0.09143770407  
0.4026411026  
-0.1662430814  
0.6732299924  
-0.2844103434  
-0.1281115916  
0.3077048077  
0.1986534159  
0.1957095471  
0.1709442656  
0.2818322607  
0.493043417  
0.688594775  
0.1648457722  
-0.315644298  
-0.5416124191  
-0.3747334742  
-0.2556297508  
-0.2121457676  
0.1015887608  
0.2966195431  
-0.05216090668  
-0.1596917463  
-0.2436962517  
0.1119103175  
-0.253927596  
-0.1378334878  
-0.4004055404  
0.1689562228  
-0.05825451496  
-0.181071605  
-0.2622910781  
0.1995995052  
0.2095346145  
0.1322760475  
-0.7428107125  
-0.4447186011  
-0.573052312  
0.2146971897  
0.7279671708  
0.2490804008  
0.4447895889  
0.1392774888  
0.1382565004  
0.6310837311  
0.9038888272  
0.7745473334  
0.812235387  
0.6436289326  
0.9869593873  
1.278704774  
0.951145181  
0.9209087523  
0.3044257183  
0.6797690211  
-0.2461699782  
0.1487253461  
0.1033124699  
0.2980780095  
0.6469215304  
-0.02771197551  
0.5737985192  
0.3729303037  
0.6115047626  
0.2118232353  
0.1953814116  
0.1961119515  
-0.05563059752  
-0.06411037495  
-0.06914954627  
0.2827092714  
0.05839125466  
-0.1030266947  
-0.0009878144596  
0.02994232131  
0.613074396  
0.902300894  
-0.1071957066  
0.5258663475  
0.5363915232  
0.08721858096  
0.6284404392  
-0.05251303632  
0.2227974207  
-0.3390432363  
-0.1802033793  
-0.3486976543  
-0.1102815012  
-0.3026560375  
0.08550077867  
-0.2702749721  
-0.02095461452  
0.6169753198  
0.3531990284  
0.4562924667  
0.5322072846  
0.4162966947  
-0.002267513315  
0.5897247793  
0.8779590605  
0.480283594  
0.5183967292  
0.7499432672  
0.6093854966  
0.2875376549  
0.148980269  
0.8571460624  
0.5898372407  
1.098417356  
1.162955604  
0.7617603683  
0.3158704166  
0.1284314893  
-0.9137271638  
-0.07144992899  
0.6372637244  
0.4100616395  
1.413886115  
1.218142589  
0.9777121673  
0.8828600004  
0.1086591678  
-0.4712226697  
-0.1252997814  
-0.01941810388  
-0.4481357213  
-0.6094242643  
-1.107955646  
-0.08341489465  
0.04219260351  
0.238305921  
0.7548673202  
-0.3627518809  
-0.3827608285  
0.1844673433  
0.3833553371  
-0.5448796818  
-0.7829621968  
0.2853447364  
-0.3231580398  
0.31526168  
0.4267357971  
0.6196555103  
0.2482721094  
0.8286299516  
0.2401960722  
0.3744724916  
-0.3418514974  
-0.2803561522  
0.3898769704  
-0.2428585063  
0.3413673582  
-0.5733029458  
0.1195629073  
0.3170630022  
-0.8413632497  
-0.6677719139  
0.6934911267  
0.3147624878  
0.5398683565  
0.4329969637  
0.4844417228  
0.8447909608  
1.110623425  
0.9817824789  
0.4828111182  
0.9727910251  
1.176085714  
0.4434827884  
-0.8431962438  
-1.553713282  
-0.1877126463  
-0.5127382136  
0.5187174298  
0.5066978916  
0.04571101015  
0.030847622  
0.382474536  
0.05534476698  
-0.5917613135  
-0.4395097623  
-0.335839953  
-0.4749603215  
-0.3096964796  
-0.2280352003  
-0.3999411849  
-0.1370857453  
-0.2672808474  
-0.5818639233  
0.148379401  
0.4403795629  
0.477453324  
0.2752967288  
0.2762680084  
-0.1969692124  
0.2382385145  
0.1496631351  
-0.017562398  
-0.694606678  
-0.4960051506  
0.4383146129  
0.4013144306  
1.042326679  
1.442599773  
1.058657912  
1.13611517  
1.047572499  
1.455597046  
1.400290571  
0.8995690349  
0.816103723  
0.8888576825  
0.4695864609  
0.9983472963  
0.2101063321  
0.2778022901  
0.4142124329  
2.582651693  
1.034207381  
-1.156680937  
-0.4333996689  
-0.2820013368  
-1.062215041  
-0.9509737286  
-0.8113586081  
-0.9904901061  
-1.165492233  
-0.9091400112  
-1.917537393  
-0.6728245573  
-1.205667718  
-1.231505217  
-1.58085276  
-0.884171414  
-0.3219044671  
-0.564005173  
-0.341626909  
-0.6852120146  
-0.8119989301  
-0.3616179861  
-0.5511378304  
-1.344459273  
-1.107259839  
-0.9152084701  
-0.4905457146  
-0.5922380886  
-0.6536387022  
0.2857804897  
-0.436425336  
-0.869789259  
-0.7884540011  
-0.06178215673  
-0.4926321846  
-0.3136910381  
-0.5000821576  
0.004929255344  
-0.4521436733  
0.04253838617  
-0.5166449037  
-0.5836328198  
-0.7904798356  
-0.7163729753  
-0.7784362227  
-0.7884469621  
-0.6913849164  
-0.615889171  
0.645594083  
-0.1852945727  
0.1847062591  
-0.3572470106  
0.1357470635  
-0.2640143126  
0.06265466386  
-0.6474205433  
-1.373557877  
-0.9881360015  
-0.9363929984  
-0.6742322741  
-0.5444159218  
-0.4966942386  
0.2459801018  
-0.1040877812  
0.1186443164  
-0.008905415053  
0.2420397285  
0.2596528877  
0.2460871488  
0.0146634658  
0.3739034728  
0.3783605751  
0.2618122705  
-0.2210244132  
-0.458387847  
-0.08361966532  
-0.7108186168  
-1.451324573  
-0.5947333237  
-0.3744604937  
-0.7709766442  
-0.7177921924  
-1.034919899  
-0.674874095  
-0.9026944313  
-0.5524739412  
-0.941872074  
-1.254387422  
-0.6271117881  
0.2381306011  
-0.6642222621  
-0.2636596664  
0.08459695991  
0.3876223666  
0.04360074906  
0.09273032919  
-0.2543488903  
0.1220126586  
0.01802420442  
-0.2749127701  
0.2227621865  
0.1558199754  
0.1332372471  
-0.0698741025  
-0.5867462733  
-0.5424298291  
-0.4780067504  
-0.5832881866  
-1.211143693  
-1.300599268  
-0.01203056475  
-0.1602022226  
-0.1324604136  
0.07121124968  
-0.4792599051  
-0.2508860749  
-0.1101161757  
-0.06704766773  
-0.1101726982  
0.126246997  
0.08667961234  
0.7541168102  
0.7230559555  
-0.1052649796  
-0.1881905981  
0.7624562541  
0.7993535384  
0.139558787  
0.2850699021  
-0.2105950439  
-0.8754626722  
-1.221044318  
-1.402515674  
-0.9115770956  
-0.7913882046  
-1.399743502  
-1.403603035  
-0.4464528786  
-0.7509934252  
-0.330613873  
-0.39566593  
-0.8402305925  
-0.6515116988  
-0.7074349253  
-0.4196078873  
-1.014840514  
-0.3456388129  
-0.3244758069  
0.03288889835  
-0.257631116  
-0.08058133814  
-0.3497978202  
-0.02255284784  
-0.2835273103  
-0.2896286309  
-0.2504148212  
-0.3814960903  
-0.6808534546  
-1.226544303  
-0.9791769221  
-1.217444527  
-0.6964788205  
-0.5934529014  
0.1390174295  
0.6519695329  
-0.4252361089  
-0.1110219257  
0.359335436  
0.1580373245  
-0.06705986032  
-0.03901962346  
0.1607907491  
-0.2713628798  
-0.05080950005  
0.07226712388  
-0.6724595509  
0.03162649522  
0.5675587164  
0.4194158045  
0.3487335605  
0.4636277223  
0.1792768717  
0.504192265  
0.6966047745  
1.057646319  
0.8519841573  
1.675396023  
0.7816403434  
0.6202357743  
0.7466354884  
0.9271561549  
0.714991316  
1.500383943  
0.1769408412  
-0.1699040627  
0.316998534  
-0.2903761335  
0.1822279374  
-0.2627190337  
0.08681038842  
-0.3741763503  
-0.6944484229  
-0.1185515837  
-0.2389627799  
-0.09638354586  
0.0826048927  
-0.2305752694  
0.1657355547  
0.7603087428  
-0.576078086  
0.7855009844  
0.4444396999  
0.8459097434  
0.6591509229  
0.1612354873  
-0.1515631956  
0.5367841378  
-0.5658171398  
0.1899266028  
-0.3707838217  
-0.1183873277  
-0.1610345622  
0.5011167352  
-0.130833631  
0.1672078099  
-0.269455593  
-0.2169583745  
-0.3327881771  
-0.4215037382  
-0.220171563  
-0.4308496804  
-0.3877152508  
-0.4760059585  
-0.4026221056  
-0.5119452585  
-0.5717980633  
-0.4664741858  
-0.1614575468  
-0.5970460724  
-0.09609454207  
-0.06019344975  
-0.5057053072  
-0.2645928621  
-0.7547081071  
-0.07319916771  
-1.071888956  
-1.209029296  
-1.476469896  
-0.8709172056  
0.05701331156  
-0.2184613636  
-0.5475330897  
