-0.01145631151  
-0.5868783585  
-0.7369094492  
-0.3637167185  
-0.5469291862  
-0.1197325964  
-0.249871196  
0.0003633809063  
-0.1378636772  
-0.3372132066  
-0.1675448589  
-0.1688727448  
-0.3881050983  
-1.04383367  
-1.018766336  
-1.449658861  
-1.452291969  
-1.056482334  
-0.9036343917  
-0.769348661  
-0.8618369966  
-0.7537671401  
-0.3579536628  
-0.8833522797  
-1.020048966  
-0.5210346259  
-0.273494367  
-0.6403934618  
-0.3630897497  
-0.04811495928  
0.07010333307  
0.1390317726  
0.1130268056  
-0.2321791778  
-0.1193186248  
-0.6547738445  
-1.318398101  
-1.018966889  
-0.8038174676  
-1.00145119  
-0.9951632151  
-0.9660018275  
-0.7149325959  
-1.243181589  
-0.7679425483  
-0.5293961583  
-0.6238531227  
-0.8731110489  
-0.815824111  
-0.632831812  
-0.2361988604  
-0.2092316891  
-0.2142429195  
-0.2128297977  
0.02439590985  
0.05116224111  
0.1437266907  
-0.07214842659  
0.08095478225  
0.1632032552  
0.3395863974  
0.2966522469  
0.01053963049  
-0.04274303964  
-0.3670964559  
-0.8544514852  
-0.720034593  
-0.693541464  
-0.5897608645  
-0.7636857599  
-0.6123945709  
-0.3579251687  
-0.172828901  
-0.007097659323  
-0.5707017058  
-0.7473118188  
-0.6127520111  
-0.5778929925  
-0.8276804456  
-0.7954081346  
-0.6849408702  
-0.444394346  
-0.3658451554  
-0.5090831659  
-0.6487570267  
-0.5114780583  
-0.4421249713  
-0.3893248999  
0.03688722637  
-0.2025818263  
-0.07984934964  
-0.3466663598  
-0.466560722  
-0.5344818768  
-0.1986618701  
-0.1301784638  
0.07713607525  
0.07938150826  
0.02387116165  
-0.2326429027  
-0.4646055825  
-0.5659903276  
-0.837030884  
-0.6536239776  
-0.6270811045  
-0.3720014028  
-0.448954159  
-0.01759163993  
-0.0634874165  
-0.07209392921  
0.0185001497  
-0.1595295553  
0.08578460587  
-0.1614425596  
-0.1163673087  
-0.2201285721  
-0.2209213313  
-0.3834787445  
-0.6599127331  
-0.5564432401  
-0.3357325777  
-0.1603133307  
-0.1385887328  
-0.1164661272  
-0.03771320216  
0.1028384141  
0.3102805516  
0.5395680235  
0.4242144923  
0.8137549344  
0.4377637142  
0.1489234347  
0.2156917718  
0.4642973819  
0.5727390147  
0.3828603173  
0.860467724  
0.9029478894  
1.186006689  
0.7920859677  
0.7982360696  
0.6226271443  
0.4396277146  
0.384178072  
0.2560870956  
0.0587567859  
-0.08255203707  
-0.1838961694  
-0.6404943405  
-0.2176188772  
-0.2829902621  
-0.1759949536  
-0.2801382214  
-0.3147471736  
-0.3256409348  
-0.2574276574  
-0.4592361544  
-0.6496176818  
-0.7907080744  
-0.7365354939  
-0.9980056428  
-0.9234728586  
-0.6794433343  
-0.268416864  
-0.2192389267  
-0.04239159066  
0.03454784996  
0.06578194743  
0.4180131798  
0.4997060958  
0.03590265239  
0.1706766907  
0.1640222261  
0.1635824386  
0.2594291773  
0.3342325347  
0.2819233154  
-0.008419274552  
0.2547471396  
0.6049563022  
0.2011906881  
0.3336259928  
0.5776925668  
0.5201917338  
-0.3493108621  
-0.5053980181  
-0.8501906901  
-0.6886547213  
-1.156231596  
-0.7314334321  
-0.6696462951  
-0.5350224843  
-0.489360858  
-0.6384358312  
-0.509292327  
-0.3463328117  
-0.3190218158  
-0.2782320554  
-0.05226313626  
-0.06495171914  
-0.4312888788  
-0.3130991272  
-0.5112258163  
-0.284893276  
-0.4637857985  
-0.3583704677  
-0.6269634921  
-0.2936781944  
-0.2748555497  
0.07157013592  
-0.07567551215  
-0.2387216678  
-0.1665660468  
-0.2168243512  
0.05217206829  
0.2223844583  
-0.05661408256  
0.4124953452  
0.1208389343  
0.07282487522  
-0.2415885545  
-0.3519767597  
-0.3992359659  
-0.7852747097  
-0.8246317265  
-0.5246480215  
-0.7337659629  
-0.5692533383  
-0.410284034  
-0.6555968674  
-0.589986798  
-0.3873221703  
-0.1420499767  
0.001575247559  
0.06085740805  
0.5194571777  
0.9768562413  
1.204005805  
1.460899183  
1.096180252  
0.4906048594  
0.27016602  
-0.461777203  
-0.976690219  
-1.336769555  
-1.380652804  
-1.316583792  
-1.042888747  
-0.9661229564  
-1.094085345  
-0.8682220612  
-1.152709537  
-0.817091003  
-0.7329473804  
-0.9520738397  
-0.8601303583  
-1.015888856  
-0.9308334365  
-1.099353094  
-0.8678711105  
-0.6984217687  
-0.82659061  
-0.6601540677  
-0.4918847302  
-0.493152006  
0.1230716427  
0.1078419774  
-0.299315577  
-0.279376779  
-0.787997856  
-0.6530836215  
-0.5034739329  
-0.2273743343  
-0.1302621235  
-0.3811949171  
-0.1284257759  
0.1232249781  
-0.1874029458  
0.03094436886  
0.3351191939  
0.2600235844  
0.2855691361  
0.3977638821  
0.6649992112  
0.4668493509  
0.3713325717  
0.4343942928  
0.3004937805  
0.1999695416  
0.09888036128  
0.1730237789  
-0.2963270703  
-0.1752995392  
-0.7369066413  
-0.4655824076  
0.04913854773  
0.03960576146  
0.07524137476  
0.02048378248  
0.2197250066  
0.2256395692  
0.2352183574  
1.011153096  
1.679140413  
2.58398327  
1.997267726  
1.683773751  
1.348405785  
1.059919968  
0.595694037  
0.4131569127  
0.6960331835  
0.4105355366  
0.1311002739  
0.09620075085  
0.04044404063  
-0.01114520913  
-0.1507871324  
-0.2343992261  
-0.290406661  
-0.3754095581  
-0.7653396064  
-0.4849323072  
-0.142177617  
-0.154640163  
-0.107490419  
-0.4193992658  
0.5750469836  
0.4634278277  
0.7831871649  
0.4459555061  
0.8352610118  
0.5058564309  
0.7481600318  
0.0215990136  
-0.3264017862  
-0.1516679672  
0.3221333751  
0.310775446  
-0.07446134536  
0.07411876701  
0.2146354546  
-0.2185742456  
-0.270995481  
-0.4344189552  
-0.4016986453  
-0.5665699827  
-0.2122256338  
-0.2867118125  
-0.5636447901  
-0.2967357621  
-0.1089082655  
0.02290163058  
-0.0004247217925  
0.1869198025  
0.3444899032  
0.6882918529  
1.034718988  
0.6591413214  
0.5920329803  
0.5691835099  
0.4129044541  
0.3467950534  
0.2631985007  
0.5002886155  
0.8337304945  
0.7813651279  
1.035407894  
1.247290775  
1.231114597  
1.360778945  
1.319869346  
0.9533483682  
0.4092641424  
0.4563588136  
-0.1384520792  
-0.2706046743  
-0.3562172299  
-0.2084225532  
-0.01222591147  
0.05418028061  
-0.06277492989  
-0.009840737384  
-0.06901651089  
-0.3225480319  
-0.0802816322  
-0.1672334999  
-0.1948974695  
0.2475651989  
0.5716227166  
0.3989519371  
1.271514011  
1.369192501  
1.227299138  
0.9662819749  
0.6285183699  
0.8186199063  
0.8790687811  
0.5525007876  
0.707548787  
0.1329488751  
0.5544587597  
-0.1234412479  
0.1815708722  
-0.1428462816  
0.03069212017  
-0.1943890856  
0.1210386802  
0.3265785506  
-0.04867788378  
0.5067448591  
0.5668522584  
0.4214541789  
0.632406125  
0.2980855624  
0.2056540087  
0.3085041819  
0.135693385  
-0.3130163508  
-0.006392063216  
0.1787076522  
0.7118158006  
0.5744788489  
0.7415869855  
0.6973786031  
0.5687661636  
0.8412001576  
0.6788218994  
0.9187637053  
0.8610726367  
0.8858888973  
0.6564304487  
0.7761005463  
0.3478740833  
0.4589095127  
0.7092951024  
0.6217516046  
0.5632476918  
0.603979128  
0.3557549737  
0.7685385879  
1.096185134  
0.9199095129  
0.4906756617  
0.7063154014  
0.7904205153  
0.3790908438  
0.4633826852  
0.7322306528  
1.068182403  
0.8811543044  
0.6511528506  
0.3437620488  
-0.07171818548  
-0.3248106818  
-0.4928000482  
-0.1202155334  
0.333894943  
0.2747415452  
0.09452040217  
0.4574171594  
0.7243410342  
0.4964598853  
0.2561188334  
0.3494343239  
0.08983986777  
-0.0686022741  
-0.2331145529  
0.2510741815  
0.4157640567  
0.239046418  
-0.006565631611  
0.05302695739  
-0.3475634806  
-0.6818258757  
-0.7594173769  
-0.7126071582  
-0.4545819247  
-0.3035572388  
-0.123955014  
0.2088112252  
0.007211503446  
-0.04269315228  
0.1687418181  
0.03006338737  
-0.3313931432  
-0.4773833379  
-0.1736622242  
0.1596518286  
0.4820744429  
0.1174403761  
0.5039913015  
0.5535630279  
0.7938791023  
0.9088592223  
1.078693694  
1.090643172  
0.8164087387  
0.2419992948  
-0.40344017  
-0.4045286621  
-0.4214142093  
-0.3397230429  
-0.4569067158  
-0.391035904  
-0.3532283509  
0.004473777593  
-0.3499973681  
0.09161756766  
0.313690837  
0.5370866986  
0.400485038  
0.4677599127  
0.4752340124  
0.2099740478  
0.1108087581  
0.6482621909  
0.7940216145  
0.7157247895  
0.5713522019  
0.6252938145  
0.3537097518  
0.7708142071  
0.7109091419  
0.533811036  
0.4040933927  
0.8237663001  
0.8850194154  
1.140993891  
0.9170019812  
0.9474594107  
1.09586655  
0.6781448223  
0.6202291708  
0.5979273487  
0.6301447769  
0.2148574155  
-0.02112323606  
0.07710136375  
0.4068934686  
0.1242313295  
-0.499325394  
-0.787604644  
-0.35707684  
0.1536208716  
0.02265195861  
0.1576276377  
0.1693473976  
0.1312668096  
0.02107600069  
0.5168854061  
0.3299390407  
0.2729539135  
0.1246558855  
-0.5370887718  
-0.829098197  
-0.9176174732  
-0.6690606094  
-0.6617327119  
-0.8450460627  
-0.796538967  
-0.5513612892  
-0.4600118851  
-0.4449156092  
-0.3621096753  
0.04437858826  
-0.2754686957  
-0.2207720142  
0.1780104151  
0.458173907  
0.2262614791  
0.4741589658  
0.7474810566  
0.6905370336  
0.3236115962  
-0.1208376784  
0.2269103571  
0.06030384858  
0.4784864726  
0.4054839521  
0.3581479239  
-0.5053954251  
-0.3917412319  
-1.017099232  
-1.177358412  
-1.102102403  
-1.206729496  
-0.4555214034  
-0.7042692175  
-0.3416924615  
-0.4793966478  
-0.2225494624  
0.08710424094  
0.2198358882  
0.6075180955  
0.8510622218  
1.596722769  
1.567729449  
1.643654754  
1.543839758  
-0.2724296463  
-0.5064723569  
-0.6349539375  
-0.5462441077  
-0.4293447513  
-0.4116956436  
-0.4093535563  
-0.6860018673  
-0.423670346  
-0.5097237877  
-0.4014455496  
-0.3512642119  
-0.23546815  
0.00618152575  
0.1789659417  
0.2039520492  
0.06286534978  
0.4520932577  
0.3930716726  
0.3296834251  
0.5407853114  
0.6573456047  
0.5541937943  
0.4441130013  
0.2182899271  
0.6112201622  
0.9420983643  
1.684174314  
0.9289515586  
0.6348638955  
0.6955477662  
0.3540516203  
0.2959778136  
0.1333758191  
-0.4219175692  
-0.9584320133  
-0.8463255453  
-0.7684765861  
-0.8157965027  
-1.169209386  
-0.8729287636  
-0.07535720845  
0.01869618068  
0.2624800245  
0.2583106488  
0.3685673948  
0.1368569533  
0.2201843419  
0.08256457128  
0.587191664  
0.4823027828  
0.646108732  
0.7488257101  
0.5534526885  
0.335285947  
0.2446724112  
0.156509936  
-0.07252882058  
-0.08214014198  
-0.4734024094  
-0.06050977748  
-0.3482608243  
-0.2072457403  
0.02095746704  
0.2156727407  
0.1231821831  
0.1224677334  
0.5801080604  
0.7102142317  
0.4935729542  
0.6427085314  
0.5990335363  
0.5179757376  
0.3881770757  
0.03759496441  
-0.08019004243  
-0.2866416026  
-0.5354685554  
-0.6442685134  
-0.4674088091  
-0.1369026426  
-0.5506623511  
-0.2921718965  
-0.2736837302  
0.3964882533  
0.7218047366  
0.1989992889  
-0.2046479394  
-0.150077531  
-0.7756060012  
-0.3409720337  
-0.303848939  
-0.7595994782  
-0.8989610022  
-1.051406285  
-1.39575705  
-1.814490331  
-1.375885912  
-1.528329821  
-0.8729880584  
-1.168915827  
-0.7740230235  
-0.6686613459  
-0.4460774215  
-0.4709722557  
-0.1141389636  
-0.0306204758  
-0.4244605186  
-0.05685156817  
0.3241532099  
0.01832245303  
-0.0720133049  
0.02685866846  
0.1246255942  
-0.1063907727  
0.004021263403  
0.006379756396  
0.349811968  
0.1679850242  
0.03353707836  
-0.1546383995  
0.167624687  
-0.2570985478  
0.05128547426  
0.1341090893  
0.2475639335  
0.3941866181  
0.2934451104  
0.3600235623  
0.6000300369  
0.4376511458  
0.1051909502  
0.465964548  
0.01154019445  
-0.04759002149  
0.06451368059  
-0.5260586538  
-0.5057545867  
-0.4336484514  
-0.4339904219  
-0.4271618701  
-0.2355972983  
0.1927196813  
0.5892629289  
0.3635328483  
0.4341427253  
0.2435019909  
0.03352854237  
-0.4476176145  
-0.596104605  
-0.6376574136  
-0.5116187608  
-0.3819735775  
-0.2364265301  
-0.1069738896  
0.2329085608  
0.09579424217  
0.3129364293  
0.702284692  
0.7710508736  
0.7050035841  
0.6256590868  
0.5007773942  
0.1821018599  
-0.4276859311  
-0.7158526078  
-0.9331360762  
-0.8456668655  
-0.574684522  
-0.1400902386  
0.08377682537  
0.2631534314  
0.206447076  
0.09359639471  
0.06095854975  
0.1554501425  
-0.1580008969  
0.04457815548  
0.1450012118  
-0.06853322161  
0.2896535031  
0.1030999979  
0.3990793172  
0.4537802075  
0.5397469849  
0.2089441356  
0.05428883052  
-0.1162504598  
-0.3937988783  
-0.7500032664  
-0.7321410981  
-0.5331792098  
-0.5861721223  
-0.5733625407  
-0.1983131043  
-0.2229417802  
-0.06338371578  
0.1152593556  
-0.001093068896  
0.02911447506  
-0.02152569843  
-0.5343956331  
-0.1937202713  
0.2195695724  
0.9100081437  
1.32032842  
0.2716148646  
-0.02525555268  
-0.3957681771  
-0.4307914367  
-0.5562853845  
-0.564928529  
-0.771342041  
-1.205129547  
-1.331642177  
-1.342897294  
-1.225863809  
-1.184450994  
-1.493532368  
-1.204708764  
-1.523154565  
-1.368061177  
-1.529903973  
-0.9299849006  
-1.145624305  
-0.7408067461  
-0.6836808632  
-0.5024295647  
-0.1898792123  
0.159667566  
-0.2437704283  
-0.1625413842  
-0.2896823065  
-0.1836781312  
-0.3493641791  
-0.5408544535  
-0.5714861641  
-1.002614947  
-0.9741913378  
-0.8235446375  
-1.05529113  
-0.7519995502  
-0.5921291143  
-0.6683016806  
-0.7030001421  
-0.5863187421  
-0.8081590286  
-0.5932505003  
-0.6711027192  
-0.5228060705  
-0.6895883685  
-0.5963384654  
-0.5348023691  
-0.2122268945  
-0.2816783169  
-0.0009072008224  
-0.3674954449  
-0.6228213002  
-0.4603473064  
-0.295542602  
-0.1736374905  
-0.4682922823  
-0.4247981075  
-0.4036644965  
-0.5040166336  
-0.3713591854  
-0.4571006202  
-0.3785211134  
-0.2972575672  
0.1866304643  
0.517082646  
0.5750398271  
0.6887644314  
0.801149745  
0.1759150924  
-0.1369113028  
-0.4908471367  
-0.9507458395  
-1.2596153  
-1.47543066  
-1.363207112  
-1.188784832  
-0.9192186703  
-0.7609059168  
-0.9441976077  
-0.7448551338  
-2.414953516  
-1.125788737  
-1.340094474  
-1.165419921  
-1.397132137  
-1.527343088  
-1.405223992  
-1.19539992  
-1.284419205  
-0.8088896482  
-1.141051767  
-1.082226221  
-1.053552329  
-1.471510529  
-1.07591478  
-0.9030660045  
-0.8826246298  
-0.8523294392  
-0.9603531884  
-0.8334612135  
-1.273312798  
-1.101807139  
-0.9680653021  
-0.6668857015  
-1.080450036  
-1.004692514  
-0.5339062411  
-0.6041723383  
-0.5520600652  
-0.8418964217  
-1.107948834  
-0.6375288264  
-0.3657137919  
-0.1455988738  
1.854956187  
1.311586221  
1.277224356  
1.080361806  
0.7624151116  
0.1169762355  
0.1846403247  
-0.4926569921  
-0.5685736377  
-0.3594183707  
-0.2167197983  
0.5070610278  
0.3573372697  
0.4107932743  
0.6912136619  
0.8599589177  
0.7156437937  
0.7057083591  
1.061086435  
1.280340473  
0.9991944001  
0.6858584369  
0.3957129805  
0.4432335088  
0.2004580013  
-0.04124082457  
0.24624469  
0.5985598091  
0.4402988803  
0.2372654922  
0.5602603174  
1.042220969  
0.9553016797  
0.9012118037  
1.145006424  
1.0727476  
1.058596169  
0.9611970857  
0.8496331974  
0.5094437235  
0.1478452336  
0.2198522747  
0.02269659474  
-0.3497911804  
-0.4356712194  
-0.1248978324  
0.1218021266  
0.1370539407  
-0.4376218477  
-0.3418324312  
-0.5160058409  
-0.197620104  
-0.06913778436  
0.2467437468  
-0.1987189615  
-0.06909400944  
-0.3225236164  
-0.4532346617  
-0.5870460035  
-0.54024043  
-0.7418031329  
-0.3698222387  
-0.3078592633  
0.1871581957  
0.6919638414  
0.5444020234  
0.4781458747  
0.7692450799  
0.4291057759  
0.3984121148  
0.3842877547  
0.3304578305  
0.6280503751  
0.4289438979  
0.6091839744  
0.8014022282  
0.8484701717  
1.198138182  
1.293524826  
1.303487055  
1.406889698  
1.410146897  
1.521569306  
1.491417735  
1.454437408  
1.433660892  
0.9670741608  
0.740069887  
0.4106682084  
0.1325701661  
0.4564095792  
0.1151300424  
0.3086225211  
0.1640008219  
0.1641210707  
0.06259844264  
0.04020009403  
0.1973305903  
-0.06181188504  
-0.1376215127  
-0.06905047742  
0.2833625897  
1.100392579  
0.9689861154  
1.294651274  
0.8664950763  
0.5540471314  
0.6012354899  
0.6103390542  
0.1004347318  
0.3423266872  
0.07215152745  
0.2995666774  
0.2526937273  
0.2554689934  
0.2499856533  
-0.0762590352  
-0.3957108576  
-0.7659217034  
-1.165230761  
-1.362017551  
-1.322916819  
-1.17307054  
-1.166177884  
-0.8412329913  
-0.72958171  
-0.4404589433  
-0.3631195432  
-0.2198142894  
-0.1183493602  
0.04187476679  
0.3726827185  
-0.07568621998  
0.01249923717  
0.2237510267  
-0.05957936685  
0.3856627593  
-0.004244832728  
-0.5500647917  
-2.812400339  
-1.901817483  
-1.27171325  
-1.106196595  
0.03091107595  
-0.2902215846  
0.289073241  
0.4014652855  
0.1024706037  
0.4552007091  
0.3761459828  
0.4350135748  
0.198485619  
-0.09735138425  
0.02070386105  
-0.1850213972  
-0.2837919564  
-0.3177032443  
0.1325701415  
0.5020087793  
0.7413940792  
0.5365579246  
0.7194567667  
0.8652334256  
0.6384737433  
0.8628184195  
0.7107886284  
1.013413421  
1.563946504  
1.303681236  
1.126221467  
1.218748459  
1.359075314  
1.04398774  
0.6087808109  
0.4808959869  
0.5724965613  
0.1802797939  
0.2347670996  
0.1389782327  
0.5999462563  
0.8060576475  
0.7545268794  
0.4083189245  
0.8252382964  
1.097980727  
1.086934289  
1.257290705  
1.042038285  
1.123387862  
1.358186767  
1.259585144  
0.7925422913  
0.9072750674  
0.8688077243  
0.4674147549  
0.4759966037  
0.2586776114  
0.5038700205  
0.2894064159  
0.4218274315  
0.4640446314  
0.02885792145  
0.5780188544  
0.7596406729  
0.7243635312  
0.8563164647  
1.146224306  
0.8950884736  
1.196618155  
0.9178466658  
1.043500161  
0.8049564347  
1.068795638  
1.026640881  
1.2780053  
1.279896682  
1.326525861  
0.8771233694  
1.055826913  
0.5605327542  
0.5995481069  
0.6979024067  
0.8935862754  
0.4162659437  
0.6112044444  
1.242469383  
1.038683769  
1.05452701  
1.039116296  
0.1926110426  
-0.03328547257  
-1.009795191  
-2.644338053  
-0.7375943403  
-0.8974981766  
-0.5639736102  
-0.6826205675  
-0.132918107  
-0.2080819966  
-0.1203373377  
-0.07213297916  
-0.07744492362  
1.200571617  
0.734387152  
0.6263262508  
0.8958881212  
0.8572526168  
0.4899586747  
0.1886163902  
-0.3042693034  
-0.658187424  
-1.079042975  
-0.5065382747  
-0.07809177776  
-0.1597419577  
0.2093817873  
-0.1216327457  
0.2642722172  
0.485690213  
0.803507853  
1.035146794  
1.202907296  
1.320773915  
0.998728976  
1.027201679  
0.544264525  
-0.0610122962  
-0.1294101669  
-0.5223606052  
-0.7399953444  
-0.3163246201  
-0.6705127455  
-0.2930952799  
-0.2999455499  
-0.1573630412  
-0.6151544798  
-0.656923034  
-0.3647968132  
-0.5578065403  
-0.3475569346  
