-0.6293232918  
-0.9764419409  
-1.032053572  
-1.235587925  
-1.288143307  
-0.9428520041  
-0.7623663362  
-0.5953603276  
-0.6738838463  
-0.6200342161  
-0.6773094881  
-0.4860716936  
-0.677550843  
-1.048846673  
-0.9090899095  
-1.124621675  
-0.9199302566  
-1.139075243  
-1.1835283  
-1.092254967  
-0.8117667943  
-1.016688013  
-1.016226374  
-0.9634156884  
-0.8878330049  
-0.403844882  
-0.3241559491  
-0.582595522  
-0.3342231766  
-0.1809324026  
-0.2692801043  
-0.6231418712  
-0.5616403004  
-0.7487784524  
-0.8441632592  
-1.106343118  
-1.223333115  
-1.096301122  
-0.8663852585  
-1.016048208  
-1.218559099  
-1.084326656  
-0.6888824891  
-0.8930288461  
-0.8155088208  
-0.4418851453  
-0.4575236225  
-0.2070905266  
0.02038312091  
-0.1170761118  
-0.237790577  
-0.7194300968  
-1.159009528  
-1.503562955  
-1.589714959  
-1.513666079  
-1.946476345  
-1.664755275  
-1.19542256  
-0.8335853977  
-0.6277976639  
-0.002354910582  
0.05278575095  
-0.008447111844  
-0.0152740561  
-0.197694877  
0.006919631423  
-0.07545110751  
-0.1317971844  
-0.1573990177  
-0.06278345186  
0.2310772602  
-0.04896032213  
-0.3720810339  
-0.7449994259  
-0.7931581055  
-0.9832618911  
-0.9834394505  
-0.8174644722  
-0.8639207928  
-0.4250188628  
-0.5038370747  
-0.5537741544  
-0.6259251845  
-0.7135558951  
-1.110326605  
-1.066083117  
-1.055516738  
-0.999296505  
-0.9216699436  
-1.087506535  
-1.254449277  
-0.6797124705  
-0.7117771928  
-0.7061500999  
-0.7415235905  
-0.6999367841  
-0.4343199475  
-0.5109021861  
-0.5046159122  
-0.4437645853  
-0.2605166619  
-0.1369991687  
0.04034874507  
0.1394154901  
0.1138239913  
0.54043466  
0.2845935148  
0.1995035658  
-0.1470425719  
-0.638498792  
-1.225059152  
-1.388738767  
-1.682023633  
-1.387514313  
-1.434924089  
-0.9499013992  
-1.030277216  
-0.86700833  
-0.9549317711  
-0.8455111737  
-0.9438155239  
-1.143634568  
-1.122422215  
-0.6416386035  
-0.6796900654  
-1.033630127  
-0.9250373237  
-0.7136411445  
-0.5353527624  
-0.7848522454  
-0.8482248694  
-0.9832871166  
-0.7234671489  
-0.7031892371  
-0.7522373403  
-0.5339315708  
-0.1392134738  
-0.04999811818  
-0.457097464  
-0.2000709004  
-0.0727965416  
0.1840596696  
-0.08917075787  
0.02028569406  
0.1581599952  
-0.115954157  
-0.466382955  
-0.7960129109  
-0.9598630681  
-0.5958389532  
-0.3038470135  
-0.1661405951  
0.07698305369  
0.1358053921  
0.2449507891  
-0.03044275974  
0.04394737605  
0.05811934346  
-0.1474128206  
-0.1462535743  
0.1246461871  
-0.09790608592  
0.007584250622  
-0.1677242354  
0.0001779698064  
0.1809797882  
0.1933695033  
-0.0646511033  
-0.03595782529  
0.3746184379  
0.1129251169  
-0.2511030072  
0.02440433727  
0.134574705  
-0.1887011836  
-0.2814835675  
-0.4926522959  
-0.03391206505  
-0.6639054689  
-0.8863459961  
-0.902402542  
-0.7480329637  
-0.6341348715  
-0.6314329459  
-0.9204218576  
-0.8440974565  
-0.6173225941  
-0.7802473221  
-0.9203221321  
-1.089942906  
-1.005031006  
-1.113807253  
-1.328963215  
-0.8336644616  
-0.8867360698  
-0.9070350327  
-0.8459195624  
-0.7107205861  
-0.6597371154  
-0.6776560473  
-0.8248036164  
-0.714383577  
-0.4471199091  
-0.618554979  
-0.4881706034  
-0.1700329713  
0.3089316945  
0.6049486373  
0.405735836  
0.7414335336  
0.5032216706  
-0.05733792485  
-0.2119412467  
-0.7558591739  
-1.133866051  
-1.599657944  
-1.447082957  
-1.654981217  
-1.442478837  
-1.036825505  
-0.7937396926  
-1.050493224  
-0.8450219825  
-0.5292940394  
-0.3563529725  
-0.5044062056  
-0.791578053  
-0.833506796  
-0.8368175664  
-0.579836315  
-0.4679794755  
-0.2311564268  
-0.2561517735  
0.0110338743  
0.1287874358  
-0.1353845318  
-0.5711712858  
-0.5632653272  
-0.5182104799  
-0.9986355954  
-0.7533749197  
-0.6307735193  
-0.6020061164  
-0.07813495718  
-0.2062564715  
0.05964949244  
0.3289292514  
0.05776273373  
0.2899153133  
0.3728198683  
0.573701059  
0.3372125789  
0.4509430157  
0.6169754662  
0.4388558752  
0.4585516322  
0.4977433748  
0.1826437717  
0.005474638792  
-0.2609607621  
-0.1903945288  
-0.07440260672  
0.416745398  
0.1311837925  
0.2087642338  
0.0857031483  
0.2351575118  
0.1968639606  
-0.1118851435  
0.234396198  
0.2979845946  
0.1340344716  
0.4129860123  
0.4603242162  
0.6703650601  
0.7871254428  
0.7966613561  
0.999838982  
0.7033496429  
0.4621158358  
0.3494725952  
0.1457950731  
0.0986839356  
-0.09921309856  
-0.0775824044  
-0.2434740647  
-0.03016226533  
-0.3364195527  
-0.137904374  
0.1221037196  
0.2327430437  
0.3523284171  
0.2446363748  
0.7960753724  
0.7007792779  
0.8604675039  
0.6448106844  
0.9101490957  
0.7016420295  
0.8331263036  
1.027340611  
1.597027146  
1.803066509  
2.561826924  
1.072645665  
0.7738126737  
-0.04136160166  
-0.2991219731  
-0.2674350049  
0.1719221478  
0.1753919566  
0.2005860281  
0.07679400579  
-0.1425516822  
-0.5991970689  
-0.8326496276  
-0.5325680845  
-0.1567803635  
-0.001396005885  
0.0031786507  
0.01809411645  
0.5956949198  
0.7377552072  
0.700815284  
0.414112985  
0.6731579904  
0.5988947506  
0.5893850662  
0.497575665  
0.5334365302  
1.04276957  
1.410101243  
0.9538615194  
1.181797387  
0.8641165462  
1.197868214  
1.721284416  
1.165115748  
1.361527806  
1.45260712  
1.290811307  
0.9954318695  
0.9846929937  
0.6530369215  
0.6199174777  
0.4880859162  
0.8508067965  
0.8524417616  
0.9791756469  
0.5732374778  
0.6936361379  
1.055935236  
1.207778327  
0.8564770118  
0.8142160964  
1.126925744  
1.209318683  
0.8812438016  
0.6783379924  
0.8692044374  
1.068711642  
1.41884419  
1.72350994  
1.648587269  
1.715052666  
1.656057233  
1.639722819  
1.125241319  
0.8225784014  
0.6178871754  
0.1422249068  
-0.2756064541  
-0.6353402126  
-0.5242943108  
-0.4264650678  
-0.4390238965  
-0.3975523707  
-0.2006349324  
-0.137841092  
-0.03101984191  
-0.1081230246  
-0.1042205225  
-0.2535319638  
-0.05827451333  
-0.04646566465  
0.2185139499  
0.439652642  
0.5886809624  
0.6229880289  
-0.09232032274  
1.054501262  
1.19683224  
-0.08318851308  
-0.1630720488  
-0.4950610063  
-0.1916950585  
-0.3993871197  
-0.2540570651  
-0.707958271  
-0.7004053612  
-0.6770511266  
-0.5688195115  
-0.8360441654  
-0.4972488599  
-0.3690785385  
-0.1333591443  
-0.3567537984  
0.1832207787  
0.4119614702  
0.6239033578  
0.4997772729  
0.4015552435  
0.08929955792  
-0.1053085147  
-0.1643359049  
-0.5649985355  
-0.4447791898  
-0.539488264  
-0.1650296952  
0.03500758183  
0.5419504184  
0.6052736897  
0.358544926  
0.3466148973  
-0.0471673778  
0.3883675197  
0.6668734108  
0.341372889  
0.6502276957  
0.7002732463  
0.898562264  
0.8265168644  
1.108434301  
0.781860799  
0.877135646  
0.7499492727  
0.4956991728  
0.3100916705  
0.1142025205  
-0.4685053472  
-0.5899168149  
-0.5208242606  
-0.1187616688  
-0.459314577  
-0.1897951919  
-0.5485812938  
0.1704808654  
0.2533325619  
0.400283811  
0.1504112661  
0.4707483112  
0.5170898343  
0.4976598323  
0.8214411692  
1.02345022  
1.448530646  
1.778751106  
1.512766016  
1.332389052  
0.6751579928  
0.1510462719  
-0.5751558517  
-1.094319448  
-1.140692807  
-1.201278717  
-0.8145470201  
-0.7420495342  
-0.4590368421  
-0.1339929302  
-0.1100541073  
-0.02500494238  
-0.02777387727  
-0.2767365398  
0.1085706733  
-0.4626209112  
-0.2529925463  
-0.2668571914  
-0.2824091311  
-0.1106583586  
0.2002340107  
0.5264841395  
0.524708341  
0.2652829856  
0.6490174568  
0.8601468558  
0.8438815977  
0.7883640947  
0.7327609031  
1.000601866  
1.311953254  
1.269604436  
1.101548997  
0.938209742  
0.8591066962  
1.014518441  
0.7799383563  
0.4045173012  
0.4819754086  
0.5602112936  
0.6766566489  
0.5677841266  
0.345172611  
0.2021247362  
0.7895893496  
1.028435915  
1.117232725  
1.117093362  
1.391950031  
1.451201055  
1.29516947  
1.412001904  
1.030821531  
0.7774843037  
0.586006037  
0.5448482405  
0.3207265093  
0.4949787314  
0.5669351535  
0.4102959425  
0.6600314199  
0.48295512  
0.6678187898  
0.8882941216  
0.4768260918  
0.5179014688  
0.2207424597  
0.3893027974  
0.3222589035  
0.3958268059  
0.5235836086  
0.07604678622  
-0.1419493657  
-0.2333042438  
0.04115514821  
0.2123703259  
0.1185303119  
0.2836695932  
0.6314773206  
0.9140819816  
0.4023685535  
0.9436150773  
1.162771923  
1.834070985  
1.604593201  
1.80099555  
1.382019207  
1.064539629  
0.6563096698  
0.6180148544  
0.7383313824  
0.5013356657  
0.2553320843  
-0.2977221583  
-0.8448692628  
-0.8206116839  
-0.8564096553  
-0.848343465  
-0.4842241783  
-0.5640735857  
-0.3566211441  
-0.2560330971  
-0.4209284448  
-0.112491443  
0.02640012928  
-0.1944703837  
-0.3787100554  
-0.528713543  
-0.3976205628  
-0.3795447841  
-0.2902826504  
0.3944127652  
0.8699275336  
0.739556089  
0.5018605449  
0.5730114505  
0.8009693276  
0.619230983  
0.5903614293  
0.5223779456  
0.2585830323  
0.1556869544  
-0.2899843274  
-0.3678317791  
-0.4372210986  
0.01531580994  
0.126951796  
0.4884756899  
0.8193662185  
0.9077510568  
1.101659808  
1.102965445  
1.410180334  
1.34029622  
1.570557634  
1.682324673  
1.842162014  
1.685217474  
1.554571741  
1.625012372  
0.7531533118  
0.7389178171  
0.8679824627  
1.039874022  
1.273886888  
1.234294301  
1.080282827  
0.6654249868  
0.4854965384  
-0.1906450819  
-0.3844053483  
-0.4898838994  
-0.2417447522  
-0.1594526203  
-0.02423866986  
0.1284514265  
0.2917669254  
0.4425148282  
0.6504150401  
0.6763235872  
0.4189588392  
0.2271991809  
0.5567827597  
0.08196821601  
0.02457710727  
0.08341570785  
0.7086726346  
1.124457412  
0.5028266103  
0.467691794  
0.1705689799  
0.2999830354  
0.7011954895  
0.8327619372  
0.4928746921  
0.05672446362  
-0.1693500821  
-0.4397658983  
-0.5864613848  
-0.7036241896  
-0.818033095  
-0.5503465556  
-0.3329741949  
0.04451572738  
-0.01935558039  
0.6527194008  
0.5755916443  
1.015035766  
1.049153867  
1.308206061  
1.240106768  
1.387085815  
1.508319786  
1.430449714  
1.269753275  
0.8900083442  
0.2350776852  
0.2263865742  
0.2804222449  
-0.2243507763  
-0.1530985473  
-0.2385755946  
0.1286478914  
0.3629043107  
0.2274200981  
0.3581251886  
0.4126648268  
0.5949909117  
0.5377440353  
0.4519880204  
0.5786774675  
0.6260165733  
0.6331343273  
0.2767864661  
0.3707319191  
0.5071874066  
0.3072176269  
0.3443792386  
0.4458052073  
0.366622163  
0.6286802974  
1.197281263  
1.255892245  
1.138031268  
1.403605948  
1.237761335  
0.56068783  
-0.1442549538  
-0.3216818022  
-0.227885647  
0.1142979444  
0.3856266245  
0.1739591954  
-0.3468854909  
-0.591807318  
-1.138343808  
-1.851685787  
-1.852119675  
-2.029948241  
-1.659521708  
-1.153669394  
-0.841788832  
-0.5056552189  
-0.6933624375  
-0.8773655516  
-0.9090952955  
-1.173552562  
-1.24734466  
-1.495634887  
-1.440845697  
-1.352781164  
-0.858137208  
-0.9910731287  
-0.7155777104  
-0.3252140873  
-0.3736857099  
0.3022196747  
0.416769004  
0.6669390802  
0.7625271082  
0.7019793184  
0.5156315522  
0.3347961269  
0.2656533953  
0.02804890294  
0.2333371543  
-0.09481684305  
0.1733245496  
0.01381535285  
0.2825279581  
0.0768884158  
0.171349811  
-0.08595279682  
0.2118999074  
0.3526944762  
0.3067636525  
0.1198253185  
0.2972346801  
0.2252798207  
-0.2179052477  
-0.1310023661  
0.164774459  
0.7440699122  
0.6452031174  
0.4797206491  
0.5628200797  
0.4772610641  
0.4143752175  
0.08994254672  
0.09508639739  
0.1875397237  
0.1600987368  
0.1821159294  
0.235082542  
0.5932868678  
0.3011435981  
0.1508804683  
-0.09523720748  
0.04868045625  
0.1283266722  
-0.1276286178  
-0.2439887973  
-0.06951623724  
0.3319899694  
-0.04009246317  
0.1398349376  
0.1473498319  
0.4931389645  
0.7530939908  
0.8493329014  
1.057834615  
1.107451459  
0.7909798046  
0.5380952531  
0.2619703272  
-0.08501780695  
-0.485664083  
-0.1561100847  
-0.2033317001  
-0.2012808698  
-0.2276730828  
-0.2775580356  
0.007968206663  
0.3036156067  
0.802255799  
0.630418313  
0.6588540887  
0.8812683826  
0.372056951  
0.2311007975  
-0.2177487954  
0.09302745597  
-0.02436233864  
0.01453872597  
0.2532253713  
0.3025426725  
0.653772152  
0.3683916559  
0.835731724  
0.8222866191  
0.9968959509  
1.033761414  
1.102499495  
0.7787622958  
0.8530555687  
0.7224888322  
0.06794002161  
-0.2169959204  
-0.3741249175  
-0.6979113696  
-0.2359139981  
-0.02343831526  
-0.3167049866  
-0.7898746711  
-1.102503811  
-1.321392416  
-1.476452792  
-1.480122541  
-1.634938398  
-1.384831503  
-1.394579778  
-1.235551556  
-1.194046661  
-1.253313931  
-0.8643219156  
-0.3908083806  
-0.7764149688  
-0.7220126566  
-0.4384589265  
-0.1507868451  
-0.2337884376  
-0.3036502607  
-0.4743618424  
-0.1921991205  
-0.3355412667  
-0.0341909175  
0.2940606512  
0.118696095  
0.1845718901  
0.08541380955  
-0.0008288110027  
0.09368886454  
-0.02115508357  
0.1403313965  
0.4307026581  
0.7747890879  
0.5012384425  
0.521292108  
0.3695047491  
-0.1409562164  
-0.4864710089  
-0.7587673009  
-1.056586998  
-0.7375836645  
-0.4546578659  
-0.1869662296  
-0.2818603866  
0.03715790372  
0.1509468564  
0.2562189999  
0.4490780888  
0.09662215169  
0.2969338175  
-0.009644110165  
0.07823501377  
0.009935470126  
0.1458490455  
-0.1246312926  
0.221681638  
0.879038029  
1.317250169  
1.095399011  
1.593778007  
1.715335588  
1.14189524  
0.6054121005  
0.528380263  
0.4558362754  
0.3675272067  
0.5309528654  
0.4222943814  
0.6328900935  
0.9537368554  
0.8455388723  
0.9691555889  
1.025323255  
0.369632417  
0.6510124565  
0.2915382639  
0.3075655148  
-0.7389710051  
-1.263442565  
-1.455966548  
-1.152337839  
-0.4865973572  
-0.5012905071  
-0.4335084447  
-0.1409731  
-0.1212059421  
0.08478420708  
-0.004232987514  
0.01485405849  
-0.1167073038  
-0.04302144508  
-0.2620749572  
-0.5698710253  
-0.8701847259  
-0.8400336661  
-0.2546520696  
0.150637458  
0.2988421171  
0.5672233128  
0.4994123276  
1.091282299  
1.214570802  
0.644974688  
0.3643700377  
0.2019174882  
0.1858075839  
0.241075957  
0.7765054949  
0.726138323  
0.3736864857  
0.2314359902  
0.02960310861  
0.2895902851  
0.005906300155  
0.01694983459  
-0.04703729661  
0.2686221716  
0.2334901882  
0.1144614829  
-0.06574197227  
0.05090172335  
-0.1097206357  
-0.6014028889  
-0.9237735721  
-0.654127927  
-0.4238056793  
-0.369651268  
-0.1164364116  
-0.1547586957  
-0.1245452252  
0.1361585986  
0.1571047783  
0.5053010023  
0.7073823283  
0.5351047831  
0.644687223  
0.6363763086  
0.8055701592  
0.9830397999  
1.22871058  
1.114776433  
1.016584669  
1.100416716  
1.057029781  
0.6790515273  
0.6587345224  
0.2722426551  
-0.05662068044  
0.4158115997  
0.7064837236  
0.3858582028  
0.2684178145  
0.7215860529  
0.857215629  
0.4967897983  
0.4347523744  
0.01432240567  
-0.0120148863  
0.2080457294  
0.263972748  
0.01331889051  
0.6262269309  
0.6051324242  
0.189630648  
-0.1943944232  
-0.2953474899  
-0.5168774555  
-0.3037882472  
-0.2407023278  
0.09190015869  
-0.09211988145  
-0.1845668872  
-0.08808567573  
-0.2444532048  
-0.0900273781  
-0.0096435519  
0.01724258053  
-0.006174037636  
0.1734101129  
0.2451373423  
0.1083048761  
0.2641471126  
0.3859853962  
0.06284638782  
0.1276464074  
0.3131772301  
0.5829022801  
0.5743029382  
0.3244369829  
0.6982676889  
0.9660310729  
1.051849546  
0.6458987575  
0.398696948  
0.3140953816  
0.4306722274  
-0.07034281342  
-0.00189328507  
0.138618561  
0.4533285129  
0.4531719455  
0.3104122418  
0.2972611535  
-0.08405664948  
-0.2983498169  
-0.8503468955  
-0.6524218867  
-0.6120429984  
-0.5791498282  
0.07480012015  
0.1757554495  
0.1457583847  
-0.3145262574  
-0.07923851328  
0.1428178255  
0.02819897304  
0.1345254152  
0.1726795836  
0.03220142562  
0.09732474077  
-0.2928155295  
-0.6981649999  
-0.7295517519  
-1.276448061  
-1.775989657  
-1.792821146  
-1.4355389  
-1.304385198  
-0.9459526222  
-0.7279322213  
-0.7193091406  
-0.3735706609  
-0.2698436725  
-0.00267187312  
0.06450217515  
0.3853147739  
0.5003645148  
0.7669977703  
0.8418990499  
0.5876634145  
0.5184707392  
0.7997563787  
0.6586746012  
0.795631891  
-0.1050010153  
0.1563988531  
-0.5745977748  
-0.2953617394  
-0.223922498  
-0.9988096596  
-0.4117313232  
-0.9320986532  
-0.9747552781  
-0.7113113366  
-0.7142650963  
-0.5337647594  
-0.7170826729  
-1.20058235  
-1.049079812  
-0.9377292732  
-0.9648518121  
-0.8240235173  
-0.4243268359  
-0.4585256148  
-0.3180535806  
0.3290024574  
0.5885297484  
0.5754657313  
0.2134203039  
0.1844773705  
0.1761424221  
0.4669198106  
0.1633591135  
0.6635043846  
0.9263998445  
1.062166528  
1.179135762  
0.9723129164  
0.7050859913  
0.5780599592  
-0.04821819606  
-0.517924838  
-0.7736865514  
-0.8444366381  
-1.240320286  
-0.8775353649  
-0.8760692643  
-0.6596386323  
-0.8929668946  
-1.227925976  
-1.362798694  
-1.189992639  
-1.019664168  
-0.8371682564  
-1.017618061  
-0.5245909312  
-0.1335536322  
0.03455754112  
0.3106255734  
0.6925041862  
0.763571226  
0.4903274552  
0.270862746  
0.4984567589  
0.3348579661  
-0.1949919324  
-0.3679532482  
-0.5081670467  
-0.4924445355  
-0.293516285  
-0.2560119283  
-0.02779494231  
-0.2636365905  
0.1253215209  
0.03301448136  
0.120725814  
0.01791431085  
-0.1603868134  
0.1604292548  
0.6362422964  
0.8450368642  
0.8147162755  
0.9802699238  
1.20245338  
1.254167504  
1.029012372  
1.086367861  
0.8386831509  
0.5479054173  
0.06948763912  
0.4547183453  
0.5430846609  
0.7848879103  
0.9326971952  
0.4784051341  
0.8001163303  
0.179892435  
-0.2955969729  
-1.065315464  
-1.523846673  
-1.076604496  
-1.15105764  
-1.319160317  
-1.538180509  
-1.370198948  
-1.261033462  
-1.053144289  
-1.104332298  
-0.4641558798  
-0.1041586169  
-0.3256312675  
0.2056450151  
0.144227056  
0.01277113792  
-0.1849357262  
-0.3218145001  
-0.7862535443  
-1.464005434  
-1.488599639  
-0.9348102349  
-0.5818784933  
-0.7770802145  
-0.8174652461  
-1.012997224  
-0.9936760363  
-0.9735779854  
-0.9905232554  
-0.5202274558  
-0.3167927214  
-0.408860598  
-0.6961987112  
-0.6387801053  
-1.182880298  
-1.57336774  
-1.585925275  
-2.072387599  
-1.518999958  
-1.116349802  
-1.224214267  
-0.9706711887  
-0.9928962828  
-1.235496421  
-1.509644926  
-1.604945988  
-1.901374624  
-1.630187929  
-1.39666839  
