1.14952538  
0.7379316978  
0.4372600994  
0.3505487721  
0.124302651  
-0.0281084581  
-0.05030478815  
0.4162682409  
0.1956593281  
0.3181006972  
0.1476470916  
0.1307373732  
0.5853009249  
-0.08476299634  
0.6532439606  
0.4893904276  
0.5734499855  
0.4039750474  
0.1884372304  
0.2610638496  
0.4987652915  
0.4639125373  
0.03472419448  
-0.07933654842  
-0.09987376601  
-0.2831046561  
0.2176859952  
0.006026494809  
0.379957268  
0.5757372519  
0.8122540549  
0.7884379315  
0.6657940523  
0.7068517505  
0.5135286077  
0.3921991084  
0.5532923776  
0.2257320939  
0.5366487769  
0.9690800076  
1.334708132  
1.371629573  
1.364012035  
1.573640751  
0.9956732051  
1.237989522  
0.7251119341  
0.9930933782  
0.5854880649  
0.4721344998  
0.5515839194  
0.0911636968  
-0.1796302768  
0.2672714026  
0.1659885617  
-0.1778880853  
-0.135894695  
0.1949114015  
0.08441242783  
0.2055528889  
0.1570538223  
0.0174720995  
0.3055922138  
0.4114564863  
0.1540841146  
0.5099216268  
0.7414083311  
0.8689660794  
0.4340293981  
1.001391702  
0.4976416919  
1.517337828  
1.32982379  
1.185526585  
0.7486418087  
1.286202043  
0.4908184422  
0.4646055965  
-0.0418549273  
-0.4873657174  
-0.953334071  
-0.9576604807  
-1.033194814  
-0.3342285109  
-0.1818551931  
-0.02463259294  
-0.06810046415  
-0.3613547413  
-0.3237273853  
-0.1743158378  
-0.1961790118  
-0.3844648969  
-0.4155098307  
0.067973526  
0.06560465169  
0.04851210418  
0.1328409422  
-0.0594982373  
0.2560311937  
0.1620145097  
0.1690615801  
0.118088627  
0.1005618466  
0.5175868081  
-0.1479605148  
0.2041714436  
-0.07608223988  
0.3805355523  
0.1605646411  
0.2405854094  
0.9601314053  
0.988374074  
1.669308074  
1.225214055  
1.073561745  
0.7422474386  
0.4548953576  
0.7346953446  
0.3025877823  
0.5134675345  
-0.1734664516  
-0.2618315414  
-0.5445695601  
-0.5560569077  
-0.1089650439  
-0.8028236997  
-1.271708073  
-1.157777907  
-1.148058594  
-1.239061743  
-0.4998861874  
-0.5581721953  
-0.6146788309  
-0.1421204612  
0.1029346054  
0.8862592074  
0.03747088757  
0.2989482437  
-0.03506589097  
0.2397381665  
0.4613755847  
0.6336635844  
0.06083909173  
0.383063167  
0.5400942394  
0.7476731304  
0.2938982817  
0.2484963793  
0.2679582021  
0.5680932935  
0.4856694334  
0.8044182941  
0.701152951  
0.7145268355  
0.09970078759  
0.4154232587  
0.5632461847  
0.2812997501  
0.1256648726  
0.01549233978  
-0.09830833206  
0.04147126606  
0.1124085016  
0.2563234354  
0.6799550941  
0.7207420337  
0.7073050121  
1.00365467  
1.595628241  
1.470835641  
1.239357986  
1.122665  
1.154283152  
0.5020806989  
0.9017246246  
0.221829023  
0.6665247895  
0.4576370195  
0.3508704858  
0.7423458815  
0.6393525028  
1.059066277  
1.052975124  
0.6433282628  
0.561156011  
0.3416544493  
0.3910614013  
0.411148371  
0.5113897452  
0.4683785651  
0.3301329223  
0.4318592113  
0.4373766728  
0.44354354  
0.1086788322  
0.560913851  
-0.404666077  
0.1269930396  
-0.1097091124  
0.01146719288  
0.4065886441  
0.4031813231  
-0.01670241274  
-0.3533452235  
0.5432532958  
0.04669581068  
0.518645067  
1.056754546  
1.160944114  
1.142221032  
1.153792316  
1.040615341  
1.524704837  
0.9211774516  
1.46407057  
1.296859487  
1.260752651  
1.370266316  
1.186666753  
0.8578974572  
1.29662645  
0.7257741801  
1.050557513  
0.9551085888  
0.1717402404  
0.8724971013  
0.6545160719  
0.5072040469  
0.1193672147  
-0.008730153735  
-0.4228245113  
-0.2112572032  
-0.7623914069  
-1.058387967  
-1.017656647  
-0.4440635174  
-0.2811804098  
-0.329569919  
-0.1790377845  
-0.4266809084  
-0.3415850923  
-0.5743653902  
-0.3314624495  
-0.7050575582  
-0.1504268368  
-0.1772201556  
0.5569634715  
0.787999734  
0.6073364908  
0.04428093499  
0.4381305319  
0.4262068939  
0.3321570027  
0.2484005258  
0.1586181631  
0.3565317255  
-0.07437336152  
0.2743031722  
0.3580800601  
0.1527156724  
0.3278577586  
0.4264103191  
-0.04509350725  
0.4278736118  
0.08882429578  
0.137688485  
0.1684343905  
0.3739447102  
1.083553586  
1.205674661  
1.919323518  
1.63295088  
1.027060271  
0.9655614496  
1.11844843  
0.7343349598  
0.2698672859  
0.3276449823  
-0.3536762018  
-0.3904616393  
-0.5467747817  
-0.05942206117  
-0.09770039611  
-0.3480938689  
-0.1967378929  
-0.1449978623  
-0.5019294539  
-0.4518420318  
-0.07145230912  
-0.1662802664  
0.1685253573  
0.528096436  
0.316661008  
0.9423467493  
0.7171880327  
0.4795926346  
0.3732856006  
0.8326901968  
1.061442287  
0.7793990746  
0.3554051179  
-0.5899260332  
-0.8785373744  
-0.3811914932  
1.033523037  
0.6298846799  
0.7406858933  
0.5982446142  
0.9649013318  
0.4144913562  
0.1686304596  
-0.2271461252  
-0.3667755603  
-1.088404672  
-1.541233977  
-2.155029888  
-2.141180543  
-2.165415583  
-1.531328833  
-1.617682923  
-1.198515396  
-1.140921521  
-0.6865510581  
-0.4055600533  
0.2544675123  
-0.3479268723  
-0.3508334417  
0.06247628983  
-0.3435001877  
-0.1098389109  
-0.2639195758  
-0.5927406005  
-0.5543197474  
-0.641519807  
-0.4843993135  
-0.1643303824  
-0.8221400652  
-0.2655031132  
-0.8090763593  
-0.9305781576  
-0.5541980499  
-0.08032723585  
0.2825681275  
-0.02239162105  
0.1939476444  
-0.276206326  
-0.3901723934  
-0.2024799625  
-0.0463599722  
0.2500255012  
0.6042875644  
0.3639900344  
0.6341570527  
0.5775412964  
0.5528093873  
0.2914859687  
0.6870375108  
0.4647695738  
0.4556452161  
0.1508836487  
0.3170422097  
-0.2346955263  
-0.0635300872  
0.3542966868  
-0.1083535736  
-0.5507477924  
-0.5448275945  
-0.4585974511  
-0.1709932186  
-0.1361365199  
0.4231705023  
-0.4341526436  
-0.3881702658  
-0.4122884089  
-0.8397538575  
-1.076278295  
-1.499328979  
-1.548121702  
-1.158282803  
-0.8888250605  
-0.453321177  
-0.4833765692  
-0.7559396545  
-1.436903243  
-0.756545607  
-0.537172416  
-0.6565837622  
-0.6933770282  
-0.3005495034  
-0.4712163685  
0.07983317556  
-0.03599067314  
0.1339597932  
-0.3283269943  
-0.01717617617  
0.01140389151  
-0.03690710396  
-0.2202992869  
-0.3644473293  
-0.7193476238  
-0.6794645565  
-0.3640171001  
-0.3319181973  
-0.5187656369  
-0.7024663712  
-0.5646220284  
-0.7350626011  
-0.5600610766  
0.1662221742  
-0.0382240697  
-0.2641504571  
0.2177923322  
0.3344702427  
0.640453758  
0.5698459588  
-0.1500386918  
-0.7508694911  
-0.6939555868  
-0.4474233999  
-0.4944865887  
-0.5132765662  
-0.6416156105  
-0.4636597505  
-0.3738626545  
-0.0369569884  
0.4298139568  
0.2522926135  
0.1550662946  
0.07892813236  
0.1017533255  
0.323511866  
0.4328690718  
0.3591781068  
0.3029270762  
0.689844197  
0.253082377  
0.3411461045  
0.3206892572  
-0.1614417372  
-0.3047616997  
0.218006859  
0.1033983367  
-0.1009002967  
-0.06212939306  
-0.3882401602  
-0.1545710225  
0.1319766444  
-0.08622318059  
-0.1610351566  
-0.645013135  
-0.02227961833  
0.5722476184  
0.5173187824  
0.596907937  
0.9933935899  
0.7909337054  
1.20504785  
1.142393538  
1.055621104  
0.9793298564  
0.2522717735  
0.6024209978  
0.1494768123  
-0.08909913523  
-0.2953063663  
-0.2777899273  
-0.9827134846  
-0.9610955034  
-1.389915989  
-1.226654094  
-1.110138713  
-0.7743017059  
0.1205412802  
0.1299214276  
-0.07011715128  
-0.4505961813  
-0.1437840171  
0.3928307334  
0.3100295592  
-0.05940188672  
-0.7770644958  
-0.8511382769  
-0.6671375893  
-1.008206367  
-1.108543706  
-1.369956706  
-2.225862635  
-2.005883809  
-1.855856774  
-1.405822998  
-0.9666405074  
-1.574307633  
-1.228065368  
-0.885019015  
-1.015260864  
-0.1741163414  
0.1916859722  
0.07164782773  
0.2951199759  
-0.0851688728  
-0.2252098058  
-0.3742822928  
-0.6305388878  
-0.8187204614  
-1.107307372  
-0.8577299165  
-0.8025284514  
-0.1749655438  
0.04838848182  
-0.2439869178  
0.2532697239  
0.1857064598  
0.3875675411  
0.2273561523  
0.4523348105  
0.62870721  
1.171492241  
0.2169690058  
0.3319475232  
1.225476331  
1.637429005  
1.759574078  
1.683384889  
1.225267187  
0.6269613758  
-0.1295896497  
-0.3434963367  
-1.00549291  
-1.468451271  
-1.396788566  
-0.6931905676  
-1.038631861  
-0.8866783392  
-1.431390758  
-1.191137892  
-1.115293245  
-1.241285315  
-1.063542181  
-0.6723941494  
-0.1471474278  
0.07352632302  
0.09962214642  
0.3340132705  
-0.3894205775  
-0.07842195258  
-0.238065622  
-0.02177985347  
-0.3482314587  
0.3792599985  
0.09160398544  
-0.1321347835  
-0.5111011617  
-0.6309408919  
-0.8407451274  
-1.161963326  
-1.546607494  
-1.664515546  
-1.891865817  
-1.371519535  
-1.297062093  
-1.336206285  
-1.077066599  
-0.7238298448  
-0.4168235923  
-0.05945793482  
-0.1182225702  
-0.08025342296  
-0.8045029089  
-0.665568341  
-0.9471782497  
-0.741973571  
-1.165842425  
-0.9929753825  
-0.6636917129  
-1.020089596  
-0.8072869193  
-0.5876608738  
-0.6340707074  
0.002843172271  
-0.3968965314  
-0.2242190304  
-0.1888940482  
-0.1988292325  
-0.6075319016  
-0.8953236793  
-0.7002509067  
-0.6820026313  
-0.2467124038  
-0.3247409554  
-0.5647097843  
-1.236252572  
-0.8717151535  
-0.8028523133  
-0.7968369922  
-1.358323936  
-1.363668725  
-1.512339946  
-1.597812568  
-1.265034096  
-0.5903389189  
0.7289994071  
1.485983328  
1.421200616  
1.205411946  
1.196637779  
1.195164944  
1.067795081  
0.627303078  
0.6233870783  
-0.2852524541  
-0.4646666776  
0.02336006897  
0.1183648021  
-0.108218511  
0.4976714158  
0.9208249722  
0.8396888516  
0.7991165984  
0.8951611843  
1.264943876  
0.3556008244  
-0.1947422547  
-0.5287880183  
-0.3252815785  
-0.5329466129  
0.4349551909  
0.2481732742  
0.6272396174  
1.227682192  
0.6037669936  
0.2863004601  
-0.1407000213  
-0.1952724086  
-0.2869127004  
-0.4060585587  
0.3145976018  
-0.369575934  
-0.4829575509  
-0.4894605402  
-0.8444158776  
-0.829073923  
-0.3880659076  
-0.2919631026  
-0.1321459097  
-0.2475378687  
-0.1123230235  
0.2325741415  
-0.0800071277  
0.08753808953  
0.3394937156  
0.966693151  
0.7615939906  
0.8357033019  
0.358757683  
0.5864943915  
0.6230846781  
0.06778694291  
0.01076684845  
-0.2910865513  
-0.1465983096  
-0.5760560292  
-0.3666253595  
-0.2956614581  
-0.2045912821  
-0.3067483958  
0.2812647539  
0.2878547847  
0.4994232343  
0.4030025439  
0.8716403636  
-0.1967654972  
-0.1706212326  
0.166576306  
0.6118352014  
0.7803986249  
0.5271831088  
0.9793539873  
1.056573926  
1.461798159  
1.272083821  
0.6563758696  
0.9485003233  
1.247299411  
1.157109583  
1.338742374  
1.392975781  
1.4870031  
1.567871089  
1.736570897  
1.464883113  
1.385830969  
0.6248452636  
0.7039862222  
0.1006229317  
-0.02749209023  
-0.5495208921  
-1.002362458  
-0.9536752225  
-0.4747480537  
-0.9137017913  
-0.2328126306  
0.2687955529  
0.7408107616  
0.06846502099  
-0.1218924141  
-0.1048028515  
-0.1260249532  
-0.6672016487  
-0.6975078322  
0.016338348  
0.1333143931  
-0.2245198799  
-0.4373518761  
0.04230857037  
-0.1532488552  
-0.04419117591  
-0.05273640595  
-0.0924313767  
0.05476247544  
-0.1074734259  
0.2154625702  
-0.1441734965  
-0.07446710466  
-0.3196345483  
0.09208443659  
0.1697054324  
0.5233610033  
0.4515435968  
0.5165995261  
1.02260849  
1.322751895  
1.14832042  
1.450296205  
1.519961065  
1.304929576  
1.263521142  
1.23119056  
0.8115389492  
0.1811870453  
0.256108823  
0.1770756031  
0.03899674868  
0.08668016938  
0.1124308494  
0.01226531973  
0.3222843334  
0.4608898717  
1.043502452  
0.7839670273  
0.9619262801  
0.7520420996  
0.4593292747  
0.2953243388  
0.4992487588  
0.4412735147  
0.3556035459  
-0.2414310622  
-0.01976471129  
-0.3806511849  
-0.3048917444  
-0.3470578185  
-0.5813078734  
-0.0908658733  
-0.6752193239  
-0.3548934136  
-0.3021948448  
-0.2763213735  
-0.3748605263  
-0.7341722456  
-0.7128462551  
-0.05029291246  
-0.3656294155  
0.2287860048  
0.1019681071  
0.07482365942  
-0.02691809293  
-0.3013147131  
-0.03097871486  
0.009830746288  
-0.05245552375  
-0.5424739558  
-0.3470576247  
-0.06809993541  
0.1671822851  
0.484697364  
0.9566841597  
0.6904432136  
0.8216317431  
0.8061157642  
0.1726159614  
0.01381322233  
-0.1766246413  
-0.5197907662  
-0.5439475724  
-0.4395525423  
-0.9132905611  
-0.8948448077  
-0.9772500756  
-1.222974305  
-0.9405609966  
-0.7848575403  
-0.8390771238  
-0.7201010137  
-0.5472751241  
-0.2037660231  
-0.3689068008  
-0.1452888024  
0.3961412886  
-0.01919768381  
-0.3339169384  
-0.3504715352  
-0.7333778287  
-0.7151671821  
-0.7913287034  
-0.9876017154  
-0.9814698698  
-0.8473345558  
-0.7401717281  
-0.5124395424  
-0.6081534637  
-0.884869914  
-0.4878748007  
-0.4298478794  
0.1208153345  
0.4908784102  
0.2444234928  
0.1511673826  
0.5570953169  
0.3484831705  
0.7170849806  
0.3578763448  
0.5068617667  
0.440133116  
0.7174002745  
0.9403313162  
0.9192826314  
0.3413636343  
0.5677238161  
0.6605506099  
0.7773007947  
0.2700768561  
0.3963575843  
0.03290754145  
-0.4018888732  
-0.1474434158  
0.2142653803  
-0.2821068578  
-0.4911068072  
-0.1531226465  
-0.1459165468  
0.04150906031  
0.1335574191  
-0.1694408311  
-0.01174619043  
0.03426942453  
0.340349914  
0.4167616981  
0.8415343976  
0.5813666412  
0.3223624135  
0.1974920068  
0.1696929167  
-0.3121392593  
0.1864732233  
-0.1734397512  
-0.2902772851  
-0.3223254762  
-0.2924233526  
-0.6634763226  
-0.2545433753  
-0.3721184603  
-0.6371972851  
-0.4482704293  
-0.1900696057  
0.03064777935  
-0.04218061424  
-0.6152077872  
-0.1928251996  
-0.1909267224  
-0.02657063304  
-0.2304950526  
-0.2656436201  
-0.1268135835  
0.3639497223  
1.051302142  
0.9712397919  
1.138478435  
1.928430621  
1.144003659  
0.4009335769  
-0.1666679057  
-0.4979221076  
-0.9813744331  
-1.17061374  
-0.439361052  
-0.6111850562  
-0.7049907613  
-0.01341945543  
0.0397207689  
0.2095861371  
-0.7255761419  
-0.08373027117  
0.1230953703  
0.03329857337  
-0.05258513617  
0.05494354409  
0.05859924131  
-0.4467430093  
-0.4099496307  
-0.005776159036  
0.1597260584  
0.01536425823  
0.2360896908  
0.5084590692  
0.8604515298  
0.5179394989  
0.7485368804  
0.365045609  
0.7585259556  
0.4856616496  
0.612696514  
0.2023063936  
0.1820303618  
0.5978832596  
1.265588506  
1.01246667  
1.100735807  
0.8810484534  
0.7622277638  
0.6042103371  
0.1167292314  
0.02434052853  
-0.8775569657  
-1.196906494  
-1.800338764  
-1.52959665  
-1.415223276  
-0.9198906301  
-1.102352494  
-0.5395135127  
-0.02555389779  
-1.008165348  
-0.5129030855  
-0.2310239041  
-0.004004355824  
-0.4010262865  
-0.4302141937  
-0.01985601114  
-0.1124195238  
0.8762809494  
1.120097321  
1.111889349  
1.077909657  
0.9582896755  
0.5552266108  
0.3856614297  
0.1319987116  
-0.2536648999  
-0.7766451768  
-0.4143109133  
-0.5698884944  
-0.6173722327  
-0.1070449871  
-0.1405217421  
-0.0278410734  
0.1289170219  
-0.1436851935  
-0.001379146672  
0.03194540117  
0.6039127904  
0.2187800819  
0.3159923397  
-0.1476014722  
-0.1746246087  
-0.3862026675  
-0.374795954  
-0.1901101263  
-0.5745466752  
-0.3044372089  
-0.7945220753  
-0.8047718768  
-0.7199802167  
-1.269037719  
-1.146608078  
-1.567800354  
-1.80277282  
-1.517120135  
-1.125675973  
-0.9693908031  
-1.035557826  
-0.2727478317  
-0.2030683301  
-0.4272023648  
-0.5657140675  
-0.3143769324  
-0.9145758984  
-0.5641525491  
-0.7937411376  
-1.453893365  
-2.009665816  
-1.689945965  
-1.573664364  
-1.042715368  
-0.7555691511  
-1.047894969  
-0.9683000515  
-0.865344195  
-0.1873096023  
-0.05692647142  
0.2214074508  
0.3538449823  
0.6219403209  
0.8084632101  
0.5194473829  
0.5172366247  
0.5465043775  
0.0491690841  
-0.3137571582  
0.3335845785  
-0.1711243367  
0.3673530514  
0.1038281179  
0.5864476295  
0.4182489774  
1.075863815  
1.108571528  
0.4430205112  
0.6763781917  
0.3629220118  
-0.1821000585  
-0.08552318184  
-0.4944271235  
-0.5623046539  
-0.9002587236  
-0.9061093852  
-0.01603482447  
-0.06290360723  
-0.2164558334  
0.5836611728  
0.08953031824  
0.5728500946  
0.8281944165  
1.107363695  
0.8109710914  
0.9390562321  
0.685645594  
0.9712817261  
0.3836715364  
0.3090992791  
0.1653154863  
-0.5139887827  
-0.4142928328  
-0.6533975238  
-0.5117631189  
-0.5502767584  
-0.5350477007  
-0.5432972461  
-0.4704874435  
-0.3341468681  
0.2008719845  
0.3162620373  
0.4530104519  
0.5006916934  
0.1214565073  
-0.2345734199  
0.3696797719  
0.1027537749  
0.09392745517  
0.4451753091  
0.4122231779  
0.3417433911  
0.5011359002  
0.5123338897  
0.4476514884  
0.7554356295  
0.6552321951  
0.7881374828  
0.8225849726  
0.5401689094  
0.7694807524  
0.9319809807  
0.4241028767  
0.3510394084  
0.3943554326  
0.3658705803  
0.4849759967  
0.341873191  
0.7997994065  
0.2348744251  
0.2806144695  
-0.04818868812  
0.5573895774  
0.6954039951  
1.091337498  
0.705376954  
1.187806007  
0.6375294362  
0.7972174154  
1.139521891  
1.006815481  
1.331071204  
1.023748415  
0.9640575372  
0.9957143133  
0.8016520696  
1.052954545  
1.218977136  
1.093770177  
0.9236074932  
0.4153833609  
0.5354781507  
-0.08083131284  
-0.3408947005  
-0.7637993734  
-0.8221070386  
-0.8190489001  
-1.029014101  
-0.598355123  
-0.78931625  
-0.805477404  
-1.31147842  
-1.030447358  
-0.5021286366  
-0.545096249  
-0.460452569  
-0.3814452006  
-0.442785653  
0.003966063503  
0.1661995291  
-0.04312859661  
-0.07697558362  
-0.005229925668  
-0.1234572682  
-0.672227268  
-0.8173233059  
-0.7323480443  
-0.9694680096  
-1.086426547  
-1.12686005  
-0.7012769403  
-0.6855389394  
-0.8058800655  
-0.3708740549  
0.1892854218  
0.2182781615  
0.05578376096  
0.09434877802  
-0.07824201502  
-0.3634743701  
-0.4669308746  
-0.3455647654  
-1.048965339  
-0.9027268013  
-0.9092004819  
-1.384702282  
-1.583907103  
-1.320977606  
-0.8372605736  
-1.026262915  
-0.8724614955  
-0.333179521  
0.06647260763  
0.02537457934  
-0.3120161244  
-0.3099274262  
-0.05474696611  
-0.4083732987  
-0.4312810859  
-0.5048991206  
-0.5332493264  
-0.3928168629  
-0.02630546599  
-0.7133163197  
0.1580696592  
0.5009864345  
0.5621376587  
0.5441902872  
-0.4927081727  
0.1762046102  
-0.2087430327  
-0.3793231082  
-1.012842575  
-1.713005249  
-1.955833161  
-1.783603615  
-1.297873222  
-1.310751773  
-0.3950405295  
-0.6662717872  
-0.3712076051  
-0.8142356256  
-0.9365662443  
-0.4844115762  
-0.7842293426  
-0.772801696  
-1.330129963  
-0.8863543742  
-0.8560274678  
-1.069685159  
-0.2526991053  
