1.446372657  
1.09511918  
0.3452129664  
-0.0667693909  
-0.381471645  
-0.1970966982  
-0.07515413839  
-0.02955328643  
0.3561159193  
0.441652926  
0.6073097475  
0.7532697424  
0.8440933837  
1.025960892  
1.161415113  
1.47637236  
1.526840114  
1.63464807  
1.636890554  
1.548531149  
1.455400418  
1.17332559  
0.7633494142  
0.331333584  
0.2196007392  
0.1135324193  
0.3564450397  
0.1478256681  
0.2066838149  
-0.1974681319  
-0.3414638241  
-0.2823609063  
0.0121091147  
0.3260016736  
0.2313806456  
0.00786969343  
0.05356322485  
0.1547818232  
-0.1581984605  
-0.4795090052  
-0.8716584043  
-1.054040456  
-1.098909747  
-1.130299274  
-1.110326688  
-1.083420351  
-1.13926065  
-0.9351402243  
-0.8760213279  
-0.4226327016  
0.1388718323  
0.5029895198  
0.617876109  
0.7674862506  
0.8667568305  
0.7063588074  
0.3991410212  
0.2055571205  
0.04314856358  
-0.1095915865  
-0.1373035833  
-0.1860705268  
-0.3347721698  
-0.6137663488  
-0.7901503585  
-0.5948208528  
-0.7497556363  
-0.4380702172  
-0.1547498788  
-0.4829111383  
-0.3584731001  
0.2875539878  
0.5496470992  
0.6426021956  
0.6071131762  
0.5431012306  
-0.1437274909  
-0.2112144412  
-0.3294491702  
0.1567866078  
0.3562900398  
0.5265246247  
0.8402458495  
0.9038406772  
0.3384283693  
0.05632546185  
-0.2110720416  
0.009880773588  
-0.1604925858  
-0.1298254057  
-0.3055464771  
-0.512679783  
-0.9142406325  
-1.594617487  
-1.714547945  
-1.769801453  
-1.422589183  
-1.368481783  
-1.255898937  
-1.129720144  
-1.04459236  
-0.8914479833  
-0.6261431279  
-0.6599952384  
-0.8819401922  
-0.7424884424  
-1.026158462  
-0.710700373  
-0.6486813326  
-0.02309536672  
0.2603078103  
0.9186883113  
1.542048358  
1.457474027  
1.637912502  
1.349577265  
1.428293224  
1.486284916  
0.9187428247  
0.2713491561  
-0.01532399804  
-0.5758400268  
-0.7021415583  
-0.8780341462  
-0.7893689793  
-0.6647126653  
-0.5309201252  
-0.7655501001  
-0.6211768505  
-0.6852837668  
-0.575063353  
-0.3695242399  
-0.05550076313  
-0.01748511702  
-0.124928721  
-0.3757619934  
-0.7357546831  
-0.758317726  
-0.9403069446  
-0.9203057939  
-0.5174014543  
-0.0499021245  
-0.1074600257  
-0.03908627113  
-0.5002857008  
-0.736104063  
-0.7965872341  
-0.9901557961  
-0.6142823992  
-0.7585614365  
-0.7900257826  
-0.9621308375  
-0.947381615  
-0.8505633831  
-0.4766933634  
-0.3105857198  
0.3007325846  
0.6043955622  
0.8292287862  
0.8719861789  
1.079870856  
1.128601577  
1.008167084  
0.8051932657  
0.5563157953  
0.7070407223  
0.4466641371  
0.5212960666  
0.6241696129  
0.5274681279  
0.5710543644  
0.5710551585  
0.7343782442  
0.9707337001  
1.19958192  
1.064792759  
1.221509508  
1.146602605  
0.3480559264  
0.3245727926  
0.1175841962  
0.1453316785  
-0.2325283162  
0.008850700653  
0.06332922958  
-0.1025975795  
-0.07252627529  
0.1418353587  
0.3033909897  
0.4980244606  
0.00238665079  
-0.3196234606  
-0.6322709079  
-0.5954464018  
-0.8320410247  
-0.3438230904  
-0.05972958574  
-0.01010486417  
0.3082812056  
-0.03441875418  
-0.08335490036  
-0.4525308275  
-0.5149743554  
-0.3166038458  
-0.2418388646  
-0.1152150347  
0.2240547407  
0.5654027621  
0.9164382177  
1.044124829  
1.283209734  
1.144232676  
1.161219568  
1.066585895  
0.8225183647  
0.904011553  
0.8860090614  
0.8235557097  
0.6662290112  
0.5790867128  
0.2631059958  
0.3498681619  
0.3690280312  
0.3569284459  
0.4549424367  
0.5383536309  
0.3074451942  
0.1049010503  
0.03810349716  
-0.2028826721  
0.02860248164  
0.3095194173  
0.3559271742  
0.3882355814  
0.2131753333  
-0.2079236744  
-0.4725523905  
-0.5194802648  
-0.6185075091  
-0.6170970452  
-0.8069422903  
-1.14317649  
-0.8176880035  
-0.7257805151  
-0.4749254852  
-0.1558188702  
0.5530385502  
1.362768115  
1.428783295  
0.9425249913  
0.5247405021  
0.2521076106  
-0.2797332352  
-0.8180988511  
-0.7854762786  
-0.5615850832  
-0.08036937856  
0.4634692435  
0.2272192792  
0.1086698124  
-0.2967742776  
-0.206429112  
-0.1040491441  
0.126850244  
0.08848125271  
0.1477988624  
0.1018389805  
0.1345578678  
0.4445758607  
0.2539209691  
0.5319842112  
0.6308037838  
0.6577963206  
0.6456434007  
0.4879373392  
0.4084473539  
0.3819305792  
0.3074560175  
0.2978679301  
-0.02601454082  
-0.5527218211  
-0.5749690869  
-0.3480355106  
-0.3044097049  
-0.1392298729  
-0.02726579334  
-0.08445994705  
-0.04434127819  
-0.1808207118  
-0.184045504  
-0.1900490664  
0.162916406  
-0.01583925687  
0.4623783391  
0.580258116  
0.7542702955  
1.029132286  
1.377595587  
1.280121812  
1.704634214  
1.421857212  
0.8784115614  
0.1259000862  
-0.4811777226  
0.5252426938  
0.1895866367  
0.06455882928  
-0.4362268511  
-0.9426158545  
-1.081417571  
-1.110505742  
-1.114279484  
-0.6001684205  
-0.3861607177  
-0.3890019596  
-0.1809319808  
-0.6290788603  
-0.9328685107  
-0.9773930852  
-0.9228361473  
-0.7430291343  
-0.510614576  
-0.4426608055  
-0.4811289977  
-0.4310460579  
-0.4068702451  
-0.3116504557  
-0.01725848681  
0.3650591029  
0.1683818228  
0.5139823397  
0.1533879483  
-0.2532699284  
-0.4910688927  
-0.8647361383  
-0.6939644956  
-0.7704252974  
-0.4667851966  
-1.037307855  
-0.4832986057  
-0.4064708851  
-0.2967385171  
-0.0143709545  
-0.005966027093  
0.003961696777  
0.03340249649  
-0.1868510543  
-0.2696633616  
-0.1383279537  
0.07344283645  
0.1602263278  
0.4296035442  
0.1305659557  
0.3567047124  
0.6896347917  
0.4489706194  
0.6966409213  
0.8407425488  
1.217296474  
0.9044524159  
0.6274456108  
0.1935686657  
0.3368911618  
0.4373578098  
0.5336040323  
0.7666443153  
0.9597658305  
0.9816730416  
0.8200528601  
0.6147748188  
0.2181645497  
0.09793654428  
-0.1942887616  
-0.5550901763  
-1.061705898  
-1.297545228  
-1.279456084  
-1.431640123  
-1.426835436  
-0.9904251966  
-0.4072261062  
-0.8586890979  
-0.9413110745  
-1.068815712  
-0.9673117903  
-0.972442512  
-0.8463128126  
-0.7229017844  
-0.478485819  
-0.1853353301  
0.3229839233  
0.5896827407  
0.6605375648  
0.5691583925  
0.6063782726  
0.331078748  
-0.05942325035  
0.03574624905  
0.04614454656  
0.6288622582  
0.8022169354  
0.9771019778  
1.278948493  
1.598754929  
1.440175067  
1.586229492  
1.606987212  
1.137688001  
1.471180959  
1.157503035  
0.7769562983  
0.4574691169  
0.2752529959  
0.2138852493  
0.6432111811  
0.8744120439  
1.1122982  
1.059731216  
1.086631034  
1.285414802  
0.5986118393  
0.3478391173  
0.2863197238  
-0.0322217303  
-0.06089077651  
0.268273439  
-0.2155911266  
-0.1393497517  
0.04359829736  
-0.04500332029  
0.1592228211  
0.3342968152  
0.3711893989  
0.06479197933  
-0.256890426  
-0.3718034821  
-0.9254416002  
-0.8223733688  
-0.6810069516  
-0.2378133928  
0.1672590583  
0.5999677074  
0.6493328977  
1.069927735  
1.028795389  
1.214115836  
1.199263775  
1.28001484  
1.171634619  
1.351926444  
1.555001611  
1.661754862  
1.537354003  
1.647190725  
2.202861545  
2.132551568  
2.761660789  
2.112749466  
1.754712222  
1.751635383  
1.805731496  
1.118160572  
1.084500521  
1.007690044  
0.3857140288  
0.05299503099  
-0.3227961213  
-0.7196858886  
-0.1915104971  
-0.2368037666  
-0.2878097949  
-0.4603452474  
0.129609452  
0.0716832826  
-0.5312073487  
-1.165051498  
-1.273570026  
-1.150823238  
-0.7815880225  
-0.5644993472  
-0.5429327355  
-0.5633940985  
-0.2133466086  
-0.2894296497  
-0.0399084375  
0.01229785602  
-0.2719455989  
-0.4034150796  
-0.6885640303  
-0.9288767958  
-0.582229389  
-0.5860225711  
-0.3864837667  
-0.2392757109  
-0.3607544234  
-0.4107397084  
-0.4719282304  
-0.912194672  
-1.269268533  
-1.573934958  
-1.658102841  
-1.560336254  
-1.094191532  
-1.254958978  
-1.002448843  
-0.8856535369  
-0.7463066578  
-0.7719266571  
-0.5794657479  
-0.6198914762  
-0.5899167724  
-0.6343278162  
-0.3851032317  
-0.4389291667  
-0.002011616661  
0.4534889044  
0.768231983  
0.43380086  
0.640928926  
1.05936823  
1.55307664  
1.993094367  
1.814925553  
1.733975755  
1.42599924  
1.015934155  
0.8392377666  
0.5457235907  
0.1825531921  
0.2135382576  
0.112399633  
-0.3295894841  
-0.5234521708  
-1.005145727  
-0.8801460257  
-1.142164337  
-1.144436374  
-1.056155374  
-0.9123671766  
-0.6425616533  
-0.3983134755  
-0.4273692507  
-0.3416772007  
-0.2891707665  
-0.6608415612  
-1.053561732  
-0.9824691029  
-0.8401067321  
-0.4292578673  
-0.1043950269  
-0.1491587038  
-0.02262497841  
-0.1770861802  
-0.6129041615  
-0.8512081943  
-0.7525833786  
-0.5646027955  
-0.4807474034  
-0.5747028226  
-0.3557326968  
-0.6088166433  
-0.9896700016  
-1.494850538  
-1.407313638  
-0.6260507021  
-0.5388668979  
-0.116646854  
0.08845105753  
0.464184915  
0.83617105  
0.5055099947  
1.102694275  
0.6690112528  
0.4042273998  
-0.05591156561  
-0.4023348715  
-0.4987046165  
-1.010215293  
-0.897181844  
-1.295054512  
-0.7707694281  
-0.7890138232  
-0.8288831029  
-1.694686503  
-1.694375143  
-1.779973312  
-1.870632677  
-1.732042028  
-1.578720693  
-1.155916826  
-1.035370325  
-0.9860573393  
-1.007222061  
-0.689171676  
-0.5121649125  
-0.9816484083  
-1.029798224  
-0.8328922194  
-0.54852742  
-0.3956219348  
0.8625429945  
0.8447212988  
1.04901039  
0.6387110235  
0.6397758525  
0.5160328713  
0.4899562765  
0.5727211962  
0.8859845287  
0.6541801298  
0.6420293176  
0.4652241136  
0.1920178961  
-0.05448347089  
-0.1222081713  
0.06634806405  
-0.0708323331  
0.3858938511  
0.1951337979  
0.5018921501  
0.4835917525  
0.6339195475  
0.3533179385  
0.5648661044  
0.3945255283  
0.7254713084  
1.017960334  
0.4954464298  
0.5156578435  
0.5588314678  
0.2802814442  
0.03932834675  
-0.2391353672  
-0.6126751184  
-0.292993427  
0.1899970835  
-0.02860180668  
0.05567062705  
-0.3727297702  
-0.6618656563  
-1.184664451  
-0.9641142451  
-0.3821146459  
-0.1887309038  
-0.2377168036  
-0.4666836022  
-0.3750300708  
-0.4152236071  
-0.313034139  
0.170411497  
0.6398843506  
0.7157020487  
0.7479126656  
0.7280555772  
0.92042313  
0.840742263  
0.4739227415  
0.3343024148  
-0.5521481108  
-0.311300454  
-0.1054635822  
-0.2252227492  
-0.09073644715  
-0.1160072426  
-0.1460603811  
-0.00854257143  
-0.19777063  
-0.2411900571  
-0.3631479264  
-0.05946745345  
-0.2986068969  
-0.1058842371  
-0.2664062336  
-0.3787536615  
-0.4689688267  
-0.5922351417  
-0.8132060158  
-0.7053080894  
-0.2633525826  
-0.2367169159  
-0.3681809185  
-0.1123690857  
0.08335659013  
0.4456489868  
0.5501865139  
0.7161641506  
0.5972417654  
0.4372183416  
0.5689298677  
0.452571249  
0.5214309337  
0.4060946364  
0.460123887  
0.8511225802  
1.08197131  
1.142168177  
0.7764575235  
0.4986563533  
0.109690774  
-0.2220886694  
-0.3424295909  
-0.3546153541  
-0.9768179867  
-1.185123109  
-1.060880707  
-0.8972273492  
-0.6700508106  
-0.8088833936  
-0.9222629479  
-0.7541495841  
-1.014981492  
-1.062600788  
-1.134936813  
-0.5300174044  
-0.452950025  
0.07296571553  
-0.1016044709  
-0.1876933239  
0.06877548289  
0.08306880598  
0.2418337904  
0.4596929334  
0.3448222915  
0.07370157547  
0.1317091359  
-0.1352292472  
-0.2378824841  
-0.517886993  
-0.1366815423  
0.4354444931  
0.1849507389  
0.04713818798  
-0.2581104991  
-0.4381901883  
-1.233963275  
-0.6924420441  
-0.4657854725  
-0.159486216  
-0.2826867361  
-0.1377716387  
-0.3732267807  
-0.1289442523  
-0.2331085371  
-0.2122245735  
-0.412666054  
-0.4728591366  
-0.7828495615  
-0.5971038641  
-0.9132898526  
-0.7410206792  
-0.7736318615  
-0.8954640393  
-0.6595242417  
-0.5318987345  
-0.3741111109  
-0.3531770362  
-0.1285922387  
-0.4798223849  
-0.4417222533  
-0.8955583829  
-0.9389700271  
-0.7164101026  
-0.6599471117  
-0.5395927773  
-0.4035986795  
-0.3502741139  
-0.118799817  
0.2188490573  
0.124923139  
-0.05642027764  
-0.2788408858  
-0.5239779488  
-0.5112810307  
-0.5729710162  
-0.6833226366  
-0.5632482567  
-0.4876673378  
-0.4417917346  
-0.4165468405  
-0.5576735236  
-0.7847699674  
-0.4605894832  
-0.4471706993  
-0.6051889592  
-0.4823673322  
-0.1462126689  
-0.1406713673  
0.08081529972  
0.4268241814  
0.02135043513  
-0.156030611  
-0.2104272303  
-0.395332015  
-0.5152800995  
-0.2743742538  
-0.4551624757  
-0.3934126987  
-0.6926759031  
-0.8262790646  
-0.8444956708  
-0.7582337931  
-0.8538287986  
-0.587044599  
-0.2340180106  
-0.626701141  
-0.3295278376  
-0.4698161228  
-0.294487222  
-0.3708161365  
-0.3080278606  
-0.1907654264  
-0.1709713363  
-0.1928544419  
-0.308941951  
-0.6215180978  
-0.6043658763  
-0.7937043063  
-1.066513766  
-1.22024993  
-0.9059409421  
-0.8290855798  
-0.7863176905  
-0.6752927026  
-0.4840252848  
-0.4517390146  
-0.3584006315  
-0.2336291931  
-0.2805813169  
-0.1817542081  
-0.2341077055  
-0.06313365913  
0.1254027103  
0.07611043695  
0.4635239449  
0.8512681966  
1.117638002  
0.9635490897  
1.018316621  
1.085676855  
0.8803675071  
0.6016928559  
0.7667693004  
0.4243070677  
0.003099035934  
-0.002118666887  
-0.4125161234  
-0.3772714557  
-0.3632783156  
-0.4920681148  
-0.3804221161  
-0.3317571286  
-0.3027375661  
-0.4113234969  
-0.2751539156  
-0.3415208191  
-0.3890619681  
-0.5355818805  
-0.4802557961  
-0.5473875954  
-0.5436753759  
-0.223219059  
-0.266645121  
-0.2083224502  
-0.3055977703  
-0.3703373314  
-0.2276216196  
0.05937861256  
0.05614542771  
0.02839392462  
0.05509651887  
-0.4243754169  
-0.6945443977  
-0.6819951027  
-0.7774012452  
-0.7173929434  
-0.6607569214  
-0.6142476944  
-1.047270882  
-0.6002539886  
-0.3596541199  
-0.4545046949  
-0.540632385  
-0.3862347983  
-0.3040592583  
0.1780360696  
0.02388065893  
0.1374696783  
0.2389223334  
-0.06631984916  
0.00965618801  
-0.4059599189  
-0.3988863422  
-0.4323547208  
-0.7571133903  
-0.8655001506  
-0.9814227026  
-1.099400662  
-0.862190263  
-0.8488910511  
-0.8035615322  
-0.821948729  
-0.7758905616  
-0.7285272658  
-0.4423708624  
-0.5448685472  
-0.2816570169  
-0.3139327079  
-0.1196181898  
0.02004074918  
-0.43805301  
-0.2314139129  
-0.1740916065  
0.004787759871  
-0.06034160336  
0.2305892726  
0.5830937712  
0.9232792849  
0.7311513677  
0.9499100331  
0.7449775914  
0.7090947403  
0.8882443116  
0.7972259067  
0.9398158862  
0.8742872071  
1.562130009  
1.252335167  
0.911989659  
0.5982405205  
0.6978171066  
0.6846596357  
0.3826939814  
0.2081562889  
-0.2536251998  
-0.6916151034  
-0.9657728859  
-1.319806321  
-1.446085264  
-1.317706074  
-0.8433597265  
-0.7256742176  
-0.3666351317  
-0.2732192236  
-0.4818659691  
-0.7037326932  
-0.9514706461  
-1.126221771  
-1.513047435  
-1.672231483  
-0.474983192  
-0.8174982755  
-0.3558506893  
-0.2800401222  
-0.003788070692  
-0.1336021645  
-0.0486051276  
0.1539723099  
0.1808417744  
0.4435230578  
0.07761551397  
-0.1557753983  
-0.1299209154  
0.05375607868  
-0.1512461409  
-0.4429037751  
0.2341047218  
0.1179081858  
0.1687154963  
0.1619277302  
0.1754172985  
0.2247680408  
0.4658356708  
0.4538427216  
0.6271089906  
0.3073899612  
0.222808379  
-0.05768761367  
-0.1908288668  
-0.3072474315  
-0.3019472206  
0.01506090306  
0.1521685949  
0.2309935467  
-0.008511227449  
0.1991042779  
0.4300421038  
0.4722168952  
0.6913220812  
0.4130887038  
0.7572411606  
0.7626892621  
0.6206888683  
0.8279427453  
0.666807086  
0.4214523889  
0.4918202426  
0.389798984  
0.334553263  
0.3303610873  
0.5539101767  
0.5131957597  
0.4524521383  
0.7273113549  
0.6418958577  
0.8605106329  
0.7547354632  
0.8533822777  
0.8518615608  
0.6549964498  
1.056356101  
0.940297124  
1.031558342  
1.150189214  
1.106609971  
1.002124211  
0.8841712063  
1.02796874  
1.14098929  
1.008143539  
0.9844041632  
0.9430561748  
1.049545186  
1.245166504  
1.280596305  
1.394203122  
1.619233328  
1.594054702  
1.30654519  
1.037108746  
1.204287338  
1.054185411  
0.5984705342  
0.811323483  
0.7948121869  
0.7519460944  
0.5896710903  
0.6953250517  
0.7923777218  
0.7366516351  
1.126869658  
1.295075077  
1.213818057  
1.629367856  
1.624729955  
1.232180392  
1.286782896  
1.202195552  
1.259704235  
0.9036896384  
0.271328484  
0.140316325  
0.45366007  
0.4401004183  
0.2995502664  
0.08191322226  
0.1228063711  
0.1372130187  
0.1923634774  
0.4411756174  
-0.04304711588  
0.09629922642  
0.3493240454  
0.3636032398  
0.5962240412  
0.2747423464  
0.2409244654  
0.3044702525  
0.0295041337  
0.1612438479  
0.01542049205  
0.04212924733  
-0.1065533955  
-0.1153797178  
0.1178136709  
-0.01882183069  
0.1722297815  
0.4286067105  
0.5074652269  
0.4972080713  
0.8095097095  
0.3564054084  
0.4813049731  
0.6022480238  
0.5569154194  
0.3925957656  
0.6162848221  
0.5061419462  
0.4423626267  
0.7369046813  
0.5638122217  
0.5244257905  
0.420824442  
0.5299860083  
0.3538047054  
0.2604794378  
0.2789625563  
-0.03421255827  
-0.05424221235  
0.3441689467  
0.4826825352  
0.7509032251  
0.4920965521  
0.6710736374  
0.2143429943  
0.1676232749  
0.1518296734  
0.2723193044  
0.4131551925  
0.4929116675  
0.5224775806  
0.1903477562  
-0.01652161042  
0.1312891262  
-0.09011348337  
0.1231469342  
-0.009710688348  
0.2665157831  
0.2419615622  
-0.1116238705  
0.2092024576  
0.3509579165  
-0.3387857541  
-0.355535089  
-0.4332262636  
-0.3039869001  
0.001942537547  
0.2102700072  
0.3825965678  
0.3471238136  
0.4500979497  
0.1236140216  
0.232153969  
0.4283016033  
0.4287649769  
0.1129828048  
0.01735575532  
-0.0895793169  
0.1689283017  
0.3706225487  
0.4414443266  
0.02171434163  
-0.3767126267  
-0.858907187  
-0.3315827918  
-0.2299887635  
-0.208170551  
-0.1799222194  
-0.3653404193  
-0.4233015762  
-0.2036491805  
0.04336954927  
-0.4225040069  
-0.3756435137  
-0.8792967828  
-0.8419774317  
-0.8774812794  
-1.234675778  
-0.9692415059  
-1.002829493  
-0.6551190793  
-0.3264292027  
-0.5851117952  
-0.6788341424  
-0.4376919551  
-0.4371733292  
-0.1426955677  
0.3494949366  
0.3545176617  
0.6957466349  
0.4962241683  
0.6737015568  
0.6163721437  
0.3847477  
0.5792213712  
1.156401044  
1.140009397  
0.2519187726  
0.2187740858  
0.1990624452  
-0.4329963204  
-0.3291285979  
-0.1239838523  
-0.3660983695  
-0.6495090083  
-1.092171384  
-1.293703925  
-1.069966775  
-0.5785921405  
-0.354656805  
-0.5677939282  
-0.7148549334  
-1.045637784  
-1.060513134  
-1.079615058  
-1.200656737  
-1.31934877  
-1.050576232  
-1.108650653  
-0.77784111  
-1.077408155  
