1.062022638  
0.7154229973  
0.7561449925  
0.4683117175  
0.3446793713  
0.5123201298  
-0.2639285581  
0.3293186111  
0.2958297285  
0.2967748082  
0.2351065864  
0.5343173061  
0.3721689069  
0.1623628788  
0.2370625152  
0.5186674223  
0.333827923  
0.418935216  
0.3028240419  
0.1988685416  
0.6813707987  
0.5141600619  
0.03947791755  
0.3609825637  
0.6213339712  
0.2253670295  
0.1081088723  
0.6416866678  
0.5676500471  
0.5491633399  
0.8565821569  
1.032197554  
0.716221298  
0.8953048411  
0.2953110488  
0.4087237727  
0.3555810107  
0.5218185871  
0.07064241612  
0.7632980117  
0.9235560496  
0.8229205495  
1.006823224  
1.146785029  
0.933499885  
1.269601665  
0.8620053124  
0.4620348007  
0.3691819373  
0.0287653571  
0.2997772061  
0.220184583  
0.1222431709  
0.106041905  
-0.2873018813  
-0.1296741422  
-0.25318141  
0.4511391808  
0.08388555038  
0.2254966895  
0.3307196605  
-0.04852820265  
0.5780293396  
0.7735180276  
0.3862089954  
0.5113295481  
0.7159857055  
0.6875343374  
0.6302155657  
1.198937894  
1.10595747  
1.465729205  
1.20384622  
0.8853932144  
0.6656126622  
1.142481573  
0.5283360041  
0.1745679105  
0.1073751725  
0.00373235966  
-0.4764748391  
-0.5529870745  
-1.118464082  
-0.7542855464  
-0.6471758255  
-0.8253100826  
-0.6268416939  
-0.5842659303  
-0.7374922462  
-0.1556209849  
-0.2957219597  
-0.526239197  
-0.3699294308  
0.02038761371  
-0.4446803253  
0.01557596775  
-0.1653557318  
0.05017210935  
-0.0785150766  
0.1066064749  
0.2693862003  
0.6730350256  
0.1823039005  
0.2142017931  
-0.2810905127  
0.002773372355  
-0.0576434854  
0.9250978101  
0.7295665878  
0.8833015464  
0.9603409514  
1.251207291  
1.730622895  
0.7832165026  
0.7155807714  
0.7736881286  
0.409106608  
0.2765776483  
0.1488003284  
0.01433539859  
-0.1456246481  
-0.2530640798  
-0.5656268619  
-0.6467581588  
-0.5247067726  
-0.6478893726  
-0.8309311811  
-1.067140209  
-1.474572938  
-1.402996343  
-0.750854023  
-0.8101674918  
-1.092348824  
-0.6649433885  
-0.8706250603  
-0.08435949571  
-0.1924398607  
-0.06918562735  
-0.3336191836  
-0.2986386645  
0.4103578337  
-0.07444194369  
-0.2017288209  
-0.1368836577  
0.2606023553  
0.5880096354  
0.3158869459  
0.221118533  
0.2663756813  
0.2360212365  
0.434525591  
0.8695712656  
0.4479223324  
0.7563957586  
0.3269174828  
0.1897421851  
0.3872317473  
0.1385511727  
0.169960591  
-0.1234820715  
0.34605014  
-0.02727695901  
-0.2946068299  
-0.06849976695  
0.5713332282  
0.7395037002  
0.7442323173  
1.284019911  
1.835633802  
1.355260912  
1.255287041  
1.111375183  
0.6792696731  
1.149381479  
0.5490303103  
0.3819515938  
0.7760291722  
0.7031191004  
-0.01952899318  
0.1397492363  
0.6773770821  
0.4051577804  
0.9915122217  
0.6968244375  
0.518551438  
0.128771207  
0.5468729097  
0.09252360473  
0.406272497  
0.1906660215  
0.3819911411  
0.207306418  
-0.1821314053  
0.002114719638  
-0.009540737109  
0.3619151432  
-0.1943718752  
0.2297806863  
0.09635349581  
-0.1023509956  
0.345277994  
0.06944225824  
0.2020574774  
0.07089860443  
0.5826029167  
0.6322976374  
0.312941837  
1.261236578  
1.022823359  
0.7333705784  
1.667744404  
1.163940455  
1.076550372  
0.8590854423  
1.220818697  
1.215198939  
0.7590950233  
0.6648478077  
0.9292055205  
0.4733583725  
0.6767421712  
0.662161331  
0.5992581157  
0.6356909567  
0.3238349322  
0.5959657543  
0.1550784097  
0.249858386  
-0.006669714997  
-0.2273234809  
-0.5281090604  
-0.7183648368  
-1.134546146  
-1.012638785  
-1.03710637  
-0.6278765366  
-0.3788228588  
-0.5106604577  
-0.0360978686  
-0.5977732757  
-0.8452495835  
-0.9773004304  
-0.8136796416  
-0.3172175231  
-0.113319861  
-0.3603174754  
0.6945246135  
0.7336592446  
0.5120588413  
0.5349981347  
0.2326370447  
0.1840526807  
0.07439010093  
0.3855519868  
0.7598949966  
0.3388861409  
0.2111915897  
0.1808063528  
0.1780996944  
0.1719465853  
0.1096403493  
0.2143034462  
-0.5081716408  
0.03929647949  
0.01844941991  
-0.3862491825  
-0.2954642125  
0.591570797  
0.8692601813  
0.9062543159  
1.57545171  
1.483337938  
0.7580684888  
1.113084151  
0.657838185  
0.6291533483  
0.4745324298  
0.3409393569  
-0.3377228274  
-0.6406807205  
-0.7373425876  
-0.6555940216  
-0.2774834429  
-0.4899245298  
0.08822100841  
-0.1532556313  
-0.3144584121  
-0.2145913998  
-0.4161402651  
0.2125230938  
0.4126397253  
0.1562098033  
0.6570632608  
0.3940106223  
0.5301603322  
0.09172876048  
0.4834563597  
0.4910249512  
0.2579329561  
0.4253890995  
0.5253711711  
0.08905437197  
-0.9452181331  
0.03310547183  
1.198880508  
0.4752721228  
0.4494273398  
0.4050731939  
0.4669927545  
0.2394235983  
0.4029970122  
-0.5768820238  
-0.7323459737  
-1.049326834  
-1.723723486  
-2.064134945  
-2.209076735  
-1.98585533  
-1.459347109  
-1.449904253  
-1.158883225  
-1.253819229  
-1.10677583  
-0.9047234614  
-0.6292344255  
-0.6206265266  
-0.4961987537  
0.1395916406  
-0.3762446307  
-0.2359932616  
-0.4011137494  
-0.669479172  
-0.9734196055  
-0.7001824695  
-0.6268036371  
-0.5807438625  
-0.1699064761  
0.1266239408  
0.1562349966  
-0.0179370203  
-0.04889489264  
-0.1268525328  
0.1111006767  
0.1871062873  
0.4816332011  
0.5334769703  
0.3589884804  
-0.07906761677  
0.03895937529  
0.2727742358  
0.9818917797  
0.4831619458  
1.269035788  
0.9125331577  
1.076101204  
0.7974741271  
0.3913182658  
0.3640445515  
0.3544230705  
0.1589018495  
0.8264963017  
0.5196094543  
0.278996595  
0.3909924305  
0.2408378871  
0.2124694697  
0.08494614477  
-0.5094871414  
0.518163007  
0.3758907285  
1.053755081  
0.1587926871  
-0.3590292766  
-0.155433741  
-0.3124861846  
-0.6293838039  
-0.9907266179  
-1.126192597  
-0.5938469556  
-0.8296635035  
-0.5953270461  
-0.3978274773  
-0.860835657  
-1.53002916  
-1.091843291  
-0.5496141714  
-0.9889302997  
-0.3134980405  
-0.2771631276  
-0.2114442515  
0.3730782794  
0.266987378  
-0.1250771243  
0.05976265693  
-0.5223874145  
-0.3855143972  
-0.2450475027  
-0.2066622695  
-0.07224782608  
-0.2779228793  
-0.107711763  
0.05473724064  
-0.4420097955  
-0.3298734119  
-0.4784264122  
-0.6755926248  
-0.3535255001  
-0.3981580688  
-0.004993436251  
0.08075951103  
0.08428624485  
0.1094240972  
-0.1239388343  
0.476130472  
0.03966432768  
-0.005019325412  
-0.142750175  
-0.3524657938  
-0.2762871283  
-0.5086867844  
0.06914697745  
-0.06685061091  
-0.1914555436  
-0.2668945006  
-0.03972523207  
0.613959023  
0.4346246152  
0.2831287514  
0.3116897479  
0.2760205933  
0.391349754  
0.2990742509  
0.2823983828  
0.317314715  
0.2072988686  
0.2249492249  
0.3983771217  
0.2383781429  
-0.2594860931  
0.03820518588  
0.3177121161  
0.7369928397  
0.162392325  
0.2880489229  
0.1327816565  
0.2591014087  
0.1036624007  
0.4517785999  
0.6078953172  
0.3508041633  
0.5891373725  
0.3504394349  
0.659699747  
0.7292592138  
1.487977592  
1.072472262  
1.552588423  
0.9042815231  
1.064574581  
0.6017099601  
0.4749185497  
0.5274059463  
0.08648846875  
-0.4213313541  
-0.3798821186  
-0.04215446501  
-0.5364794148  
-0.5002626689  
-0.8522265974  
-0.6381688683  
-0.5012580547  
-0.5152680434  
0.832708133  
-0.2787952516  
0.02289705537  
-0.5743712526  
-0.05873549764  
0.1720703077  
0.2009701951  
-0.04067033179  
0.03203236796  
-0.2986128426  
-0.6422324721  
-1.019154201  
-1.006632012  
-1.579749561  
-1.375826413  
-1.56325961  
-1.486006838  
-1.072410866  
-1.245299926  
-1.107616624  
-0.6394902293  
-0.7476012941  
-0.5301506669  
0.1310930448  
0.1972191591  
0.4410627463  
-0.002031858562  
0.1922595658  
-0.09976236666  
-0.3584588936  
-0.6674043022  
-0.8548475766  
-0.9294511081  
-0.6164492367  
-0.9894566484  
-0.6145387673  
-0.1420514304  
0.1593610802  
0.01414903371  
0.2015200916  
0.1981329921  
0.5857780343  
0.6709509391  
0.8030930244  
1.407157155  
0.6194129773  
0.5205912515  
1.370268648  
1.630071277  
1.550511568  
1.526331297  
1.340285048  
0.8114393083  
0.1018553452  
-0.1709048164  
-0.630016786  
-1.006535469  
-1.331028522  
-1.097321167  
-1.747332606  
-1.160970868  
-1.505662198  
-1.543677517  
-1.647371383  
-1.324191706  
-1.112220967  
-0.6129860272  
-0.3857251619  
-0.2862848595  
-0.1361529249  
-0.4946146757  
-0.722068514  
-0.07156780514  
-0.03028062074  
-0.6544194945  
-0.386108403  
0.6454172338  
0.5411474063  
0.2419071539  
-0.2943118711  
-0.5877574638  
-0.6998491163  
-0.786327275  
-0.9724143651  
-1.489600462  
-1.392793882  
-1.544575991  
-1.394138601  
-1.025766868  
-0.5458664331  
-1.008100524  
-0.03995314037  
-0.1288351472  
0.1162950189  
-0.0520502172  
-0.5818082756  
-0.7401526892  
-1.016531966  
-0.9398489059  
-1.543997031  
-1.393235782  
-1.180193705  
-1.00410121  
-1.273236342  
-1.041185565  
-0.6804826883  
-0.3943482237  
-0.701158354  
-0.4268210302  
-0.7221555876  
-0.5988806476  
-0.6013323522  
-0.9485235174  
-0.9675131434  
-0.9905040836  
-0.5352917675  
-0.9540867994  
-0.8034082269  
-0.7305090377  
-0.8582613066  
-1.081334787  
-0.7460067754  
-1.534933934  
-1.31805222  
-1.813822724  
-1.171930342  
-1.300173272  
-1.049946542  
1.066873276  
1.63801613  
1.098780502  
1.237503267  
1.285960246  
1.095701025  
1.165643121  
0.9508985904  
0.8262512618  
0.3312622977  
-0.2863143023  
0.3642629504  
0.3167264374  
0.116577195  
0.5077884014  
0.7390856334  
1.195248296  
0.9350316245  
1.037536803  
0.9277894668  
0.1279380824  
-0.128312035  
-0.553933448  
-0.4495361581  
-0.5098247271  
0.3281246067  
0.3046981946  
0.9634622092  
1.202800853  
0.4502378862  
0.3840571182  
-0.1532114842  
0.3851031578  
-0.02145535555  
-0.06852785551  
0.4736449047  
0.2868108295  
0.2203351487  
-0.6251672431  
-0.3207708951  
-0.7950951805  
-0.06810742517  
-0.1553740793  
0.2940918214  
-0.2535266312  
-0.6177896359  
0.11226992  
-0.2102784453  
0.1771150899  
0.5322940214  
1.379832274  
1.086316738  
0.2930022874  
0.7798130219  
0.713919315  
0.944150937  
0.02288214507  
-0.1857268696  
-0.5586483831  
-0.1869952731  
0.1296413711  
0.02061881162  
-0.1701087495  
-0.3783463584  
-0.2953313492  
0.2358515236  
0.1234148141  
0.1478744794  
0.3956381798  
0.6073318459  
0.2185017561  
0.06498325259  
0.2021161315  
0.57614048  
0.4121385566  
0.3568679516  
0.7278369858  
0.9063784463  
1.534792421  
1.274241653  
1.15284214  
0.9864585748  
1.070610571  
1.373593013  
1.312287826  
1.637025772  
1.540267719  
1.413012073  
1.714339674  
1.60295873  
1.759154203  
0.8984626504  
0.7936663006  
0.3841087613  
-0.1605392121  
-0.2953467333  
-0.683309264  
-0.8053613868  
-1.004343911  
-0.9587472268  
-0.1601092685  
0.7273091903  
1.037019255  
0.2626009563  
-0.07204554426  
-0.1747017338  
-0.2057212697  
-0.1725675555  
-0.8194401545  
-0.1045797681  
0.4972116677  
-0.02319394723  
0.1298704078  
0.006804263577  
0.002302807477  
0.4366446245  
-0.008690178993  
-0.1822661151  
-0.40726878  
-0.3847479601  
-0.1364428288  
-0.02432616737  
-0.461553169  
-0.140779913  
-0.0101526975  
0.1495482936  
-0.2450967388  
0.2857731849  
0.9637166975  
1.165621458  
0.7892811392  
1.159847108  
1.386467729  
0.8027721449  
1.344030687  
1.309456506  
1.348820566  
1.049076105  
0.5015173222  
0.357633057  
0.2113328733  
-0.01460418914  
-0.291431585  
0.1745059215  
0.1838316463  
-0.1429530119  
0.184979852  
1.15284466  
0.5852767305  
0.7896306069  
0.437417903  
0.2223642437  
0.564063557  
0.4177538794  
0.3685953654  
0.3948507272  
0.3296111886  
0.115905861  
0.3084797532  
0.1705591439  
0.05604784205  
0.3521382902  
0.372225498  
-0.3925570638  
-0.2825086257  
-0.3998201598  
-0.6110589472  
-0.4004967591  
-0.3461431672  
-0.3252321463  
0.3000198686  
-0.4859904411  
0.5757657117  
-0.08344866196  
-0.1563691622  
-0.1334525401  
-0.1543950392  
-0.2237246458  
-0.01866700704  
-0.2295469977  
-0.1913017851  
-0.3206422715  
0.0536929134  
0.1135666872  
1.177058963  
1.566162779  
1.437515761  
1.01219895  
0.8106296308  
-0.03143598841  
0.2155127827  
0.1969911827  
-0.04031247105  
-0.6289418132  
-0.1240784755  
-1.006134703  
-0.9474156591  
-1.081734511  
-1.652033992  
-0.9199634246  
-0.9341529014  
-0.5186013938  
-0.6211084037  
-0.1884166207  
0.04858829723  
-0.2448878975  
-0.1120749929  
0.0522237207  
-0.08395650274  
-0.7475780724  
-0.8470451784  
-1.136045558  
-0.6405062269  
-0.7941983865  
-1.045027289  
-0.900296692  
-0.5677706911  
-0.7095279258  
-0.6427188097  
-0.4143694729  
-0.6213309031  
-0.349776111  
-0.4376037528  
0.1504493329  
0.4891458859  
0.3908160391  
0.6946943009  
0.3205550031  
0.5832009456  
0.7215029635  
0.4828736596  
0.8812872659  
0.2045638874  
0.5697079826  
0.8916965826  
0.5827695689  
0.4454284048  
0.5082410728  
0.5897633945  
0.4396509817  
0.172046747  
0.3300881922  
-0.05760093189  
-0.08525522881  
-0.364768558  
-0.3626746668  
-0.2222977477  
-0.07031289973  
0.05806465011  
0.1189753676  
0.2315235632  
0.04304019427  
0.1919788135  
0.4935312864  
0.2310133934  
0.4408333195  
0.3246834345  
1.048647291  
0.8301138754  
0.3898262122  
0.06729955708  
0.2365850991  
-0.3755969388  
-0.2323156654  
-0.3646934982  
-0.2230049985  
-0.3621604658  
-0.3046117521  
-0.5903438919  
-0.2848137355  
-0.2808470943  
-0.5040803954  
0.05089722687  
-0.2175989004  
-0.1026051209  
-0.2727286167  
-0.5316557368  
-0.01515769978  
-0.3951582128  
-0.2928853056  
0.2156350591  
0.08284319917  
0.04047305304  
0.7713296462  
0.7304725176  
0.9466743522  
0.4908598399  
1.281015514  
1.053552196  
0.4474013034  
-0.02541526772  
-0.2739442932  
-0.7617768821  
-0.9664706915  
-0.2207267887  
-0.3821393183  
-0.2090921875  
-0.413340869  
-0.2300474619  
-0.2481822228  
-0.4220698373  
-0.3490320867  
-0.07683432776  
-0.1971917286  
-0.1398309061  
-0.0701016254  
0.2798341258  
-0.5055766316  
-0.237778474  
-0.5231088539  
-0.1199165388  
-0.1204323638  
-0.001685249837  
0.2382537961  
0.6126738435  
0.695287744  
0.3424264042  
0.4790905307  
0.3113090765  
0.5544076518  
0.5064855628  
0.4916736193  
0.1271680575  
0.6926967419  
1.1033669  
1.031220905  
0.938518498  
0.3488744253  
0.2405056941  
0.1045674289  
0.0148663617  
-0.07780797489  
-0.6647802786  
-0.9670907995  
-1.426144761  
-1.355130885  
-1.230796136  
-1.292513397  
-1.116865591  
-0.2556492287  
-0.6861018956  
-0.9226220835  
-0.461123339  
-0.4999078833  
0.3719363602  
-0.2720421891  
0.08214913645  
0.2036091274  
0.4640311824  
1.127483213  
1.187529813  
1.065798191  
1.02295916  
1.182446057  
0.3258011985  
0.2945754742  
0.5843595695  
-0.6668611189  
-0.7487991712  
-0.2994882468  
-0.03064332633  
-0.316423743  
0.1089597476  
-0.03555093299  
-0.04671838961  
0.1381350415  
0.03460482929  
0.3335918869  
0.02431693155  
0.1074808522  
-0.06234937023  
0.1527771507  
0.2679077248  
-0.1882839548  
-0.4426531844  
-0.4881640918  
-0.08087049903  
-0.2777415766  
-0.3073499755  
-1.057150049  
-1.608918161  
-1.364610636  
-1.309834362  
-1.448621679  
-1.572425644  
-1.891753793  
-1.854432815  
-1.243764977  
-1.158795226  
-1.290714873  
-0.5945909516  
-0.6419631602  
-0.7068470997  
-0.644970065  
-0.6657479  
-1.050515588  
-1.255928105  
-1.096438561  
-1.457124467  
-1.836171454  
-1.681942314  
-1.791159198  
-1.506253144  
-1.416620559  
-1.26581687  
-1.06883852  
-0.8587612445  
-0.3652044063  
-0.1215350782  
-0.1855306269  
-0.4858489331  
0.006517035648  
0.3299034604  
0.2580969721  
-0.2276026576  
0.1096178541  
-0.2017302815  
-0.02865512425  
-0.1317826237  
-0.2265490877  
0.2750547679  
0.01668521172  
0.3552952243  
0.5185544379  
0.8603312136  
0.8089788127  
0.5224191702  
0.403419778  
0.08253769426  
-0.420532057  
0.1430158541  
-0.2520970748  
-0.07557540425  
-0.922851733  
-0.5826246127  
0.01516522799  
-0.1504800323  
-0.01980837922  
0.3954667586  
0.123064257  
0.4128536694  
1.330556919  
1.012973419  
0.7004675251  
0.8968251098  
0.6134782423  
0.5945182691  
0.2192031286  
-0.08592591676  
-0.4672573136  
-0.5872949664  
-0.9104146862  
-1.088566273  
-0.8456332591  
-1.053207987  
-0.9633818268  
-0.9733930448  
-1.104338293  
-0.8894380524  
-0.4393205018  
-0.6696212792  
-0.6075438672  
0.0616975599  
-0.5615815882  
-0.3604518539  
-0.03543393748  
-0.4403360613  
-0.05076391193  
-0.05398188237  
0.3913582503  
-0.01425247107  
0.07758524119  
0.5534861993  
0.4077140414  
0.4839649267  
0.4443577321  
0.6084472695  
0.3705057007  
0.6954433694  
0.3171149725  
0.4696164851  
0.1543235311  
-0.05275968455  
0.1364393319  
0.3357077134  
0.002462062045  
0.07740227676  
-0.07391936167  
0.1026294989  
0.08443816704  
-0.02187340871  
0.1050853006  
0.4894292943  
0.6697999596  
0.2813302033  
0.8878385342  
0.1362386232  
0.4813625411  
1.289865451  
0.8413910718  
0.7789573359  
0.9652055132  
0.8709151281  
0.7146382359  
0.3167057643  
1.001475882  
1.072179229  
0.9715322207  
0.8173400893  
0.5720740048  
0.3703014337  
0.1811804087  
0.1110751964  
-0.3580476524  
-0.5612566164  
-0.4510262938  
-0.5942727492  
-0.9128291635  
-0.734770691  
-0.7469504479  
-1.108768705  
0.1044140971  
-0.02415867448  
-0.3667827103  
0.05696114985  
-0.1663485524  
-0.08703902409  
0.1743833707  
0.05181602143  
0.2268065182  
-0.3713501687  
-0.1457407984  
-0.3626054449  
-0.8219338084  
-1.043350986  
-0.9309693597  
-0.7573998247  
-1.194483401  
-1.379572506  
-0.0509286617  
-0.5378990427  
-0.5314262442  
0.07078256858  
0.5124961247  
0.5152289799  
0.3407261122  
0.4213349286  
0.1290463956  
-0.3517014168  
-0.05562905557  
-0.3426109653  
-0.8943706096  
-0.751711031  
-0.648327238  
-0.9213816845  
-1.212256533  
-1.245856327  
-0.7492552772  
-0.5682093865  
-0.5510035858  
-0.5453304995  
0.07575118696  
0.01656490562  
-0.2745563102  
-0.08485974453  
-0.2510752376  
0.01576043572  
-0.3135819146  
-0.2294113977  
-0.1977260303  
-0.1759044371  
0.3019971012  
-0.09641521203  
-0.2799285355  
0.8459616865  
0.36965049  
0.1701399371  
-0.5517705336  
-0.002899217838  
0.08151979125  
0.06220658882  
-0.9055707813  
-1.674528837  
-1.797536236  
-1.450657901  
-1.2056187  
-1.138694342  
-0.1165848174  
0.3177736553  
0.2177104076  
-0.1393635352  
-0.2798988628  
-0.2278233378  
-0.5841446913  
-0.6495456625  
-0.6722760606  
-0.7097904158  
-0.9661528862  
-0.8595750078  
-0.72410991  
