1.308685254  
0.8537481348  
0.2625405537  
0.2282166592  
-0.0378772875  
0.01145410228  
-0.1927318864  
-0.1263680722  
0.05671442544  
0.00245961925  
-0.1149273616  
-0.07090914706  
-0.1131608583  
-0.1628994034  
-0.2256315007  
-0.03089544991  
0.04208816038  
0.08558071172  
0.04429089842  
0.2123984693  
0.3595889393  
0.3379971229  
0.1988495698  
0.1140917898  
0.2950452147  
0.1694996206  
0.06443374633  
0.1870819835  
0.3322840743  
0.5324034292  
0.9898516346  
0.9671668648  
0.7135896717  
0.5896846444  
0.2703631898  
0.3055670105  
0.203117544  
0.3373488916  
0.1530449786  
0.3264196205  
0.5954428173  
0.6836514926  
0.6416498067  
0.7579690049  
0.802652738  
0.8292009538  
0.6174048598  
0.5320607425  
0.368116903  
0.3467732976  
0.1221192709  
-0.03030243105  
-0.2201129896  
-0.2687816084  
-0.4128079965  
-0.4177887378  
-0.3341822649  
-0.1622194967  
-0.1416833557  
-0.2701829622  
-0.283298106  
-0.052922045  
0.07444030305  
0.4853498911  
0.3167855025  
0.5624524424  
0.6351570866  
0.6098318074  
1.047432968  
0.9173668193  
0.4749144116  
0.681993628  
0.467189572  
0.3699289231  
0.4651113652  
0.7959957684  
0.2296996424  
0.01125504269  
-0.001344249442  
-0.07737221069  
-0.3500109197  
-0.5524219459  
-0.8522841458  
-0.7181901319  
-0.8625033488  
-0.8895559452  
-0.7547664352  
-0.7198102317  
-0.7590920668  
-0.5720496619  
-0.6287449613  
-0.6218017429  
-0.561794844  
-0.4775447782  
-0.2291920631  
0.01259156883  
-0.2502470377  
-0.01617203079  
0.1903961998  
0.2448621848  
0.3965284072  
0.558081532  
0.5256687561  
0.5574981927  
0.4532952973  
0.3978192668  
0.2683096085  
0.8352046559  
0.4041789981  
0.02033344819  
0.1788920326  
0.4689018508  
0.9411841702  
0.5803657406  
0.4259206162  
0.5763622876  
0.1296317328  
0.2129979216  
0.2384481098  
0.09542057126  
-0.1396377927  
-0.3787637698  
-0.4444846811  
-0.7619682458  
-0.594721155  
-0.7147831414  
-0.7621257256  
-0.8983937562  
-0.9894676014  
-1.214221278  
-1.054047211  
-0.9608185322  
-0.8362312961  
-0.6619245055  
-0.4439225885  
-0.07247222021  
-0.008888318284  
0.003381560352  
-0.1269202914  
-0.1473231508  
0.7090711911  
1.414322699  
0.9339666631  
1.012267929  
0.9601455207  
1.02988087  
0.9299309572  
0.877800915  
0.8461584639  
0.698999547  
0.7296239897  
0.77779157  
0.7097953137  
0.8283596244  
0.8374613622  
0.8245392584  
0.6748824161  
0.5258900609  
0.5118398869  
0.3660743526  
0.6587755426  
0.6485924756  
0.489235887  
0.4570664401  
0.894861529  
1.158738198  
1.066075156  
1.344684694  
1.832073483  
1.393373154  
0.9282558708  
0.9927126163  
0.8575062626  
0.8508992771  
0.5898031604  
0.3049825243  
0.8281537122  
0.8785362291  
0.3387939306  
0.2812318335  
0.2151632016  
0.3082518393  
0.5931483954  
0.780147188  
0.4789126378  
0.4474594104  
0.4058355506  
0.4581660641  
0.2638518238  
0.3436208573  
0.3907380986  
0.2579492426  
0.09595898347  
0.2972551329  
0.4318745292  
0.4764746471  
0.4105012314  
0.3358840431  
0.08233143337  
0.1858753658  
0.3865422966  
0.4146673748  
0.7354833296  
0.6899164056  
1.23118841  
1.44750847  
0.9249798579  
1.372317539  
1.25460722  
0.9309837371  
1.161234899  
0.9545293769  
0.8948422914  
0.6410133002  
0.8703962273  
0.9030182491  
0.7367616001  
0.7098910944  
0.757681312  
1.321405419  
1.129791813  
0.7972322935  
0.788659153  
1.013254221  
0.9308356943  
1.008388784  
1.253161696  
1.245864118  
1.094252953  
0.5484824122  
0.1736353015  
-0.09236456978  
-0.3667067414  
-0.4896773692  
-0.4560902097  
-0.3705934423  
-0.3069251119  
-0.2917911537  
-0.07126356995  
-0.2017493597  
-0.2511054489  
-0.3767404986  
-0.04703565634  
-0.1680364554  
-0.1287844809  
0.1088760028  
0.9667042423  
1.612406979  
1.584147313  
0.9975675391  
0.5855131868  
0.7059883408  
0.6026645835  
0.9691308002  
1.276985159  
0.8852824316  
0.4518960279  
0.4658737186  
0.3427327602  
0.3186885238  
0.4322265838  
0.559166001  
0.3473456878  
0.603377936  
0.6194259766  
0.9539644611  
0.9796222861  
1.071567762  
1.226768876  
1.155968234  
1.484935236  
1.253994496  
0.9544041242  
0.9201524249  
0.5188536817  
0.4180037438  
0.3520656447  
0.06381594403  
-0.06229989789  
-0.0713451335  
-0.01599632323  
0.2140487468  
0.2214220968  
0.4446307661  
0.3777303369  
0.2170545208  
0.2538557875  
0.08932986677  
0.1004286319  
0.07487244674  
0.1320905393  
0.13898405  
0.1857167427  
0.1840494462  
0.07605567043  
0.06209269388  
-0.05076993865  
0.05690005488  
0.06787011092  
0.2913198133  
0.7362163953  
0.01565186341  
-0.7434157539  
-0.4068143283  
0.9005031916  
0.6760781691  
0.5922300161  
0.3561701619  
0.6904204489  
0.685490483  
0.6381725687  
0.3568054981  
0.2703449686  
-0.1558303157  
-0.8134626346  
-1.18916214  
-1.387083039  
-1.513120452  
-1.251972579  
-1.003022322  
-1.009844657  
-1.039048253  
-0.8514415228  
-0.6734174112  
-0.6985842222  
-0.637428395  
-0.6336084746  
-0.6648523407  
-0.7411992064  
-0.6892826144  
-0.1698358892  
-0.2903528658  
-0.7290770658  
-0.428690896  
-0.4128513051  
-0.320244912  
-0.3424717355  
0.1880537653  
-0.2747447108  
-0.492429609  
-0.3029508102  
-0.3573577336  
-0.2021833864  
-0.03633672455  
-0.03006648894  
0.08151715333  
-0.07752281151  
-0.1454126783  
0.07184546178  
0.2277454093  
0.2007494287  
0.2928065755  
0.4826667035  
0.4623530495  
0.4244641405  
0.1914365133  
-0.003070917129  
0.3133398307  
0.350032155  
0.327650574  
0.3714419396  
-0.1361875481  
-0.1969126314  
0.008124734589  
0.2328067487  
0.4807905603  
0.03510265599  
-0.01482544321  
0.04446290279  
0.2121229446  
0.1842504398  
-0.4305666746  
-0.4430732632  
-0.6589837907  
-0.543672556  
-0.9586944771  
-0.9520704076  
-1.067900844  
-0.960006884  
-1.07721377  
-0.8213976161  
-0.8016354402  
-1.201193256  
-1.342762075  
-1.505811928  
-1.338489345  
-1.363632072  
-1.113650663  
-0.9617072614  
-0.9247728248  
-0.6238826033  
-0.1604976051  
0.03337857503  
-0.07652450925  
-0.3258794  
-0.3142944954  
-0.4456232017  
-0.5983142307  
-0.6488231527  
-0.6675565564  
-0.6281851107  
-0.8057093001  
-0.6298530717  
-0.6089922618  
-0.5885264951  
-0.5656046437  
-0.7078526136  
-0.7235263767  
-0.233789651  
0.05151994319  
-0.0708327921  
-0.288276279  
-0.2618634189  
-0.1788930216  
0.1379526755  
0.05509360757  
0.08933867012  
-0.2316401237  
-0.2119929779  
-0.1196574812  
-0.1020742603  
0.07060335007  
-0.00212628785  
0.05039362031  
0.06098948266  
0.5565642577  
0.5972934754  
0.3114690445  
0.2459278608  
0.08125045408  
0.0710593012  
-0.04560462611  
0.08216367999  
0.1396789916  
0.004196739295  
-0.02784341923  
0.150847611  
0.185290655  
0.08118838916  
0.05647459913  
0.3031066558  
0.3885652421  
0.354795933  
0.4606116695  
0.5208183162  
0.6923594052  
0.5994850442  
0.8265702864  
0.5453134837  
0.2042476351  
0.4330998565  
0.455292574  
0.5627416198  
0.5372878682  
1.017917201  
1.106087078  
1.53568054  
1.20253453  
1.120025476  
0.672465602  
0.4856833786  
0.4061517817  
0.1682615781  
0.1712135827  
0.2712130989  
0.2278578296  
-0.4840236732  
-0.8948717587  
-1.203602977  
-1.35215928  
-1.311670744  
-1.242492607  
-0.1134817984  
0.07207109974  
-0.1146463101  
-0.3302364116  
-0.4232073626  
-0.1219347256  
-0.3396654358  
-0.1495020242  
-0.4517074572  
-0.5339959795  
-0.7828259927  
-0.9082050716  
-1.048764674  
-1.272211471  
-1.22713391  
-1.175118832  
-1.233456771  
-1.018798964  
-1.164489827  
-1.028716836  
-1.154115378  
-1.041508763  
-0.9884527753  
-0.7051768654  
-0.5537451151  
-0.5014533842  
-0.4506460336  
-0.4532369902  
-0.3599613028  
-0.5328052428  
-0.2796618197  
-0.5272193541  
-0.5039803835  
-0.5039878045  
-0.5886641339  
-0.1369319895  
0.1839920484  
-0.0674258098  
-0.2161729384  
-0.3137885793  
-0.2949513102  
0.1421822574  
0.2126066626  
0.01257558473  
0.5979062492  
0.1251620915  
0.1133967173  
0.6207556305  
0.7862840389  
0.8230776687  
0.982982136  
0.8605669599  
0.7611361138  
0.4357027318  
0.4262233772  
-0.2026664883  
-0.5531115541  
-0.9693010437  
-1.040405782  
-1.067056412  
-1.212673373  
-1.245348883  
-1.269247361  
-1.341174339  
-1.282230723  
-1.051692659  
-0.9426899347  
-0.7736422775  
-0.8216040711  
-0.8977109854  
-0.7646504719  
-0.6934294418  
-0.1729340237  
-0.08704126352  
-0.2600009839  
-0.1422483759  
0.4939802821  
-0.01165821851  
-0.305013576  
-0.4292410732  
-0.6475425748  
-0.6841953965  
-0.6868130657  
-1.033824673  
-1.164059732  
-1.510382471  
-1.321646668  
-1.226651371  
-1.26589173  
-1.121929201  
-1.427120013  
-1.036757703  
-0.9872242104  
-0.5803836436  
-0.6038838815  
-0.7377033773  
-0.7210175626  
-0.5898220398  
-0.8932244039  
-0.8175230969  
-0.9086325436  
-1.125259414  
-1.289136936  
-1.019474304  
-0.8204518609  
-0.7589993598  
-0.4658036874  
-0.6756119064  
-0.5072101956  
-0.44134368  
-0.4753826464  
-0.919698063  
-1.130823387  
-1.102749078  
-0.8741000842  
-0.6952653634  
-0.8405545209  
-0.7468309391  
-0.7877539958  
-0.7513121505  
-0.7389985182  
-0.179458495  
-0.3258687048  
-0.6714457088  
-0.9637978253  
-1.174589306  
-1.306073249  
-0.9876935247  
1.641581322  
1.775365625  
1.787594257  
1.544775556  
1.505641064  
1.451319667  
1.482433819  
1.295452371  
1.373939456  
1.213093771  
0.7915392439  
0.7814471525  
0.6053651354  
-0.01504436973  
0.3114804645  
0.4367921423  
0.3929518621  
0.3305784667  
0.07183251404  
0.1807141398  
0.2102055764  
0.02065557947  
-0.3104802226  
-0.1606390854  
-0.2126784511  
0.3142376054  
0.4105830111  
0.7457171559  
0.6270655076  
0.7478504283  
0.4362059941  
0.3538335464  
0.4925843296  
0.5334375417  
0.4404724691  
0.8939569288  
0.3706110847  
0.2428389164  
0.1694696299  
-0.3094723125  
-0.8623713495  
-0.497888173  
-0.4290533189  
-0.4947540552  
-0.4294557705  
-0.4328177394  
-0.475928594  
-0.3434897807  
-0.2834208073  
0.1980759403  
0.7220515143  
0.7502682312  
0.5870324326  
0.5364747257  
0.4010751448  
0.6678780223  
0.08638397337  
-0.214952281  
-0.6381924447  
-0.5282305531  
-0.5775378364  
-0.4016856545  
-0.3197921259  
-0.3545869398  
-0.2590013978  
-0.09878525351  
-0.08213152804  
0.01358093645  
0.04079719002  
0.104635149  
0.01163405939  
0.1689913994  
0.1980926922  
0.2662178493  
0.202449319  
0.2665422868  
0.2854131288  
0.3365920147  
0.5437891887  
0.4245435064  
0.5079082836  
0.6216825665  
0.8004412664  
1.239268446  
1.270594577  
1.983769916  
1.456647567  
1.311937792  
1.268330512  
1.116960847  
1.298854078  
0.6811724889  
1.110450961  
1.028779323  
0.9633370209  
0.9853939951  
0.8854146476  
0.3280519347  
-0.2930451998  
-0.5414657554  
-0.2973935687  
0.2170349826  
0.2129073613  
0.04694381157  
-0.2178631993  
-0.06847944026  
0.1481558985  
-0.1493119138  
-0.5060222814  
-0.268627288  
-0.2289086768  
-0.5327288032  
-0.7160562471  
-0.5579946702  
-0.5092356268  
-0.3808888563  
-0.4616900226  
-0.4197629041  
-0.354595951  
-0.3555077098  
-0.1331745787  
-0.1718273213  
-0.3858267587  
-0.2058858905  
-0.4644562304  
-0.4498822436  
-0.2850971006  
-0.2597525829  
0.4779067562  
1.041022525  
0.6437442869  
0.6720159767  
0.6832917754  
0.4384056694  
0.5818837704  
0.6196390763  
0.6816516636  
0.799998678  
0.4584274048  
0.4005865613  
0.2836213494  
0.2523135773  
0.4257274929  
0.7934471415  
0.3676291674  
0.07360686786  
0.1250652428  
0.1212049724  
0.05162384911  
0.2045376637  
0.1195100576  
0.03072935143  
-0.108903677  
0.334262971  
0.569115437  
0.4327638707  
0.2835084397  
0.197443738  
0.1634468238  
0.08399642945  
-0.1099148793  
0.05012658942  
-0.1790497775  
-0.4479471067  
-0.4847444748  
-0.4751122993  
-0.5028994132  
-0.3496478117  
-0.5558318272  
-0.5639855204  
-0.06715180877  
-0.2765073833  
-0.006628771851  
-0.2133241198  
-0.3261766316  
-0.4724532956  
-0.6275597369  
-0.6426904883  
-0.6353786463  
-0.484237674  
-0.4407926219  
-0.3241021627  
0.1728146349  
-0.1328790002  
0.1403791586  
0.2616787149  
0.2744870962  
0.5623944366  
1.066861622  
0.7530866425  
0.6849360311  
0.4923781164  
-0.01717848956  
-0.4500915961  
-0.5736212402  
-0.7748065796  
-1.085991222  
-1.403208154  
-1.498116397  
-1.385234778  
-1.318861096  
-1.190108812  
-1.010172676  
-0.7788778719  
-0.8602978885  
-0.9880245053  
-0.8962872026  
-0.6135403284  
-0.4868223342  
-0.6567844824  
-0.8976067225  
-0.7545051849  
-0.7529198692  
-0.7343171917  
-0.7514650163  
-0.762425838  
-0.8133221892  
-0.8201338888  
-0.8093759179  
-0.6167344516  
-0.5930617475  
-0.619390149  
-0.6008960857  
-0.4372807701  
-0.4083473665  
-0.1662338503  
-0.1939725684  
-0.1853973889  
-0.05138347716  
0.1588795765  
0.1939301107  
0.08101643253  
0.01063905009  
0.06728118811  
0.6827119364  
1.001419249  
0.5515567541  
0.4706304395  
0.3290738514  
0.03217971565  
0.1486075217  
0.2007801596  
-0.1530322219  
-0.1987879083  
-0.2806646437  
-0.209165712  
-0.1599285523  
0.150804104  
0.0724580711  
-0.00828783019  
-0.07778860878  
-0.04879295983  
-0.07974500652  
0.08242035806  
-0.07683734345  
0.1307308422  
0.009404189258  
0.1400344738  
0.08596339005  
-0.1423299643  
0.01954674042  
0.05592271881  
-0.3365143204  
-0.4510519256  
-0.4685204574  
-0.4928264716  
-0.434645437  
-0.400193245  
-0.6000771773  
-0.524940642  
-0.68986029  
-0.9027160175  
-0.7989632052  
-0.5964472385  
-0.3919138829  
-0.4622849378  
-0.5128572016  
-0.6082823584  
-0.5364790964  
-0.3518034767  
-0.1148724356  
-0.4584539444  
-0.3344406691  
-0.1362826189  
0.049845081  
0.285898603  
0.06759050407  
0.7757835892  
0.5451698943  
0.3898155837  
0.2468286691  
-0.0008885078391  
-0.2205577886  
-0.455087343  
-0.4108409954  
-0.9086634515  
-1.324874339  
-1.262924818  
-1.1346534  
-1.25688122  
-1.279371581  
-1.255945858  
-0.9722729307  
-0.7265170755  
-0.3888585544  
-0.3468007408  
-0.1628368571  
-0.1130580725  
-0.1260262806  
-0.07923779302  
0.01156029752  
0.04876240676  
0.2129138861  
0.2005664079  
0.2276619686  
0.1805356947  
0.2864896163  
0.4695433856  
0.3280570232  
0.5736645406  
0.665273379  
0.4913233628  
0.2506436217  
0.5097789511  
0.8726345169  
1.027082973  
0.8263811272  
0.4999133172  
0.1796098991  
0.1109719866  
0.08886528655  
-0.1955577322  
-0.9217287383  
-1.136385218  
-1.379945753  
-1.474237842  
-1.574876668  
-1.586071481  
-1.38644978  
-0.8840767924  
-0.7390750192  
-0.4658724574  
-0.3101164272  
-0.24621308  
-0.01640276853  
-0.2357193787  
-0.6204336273  
-0.883933329  
-1.129704745  
-0.02304040682  
0.07690899457  
0.3065255167  
0.561451773  
0.6426356472  
0.07342508491  
-0.02801678235  
-0.1936108192  
-0.3565423763  
-0.4578564167  
-0.1046175979  
-0.5420525205  
-0.5928242291  
-0.5339155912  
-0.2757813387  
-0.159680291  
0.06555093056  
0.02707605344  
-0.02651173601  
0.2016533757  
0.6586622195  
0.6751756812  
0.4385054862  
0.484387841  
0.1665463791  
0.08838617736  
0.5056079965  
0.312775143  
0.439730254  
0.5604935721  
-0.2978196149  
-0.4330114667  
-0.4770436604  
-0.4016187625  
-0.5481622735  
-0.4100227118  
-0.4486253642  
-0.726032308  
-0.8264189722  
-0.6002341469  
-0.58843442  
-0.5004615181  
-0.3215228577  
-0.4317328819  
-0.6496885687  
-0.8872232736  
-0.8749396216  
-0.8347844638  
-0.711301696  
-0.6433599264  
-0.6405398427  
-0.463644521  
-0.4479506256  
-0.006998410935  
0.215055996  
-0.4111225326  
0.1682721994  
-0.2360601679  
0.3338307089  
0.6127067824  
0.363094395  
0.5990429542  
0.5553666016  
0.8668360997  
0.3141225583  
0.5049812112  
0.2618766336  
0.3771032462  
0.5380274638  
0.1983818096  
0.1814372294  
0.3808133978  
0.2018605692  
0.5059903361  
0.5460073804  
1.071799156  
1.053357636  
0.7602292875  
0.4900442114  
0.4911736486  
0.3398472324  
0.05670256509  
0.1196050874  
0.3494984444  
-0.02458524687  
-0.0709660036  
0.3571810791  
0.4187074541  
0.2761975081  
0.4155177864  
0.02459874822  
0.4280324266  
1.017130924  
0.7021518536  
0.9219060776  
0.836625074  
0.6467775846  
0.8508140802  
0.5946781521  
0.8583752941  
0.6729791514  
0.3611448837  
0.568704397  
0.7464406592  
0.6354225812  
0.6172229932  
0.4966288516  
0.4943397461  
0.3711730086  
0.3852204612  
0.4993773712  
0.5278094922  
0.6152668812  
0.9296609455  
0.8343167824  
0.5976515459  
0.4831717501  
0.404324326  
0.4598004839  
0.5923806091  
0.4834147638  
0.492696507  
0.5210481683  
0.4865543659  
0.6270507969  
0.5630433976  
0.5183852348  
0.6133379825  
0.8142674848  
0.811841269  
0.7316214578  
0.733493489  
0.5532884048  
0.7401540998  
0.9045704396  
0.7263839456  
0.737273744  
0.5861142832  
0.3850276555  
0.3089619506  
0.3916308402  
0.5124307205  
0.2810714698  
0.2846526779  
0.7991574281  
0.4639267253  
0.7113728178  
0.3066394252  
0.3097327072  
0.7209886903  
0.4867484502  
0.6855686004  
0.7118192074  
0.700372472  
0.8173706803  
0.6694189722  
0.9335217183  
0.9650391154  
1.19503711  
1.121057474  
1.272722636  
1.349297086  
1.280582847  
1.319035816  
1.108246297  
0.9482972842  
0.8870881622  
0.7358878749  
0.8406138902  
0.669593154  
0.6481886849  
0.598254837  
0.627266762  
0.8020327738  
0.5759639586  
0.3233319007  
0.1423487713  
0.3440975857  
0.4049803651  
0.75166571  
0.4758127222  
-0.06348306419  
0.05899371764  
0.2095554349  
0.05272082239  
-0.3447023873  
-0.6413627941  
-0.8229981755  
-0.9290606706  
-0.8106391956  
-0.3828740672  
-0.8624178729  
-1.149065733  
-0.7900627997  
-0.3175568411  
-0.4249586873  
-0.4109758307  
-0.2210682252  
-0.4148112076  
-0.6638730578  
-0.6667849267  
-0.4537361485  
-1.315243926  
-1.18321059  
-1.363479319  
-1.821289373  
-1.767054112  
-1.784916844  
-1.597479145  
-1.492295578  
-1.476865261  
-1.481928089  
-1.349364522  
-1.375930481  
-1.109849187  
-1.070222142  
-0.8333886768  
-0.7131135246  
-0.5315025395  
-0.3989916974  
-0.05234585952  
0.2893098583  
0.2047669721  
-0.3059211571  
0.0003543221471  
0.7694442699  
0.6328302843  
0.2498104832  
-0.2515676251  
0.009941724399  
-0.4387963933  
-0.3696674436  
-0.379505384  
-0.6645919965  
-1.017475148  
-1.152277348  
-1.085881883  
-1.25820883  
-0.6855810157  
-0.3927700876  
-0.744760041  
-0.8707140421  
-1.183736471  
-1.124102377  
-1.476495426  
-1.703506568  
-1.685432301  
-1.773974831  
-1.76663666  
-1.596442761  
-1.412873065  
