0.5736803747  
0.2515121623  
0.4516945353  
-0.01377652875  
0.005142494673  
0.04531522839  
0.1610367325  
0.3250529866  
0.4448811051  
0.7277080091  
0.3395891932  
0.358925619  
0.3158404255  
0.1587116743  
0.3290925312  
0.5275354562  
0.555668385  
0.6198931963  
0.6989626742  
0.3550445198  
0.169690205  
0.240698384  
-0.3897883012  
-0.1314066656  
-0.2450907481  
0.09924235846  
-0.04027021584  
0.4853624142  
0.1999068174  
0.1737190647  
0.1761200813  
0.33756523  
0.3832977338  
0.0751565731  
0.2528184774  
0.6190907781  
0.634670967  
0.5886138645  
0.5740070392  
0.624315266  
0.7429441409  
0.5815807147  
0.6076103859  
1.49788734  
1.130636231  
0.4658572042  
0.6824252333  
0.7413687613  
0.5154339351  
0.7853890497  
0.2659179137  
-0.1066229288  
0.1721474257  
-0.05197893319  
0.1830104497  
0.1202422279  
-0.4186463611  
0.2883795679  
-0.01771323829  
-0.1277784321  
-0.1530334544  
0.2934227765  
0.2948136553  
0.1218518066  
-0.1575735753  
-0.02955820007  
0.8404914683  
0.760408935  
0.4137723109  
0.6513242173  
0.818587131  
1.062187757  
1.228166953  
0.9089626012  
0.4692241062  
0.6942337763  
-0.1356656384  
0.01596577282  
0.2408175531  
-0.1402525783  
-0.6409531804  
-0.4922300107  
-0.9004801472  
-1.067973533  
-0.7169891922  
-0.3271857248  
-0.1487041302  
-0.3886692098  
-0.5916317738  
-0.2579565556  
-0.3911191716  
-0.2941904091  
-0.6592981594  
-0.01793099505  
-0.1099238959  
-0.0680011217  
-0.2650697363  
0.1322447602  
0.2380959502  
-0.09955123981  
0.1711241042  
0.3848597593  
-0.1430007574  
-0.3331452371  
-0.5958160116  
-0.6529557256  
-0.3806844908  
-0.111576676  
0.2124122077  
0.5654775256  
0.5412514749  
0.968217216  
1.17990367  
0.8539650209  
0.4340646264  
0.2913774645  
-0.07880231582  
0.218281438  
0.06969252266  
0.627699419  
0.01071787833  
-0.3592902318  
-0.853399384  
-0.36862422  
-0.150112645  
-0.06907403992  
-0.7290499827  
-0.8869601496  
-0.8692529929  
-1.049981315  
-0.6291940337  
-0.4584771486  
-0.636581493  
-0.4349176255  
-0.2115503273  
0.100688989  
0.06023038835  
0.09885749865  
-0.07254782762  
0.1154938983  
-0.001270174566  
0.1261086712  
-0.3885492707  
-0.653886384  
-0.1996886723  
-0.3769096017  
-0.3016090822  
-0.02748711373  
-0.2529265164  
0.2905762012  
-0.2559204259  
0.3030126901  
0.004557566595  
0.08830721747  
0.3512510653  
0.1108019889  
0.3601920489  
-0.07516040719  
0.1000838136  
0.1550498802  
-0.1497873636  
0.1567917034  
-0.06799936337  
0.2174976438  
0.3282605586  
0.5688216404  
0.4771578463  
0.8619187991  
0.7991733588  
0.9555608578  
1.108364165  
1.816617503  
1.292045765  
0.7962433592  
0.8848075942  
0.639538214  
0.7275096922  
0.322453647  
0.4079834576  
0.2014221943  
0.3287417391  
0.6076034722  
0.5827283338  
0.5369873613  
0.5872035503  
0.1131845164  
0.2597884741  
0.05457530966  
-0.1994092898  
0.1776609031  
0.1413701708  
-0.1482037856  
0.2421513566  
0.1836639988  
0.186038965  
-0.1242872544  
-0.2812624552  
0.1375624073  
0.1017153258  
-0.03824517943  
0.1414599426  
-0.004923721109  
0.02723591143  
-0.2114032481  
0.1881355162  
0.1389781456  
0.4287055688  
0.8476274133  
0.7051553873  
0.9136206612  
0.4738293904  
0.8553720844  
1.099247961  
1.181854693  
1.35211199  
1.036387435  
1.164466942  
1.08975842  
1.122064608  
0.8775744625  
0.6248526499  
0.271726533  
0.3604781658  
0.849684619  
0.2321186918  
0.5071646136  
0.2350019669  
-0.02176081714  
-0.316491103  
-0.435799517  
-0.5268777578  
-0.5062986492  
-0.56575332  
-0.8116003222  
-1.176522663  
-1.035545573  
-0.5842728075  
-0.3843800381  
-0.2398040451  
-0.7681553064  
-0.3353161541  
-0.6475659683  
-0.6471937776  
-0.5845253978  
-0.1418656854  
0.272069556  
0.3892826044  
0.06785688596  
-0.5038023419  
-0.5223155659  
0.02930436375  
-0.06227404161  
-0.08597042095  
0.13330826  
-0.1500086246  
-0.1632722594  
-0.07365245705  
0.09058106195  
0.003951781333  
-0.04139256508  
0.3368197432  
-0.06351702913  
-0.3334705811  
-0.2263059146  
0.1714444264  
-0.04370815106  
-0.1184461773  
0.290631394  
0.3764772256  
0.6199055739  
1.097490908  
0.998181323  
0.88879002  
0.6095002231  
0.6533301805  
0.6457075148  
0.774690186  
0.3504577664  
0.130386591  
-0.4214595014  
-0.5766406585  
-0.6596746237  
-0.7336592414  
-0.5917127983  
-0.5185060663  
-0.5642171779  
-0.4192134226  
-0.268720948  
-0.3130177824  
-0.030565379  
0.2305999624  
0.6620292696  
0.7663186254  
0.9227995292  
0.6534636119  
0.7264864645  
1.420072166  
0.9356632668  
0.3808930295  
0.8073986524  
-0.1771164038  
-0.4575675897  
-0.5920176873  
0.1354045737  
0.8982628092  
0.9196170997  
0.592120748  
0.5415023118  
0.6359282769  
0.2768171279  
0.4861182267  
-0.3247110544  
-1.035997536  
-1.10863593  
-1.3899853  
-1.938979496  
-1.552035224  
-2.15301566  
-1.431554716  
-1.556465522  
-1.575731573  
-1.049395728  
-0.8453802258  
-0.3590569612  
0.2800560762  
-0.1851698436  
0.01296531151  
0.2913565592  
0.2012582341  
0.03714550889  
-0.1900963058  
-0.05686304698  
-0.4382425317  
-0.07134174457  
-0.398469872  
0.1719916995  
0.02643569226  
-0.002317880903  
-0.3211655653  
-0.6413772548  
-0.4833605149  
-0.1228226055  
0.2277618976  
0.08508217638  
0.07717415521  
0.1453663074  
0.1617165679  
-0.3155866856  
0.1615557157  
0.595166609  
0.6432654498  
0.7451024326  
0.8897640381  
1.02677589  
0.9929687096  
0.6259524801  
0.8905202954  
0.7803434341  
0.6766481825  
0.8342560616  
0.7983480806  
0.4875976061  
0.4765398982  
0.6800246223  
0.3177243201  
-0.1613130952  
-0.3887111694  
-0.5599355357  
-0.435696986  
-0.07618038788  
-0.09506349261  
-0.2506576546  
-0.4952141111  
-1.03722707  
-0.835584981  
-1.359522367  
-0.9490917526  
-0.7623864868  
-0.7571117205  
-0.4402212192  
0.1240744575  
-0.01190807928  
-0.2443105261  
-0.1700588277  
-0.2812233927  
-0.3042693959  
-0.3783352623  
0.1051991548  
0.1358303127  
0.1039382634  
0.2499734353  
0.5832446568  
0.2216690521  
0.08604140609  
-0.07725045072  
0.07730892044  
-0.07765769424  
0.1464913362  
-0.3221112813  
-0.444549698  
-0.2686653474  
-0.1106737161  
0.1352346009  
-0.02126023454  
0.01577864959  
-0.08808351822  
0.09965481691  
0.2079305717  
0.7790831891  
0.7206788225  
0.6644187819  
0.4722747989  
0.3020279516  
0.3515168524  
0.811349923  
0.3395201505  
0.02171770788  
-0.1658273578  
-0.09362401822  
-0.1379383754  
0.1623126014  
-0.2844064406  
-0.6343763814  
-0.7312916664  
0.00542981767  
0.3259726078  
0.6077619736  
-0.01867796247  
0.2031161876  
0.2166366052  
0.2464137388  
0.5024242675  
0.5846655157  
0.8028746035  
0.9546360931  
0.6331778552  
0.5334326105  
0.3999047648  
0.478051023  
0.318844962  
0.0642637178  
-0.0567245616  
0.08523898277  
0.1644743872  
0.08821205073  
0.4133928901  
0.4008188159  
0.4236380912  
0.4755431006  
-0.2171440567  
-0.08850161448  
0.09333687406  
0.4114777512  
0.7633314157  
1.017534625  
1.240167327  
1.716946391  
1.190835811  
1.016802746  
0.7608725995  
0.6389543962  
0.4602099271  
0.05550088403  
0.1299662199  
-0.1915735175  
-0.1409538969  
-0.453706514  
-0.6386523793  
-0.7987589862  
-0.5003172608  
-0.3538662249  
0.1691935578  
0.1899346983  
0.08032168167  
-0.01633455878  
-0.2444246917  
0.06622117862  
0.1082249859  
0.2164320177  
0.02634942175  
0.1405481883  
-0.04860609098  
-0.189382719  
-0.1207109869  
-0.5709176182  
-0.7126639133  
-1.118916473  
-1.364395651  
-1.715336813  
-1.460453095  
-1.291931686  
-1.099019636  
-0.9779429328  
-1.16789206  
-0.3476979002  
-0.1724285353  
0.280240547  
0.3447916256  
0.5160184263  
0.09587596401  
0.02701762283  
0.1741147054  
-0.05582329046  
-0.2763376936  
-0.6802329895  
-0.2735994063  
-0.1432605821  
-0.05301902728  
0.3216598443  
0.1076031379  
0.3392098077  
0.3971132663  
0.5452529823  
0.371865421  
1.226061037  
0.8105644437  
0.4510892866  
0.3344602255  
0.2769717701  
1.206517286  
1.05882778  
1.451556365  
1.66825977  
1.176472111  
0.8157940829  
0.2529189848  
0.008556310858  
-0.7396868404  
-1.028922247  
-1.036064189  
-1.061600444  
-0.8616819523  
-1.139836476  
-1.2833979  
-1.114406626  
-0.8574907172  
-1.060387278  
-0.5512510914  
-0.4996703148  
-0.6536364217  
-0.3056002559  
-0.1998145738  
-0.005571401686  
-0.4621098313  
-0.6104930719  
-0.6771183969  
-0.6347027698  
-0.255617586  
-0.0433299845  
-0.1557289962  
-0.05009665446  
-0.2307510092  
-0.8990440262  
-0.5301312026  
-0.952479088  
-1.272351592  
-1.381026156  
-1.555275357  
-1.471946566  
-1.407580274  
-1.34593203  
-1.277053504  
-0.9419672016  
-0.6765527903  
0.04976849627  
0.2709872124  
0.5156176254  
0.181005597  
0.1469279275  
-0.3315294344  
-0.8562210489  
-1.100297332  
-1.342032471  
-1.451608766  
-1.493101697  
-0.9220405704  
-0.8856833301  
-0.3194112612  
-0.2883765509  
-0.8208671869  
-0.6197873347  
-0.3664590545  
-0.8502562896  
-1.132908969  
-0.8910584207  
-0.9878567401  
-0.7375665826  
-0.694246112  
-0.9012708464  
-0.9381244883  
-1.163101349  
-0.3804435599  
-0.6550593902  
-0.7166322121  
-1.229743101  
-1.215176839  
-1.306618352  
-1.173935875  
-1.259391167  
-0.4982449869  
0.5049306189  
0.9967171679  
1.297217276  
0.9845055495  
0.9984342317  
0.9852211808  
0.7139209616  
0.7523304362  
0.5780938755  
-0.1512156234  
-0.3786829845  
-0.2286357647  
-0.3664249437  
-0.75113159  
-0.1094921947  
0.2417219746  
0.3064713663  
0.4734027582  
0.1174789834  
0.4914478394  
0.1616360927  
-0.2704263973  
0.1742939636  
0.01407332933  
-0.3131703746  
-0.04875681135  
0.0846930345  
0.4706613116  
0.3822158964  
0.03037808269  
-0.1287045341  
-0.1067443561  
0.229749817  
0.201385067  
-0.1253548068  
0.5639953085  
0.2001979561  
-0.1732086693  
-0.5393897334  
-1.286671502  
-0.9531866892  
-0.6546334951  
-0.5544061126  
-0.4643622838  
-0.1485722877  
-0.06384822062  
-0.2575223518  
0.002552456214  
0.1202435545  
0.2428345003  
0.8912488055  
0.4840305847  
0.5178712913  
0.06568201744  
0.09148974387  
-0.02078508954  
-0.09337242941  
-0.3120876528  
-0.329044362  
-0.54572697  
-0.3302026914  
-0.2256370336  
-0.3045767385  
-0.2058095348  
0.150341902  
0.08321100035  
-0.04406187099  
-0.2662663901  
0.2296005876  
-0.04010058267  
0.02471614251  
0.4202257381  
0.327397072  
0.9309606253  
0.5966562455  
0.992372983  
1.028434501  
0.5016615114  
0.5834898114  
0.5429085784  
0.4202308471  
0.5212665071  
0.7773023206  
0.9156427186  
1.060262985  
0.5719441227  
0.7194182083  
0.8981469219  
0.7697947869  
1.120857237  
1.182737828  
0.7220852583  
1.190849649  
0.8019409891  
0.8378979685  
0.09881134954  
-0.1191753585  
-0.5699586663  
-0.9124152209  
-1.114638362  
-0.6776284309  
-0.2997883105  
-0.09530404823  
-0.3861305696  
-0.2450131137  
0.0352538968  
-0.1854884754  
-0.4397760616  
-0.7112988087  
-0.3814725799  
-0.009115584474  
-0.6272151132  
-0.4766548676  
-0.3967297212  
0.1191136096  
-0.02915209406  
0.162371127  
0.3259615545  
0.11397382  
0.311095588  
0.2398501514  
0.2530140093  
-0.1154320177  
-0.5338052178  
-0.2175647228  
-0.1891412024  
0.1032441517  
0.2392785431  
0.2775238559  
0.4237758907  
0.633255174  
0.6123839459  
0.6680526608  
0.5894856021  
0.5919685847  
0.807008105  
0.705046742  
0.5774552533  
-0.07871607288  
-0.2136449983  
0.04970298119  
0.2336818183  
-0.1949300296  
0.02922113126  
-0.4974714034  
-0.3103115892  
-0.7732881182  
-0.1674547006  
-0.1422308163  
-0.1953731665  
0.1480363718  
0.005562325876  
-0.4579969981  
0.1087840318  
0.06533381808  
-0.2965361095  
-0.3480469297  
-0.2490973136  
-0.3876396011  
-0.3166887483  
-0.04852094699  
0.3013964712  
0.06920309035  
0.01041019098  
-0.1153113434  
-0.2629996842  
-0.3070425804  
-0.6985865869  
-0.8846513077  
-0.7232578611  
-0.9884514605  
-0.6006149317  
-0.4345918096  
-0.1556336358  
-0.3432937339  
-0.3369768941  
-0.4040703084  
-0.5746619481  
0.02146386842  
-0.3825262935  
-0.2641506034  
-0.4211544993  
-0.4375449346  
-0.7381605812  
-0.6579611251  
0.001383048663  
-0.01210361174  
0.3021430357  
0.3283873354  
0.24748727  
0.1594931436  
-0.005731608883  
-0.2943154875  
-0.2595209326  
-0.3172326523  
-0.5380208018  
-0.6286387499  
-1.17760352  
-1.05671975  
-1.292390979  
-0.9556271817  
-0.8840480627  
-1.244831775  
-0.8821796769  
-0.8940810408  
-0.5995867316  
-0.2641209823  
0.3102011697  
0.373955384  
0.2100932539  
0.1055578157  
-0.6421886594  
-0.464887642  
-0.6520491689  
-0.891045834  
-0.9582886494  
-0.7651637057  
-0.9397744374  
-1.064488277  
-0.8075172612  
-1.022266615  
-0.6338887233  
-0.9264493831  
-0.5356310474  
-0.209701339  
0.3140118008  
-0.1051268538  
0.05876755245  
0.2772286574  
0.6198833384  
0.5687017115  
0.7804980955  
0.6414815992  
1.140348199  
1.457184518  
1.065928123  
0.9395476199  
0.5474641196  
0.4314515569  
0.5338625374  
0.2620234756  
0.2280911737  
0.316717466  
0.597217343  
0.6647509916  
0.3767861985  
0.5008046818  
0.03883301316  
-0.3590504673  
-0.1597228683  
-0.3419622633  
0.2864205427  
0.5182918287  
-0.008502399928  
0.1311849745  
0.4566954233  
0.3124308941  
0.6778798287  
0.5107284442  
0.2805029842  
0.1915504351  
0.6010943742  
0.0655755374  
0.1708499581  
-0.03230438034  
-0.2258289933  
0.1719799085  
-0.2711045105  
-0.3211323787  
-0.4790873729  
-0.4035136984  
-0.9251936645  
-0.6305310779  
-0.3101971063  
-0.3476192676  
-0.4230134167  
-0.2140499936  
-0.3470063585  
-0.03993602986  
-0.3975818079  
-0.9466840491  
-0.3196590567  
-0.5703355075  
-0.1355079311  
0.5423451358  
0.5453278902  
0.4328654721  
0.645680396  
0.6492842486  
0.6082585044  
-0.06937091892  
-0.2519521174  
-0.5314562983  
-0.7510115142  
-0.8076874546  
-0.7046649855  
-0.6628565093  
-0.295405593  
-0.1401994432  
-0.08618165237  
-0.2655436423  
-0.6872042045  
-0.4025393772  
-0.3034369416  
-0.7485946043  
-0.5550730838  
-0.5064906819  
-0.6914732372  
-0.9053168575  
-0.859232794  
-0.985234761  
-0.7581927172  
-0.2922072151  
-0.1644918672  
0.2242535588  
0.6633654533  
0.3498975586  
0.4403748749  
0.4719166621  
0.381997722  
0.3664891238  
-0.1965719401  
-0.2083457219  
0.1070822249  
0.2391542371  
0.2875777757  
0.8043953828  
0.8292493344  
1.032996321  
0.8630523315  
0.6519434946  
0.2144970988  
-0.07522491153  
-0.5231398923  
-0.9003068082  
-0.7665504621  
-1.212274706  
-1.253985139  
-0.7936265597  
-0.9333895682  
-0.7882088518  
-0.9002026656  
-0.8481818637  
-0.7058218297  
-0.622861466  
-1.175313927  
-0.7442150411  
-1.072488748  
-0.3845072187  
0.4561748204  
0.3796560872  
0.2996901728  
0.5585198987  
0.7806133817  
0.4099008047  
0.3608096742  
-0.222136472  
-0.1500638497  
-0.7508640695  
-0.789125904  
-0.4292669126  
-0.2559933927  
-0.4243798892  
-0.3969369243  
-0.3788202008  
-0.7763646676  
-0.6237037768  
-0.4669377641  
0.1059795613  
-0.05422375991  
0.186464318  
0.1129987738  
-0.2592749271  
0.02924607466  
-0.6076319865  
-0.2919853205  
-0.1603351978  
-0.2740541218  
-0.2972984639  
-0.6864908438  
-0.1929652212  
-0.6396414265  
-0.6636182476  
-0.7656111743  
-1.470009853  
-1.37138473  
-1.656787756  
-1.017587959  
-0.7273865329  
-0.4086048056  
-0.08719723692  
0.4980361967  
0.4976359035  
0.7700075442  
0.1908505252  
0.2538356699  
-0.2150207277  
-0.2846602198  
-0.3899343887  
-0.9474554837  
-0.6871737704  
-1.068398149  
-0.7190956217  
-0.5852469849  
-0.3497068553  
-0.6565014339  
-0.5040082208  
-0.2781985607  
-0.1232775193  
0.4341542136  
0.8753383217  
0.3441760942  
0.7890993524  
0.9450740643  
0.9260941873  
0.5660203256  
0.4476182622  
0.08896948272  
0.4098953242  
-0.04086174408  
0.5703328678  
0.2707276552  
0.5425709657  
0.8678856033  
1.039703223  
1.158640536  
0.8566367999  
1.153902894  
0.6857387399  
0.7826772609  
0.1148735689  
0.057407843  
-0.1050035544  
-0.5661178459  
-0.1245889202  
-0.2234350561  
0.04868632274  
-0.01648036515  
-0.1512427052  
0.008532832509  
0.3860424295  
0.7946695546  
0.8746891949  
0.963552765  
0.7379410396  
0.479905855  
0.6242447209  
0.3378610523  
0.2156360351  
0.5270287475  
-0.08844013992  
-0.3971908012  
-0.2985611972  
-0.09197732963  
-0.5478442266  
-0.2718308853  
-0.4327802347  
-0.4914249726  
-0.4176488424  
-0.07416938152  
0.1187598849  
0.3884032185  
0.1157082445  
0.2257043566  
0.3770438016  
0.3550192918  
0.4344889286  
0.6410474283  
0.6834958328  
0.5152118623  
0.8241837383  
0.7821711563  
0.9987905793  
0.9846707098  
1.02518626  
0.6341574125  
0.4313469122  
0.7419457004  
0.5997053209  
0.9435552358  
0.4393907293  
0.4459654612  
0.369382816  
0.498128764  
0.4981607543  
0.2682209793  
0.5876036702  
0.2720893805  
0.6689603122  
0.09177590709  
0.09789090464  
0.5296576903  
0.2074386866  
0.5003519853  
0.582926734  
0.3783493894  
0.1680941797  
0.4945602315  
0.5489691862  
0.3363589667  
0.701822268  
0.8545007423  
0.9746776195  
0.4194018532  
0.4960918514  
0.8771558145  
0.9156161493  
0.9899160854  
1.133980782  
1.047130297  
0.8319245703  
0.3329540675  
0.2862577367  
0.0007398197297  
-0.1360370368  
-0.4479633978  
-0.4237601367  
-0.2869630953  
-0.5916830007  
-0.5276985531  
-0.6907524154  
-0.2836120496  
-0.3696272488  
-0.3653804316  
-0.1741988658  
0.2769346104  
0.228246455  
1.203015236  
0.2463735928  
0.7007472023  
0.8299013111  
1.273921069  
1.063987964  
0.8224107561  
0.5699693656  
0.2430132445  
0.03356227242  
-0.04315419581  
-0.1549066735  
0.1213253252  
-0.02122160444  
-0.5229719352  
0.3155358799  
0.09463373452  
0.4741539074  
0.02986048917  
0.5169810278  
0.1528939955  
0.4284409459  
0.1447968203  
0.3425773961  
-0.3019978298  
-0.842866115  
-1.089419439  
-1.206851434  
-1.086415124  
-0.8869789223  
-0.6358332677  
-0.6104286232  
-0.4017191914  
-0.01387122904  
-0.03419943407  
0.4128860876  
0.5128970302  
0.4032462167  
0.6039132682  
0.3588347636  
0.5665298064  
-0.1513971524  
0.1934184362  
-0.2229374674  
0.05111243384  
0.07813764262  
0.3578107898  
0.5430903382  
0.936519114  
0.1401001049  
-0.2535635711  
-0.08184301209  
-0.1065050467  
-0.3859976454  
-0.2651731689  
-0.656589565  
-0.9102314147  
-1.300956534  
-0.8271937869  
-0.9259993227  
-0.6898593708  
-0.4642946113  
-0.5766169537  
-0.5965048438  
-0.6328547983  
-0.512086666  
-0.6672766191  
-0.5136646012  
-0.2678753054  
-0.4024877197  
-0.1251214003  
-0.2292920571  
-0.1449757762  
