2.187970462  
1.554185905  
1.367069262  
1.150764403  
1.01887564  
0.9094038011  
0.6235302745  
0.681762011  
0.6418947514  
0.6418261544  
0.7704401606  
0.3690352604  
0.2793112249  
0.1097815  
0.2613969955  
0.3676559416  
0.07056256755  
0.2363238089  
0.2816655096  
0.3038811192  
0.4095724343  
0.4360996884  
0.4831084659  
0.4555043763  
0.4546865585  
0.5739880947  
0.7048616379  
0.5826460163  
0.5361220057  
0.6912102855  
0.6193634394  
0.6828233343  
0.5106033198  
0.4277655798  
0.2859985396  
-0.0545755525  
-0.1235416044  
-0.06306997554  
0.02955409703  
0.1515666767  
0.08738061921  
0.09249455547  
0.4325130965  
0.6504851352  
0.715426001  
0.8775095602  
0.4535403522  
0.5748395793  
0.481228586  
0.4010673497  
0.3559262395  
0.411106861  
0.3773945806  
0.5227016728  
0.4728595309  
0.4618566653  
0.5945448093  
0.2899029708  
0.2962553564  
0.4529255205  
0.394444911  
0.4400655686  
0.3723262127  
0.2701843734  
0.1597152501  
0.03480976277  
-0.1869729803  
-0.3545008899  
-0.7161879142  
-0.9848475664  
-1.007062808  
-0.7007704711  
-0.628712824  
-0.4144391705  
-0.1350680103  
-0.1607564536  
0.1001608114  
0.459433441  
0.6955191331  
1.203983986  
1.079116692  
1.106226157  
0.8197283614  
1.059849958  
1.002321992  
1.094058175  
0.8731650024  
0.8433467966  
0.8338856046  
1.610560334  
1.65894588  
2.258933466  
2.138118112  
1.800096006  
1.53515757  
1.036480285  
0.6222298947  
0.2458237892  
-0.2872740386  
-0.5699947489  
-0.8789093923  
-1.197209358  
-0.8452743249  
-0.8436288137  
-0.9208740343  
-0.9452548813  
-0.9309275946  
-1.036202575  
-1.066691754  
-1.248790398  
-1.100968412  
-1.114937282  
-1.075565342  
-0.7725771576  
-0.461264421  
-0.3958544435  
0.04225310152  
-0.1080997276  
-0.283160654  
-0.2630432375  
0.03079400297  
-0.09415489842  
0.03874993314  
-0.3517742178  
-0.386740458  
-0.4159866444  
-0.265889126  
-0.2867334898  
-0.3394624701  
-0.6017697655  
-0.5732316566  
-0.4357121446  
-0.374366797  
-0.2958416023  
-0.5358837538  
-0.6139549672  
-0.4377196  
-0.5553501374  
-0.6434439168  
-0.3715504642  
-0.5617162224  
-0.5352193373  
-0.7194948467  
-0.6852166004  
-0.6481173629  
-0.5041159862  
-0.4966062509  
-0.1554412213  
-0.47631933  
-0.3290104661  
-0.3819464528  
-0.2481938512  
-0.1163790051  
-0.09562815306  
0.1905129281  
0.1144147803  
-0.09145357249  
-0.1415890549  
-0.03910293106  
0.08323072841  
-0.008992837385  
-0.1372157264  
-0.2433559115  
-0.6467930032  
-0.8397952162  
-0.8643008271  
-0.5533948835  
-0.5183560845  
-0.1604218084  
-0.2671222246  
-0.1296003437  
0.05745490981  
0.2844931928  
0.2027067808  
0.2766812719  
0.02347242969  
0.3052831336  
0.2227086302  
0.2351026048  
0.1771400622  
0.2028259683  
-0.009188166638  
0.1407222461  
0.1061686266  
0.1909148142  
0.0595421386  
0.1073797134  
-0.311953169  
-0.1758244788  
-0.2154259091  
-0.2123342739  
-0.3000529403  
-0.05376325076  
-0.3283912763  
0.3761523413  
0.7403770031  
0.1371632141  
-0.8450810916  
-1.091861566  
-0.68349561  
-0.4315074935  
-0.05885617879  
-0.1980494979  
-0.1791898848  
-0.1992296877  
-0.538290656  
-0.4502743345  
-0.2625689932  
-0.279434554  
-0.02508328344  
-0.114937601  
-0.01045818446  
0.3261876454  
0.6683034667  
0.5971600226  
0.563283493  
0.7409283427  
0.691289029  
0.5953878542  
0.7637790127  
0.3580157852  
-0.05024457809  
-0.2829587048  
-0.2675706681  
-0.2768525812  
-0.4233607292  
-0.5836212411  
-0.7741832916  
-0.929289455  
-0.7157753248  
-0.4537779215  
-0.3244276252  
-0.2856473832  
-0.07570439714  
0.1346207279  
0.5549247095  
0.4979750806  
0.6097475996  
0.4449181138  
0.5325369506  
0.115410735  
-0.1207958155  
-0.1087819533  
0.04567233557  
0.1219950796  
0.0401531242  
0.1401181102  
-0.2131235679  
-0.1952207517  
-0.1893887755  
-0.1418953633  
-0.223287034  
-0.4791147783  
-0.1495572593  
-0.09037070855  
-0.1435625709  
-0.1310977643  
-0.208125998  
0.09890953986  
0.262760952  
-0.2862409851  
-0.4217001321  
-0.2514839268  
-0.3194001457  
-0.1758455068  
-0.1833431519  
-0.2710665703  
-0.3958303741  
-0.2534757842  
-0.1465019462  
-0.2520253406  
-0.4754100126  
-0.7389025497  
-1.197383706  
-1.228060589  
-1.499942435  
-1.792376884  
-1.82420479  
-1.99450659  
-2.01906965  
-1.852882385  
-1.73687956  
-1.756327822  
-1.896415313  
-1.946120856  
-1.757975004  
-1.558524333  
-1.372887767  
-1.005961797  
-0.9803460436  
-0.8315852097  
-1.09801054  
-0.600111528  
-0.5463459445  
-0.4781339254  
-0.3193913168  
-0.3218295441  
-0.03070276477  
-0.2122891513  
-0.1787768271  
-0.03905542668  
-0.09044613088  
-0.08136012109  
-0.117020594  
-0.1424685443  
-0.310028274  
-0.2438881289  
-0.1822757252  
-0.3758464236  
-0.2783984842  
-0.1561276457  
-0.2283747735  
-0.3739115733  
-0.4927924775  
-0.5010308682  
-0.3585675937  
-0.2932786255  
-0.2904422408  
-0.231702579  
-0.2734648138  
-0.1718700954  
-0.003810602871  
0.103152968  
0.4090198599  
0.3388815707  
0.6782659515  
0.9307116422  
0.6545028039  
0.6813249722  
1.431573608  
1.300674421  
1.277868182  
1.275247871  
1.216475992  
0.8028356003  
0.9151750651  
0.7466330028  
0.8515572165  
0.7351035316  
0.4137736346  
0.1610189882  
0.09594088201  
0.04906957911  
0.07852117254  
0.2108668901  
0.05705387297  
0.01433879613  
0.1457704705  
0.2778481885  
0.159390518  
0.3911393138  
0.1280995765  
0.305636778  
0.305197029  
0.43249295  
0.3570521299  
0.5609619  
0.4525981902  
0.5763140877  
0.5493468172  
0.5860108141  
0.7469023397  
0.5814155975  
0.3799512477  
0.3678378439  
0.3296980545  
0.5551973244  
0.5562741048  
0.5908647553  
0.6458794127  
0.5324286645  
0.7680136733  
0.6913935675  
0.696071397  
0.6070259475  
0.5702853485  
0.4013914775  
0.5378535482  
0.5522521385  
0.3689949262  
0.5664611016  
0.2502571439  
-0.5634710841  
-0.584803907  
-0.255903178  
0.3306966161  
0.3695079151  
0.2826486537  
0.07336928068  
0.001216315286  
-0.5235831013  
-0.5755321337  
-0.6633184198  
-0.8299300261  
-1.088535227  
-1.426660893  
-1.71014965  
-1.349164889  
-0.6632346352  
-0.634368445  
-0.5662539515  
-0.5589487125  
-0.6690713022  
-0.5068549941  
-0.4163488822  
-0.5332271666  
-0.5246371473  
-0.6467379526  
-0.6545131156  
-0.8708359778  
-0.8299987227  
-0.830304242  
-0.9473968738  
-1.051940885  
-1.142246315  
-1.22384429  
-1.326747326  
-1.424952569  
-1.111164891  
-1.056875785  
-0.9655843546  
-0.6589941058  
-0.5186976719  
-0.6499490841  
-0.4477083045  
-0.3529412972  
-0.2583219796  
-0.1689336706  
-0.005024384574  
0.2153224449  
0.2320887011  
0.08086650788  
0.1396760112  
0.2829111226  
0.4378373095  
0.4601795573  
0.7710865748  
0.89856143  
0.925673934  
1.145170588  
1.337270357  
1.270960374  
1.345666118  
1.455354018  
1.143289263  
1.097358389  
0.7796548396  
0.6691091861  
0.5155532591  
0.4405587657  
0.3661627699  
0.1067958361  
-0.06646146785  
-0.008689778467  
-0.2246920716  
-0.1575237123  
-0.1177374839  
-0.1684218442  
-0.1728974025  
-0.2196763677  
-0.03884649244  
0.03639472142  
0.1572923121  
0.1697234922  
0.2761633821  
0.216113788  
0.4296255521  
0.6669959432  
0.5169329369  
0.7268888951  
0.59617065  
0.8100128318  
0.9639008304  
0.9147892879  
0.8533984034  
0.5778880213  
0.2040148116  
-0.07540456726  
-0.0532994259  
-0.02338730204  
0.1558390775  
0.1878263424  
0.1170469587  
0.2048370675  
0.2276637517  
0.3060910115  
0.2717523595  
0.2675958895  
-0.02446297315  
0.2559389603  
0.3502675133  
0.401875345  
0.3886659968  
0.1997018201  
0.2392293895  
0.2778572335  
0.165587487  
0.001751895356  
-0.3129591003  
-0.4461172046  
-0.2453830012  
-0.2216903681  
0.06183622154  
0.09998795247  
0.05010621566  
-0.04178116234  
0.1974162928  
-0.0504035503  
-0.0754511653  
-0.5328612063  
-0.6345645252  
-0.5362735289  
-0.5258214617  
-0.2844901129  
-0.3799839254  
-0.4739817657  
-0.2205675414  
-0.1300722155  
-0.1251014882  
-0.08776595611  
-0.3612903483  
-0.4554726312  
-0.4023237977  
-0.463715441  
-0.5093104016  
-0.4789612859  
-0.6121196428  
-0.3048520976  
-0.343967524  
-0.3107509772  
-0.4023080071  
-0.4439332271  
-0.5386851535  
-0.3542921479  
-0.2738343572  
-0.357141934  
-0.4584318711  
-0.5376085443  
-0.4898295283  
-0.1856390548  
-0.3213060602  
-0.3805052117  
-0.2840769534  
-0.5609679024  
-0.09014513512  
-0.003353215195  
0.5237482202  
0.6219546978  
0.8200765098  
0.6828827732  
0.9276645797  
1.086130575  
0.7372282804  
0.6449837606  
0.3880473269  
0.4171660067  
0.3219728308  
0.3151967835  
0.4077271616  
0.3078367895  
-0.01686520982  
0.03085717322  
0.04453067412  
-0.2209010522  
-0.3509722094  
-0.3458774261  
-0.3119374566  
-0.4508769638  
-0.1805218517  
0.0003375231359  
0.002608217477  
0.3288702182  
0.3132491096  
0.374801485  
0.6077266966  
0.5659535497  
0.6414297253  
0.5595455998  
0.3565474581  
0.4136675607  
0.4959506404  
0.5031983377  
0.4758092582  
0.3786177015  
0.2122509703  
0.2194957184  
0.2169656133  
0.211121984  
-0.07713524725  
-0.08844682565  
-0.009030064017  
0.1046512933  
-0.01146801102  
-0.2013661967  
-0.04364025354  
-0.1558940563  
0.02095546678  
0.06087496888  
0.1485430017  
0.1345727907  
3.335604407  
2.559273132  
2.409578087  
2.38203018  
1.631420279  
1.44313214  
0.9718497455  
0.583364258  
0.7910031973  
0.9516589524  
0.9104286767  
1.079815194  
0.712305789  
0.7090099499  
0.9828993265  
0.8710648487  
0.9269037552  
0.8731693129  
0.7478758588  
0.7998241784  
0.773884684  
0.9324945089  
0.6837960511  
0.5770906584  
0.4334618874  
0.5474570011  
0.5660205458  
0.500581952  
0.3695448985  
-0.02176234252  
0.2219811526  
0.152186762  
0.2307648762  
0.1415516837  
0.1257615585  
-0.004774505144  
0.09497153254  
0.06765304554  
0.3211709451  
-0.1426559122  
0.003214244046  
0.04868327952  
-0.2544493588  
-0.1550761858  
-0.08778562234  
-0.3138034833  
-0.2563815342  
-0.005488099895  
0.195416445  
0.1805173987  
0.1442850711  
-0.1036392227  
-0.1476788695  
-0.516556869  
-0.2958110984  
-0.3542504295  
-0.4640436382  
-0.4258445129  
-0.6462768604  
-0.5206221062  
-0.2595822701  
-0.3402384383  
-0.07681598154  
-0.2094042274  
-0.3404897911  
-0.04230734533  
-0.1591153845  
-0.06420580963  
-0.07796345891  
-0.2724247953  
-0.2853757761  
-0.0118395377  
-0.08880724097  
-0.2831670965  
-0.2490309288  
-0.2220118034  
-0.1646545923  
0.1173886079  
0.2312798414  
0.05475538496  
0.1434580692  
0.02973779928  
0.07700371728  
0.3411801666  
0.1114619228  
0.1359648042  
0.2736834609  
0.1967314303  
0.363335774  
0.4729584093  
0.4147861503  
0.3406584775  
0.454236634  
0.3817694458  
0.497672186  
0.3866681379  
0.3644055133  
-0.003297242866  
-0.09659556257  
0.1533539026  
0.2617669211  
0.2195625153  
0.0287454673  
0.3805394407  
0.1357929213  
0.1478146212  
0.2937164054  
0.02040404346  
-0.282952685  
-0.4825539488  
-0.8571312318  
-0.7937690276  
-0.8021816669  
-0.4591122352  
-0.3303805749  
-0.3873048599  
-0.3633298433  
-0.1249824556  
0.06825755324  
0.1495190934  
0.3199483207  
0.1793766474  
0.2745941764  
0.1631363954  
0.1049504512  
0.4516884263  
0.2197623764  
0.03498860134  
0.1342811965  
-0.23927118  
-0.2962329853  
-0.2133706149  
-0.1008761914  
0.06694969595  
-0.02703336819  
0.06210319489  
-0.1634388957  
-0.1369788523  
-0.3015536894  
-0.4369743593  
-0.4120759308  
-0.1369026355  
0.09065865065  
0.0334438848  
-0.1591387897  
-0.2661819611  
-0.6079701486  
-0.3880800257  
-0.3684843351  
-0.2072881149  
-0.2976518007  
0.05790366145  
0.103219536  
0.01191959593  
-0.08942690393  
-0.2116454251  
-0.01029681744  
0.1058630415  
-0.002910890381  
0.2564646287  
0.160094043  
0.04901700734  
-0.3619459952  
-0.1335605064  
0.007811521592  
0.1191016311  
-0.1420591371  
-0.1809440214  
-0.3762043862  
-0.3428846036  
-0.3645314387  
-0.02791184388  
0.1296240874  
0.07185848575  
0.1663490655  
-0.01334344311  
-0.3143380891  
-0.138486714  
-0.1809163535  
0.1157442821  
0.08918700368  
0.07096723031  
0.2952068515  
-0.04570064133  
-0.06079454346  
-0.1701447272  
-0.007452411742  
0.0546019009  
0.07076438231  
0.001824859178  
-0.2592846018  
-0.3320695134  
-0.5762317459  
-0.515636028  
-0.4714785814  
-0.3542603691  
-0.2356462553  
-0.4673770063  
-0.4285175464  
-0.6877742276  
-1.092497397  
-0.8495080112  
-1.261941028  
-0.6779976291  
-0.3019226084  
-1.128228273  
-1.172157313  
-0.4258582661  
0.5167268622  
0.3985264102  
0.02373686182  
0.4260932037  
0.2150707879  
0.5958907538  
1.354160825  
1.381116642  
1.033706577  
0.3441183476  
-0.2329564714  
-0.3700679102  
0.03814612737  
-0.2767283012  
-0.2463294565  
-0.5798332516  
-0.8830758778  
-0.5816491944  
-0.2920069571  
-0.1385378985  
-0.04332882579  
0.04320782844  
-0.07076787337  
-0.2969903604  
-0.3761947177  
-0.3876174582  
-0.2582894809  
-0.443778227  
-0.6413471209  
-0.8164495126  
-0.5888675693  
-0.4311897944  
-0.4596553924  
-0.3235193926  
-0.4350572352  
-0.3965453527  
-0.3522227714  
-0.4679742904  
-0.5452430444  
-0.4385691623  
-0.3687509319  
-0.04545193912  
0.04521968437  
0.107300654  
-0.1589553978  
-0.3381752779  
-0.5483825731  
-0.5245900256  
-0.2493649274  
0.04403092768  
0.1988960259  
0.4177346933  
0.4797189259  
0.435037042  
0.4279418697  
0.1675418085  
-0.01254248199  
0.2823003593  
0.02237852504  
0.02413624008  
-0.2894059826  
-0.3879830746  
-0.5927004624  
-0.8241618988  
-0.4863880783  
-0.3670472368  
-0.173117547  
0.3490490573  
-0.01313729753  
0.1808588605  
-0.1278953538  
-0.2444904664  
-0.2609148521  
-0.1396688782  
-0.107099265  
-0.4281976722  
-0.673275962  
-0.2759216527  
-0.2435267339  
0.02437495615  
0.3000869059  
0.3003798332  
-0.06282060842  
-0.1301236644  
0.05377883058  
-0.2622325781  
-0.3307452306  
-0.3732787855  
-0.3354915116  
-0.3215646931  
-0.4202598717  
-0.3676297492  
-0.7555206763  
-0.1608065076  
-0.1257748499  
0.2575674788  
0.3875790668  
0.3291939879  
0.1434745052  
0.006575081643  
-0.1341312447  
-0.1811432728  
0.01339157426  
0.1941049607  
-0.009756771459  
0.1789908112  
0.05917897612  
0.05444303248  
0.2054884949  
0.1379583649  
0.2739794429  
0.4154444466  
-0.0009776322001  
0.02333768276  
-0.1819124199  
-0.252186448  
-0.02320261815  
0.3353414711  
0.6402173592  
0.6779547578  
0.359674217  
0.3262243423  
-0.03359861084  
-0.526974239  
-0.3447590302  
-0.2992952392  
-0.0997991909  
0.1886524394  
0.4072329088  
0.5046677267  
0.3917732112  
0.3776343717  
0.5021875932  
0.6033056116  
0.735317716  
0.732654232  
0.3230689038  
0.1155686207  
0.1983842489  
0.3990265623  
0.2487935128  
0.4418338489  
0.1347430242  
0.004391848908  
-0.2024349437  
-0.4322253932  
-0.07333105075  
0.1630255002  
0.1157525402  
0.1263627382  
0.2654292923  
-0.2832021204  
-0.1821234995  
-0.2262991772  
-0.2044834022  
0.02116503587  
0.02504437562  
-0.2581806765  
-0.3260495667  
-0.09002858955  
0.1458577019  
0.3225268411  
0.2324227648  
-0.1559657987  
-0.1497580538  
-0.2384108205  
-0.343870813  
-0.4435590882  
-0.4457066324  
-0.7174608068  
-0.7991586332  
-0.8073385715  
-0.6764315307  
-0.6034260683  
-0.2607679113  
0.05673805918  
0.3058878358  
0.1768879526  
0.01019219795  
-0.2073120567  
-0.09059182485  
0.1998600232  
0.1969235964  
0.1538865273  
-0.150067079  
-0.2380899032  
-0.5257740895  
-0.3550485109  
-0.3496210586  
-0.1154469544  
-0.08707789662  
-0.2144257177  
0.1222795032  
0.07431837159  
0.282438507  
0.3788497411  
0.4552274878  
0.1707160744  
0.2721652619  
0.07479046776  
0.3329950141  
0.5185861696  
0.2028134339  
0.2133818384  
-0.0520364766  
-0.3256297749  
-0.3373978359  
-0.338843418  
-0.2077649052  
-0.01655189082  
-0.1933349852  
0.04328591181  
0.2233653592  
0.3335493719  
0.5206217157  
0.7283682073  
0.6610085778  
0.9830079697  
0.683568748  
0.7120644302  
0.5892517921  
-0.1029019112  
-0.02980344844  
-0.10006027  
0.01650929999  
-0.1333854611  
0.0630986343  
-0.1851671648  
-0.02802668539  
-0.1254033397  
-0.0681523598  
0.3628869582  
0.4540723996  
0.9466569726  
0.9157828851  
1.08236466  
1.101322361  
1.424664725  
1.265063695  
1.330595068  
1.011555534  
0.6415438181  
0.7589234732  
0.7547514259  
0.8016115876  
0.9332950928  
0.9175151476  
0.5477087745  
0.2815317185  
0.2916680367  
0.3964762413  
0.7167367391  
0.9970948555  
0.8619095371  
0.5833934307  
0.3785919241  
0.2898268228  
0.3341551508  
0.1897751868  
0.5421013026  
0.6832500068  
0.6357065765  
0.7770950597  
0.5132505008  
0.4391386319  
0.6426480111  
0.8150573935  
0.7105787602  
0.2899002705  
-0.07298562647  
-0.1794504732  
-0.14531318  
-0.06510124371  
0.02377787331  
0.5917746552  
0.1241916437  
0.03824497604  
0.04614545144  
-0.07384823078  
-0.1311350695  
0.07995276852  
-0.1674863624  
-0.4436012471  
-0.650661486  
-0.5049707787  
-0.3166422807  
0.181046618  
0.1475515113  
0.1209810111  
0.1738778254  
-0.1425752081  
-0.05517339057  
0.1456021303  
0.09284755349  
0.1052304457  
-0.1953705265  
-0.6252723942  
-0.9299064361  
-0.6114819263  
-0.548669768  
-0.2610913644  
-0.2763443985  
-0.3502092266  
-0.5905065801  
-0.5460209641  
-0.5714234159  
-0.496948259  
-0.3394054868  
-0.3076673531  
-0.3591593953  
-0.4812195698  
-0.595357298  
-0.5686982658  
-0.405684207  
-0.2511439315  
-0.154131001  
-0.2529568967  
-0.5917667566  
-0.4459933167  
-0.361071905  
-0.3335007532  
-0.2617418452  
-0.2515508441  
-0.3223789301  
-0.4162258922  
-0.3846332142  
-0.1370372685  
-0.118286877  
-0.1221866635  
-0.1754770225  
-0.3974396012  
-0.4768973498  
-0.4549927244  
-0.5087273936  
-0.4023454127  
-0.701390528  
-0.9411144672  
-0.7867926542  
-0.5974712778  
-0.6089199801  
-0.6217803369  
-0.8135424682  
-0.6823366313  
-0.5879036738  
-0.7871723205  
-0.9134320466  
-0.7338230774  
-0.6979663575  
-0.5971730484  
-0.6270377025  
-0.351073861  
0.02978179592  
0.2429808695  
0.357191317  
0.4793730577  
0.5455825239  
0.5922821845  
0.2150775179  
0.07416777571  
-0.4054723401  
-0.8994314997  
-1.296159282  
-1.031851629  
-1.123943353  
-0.821590685  
-0.626274848  
-0.3980970429  
-0.1807044529  
0.02158909943  
0.006109683098  
0.4686571146  
0.8620555531  
0.663862686  
0.9603329686  
0.7387387869  
0.1125613511  
-0.004929130586  
-0.2354823787  
-0.5296584119  
-0.5821108313  
-0.5684624011  
-0.6355328534  
-0.4917385337  
-0.1671742379  
-0.1766882398  
-0.09152265159  
-0.09861768416  
-0.4034807932  
-0.4385760676  
-0.4749374805  
-0.607330819  
-0.2253543904  
