2.00044767  
0.7833180294  
0.1833158973  
-0.3838826305  
-0.05994160906  
0.196049696  
-0.3695172008  
-0.2144555271  
-0.1396936271  
-0.07188616534  
0.3076728436  
0.3808514047  
-0.176766759  
-0.1355756196  
-0.08731791298  
-0.09071555991  
0.2746990501  
0.03201076573  
-0.5182925719  
-0.6906002749  
-0.6500806616  
-0.6042426273  
-0.06643508721  
-0.6963423534  
-0.8066784751  
-0.8452004429  
-0.4095959953  
0.2855135445  
-0.5892320201  
-0.6721032722  
-0.4923111885  
-0.5543915146  
-0.7139721021  
-0.2362689188  
0.2074167635  
0.620443399  
-0.5809866999  
0.4816659543  
0.7726251221  
1.088092758  
1.582381128  
0.4864029032  
0.3778885178  
0.6766799525  
0.003845599857  
0.03819513963  
0.1633304288  
-0.4766777564  
-0.2781856275  
-0.6042903854  
-0.5888712918  
0.02844902056  
0.1050269279  
0.04685353779  
-0.3750342643  
-0.06343044776  
0.1249333064  
-0.3382580463  
-0.4564976841  
0.1665144771  
-0.110436407  
-0.1938871796  
-0.15322987  
-0.3320958243  
-0.2310711391  
-0.1378727962  
-0.2670470408  
-0.1241238072  
0.5521202935  
-0.1286415762  
-0.4036832411  
-0.533189881  
-0.238794678  
-0.1343198326  
0.2467810089  
-0.292818459  
-0.9888578418  
-0.8011242243  
-1.142898943  
0.663336251  
0.3954419569  
-0.4362563011  
-0.7472570813  
-0.6640362328  
-0.5962240237  
-0.121442669  
-0.0949004471  
0.07255162306  
-0.5578222114  
0.5639263471  
0.5378593743  
0.2312864676  
0.3488758128  
0.5412491141  
0.8622091333  
0.885737151  
0.4977972089  
0.6751942685  
0.2324745138  
0.5705592573  
0.5979223425  
-0.8157618657  
-0.5153194777  
-1.191268364  
-1.055779781  
-0.5252665467  
-0.1218899631  
-1.181514048  
-1.251534599  
-1.160131811  
-0.7173740541  
-0.7355757704  
-0.1435107494  
-0.2239738447  
-0.2791694151  
0.390682005  
-0.09338135203  
-0.008785642975  
0.1863023297  
-0.6776397216  
-0.2665264743  
-0.6922512221  
-0.164130609  
0.8647211258  
0.1661642979  
-0.4699211218  
-0.3987235251  
-0.55771042  
-0.9232859086  
-1.065455344  
-1.219769267  
-1.418094059  
-1.49502428  
-1.163991743  
-0.3600025605  
-0.4666376179  
-0.6034091812  
-0.4182626688  
-0.8462756708  
-0.7962129664  
-0.8624505132  
-0.8078147634  
-0.2943373838  
-1.133555929  
-1.130706452  
-0.9584902584  
-0.5215986262  
-0.187439398  
0.2192810575  
-0.29183223  
-0.7598866755  
-0.5037962505  
-0.973901852  
-0.8309415209  
-0.7956114191  
-0.8060719525  
-0.2240757266  
-0.72128739  
-0.8284264587  
-0.1594802833  
-0.4330916088  
-0.6032067585  
-0.6037103174  
-0.1709356175  
-0.3347721097  
-0.8564504944  
-0.3091380766  
-0.6919706142  
-0.7917339102  
0.3319442316  
-0.739643198  
-1.331747693  
-0.1898459046  
-0.7033790356  
-0.5191724972  
-1.099272493  
-0.7672333513  
-1.125511963  
-1.049435163  
-1.283438293  
-0.9797135275  
-0.7889801097  
-1.335928795  
-1.568669656  
-1.579173025  
-1.138882146  
-1.049867156  
-1.452159066  
-1.62780842  
-1.315938133  
-1.148704861  
-1.349905347  
-0.9063285319  
-1.176453196  
0.2185225213  
2.074315036  
0.7951188448  
-0.6816490505  
-1.278647351  
-0.9101944357  
-0.6595957994  
-0.288600213  
-0.6027105854  
-0.3406951523  
-0.6354107662  
-1.41146082  
-1.21220859  
-0.6808995007  
-0.6350748864  
-0.9101608055  
-0.1912366991  
-0.867588457  
-0.9721950401  
-1.072704973  
-0.8648129349  
-1.024520872  
-0.4912697876  
-0.678305268  
-0.2123268753  
-0.6380666043  
-0.3655896356  
-0.7026528265  
-1.169104596  
-1.082245691  
-1.22652086  
-1.074553212  
-0.4494537427  
-0.4869062906  
-1.148432792  
-1.112960677  
-0.8077595066  
-1.114552872  
-0.7899481294  
-0.9469090835  
-1.258578198  
-1.036289034  
-0.6470959902  
-0.5796687717  
-0.2045890055  
-0.6868278821  
-0.1546442763  
-0.6641475171  
-0.6262118856  
-0.5969260456  
-0.3445986647  
-0.3139489237  
-0.2196468012  
-1.081684876  
-0.9533471235  
-0.6758850092  
-0.8831809066  
-1.199040093  
-1.093076206  
-0.934824958  
-0.7868602058  
-0.6969937501  
-0.6530913517  
-0.8065146975  
0.5421859554  
1.157978692  
0.6945480438  
-0.02524871009  
0.2861919395  
0.742300762  
0.5490384032  
0.76973261  
-0.02459322245  
-0.1817891902  
-0.6859725829  
-0.6700585647  
-1.22154035  
-1.073474145  
-1.34883985  
-1.150515854  
-0.9835457323  
-0.7525842439  
-0.836997177  
-1.273587909  
-1.044119508  
-1.301440003  
-1.122496788  
-1.321396442  
-1.375591248  
-0.9447951348  
-1.082684587  
-1.420248197  
-0.7106619365  
-1.34909928  
-1.403565715  
-1.121719679  
-0.7733043938  
-1.4413015  
-1.415126415  
-1.013664379  
-1.057477729  
-0.6493160558  
0.3146968928  
-0.1948954268  
-0.4541508618  
-0.6113174801  
-0.3763247756  
-0.1699896803  
-0.3764054587  
-0.1204268339  
0.1044493037  
0.05883110093  
-0.4735810127  
-0.02005736634  
-0.2564873932  
-0.3550390686  
-0.04045837945  
0.0192206531  
0.3289693976  
0.2451605695  
0.3651785785  
0.7914486572  
0.6043935422  
0.6986830719  
0.9996650879  
0.9688789717  
0.1720421318  
0.9426772614  
0.4130145832  
0.6262132101  
0.4551654513  
1.753845701  
1.972861767  
1.605177393  
1.782221799  
1.802907786  
1.036175637  
0.9239067913  
0.7319274277  
0.5041270426  
0.7399055214  
0.02337779375  
-0.3298025141  
0.03973563338  
-0.1365320809  
-0.102960698  
-0.05107965997  
-0.1771391029  
-0.5032625138  
-0.000452039899  
-0.01778927991  
0.1350450447  
0.4838352527  
0.1710946491  
0.649086473  
0.005709551775  
-0.476824647  
0.563552908  
-0.09920737962  
-0.5079394046  
-0.7962089392  
-0.7074974604  
-0.503218075  
-0.004172609474  
-0.1525143926  
-0.2292549132  
-0.04549631525  
0.1082621478  
0.5206184098  
0.614863187  
0.06729928765  
0.4084027135  
0.1128950907  
0.3016196815  
0.1102345246  
-0.03047568875  
0.103491384  
-0.03738170049  
0.1188418555  
0.5881449607  
0.7308651394  
0.6506467682  
0.2524879226  
0.3865023548  
0.9275164216  
0.6455575512  
0.889566596  
1.028258736  
0.5564888414  
-0.01303361437  
0.03305195431  
0.4182501362  
0.14950935  
0.5474502725  
0.5076886554  
0.5740294749  
-0.02356705629  
0.46464361  
0.6004275516  
0.7938677213  
1.102829641  
-0.02520045739  
-0.7819167756  
-0.4923732131  
0.31969078  
-0.4484044638  
-0.7173311003  
0.2902353666  
0.6574333585  
-0.3294831078  
-0.3038759857  
-0.3382110576  
-0.2493844208  
-0.1775576939  
0.4869555965  
-0.372180983  
-0.3708360252  
-0.1018275406  
-0.2137868106  
-0.4583533692  
-0.2556560732  
-0.05347243003  
0.04579079272  
0.2998334092  
0.171446486  
0.6191940006  
0.6447488047  
0.5947378979  
0.5059863472  
0.7237095203  
0.4190435481  
0.2729921514  
0.1107984104  
0.3134356801  
0.2866104461  
0.3438455347  
0.3677374362  
-0.1157867279  
0.1015033227  
-0.01939273116  
0.6145852487  
0.4825549559  
1.077280008  
0.637863555  
1.020568244  
0.8540110484  
0.9379051567  
0.7905518419  
0.9017171464  
1.26371344  
1.806142332  
1.236775146  
1.282185505  
1.325021922  
1.054775036  
1.05835224  
0.65947083  
1.217114053  
1.344127985  
0.344746722  
0.1574564374  
0.4340384876  
0.2681733948  
0.7171723789  
0.3773412821  
-0.1438191695  
-0.009503525861  
-0.1635180299  
-0.260963772  
-0.4075672698  
-0.7921615012  
-0.5909401243  
-0.8280126816  
-0.3791132343  
-0.2107244221  
-0.1041318438  
0.5539632786  
0.1744776795  
0.23390265  
0.9072673493  
0.4208815985  
1.284504462  
1.459688223  
0.5277790677  
0.4975958469  
0.5929149415  
0.5744671886  
0.7321482053  
1.4338404  
0.4832960676  
0.3162908779  
0.5334187761  
0.3503729564  
1.394646046  
0.4403364268  
-0.06819908305  
-0.02009179855  
0.1716553179  
1.05475258  
0.8846447755  
0.5197016499  
0.9961674323  
1.104535686  
1.474098607  
1.132237707  
1.078375798  
1.028142691  
0.8639332965  
0.1568852578  
0.5140940504  
0.1727155269  
-0.1692245205  
0.1131503017  
-0.2163456828  
1.136963153  
0.8817130739  
0.4375713984  
0.400630285  
0.5756133419  
0.9321468385  
1.455553188  
1.133765028  
0.3721860898  
0.3280765888  
0.1896308905  
0.3754161033  
0.5643484803  
0.08441641635  
0.1984803916  
0.1918241077  
0.6032243602  
1.04347671  
0.9016810899  
0.6674759471  
0.4885312956  
0.8997488783  
1.693111852  
1.255750446  
0.9204682015  
1.016645921  
0.8001151855  
1.163302504  
0.8782145333  
0.510292897  
0.5855416201  
0.4771741857  
0.5365077685  
0.8437639976  
1.419839251  
0.4279243328  
0.9967345735  
1.993227264  
1.122029148  
1.030838013  
1.550119417  
1.075174268  
0.9736128518  
1.174542277  
1.035883604  
1.15193419  
1.245620983  
0.7184365673  
0.6021373927  
0.5377145919  
0.5797082232  
0.9875778471  
0.8615433065  
0.4145344322  
0.3479418138  
0.7894408845  
0.608482471  
0.866633137  
0.7467517449  
0.433561117  
0.1812923482  
0.6109305599  
-0.09056876798  
0.4396428935  
0.8199706764  
0.2905810653  
0.4291245291  
0.2347752433  
0.7099355281  
1.468231297  
1.533909719  
0.88737846  
1.096180854  
1.868940685  
0.8591793805  
0.4034453726  
-0.2179352284  
-0.5832528162  
-0.09240558206  
-0.2180727495  
0.8104348005  
0.4226533403  
-0.00833834311  
0.5660064012  
-0.003143967988  
0.7351235152  
1.231388925  
0.6828957282  
0.6818935373  
1.065479415  
0.8256885284  
0.784728609  
0.1001501746  
-0.09231601277  
0.7537893246  
0.2502476909  
0.2308993856  
0.3890709175  
0.1821740826  
0.08411767442  
-0.2484103589  
-0.1580103488  
0.105602964  
0.2323232421  
0.194615376  
0.3536838661  
0.6366075941  
-0.1572469637  
-0.1709259337  
-0.4897592492  
-0.4236763859  
0.2227629032  
-0.4634808324  
-0.266670894  
-0.009371282661  
0.2034782235  
0.2515180318  
0.626560714  
0.2257233007  
0.5530077037  
0.4656171217  
0.002710653926  
0.1733879427  
0.4380445925  
0.1391351555  
0.2170275248  
0.530817139  
-0.04814623918  
0.3378531937  
0.2725909187  
-0.2150817757  
0.7623873903  
1.19414648  
0.5437920733  
1.030891237  
0.5616663997  
0.6962208785  
0.6845642609  
0.3298365257  
0.3197226661  
0.1591090402  
-0.5595799365  
-0.587571163  
-0.6119272627  
-0.6371572411  
-0.8666408231  
-0.7488885979  
-0.5264294782  
-0.7891603912  
0.09496815947  
-0.2877956873  
-0.04438760642  
0.2004105309  
-0.1386728393  
-0.02399668213  
-0.2089711909  
-0.9221100087  
-0.977855844  
-1.120428772  
-0.7687450669  
-0.5542747057  
-0.1849537733  
-0.2028027377  
0.1617225874  
0.799197946  
0.2703596871  
0.4844519892  
0.7458767059  
0.8027774733  
0.562164763  
0.213344555  
-0.05941024501  
-0.02239945897  
0.1666119141  
0.1182398773  
0.1169559478  
0.2746926846  
0.4252607563  
0.4618361896  
1.011187727  
0.09156648385  
0.9894502416  
0.6179071447  
0.3507152775  
0.2821019838  
1.102330631  
0.6453462869  
0.7781111611  
1.139273363  
1.000712498  
0.2266634862  
0.8836953853  
0.6007309986  
0.7271269605  
0.4419981813  
0.5527824534  
0.7087954464  
0.07597845233  
0.6745579781  
0.1771895653  
-0.3256219064  
-0.208529485  
-0.2639605832  
0.6268360995  
0.6227185599  
0.7350596265  
1.362455384  
1.168980306  
0.8714636593  
0.6693434109  
0.04648696786  
0.2527010763  
0.2875430415  
0.6730458725  
0.3997775297  
0.01403611833  
0.3990655173  
0.6530264532  
0.0925811896  
0.3850456419  
0.3769467361  
0.09605190292  
0.4016619585  
0.03752556129  
0.4572200426  
0.04296349707  
0.3678430795  
0.3675890497  
0.3443705774  
0.5398755655  
0.0006416728971  
0.2143724487  
0.636204759  
0.2708300415  
1.067936069  
0.2673878803  
0.7576135556  
0.09445676843  
-0.05523571854  
0.2106511687  
0.211102756  
-0.0833515426  
0.5095300757  
0.8083093393  
0.9288759374  
0.0948088336  
-0.01909759263  
0.2638452782  
0.6056589344  
0.9312961601  
0.3675512918  
0.2971820492  
0.6230564766  
0.6744544575  
-0.1679415172  
0.2318171138  
0.2574482796  
0.4425302188  
0.1090633525  
-0.3877450751  
-0.1339324516  
0.3200050275  
-0.01805399889  
0.2190285588  
-0.1035070506  
-0.3008696109  
0.03545081081  
-0.3064723088  
-0.2217130446  
-0.05172434953  
0.1528693401  
0.1235612519  
0.5861286015  
0.8030131807  
0.7180718044  
0.03543745226  
-0.3150860861  
-0.46470869  
-0.1085890631  
0.01305218672  
0.3129999128  
-0.1856798909  
-0.2533498131  
0.03301130569  
0.1913639312  
0.5333201754  
0.08864074763  
-0.1497621161  
-0.1483679552  
-0.03250468165  
-0.2552840648  
-0.236651353  
0.09678089393  
0.3069267555  
0.3646315221  
0.4936512201  
0.8525903067  
0.05785780596  
0.0669329344  
0.1652978008  
0.6854930732  
0.2217882255  
0.01829913336  
-0.8519705923  
-0.8092730683  
-0.0005231967483  
-0.01411318158  
-0.1565798063  
-0.1476261596  
-0.1686204864  
-1.101852988  
-0.7480032517  
-1.224685721  
-0.8311479295  
-0.5542576845  
-0.8760460898  
-0.5500460235  
-0.3494260303  
0.03018673888  
0.181911524  
0.8184726582  
0.5096997713  
0.133622408  
-0.08399624008  
0.3260042581  
-0.08988978359  
-0.4107653185  
0.05224377507  
-0.1995980697  
-0.2898381788  
-0.2028333461  
-0.1022411439  
-0.007137491749  
-0.06400421464  
-0.4046206152  
-0.2904648184  
-0.5394540677  
-0.3799321775  
-0.4211430621  
-0.7142550029  
-0.3080906899  
0.07890988375  
0.1976972891  
-0.04293746742  
-0.2772802785  
-0.6772068954  
-1.152923865  
-0.9031537424  
-0.9729836538  
-0.6610343085  
-0.3602354578  
0.2036526397  
-0.137766942  
-0.01532665311  
-0.04840966909  
0.03782074651  
-0.3483541324  
0.04797015761  
0.4131067639  
0.2123731785  
0.02655663323  
-0.4263152261  
0.06303734824  
-0.1317434311  
-0.01105468152  
-0.2269058235  
0.1002310626  
0.579855292  
0.2211669011  
-0.01499806009  
-0.263698531  
-0.4168465272  
-0.102304388  
-0.168388962  
-0.3562226578  
0.006173423832  
0.4558957969  
0.2491951388  
0.4112820601  
0.2418894581  
0.2816189154  
0.9096752152  
0.6171239558  
0.3907824455  
0.3137665905  
0.5168300045  
0.7043038175  
-0.1171951588  
-0.2615808034  
-0.719120504  
-1.118412432  
-0.6452388445  
-0.6377945588  
-0.08299804068  
0.07679362293  
-0.1046128618  
0.3333738207  
0.1883420609  
-0.1974975995  
-0.1810392059  
-0.1240585673  
-0.3524696489  
-0.1562494841  
-0.2691440078  
-0.4029092852  
0.3063987261  
0.02703347401  
-0.1531263898  
0.07000929209  
0.0678441704  
-0.08713005456  
-0.01049021754  
-0.381564383  
-0.4287836512  
-0.321444358  
-0.4974009055  
-0.1662094067  
-0.1254630281  
0.2762487972  
0.8746844246  
0.3699261729  
0.7179306921  
0.5427438318  
0.3880134399  
0.08394626311  
0.5603615724  
0.3317518572  
0.4607979505  
0.2340744287  
-0.2502953715  
-0.5810146689  
-0.3726678699  
-0.2454356847  
0.1389934924  
-0.1100380383  
0.118457712  
0.4436133443  
-0.3002845401  
0.06628264602  
0.04039942953  
0.3572784026  
0.483518647  
-0.3085945129  
-0.3620338035  
-0.01222152004  
0.1514555367  
0.1191315762  
0.6673761393  
0.762136053  
0.200362102  
0.7849506375  
1.005557342  
0.2245898914  
0.7254692258  
0.9387335965  
0.9586084938  
1.227344531  
0.2466921507  
0.4558216239  
0.6745768831  
0.2954672784  
0.169364799  
0.7042189589  
0.1051654151  
-0.63455645  
-0.1593733838  
-0.07434330629  
0.130438677  
0.4752989045  
0.4790817994  
0.2560532068  
0.9159264684  
0.4346145482  
0.1884565028  
0.8705730062  
0.5278217004  
0.1823114176  
0.5187031927  
0.1276824016  
0.3729910999  
0.2455627893  
0.4047962388  
0.6904089647  
0.1213373542  
-0.2216730795  
-0.4627227003  
-0.4051006964  
0.1806720537  
0.2105583729  
0.6239523805  
0.4327366496  
0.4937704264  
0.5353256118  
0.4698621891  
0.277420988  
0.214548147  
0.8228692092  
0.4174045871  
0.9708408688  
0.7894942385  
0.4258207627  
-0.04615664737  
-0.04423034825  
-0.05599177458  
-0.3999837618  
-0.4567806024  
-0.3013668505  
-0.2218230956  
-0.05490667019  
0.3892877966  
0.003122551924  
-0.1806206999  
0.4365928365  
-0.06915534871  
-0.1016676413  
-0.6723919546  
-0.03095896702  
-0.1914718621  
0.09996086484  
0.1645113164  
0.3283733308  
0.0465783465  
-0.4770580162  
0.1097659599  
0.264995874  
-0.2449297117  
0.5544290186  
-0.3546150307  
-0.109653403  
-0.2506182572  
-0.3012739571  
-0.01829847534  
-0.1851700609  
0.6215541849  
0.4169911862  
0.8660179761  
0.6136951465  
0.09382018287  
0.5514140711  
-0.1470292432  
-0.07782948454  
-0.690861019  
-0.769224735  
-0.9462754462  
-0.7495605119  
-0.8049915589  
-0.4026544693  
-0.3086915216  
-0.2043941156  
-0.1408588706  
-0.2773514226  
-0.1838665759  
0.2004017778  
0.07106506857  
-0.1916997415  
-0.1404659327  
0.1938216537  
0.02403669859  
-0.09751587128  
0.2623950599  
0.7763863996  
0.3094779338  
0.1095427631  
0.5544448165  
0.826528327  
0.2990273303  
0.3165437766  
0.4328243383  
-0.144809583  
-0.6931891891  
-1.026522267  
-1.26415921  
-0.6187729436  
-1.108489212  
-0.7285548128  
-0.802110486  
-0.5747141639  
-0.2692410064  
-0.4295647256  
-0.5419010109  
-0.5930939928  
-1.529086904  
-0.846795789  
-0.833772672  
-1.497553899  
-1.037077255  
-0.6486273108  
-0.4547930933  
0.02682749469  
-0.1509845802  
-0.1631619308  
0.4320053998  
-0.2097638547  
0.07410943587  
0.2425726875  
0.08977657189  
0.192012384  
-0.02418135467  
-0.4652510044  
-0.6892437363  
-0.3679458891  
-0.4439918806  
-0.7012333169  
-0.5466261647  
-0.6516715476  
-0.5869336077  
-0.3645032099  
-0.3629786505  
0.3432266593  
0.395393804  
0.1766170721  
-0.01119491513  
-0.3265028391  
0.1585355666  
-0.07019045951  
0.05012587126  
-0.2093562428  
-0.5387387987  
0.02826491788  
-0.1661556226  
-0.1423536649  
-0.5480639753  
-0.4863761688  
-0.8227525179  
-0.5092501235  
-0.6023361142  
-0.8470064147  
-1.247796078  
-1.576568709  
-1.0691002  
-0.9264962151  
-0.5843168145  
-0.4181186323  
-0.4273076746  
-0.2411542325  
-0.2441373936  
-0.2947829189  
-0.7146991986  
-0.3521427215  
-0.3946972944  
-0.3768334374  
-0.03530649733  
-0.4542990789  
-0.05321028647  
-0.2699077269  
-0.5254835743  
-0.5155011847  
-0.02166974511  
-0.8705910109  
-0.324314544  
-0.994271476  
-1.07002571  
-0.717996509  
-0.2355359324  
0.193716109  
0.04897335614  
-0.1736491258  
0.2277533356  
-0.06097168987  
-0.1883011131  
0.03784293767  
-0.1057513144  
0.1639113623  
0.02081981593  
-0.1347726127  
-0.5265534085  
-0.6551444052  
-0.9267447017  
-1.279473029  
-1.099968598  
-1.222619485  
-0.9438690373  
-0.9040130779  
-0.3708180167  
-0.1271518204  
-0.5969436388  
0.08603476935  
-1.081818618  
-0.3617168726  
-0.6274725639  
-0.4537555665  
-0.7771652576  
-1.091654359  
-0.7398556254  
-0.6770674618  
-0.2666675156  
0.2632202321  
-0.1422627765  
0.02440634102  
0.1812369369  
0.3660588223  
0.1067924886  
