-0.1667235653  
-0.2593897935  
-0.4163094397  
-0.3136623131  
-0.1798781916  
0.0371871956  
0.0400752917  
-0.2340408922  
0.1075340765  
-0.1787975272  
0.256034332  
0.2466486673  
0.08091259753  
0.2619502526  
0.3491860287  
-0.07959576374  
0.1369236916  
0.05338235248  
-0.7420509212  
-0.8819535499  
-0.8147322642  
-1.094521997  
-0.6113749239  
-1.028415756  
-0.441054953  
-0.5517864766  
-0.3210867112  
-0.1552219498  
-0.6845487059  
-0.1794280579  
-0.569077793  
0.03645022242  
0.3139004391  
0.01727566753  
0.5602152646  
0.210649053  
-0.2366863267  
0.3337779984  
0.2316859167  
0.5623795319  
0.5614145416  
0.08248527486  
-0.1120101539  
0.2886109337  
-0.119981678  
-0.2968951895  
-0.8684663836  
-1.042574197  
-0.5899516052  
-0.4074376603  
-0.2395458195  
-0.2990979616  
-0.3298689048  
-0.05819797891  
-0.3262411567  
-0.3164124287  
-0.1116446413  
-0.6610567126  
-0.2501189737  
-0.0809615362  
-0.256284198  
-0.1786327037  
-0.1322636441  
-0.3599712643  
0.05704632032  
-0.03023917485  
-0.3828620902  
-0.06511066675  
0.4644882426  
0.01544637976  
-0.129495608  
-0.2356549451  
0.04871018136  
-0.4170330566  
-0.2409836505  
-0.3296044124  
-0.4275972839  
-0.3150532014  
-0.3903921604  
0.0424813314  
0.1393563314  
-0.1691666066  
0.04833992678  
0.3467273537  
0.1461080431  
0.7065845847  
0.6201673467  
0.3149070782  
0.02737671714  
-0.09395664046  
0.2433123123  
0.450712379  
0.8477043693  
0.9313056866  
0.7980348732  
0.5328664403  
-0.02254312169  
-0.1147800397  
-0.5852979649  
-0.3070276311  
-0.1928938409  
-0.9910502473  
-0.7963171824  
-0.5724038905  
-1.124216413  
-0.4478662783  
-0.4704528606  
-1.174064799  
-1.090233382  
-1.463391137  
-0.9833088912  
-0.91259623  
-0.9723477267  
-0.9531909523  
-0.8773116269  
-0.6903439264  
-0.1945368145  
0.1745622865  
0.0389359505  
-0.1961053282  
0.05724766938  
-0.4594901638  
-0.7456570379  
-0.6110907983  
-1.149202568  
-1.135571235  
-0.8553201486  
-0.9072996427  
-0.9067245243  
-0.8541101651  
-1.543173464  
-1.318326873  
-1.38864041  
-1.020733543  
-0.7723436018  
-0.7977077727  
-1.235254426  
-0.9012613046  
-1.073457471  
-0.7255681317  
-0.3123408304  
-0.6418374043  
-0.7277857454  
-0.9878447358  
-0.5084690534  
-0.690420318  
-0.673629118  
-0.5520634215  
-0.4304195323  
-0.3602152684  
-0.3332028274  
-0.6648586008  
-0.5142829271  
-0.6791256082  
-0.85848262  
-0.3280359688  
-0.09127653624  
-0.1830842384  
-0.697322483  
-0.4182976483  
-0.3974952164  
-0.4090171884  
-0.5519564237  
-0.3003329373  
-0.5948763038  
-0.9269311896  
-0.9322811774  
-0.9396095553  
-1.096741474  
-0.9009697509  
-1.309420637  
-1.254379709  
-1.0206046  
-1.56661302  
-1.060350403  
-1.197252698  
-1.211694041  
-1.221283135  
-1.22552484  
-1.11494277  
-0.8864859392  
-1.168954621  
-1.444600987  
-1.365212718  
-1.42460795  
-1.695666861  
-1.227911105  
-1.48790237  
-1.683856465  
-1.211034242  
-1.217977689  
-0.8697790749  
-0.5571343575  
-0.9070580969  
0.0786398887  
1.014542328  
0.03793845536  
-0.8114801998  
-0.1111160842  
0.01690789551  
0.2446670458  
0.1682494656  
0.1210356347  
-0.4615901767  
-0.2430596763  
-0.7066715979  
-0.7946193269  
-0.6217755006  
-0.5576719379  
-0.4921114429  
-0.4712086858  
-0.5970612351  
-0.234410316  
-0.3766846514  
-0.2753859401  
-0.5763493982  
-0.5431176033  
-0.2956935603  
-0.05944488437  
-0.1391116797  
-0.1399763711  
-0.4042517814  
-0.6912923832  
-0.6592738372  
-0.7071897071  
-0.4986946469  
-0.3305533613  
-0.3407994429  
-0.3121734365  
-0.6594923149  
-0.8623081478  
-1.134713646  
-0.9610022308  
-0.9585412429  
-1.163501106  
-0.7282369832  
-0.5643724397  
-0.6505372972  
-0.5277860944  
-0.5474914455  
-0.6517688456  
-0.8119494298  
-1.16594108  
-0.8922232551  
-0.604925621  
-0.8283756115  
-0.7421976377  
-1.230946325  
-0.9953523247  
-1.108279456  
-0.7611941533  
-0.90227898  
-0.4521749513  
-0.4945191297  
-0.2291107666  
-0.2851174904  
-0.2431133695  
-0.3900304326  
-0.1574520165  
0.6029758052  
0.4169119333  
-0.2000531461  
-0.3340859435  
-0.1026083263  
-0.3590297292  
-0.2101943451  
0.3318351037  
0.2678126721  
0.4251106169  
0.3614437037  
0.2661072017  
0.05661929123  
-0.1680691543  
-0.5416070587  
-0.7585268199  
-0.9276582511  
-1.417131222  
-1.567016115  
-1.685416745  
-1.320408881  
-0.9555031994  
-1.036932128  
-0.8041985498  
-0.8489443098  
-0.6839185104  
-1.024854238  
-0.7562117304  
-0.9289351456  
-0.7344053232  
-0.9493027153  
-0.6707303987  
-0.886813114  
-0.5880959586  
-0.5183761046  
-0.2127602736  
0.001656146043  
0.2354273991  
0.1972937023  
0.5509241535  
0.3032633798  
0.3832445409  
0.4409374657  
0.2597052046  
0.3947010873  
0.05880223151  
-0.1067570909  
-0.4395579788  
-0.3831836347  
-0.3613846399  
-0.5774879447  
-0.3550961902  
-0.2246541964  
-0.08732932246  
-0.3407063305  
0.09609181765  
0.3442052478  
0.5147884844  
0.9511266874  
0.7205142889  
0.6276736811  
0.7657320581  
1.104302313  
1.21353402  
1.110934372  
1.212073909  
1.011357675  
1.519624244  
1.691017505  
1.033438891  
1.381594698  
0.9856216177  
1.002180906  
0.5920830392  
0.8263921814  
0.5902325426  
0.3967778917  
0.01220283031  
0.250361488  
-0.2158751925  
-0.1888657238  
-0.1552272125  
-0.2594186562  
-0.03028205609  
-0.02684561119  
-0.07971749485  
0.264569002  
-0.1019612715  
0.06557857486  
-0.225171886  
-0.2056393451  
0.1008051079  
-0.190640573  
-0.2566167279  
-0.205669545  
-0.5369528627  
-0.151029853  
-0.3858104413  
0.07503235556  
0.1986028426  
0.189819114  
0.5507299475  
0.3381832262  
0.5586160471  
0.3093495923  
0.3540558157  
0.3914854794  
0.1297558888  
-0.1199032002  
-0.1519031464  
0.1139899257  
-0.3554851835  
-0.1444340029  
0.07850300424  
-0.1403668134  
-0.04559979288  
0.485093425  
0.08676760579  
0.1039566408  
-0.02101500088  
0.4246860779  
0.6693318623  
0.3915160279  
0.4396516682  
0.2974870171  
0.5444349175  
1.061272135  
0.5878955099  
0.7003258018  
0.7456706905  
0.2366611909  
0.2323116539  
0.5229845485  
0.4577053442  
0.5310138167  
0.4697100339  
0.1154441472  
0.07195991419  
0.02243644844  
0.3979763766  
-0.07835219491  
-0.2325148831  
-0.5646017616  
-0.1229844744  
-0.1714202178  
0.03899346429  
-0.007142053198  
-0.03807457363  
0.06769965592  
0.3264406454  
0.2415697636  
0.1258302349  
0.208032305  
0.2833259347  
0.1869812525  
0.05364624837  
0.1454367094  
0.6970955615  
0.3986048696  
0.2834909656  
0.3846684904  
0.648539887  
0.2650298573  
0.6640118159  
0.6054848971  
0.5965369628  
0.659862145  
0.6990071995  
0.8448550458  
0.7611428919  
0.954548495  
0.9766691417  
0.8013956516  
0.4335522405  
0.163355869  
0.6047897546  
0.3982761586  
0.8478219659  
0.5402120164  
0.6556261202  
0.7348166144  
0.7668416341  
0.6824395094  
0.6431918998  
0.7258889053  
0.4687174467  
0.8480363399  
1.008631448  
1.157307451  
0.8308817294  
1.071584302  
1.002792829  
1.269879325  
1.227453229  
1.420925071  
1.003021091  
1.380599175  
0.9912073204  
1.211585717  
0.4349607692  
-0.006059235191  
0.1891512545  
-0.5031473914  
-0.6511917225  
-0.5448258968  
-0.2720097913  
0.01647650461  
-0.3349854328  
0.1615761764  
-0.2147302813  
0.02906180954  
0.5532524783  
0.4868444743  
0.7306998371  
0.995297987  
1.123070833  
1.508515412  
1.471134115  
1.183391797  
1.170404259  
0.9551032857  
0.7358995336  
1.001025637  
0.5709156437  
0.3913970021  
0.755576042  
1.078135074  
0.9339056568  
1.064884024  
0.5606626522  
0.6443497314  
0.7680790368  
1.088697281  
1.347936791  
1.363449935  
1.28822037  
1.420574237  
1.376432957  
1.413070533  
1.20192525  
1.237617342  
0.9181442106  
0.9842487151  
0.9546066711  
0.8322842505  
0.1328444135  
-0.05846923985  
0.002068214385  
-0.1265805865  
0.2552310282  
0.1707448743  
0.0377662081  
0.4782383799  
0.3336283614  
0.5554585363  
0.6294291079  
0.3390086534  
-0.1050840639  
-0.0945460237  
-0.2983713699  
-0.1097623859  
0.02990695879  
-0.285132032  
0.1079532162  
0.05593622694  
0.3309256007  
0.5287735027  
0.1817849707  
0.2616855485  
0.2217638478  
0.4434289862  
0.6909548299  
0.5572645886  
0.6857885532  
0.6639999752  
0.9350816695  
0.9182151544  
0.8346870783  
0.919812035  
0.2582948852  
0.668618108  
0.5638222624  
0.5107784571  
0.7038137235  
0.4534447655  
0.8619127046  
0.8067837824  
0.4159180537  
1.151794782  
1.493638486  
1.476900367  
1.481149231  
1.8389237  
1.600643746  
1.672539149  
1.282771749  
1.161895943  
0.714834406  
0.5787620751  
0.6951401823  
0.796818594  
0.8212680645  
0.3978921243  
0.2450860784  
0.08484578769  
0.1623514696  
0.2764624116  
-0.07021089777  
0.3177916283  
0.2660462827  
0.3171153405  
0.6135944296  
0.9617574186  
0.7808237294  
0.830474229  
1.145505377  
1.175560703  
1.154467634  
0.8775367227  
0.4173712142  
0.2014119047  
0.1269250695  
0.4002588695  
0.4792345722  
-0.07591667478  
-0.2915281558  
-0.3113309175  
0.01897698257  
-0.2870000993  
0.29397672  
0.2533627804  
0.3182777715  
0.4679245892  
0.4535328297  
0.4589166434  
0.4027601224  
-0.06891727396  
0.2442065373  
-0.03295659345  
0.2030747861  
0.4130510516  
2.390003032  
1.18383559  
0.7590233133  
1.038120516  
0.812707926  
0.9893077225  
1.700866083  
1.004779364  
0.7027218897  
0.2676304008  
0.3460114409  
0.799908741  
1.093797859  
0.1831170492  
0.4132494492  
0.01897877179  
0.08926969639  
0.3908648067  
0.1878166975  
0.4487391551  
0.3730625921  
0.2469706527  
0.4399086365  
0.1748739453  
-0.006289507614  
0.2101964786  
0.2891703912  
0.3441875891  
0.2470171247  
0.1060712336  
0.3806231414  
0.1254026611  
0.2986868156  
0.3198281331  
-0.03180534178  
-0.1243994448  
0.09604952833  
-0.08774007821  
-0.143245911  
0.02130558591  
-0.2502260828  
0.08463443942  
-0.4051576534  
-0.7462871204  
-0.643453198  
-0.907018321  
-0.7489825809  
-0.7722473907  
-0.4530277384  
-0.4514995783  
-0.1724874062  
-0.261710223  
-0.2558035536  
-0.03257692985  
0.02858110393  
0.0527847275  
0.4183514429  
0.1954198022  
0.4690067476  
0.3788899225  
0.270736584  
0.2506281253  
0.05046886694  
-0.4126977949  
-0.7911476178  
-1.046485241  
-0.9822617814  
-0.7429088557  
-0.5026715944  
-0.2376265436  
-0.4149851848  
0.0752750866  
0.3416893116  
-0.0211740475  
-0.05809630978  
-0.2238741608  
-0.6806777424  
-0.6852433977  
-0.5944042569  
-0.6447715964  
-0.3944473696  
-0.06463654149  
-0.06633129169  
0.3820940339  
0.3839504124  
0.5957189418  
0.5508622011  
0.312836122  
0.419814015  
0.4185636332  
0.3199035362  
0.05671012733  
0.02983465398  
-0.3300857064  
-0.4134688017  
-0.5119322773  
-0.265393885  
-0.3985155048  
-0.5014925736  
-0.6042083536  
-0.1069068722  
-0.3069185711  
-0.213235616  
-0.1600017312  
-0.3627462793  
-0.2322686553  
0.1626799654  
-0.02525113457  
-0.07032725168  
0.3668703769  
0.6466008863  
0.6723517133  
0.8270591245  
0.9074799375  
1.022976352  
0.749909397  
0.7671996774  
0.8330689339  
0.8515037012  
0.8360581458  
0.6722956737  
0.6599162225  
0.8912490584  
1.262305619  
1.065136657  
1.308964197  
1.270162121  
1.339211224  
1.045238838  
1.07343931  
0.7110086803  
0.5795149004  
0.1997460452  
0.8207548763  
0.4758696541  
0.5322203499  
0.160044546  
0.8748403173  
0.568814618  
1.056126202  
1.009756002  
1.062561724  
1.47554835  
0.806892372  
1.254018691  
1.293018658  
1.410495694  
1.101216867  
0.7821425844  
0.6647634566  
0.6096924162  
0.8878537214  
0.9775951109  
0.8013249084  
1.165282429  
0.8589883833  
1.020893224  
0.9302544663  
1.100725131  
0.8831060432  
1.014554545  
0.9451810636  
0.68356263  
0.325850398  
0.3843507066  
0.3970077958  
0.3495424238  
0.09583105986  
0.3048918827  
-0.04492241798  
0.1302454574  
0.3371870155  
1.099579648  
0.8786197339  
0.7181029036  
0.8318652665  
0.7736886321  
0.6177848735  
0.6583583909  
0.6709809163  
0.1302147103  
0.1737579179  
0.03916377674  
-0.4637490432  
-0.3658059094  
-0.006019912764  
0.162464633  
0.09728083241  
0.603014268  
0.8618735217  
0.6200908911  
0.5449265703  
0.9707934265  
0.5055936986  
0.185732224  
0.3271978325  
0.03124263217  
-0.3119998378  
-0.1769034183  
-0.04455688528  
-0.04167984119  
0.3011152373  
0.1474425425  
0.5477718222  
-0.008366026749  
-1.327252295  
-1.156322199  
-1.512927494  
-0.4689971261  
-0.06873844999  
0.3005979516  
0.1294366556  
-0.3001005353  
0.35790142  
0.3232735854  
0.04931396103  
0.1242730047  
0.2930656734  
-0.4972473255  
-0.1516472394  
-0.4825019608  
-0.2108728376  
-0.003905068579  
0.07742941722  
0.02909795499  
0.2813550949  
-0.09873845248  
0.4753873645  
0.5414374693  
0.595791081  
0.3326849952  
-0.0288798617  
-0.09953524461  
-0.3596054917  
-0.06640000233  
0.2142011621  
0.6500068087  
0.2151404581  
0.2966834366  
-0.1816593257  
-0.2839971008  
-0.03256959556  
-0.2311313556  
-0.3459063232  
-0.3858700612  
0.2717521629  
-0.1883880889  
-0.23259868  
-0.2426965014  
-0.07699677687  
-0.2853096203  
0.0371503545  
-0.4448413646  
-0.1540166063  
-0.4073527634  
-0.2014068807  
-0.04265386756  
-0.06612987813  
-0.0363637105  
0.3573566972  
0.3332219405  
-0.3845717198  
0.1340444831  
0.2108104935  
-0.1560807275  
-0.04218824339  
0.05000960979  
-0.4996174937  
-0.6045279123  
-0.3585936947  
-0.131923373  
-0.1558807207  
-0.3272349736  
-0.2871879021  
-0.05037714184  
0.463192197  
0.08414316728  
0.3031976752  
0.5359348794  
-0.4187505821  
-0.3192925762  
0.09141424384  
-0.2339545549  
0.7053942023  
0.8979534967  
0.1990631227  
0.4917058741  
0.02379508193  
0.002948265322  
0.1983162785  
-0.04592649034  
-0.2945474297  
-0.08728471215  
-0.5910910479  
0.04310350482  
0.05277871089  
-0.001623667885  
0.1804796276  
0.4334944968  
0.8510615014  
0.7739377196  
0.8544370555  
0.8244920044  
0.7913657294  
0.7820714363  
0.6155493102  
0.1499482425  
-0.01762624981  
0.06991462932  
-0.4207214134  
0.1566928655  
0.1310069218  
0.02647068584  
0.5421243745  
0.5104974343  
0.7306326478  
0.441779121  
0.8016901438  
0.5855337855  
0.6993592285  
0.5175070606  
0.3520423178  
0.5002565657  
0.06474200889  
0.03570377779  
0.1551663068  
0.1757901032  
0.586488396  
0.2188149275  
0.1417098988  
0.1909577218  
0.1522274331  
-0.121605414  
0.1802837253  
0.3689506419  
0.7652622947  
0.49742661  
0.4655430362  
0.1961798581  
0.6866221526  
0.2764642404  
0.4127906929  
0.7358659162  
0.002190704986  
0.3253856871  
-0.2175628341  
-0.7342155752  
-0.1635696146  
-0.5018624318  
-0.2631939013  
-0.3491749316  
-0.1787120062  
0.3503583799  
0.6303647351  
0.2618909747  
0.4756562218  
0.7660415518  
0.656427047  
1.200782412  
0.6656928486  
0.8267398742  
0.983045084  
0.7102524121  
0.8822750598  
0.8826756313  
0.8047959795  
0.6865480988  
-0.06485299978  
0.1624313329  
0.1451886143  
-0.5416145995  
-0.368781598  
-0.1845200347  
-0.1967758765  
-0.4525201868  
-0.2140919945  
-0.04201117251  
-0.5484265205  
-0.3083746198  
-0.4491166564  
-0.587685265  
-0.2095722828  
-0.3883740664  
-0.1964803253  
0.03571104028  
0.05476882478  
0.2067847571  
0.1596339728  
-0.06832504351  
-0.2803756146  
-0.261687203  
-0.4339252389  
-0.6790718047  
-0.5545439442  
-0.2081617419  
-0.3947715279  
-0.1545759366  
-0.3200239914  
0.2591855491  
-0.05219511908  
0.09073330498  
-0.05368658342  
0.262789457  
0.3396832976  
0.4513135677  
0.793509073  
1.198437032  
1.124551716  
1.244234564  
1.034503665  
0.6268877428  
1.002947109  
0.5523509787  
0.2304180924  
0.2021411447  
0.382546858  
0.4320001878  
0.3245612376  
0.1813144106  
0.3290097456  
0.08941035411  
0.5223661899  
0.534957842  
0.3498220043  
0.8826768508  
0.9131803516  
0.4867577802  
0.520132201  
1.097952927  
0.6659984957  
-0.1279531524  
-0.1806830153  
-0.077519831  
-0.07853038112  
0.02677564023  
-0.4827028382  
-0.2343118779  
-0.4257313248  
-0.1255562985  
-0.05272966972  
0.3543221402  
0.9297428161  
1.047218307  
0.727056328  
1.288304015  
0.9166348718  
0.5105196632  
0.3754143491  
0.4656459047  
0.3343267338  
-0.3234524081  
-0.3977340473  
-0.1799832664  
-0.4357628258  
-0.1846536798  
0.0321248188  
0.2567478438  
0.6584772531  
-0.08103380471  
0.5095997533  
0.3043942629  
0.01800592409  
0.2586639628  
0.1366183758  
-0.3536921109  
-0.5082233104  
-0.06464444085  
-0.07256606406  
-0.05744930829  
0.1475541032  
0.1667682191  
0.3478959904  
-0.1711944332  
0.5710159484  
0.6094218317  
0.1528879993  
0.4919035747  
0.119905341  
-0.545513208  
-0.8461974925  
-0.6552548483  
-1.012074246  
-0.3778065384  
-0.4959715238  
-0.3726606133  
-0.6071284638  
-0.8564076305  
-1.039147786  
-0.9714957637  
-1.931815167  
-1.579260599  
-2.129151073  
-2.152156615  
-2.244584021  
-2.343191195  
-1.516895984  
-1.390880026  
-1.028983045  
-1.261430694  
-1.663225307  
-1.623975762  
-1.512742343  
-1.575667784  
-1.147886696  
-1.411738147  
-1.058944618  
-0.7604008529  
-0.7476957987  
-0.5199670641  
-1.060452764  
-0.5404279933  
-0.4875148171  
-1.085495907  
-0.9416449412  
-1.41003482  
-0.9707335626  
-1.230533834  
-0.6190593158  
-0.5093497738  
-0.6044649275  
-0.7123351518  
-0.2611516683  
-0.1250092943  
-0.2799170015  
-0.4495780435  
-0.06020233597  
-0.5521642151  
-0.292443322  
-0.7328488949  
-0.3363193802  
-0.1584162815  
0.1909982534  
0.09729275453  
-0.2080245065  
-0.1056851415  
-0.2495228995  
-0.537226948  
-0.6603985705  
-1.099071958  
-1.20134274  
-0.8924685738  
-1.426799443  
-0.9707468428  
-0.8466243938  
-1.310830123  
-1.116553283  
-1.340489941  
-1.260904419  
-1.515744722  
-0.9122874168  
-1.113600772  
-1.025068777  
-1.238632053  
-1.442960431  
-1.302611411  
-0.4457139914  
-1.066857318  
-1.170447745  
-1.313487673  
-1.149955653  
-1.197230444  
-0.5441547272  
-0.2301128852  
-0.8746238077  
-0.1356865676  
-0.6153630609  
-0.7733232698  
-0.7316917909  
-0.427015286  
-0.6017672156  
-1.479289897  
-0.6997262293  
-0.892047783  
-0.9321868641  
-0.8286907544  
-1.269773429  
-0.9043462431  
-1.163144579  
-1.240363795  
-0.977074424  
-0.9003181192  
-0.5004068165  
0.167667868  
-0.5201047367  
-0.006609309478  
-0.04101538219  
-0.3229816048  
-0.4921723807  
-0.2973392713  
-0.8972797116  
-1.128595861  
-1.215401979  
-1.178465436  
-0.5437708852  
-0.3542768445  
-0.3996962377  
-0.9285757235  
-0.6545624434  
-0.4203660675  
-0.4418975386  
