0.1874474579  
0.375906972  
-0.2357835682  
0.3757621813  
0.006583097022  
-0.3347001262  
-0.3478008058  
0.2038133269  
-0.1856533628  
0.01451068482  
0.1984862839  
-0.04150165501  
0.18038864  
0.1038291239  
0.1519422598  
0.2266178016  
-0.2960790102  
-0.6085567735  
-0.7476047727  
-0.5701684167  
-0.03240062642  
-0.4146415973  
-0.7403693086  
-0.2766384155  
-0.1109966212  
0.1992335116  
-0.2797933576  
0.11083562  
-0.03733106175  
-0.06262725859  
0.1193784764  
-0.1633572679  
-0.301280968  
0.005551236389  
0.323278282  
-0.1950898592  
-0.3746079096  
-0.7809233024  
-0.4571480675  
-0.7221695354  
-0.2630619525  
-0.5478231975  
-0.3615152597  
0.1351136966  
-0.3147145  
-0.125607169  
-0.2166303506  
-0.51639101  
-0.4329482119  
-0.760692904  
-0.4291437456  
-0.2776084941  
-0.5428871652  
-0.6246251173  
-0.4894448951  
-0.5811942596  
0.0684162293  
-0.05025810224  
-0.3627288535  
-0.3818863062  
0.3134357452  
-0.1977144417  
0.1187965326  
-0.4526429258  
-0.3126153212  
-0.6004299392  
-0.3340503355  
0.01756330355  
-0.3484621449  
-0.3262708921  
-0.319722835  
-0.004270960132  
-0.03756507751  
0.147649513  
-0.25758555  
-0.08067842477  
0.1074502122  
-0.3336781128  
0.01080092789  
-0.192731328  
-0.3585464702  
-0.433869829  
-0.4703211048  
-0.776931174  
-0.3864573357  
-0.3005108448  
-0.6168715922  
-0.02310588256  
-0.9771900661  
-0.7821725656  
-0.8631359844  
-0.4449284269  
-0.6827028743  
-0.5096791945  
-0.5426177655  
-0.3308757278  
-0.7672071605  
-0.7949939547  
-0.4505313623  
-0.589087425  
-0.3306331586  
-0.7357454692  
-0.6457421364  
-0.4247804185  
-0.1947137746  
-0.3729697812  
-0.006308632375  
-0.4052452364  
0.1093098391  
0.6492497298  
0.01585863254  
0.6696733966  
0.3155865832  
0.4992377853  
0.264477001  
0.05968130114  
0.4090160979  
0.03262975193  
0.2154937212  
-0.3141572888  
-0.3547281009  
0.2526388235  
0.02881992514  
-0.1746838827  
0.1563508482  
-0.3643769147  
-0.3792452788  
-0.1505044904  
-0.1020005952  
-0.3483578442  
-0.1864252441  
-0.2145330045  
-0.2512512281  
0.1097661752  
-0.4765769182  
-0.001493708123  
-0.5132426172  
-0.1475922669  
0.5680440238  
-0.02664196232  
-0.003001148827  
-0.1215040156  
-0.4668349381  
-0.3265291473  
-0.7624421056  
-1.414116252  
-0.9014743261  
-0.8109474024  
-0.7907669779  
-1.05278458  
-1.086127301  
-1.004232202  
-1.006990418  
-0.641958295  
-0.9013657347  
-0.4764900243  
-0.7178981744  
-0.5939754164  
-0.5018999301  
-0.7582575815  
-0.9223297395  
-0.3860091345  
-0.1160238406  
-0.09188046875  
0.05833703423  
-0.367286069  
0.3934309553  
0.5102621663  
0.7100091872  
0.6370652642  
0.5314672921  
0.2796796546  
0.4382785246  
0.5441162759  
0.4514554684  
0.2918876017  
0.2821989697  
-0.02452991796  
-0.156054129  
0.3235195234  
0.3449959145  
0.1263504525  
-0.1392893156  
0.359390601  
0.0567710398  
0.5088535791  
0.7054143989  
0.1749361445  
0.5812528557  
0.4262336441  
0.5806913308  
0.243776896  
0.3463922021  
-0.2283636846  
0.1660629858  
0.1098238597  
-0.4402239275  
-1.541916984  
-1.4311905  
-0.8618379755  
-0.3924364257  
-0.8706807241  
-0.2601553453  
-0.3277182859  
-0.2476811  
-0.3482535804  
-0.8617105164  
-0.4864300835  
-0.8420454009  
-0.5817377662  
-0.8121032371  
-1.013992043  
-0.4140805926  
-0.8437421366  
-1.345425193  
-0.9069422216  
-1.238497845  
-0.7843995604  
-0.5120391338  
-0.8598952203  
-0.4301728636  
-0.7935680931  
-0.8155077182  
-0.6117275968  
-0.7006325978  
-0.5350748623  
-0.4834527505  
0.01644955551  
-0.1765056938  
-0.6348169072  
-0.08850867529  
-0.6653499483  
-1.076379915  
-0.714996899  
-0.826162924  
-0.6138636627  
-0.5263428175  
-0.7862350023  
-0.8473376066  
-0.9118413173  
-0.4630673693  
-1.220713225  
-0.6966845822  
-0.8943245391  
-0.6958765409  
-0.7804936491  
-0.5550128303  
-0.580795841  
-0.4521172129  
-0.9121210164  
-0.8129409818  
-0.4950462266  
0.03645743135  
-0.782000258  
-0.4593528658  
0.02270023917  
-0.3609931008  
0.2624650461  
0.4224969891  
0.7869327188  
0.7876712812  
-0.004697023548  
-0.1801123287  
-0.5535388778  
-0.1766623849  
-0.4365095762  
-0.5230322215  
-0.7880371731  
-0.5086150106  
-0.3655717345  
-0.5283718927  
-0.219347009  
-0.9443563358  
-0.7700163466  
-1.133115344  
-0.6266253859  
-0.2854724062  
-0.5266745794  
-0.9369037596  
-0.601228856  
-0.6001002913  
-0.6227128079  
-0.57384116  
-0.4559435581  
-1.079200544  
-0.5149343444  
-0.3472346132  
-0.2140340185  
0.3067312928  
-0.03739142222  
0.05793707734  
0.01296470301  
0.2271386068  
-0.1226341841  
0.3343889266  
0.1642664462  
0.6025289078  
0.4505687868  
1.020183112  
0.7007294939  
0.252533341  
0.1509883287  
0.2988403397  
-0.08669546099  
-0.2794399524  
-0.282872726  
-0.5744423241  
-0.4489092754  
-0.3779001891  
-0.2993593968  
-0.3560334919  
-0.416567039  
-0.2574265554  
-0.6376136925  
-0.1016435737  
0.2072306221  
-0.2313763565  
0.0300517058  
0.3689332025  
-0.2619607082  
-0.04681983248  
0.06538834098  
0.1395043588  
0.1029423673  
0.4475509502  
0.2174732842  
1.057510491  
0.8063424281  
0.05334476976  
1.352010896  
0.8258605027  
0.9487919507  
1.03807084  
1.048955437  
0.6767383558  
0.9255806373  
0.4615922687  
0.7424739425  
0.8831690779  
0.9973180738  
0.8774297595  
1.34662126  
1.327967535  
0.9018201211  
1.23733629  
0.6129049155  
0.9731388099  
0.5069073767  
0.8792347591  
0.7011755451  
0.7698220617  
0.5391515708  
0.3992208807  
0.2010901144  
0.12217377  
-0.2678463729  
0.04380478615  
-0.1744700528  
0.0136182962  
-0.07963085424  
-0.3000653447  
-0.269133361  
-0.4156310927  
0.05991083371  
-0.3861270953  
-0.107995242  
0.02211423794  
0.007143983852  
0.07892345523  
0.5197663322  
-0.005894481079  
0.3628906602  
0.3370807347  
0.09656082062  
0.005795643663  
0.5701823321  
-0.04766407133  
0.2364538248  
0.09076722269  
0.1622266355  
0.5278340287  
0.5530478584  
0.01603544742  
0.03139300882  
-0.2383443971  
-0.08959224904  
0.04411503409  
0.03761499153  
0.2741144344  
-0.01976556201  
-0.7435159148  
-0.4198678447  
-0.3401927866  
0.04827420636  
-0.4976926484  
-0.4471133701  
0.1007537667  
-0.02810104576  
-0.2168581748  
-0.3564583876  
0.1302671073  
-0.1903120046  
-0.3721910152  
-0.4914964194  
-0.6062746068  
-0.09235113929  
-0.4096942136  
-0.02732418242  
-0.4073044314  
-0.3466550375  
0.003363680958  
-0.2541537648  
-0.07944889749  
-0.01918419843  
-0.3887251325  
0.1136818824  
0.03915778676  
0.2280376624  
0.5430016327  
0.827607146  
-0.02790474234  
0.9515301944  
0.3293402589  
0.2237371882  
0.5318958589  
0.01684979848  
-0.07268958473  
-0.2797259134  
0.477809089  
0.1303677077  
0.7026985017  
0.3351497639  
0.2444501  
0.6720497089  
0.05999450453  
0.06768361244  
0.2602514754  
0.5049557939  
0.470925051  
0.9148084692  
0.689707737  
1.129737377  
0.7774951499  
0.8736879591  
1.300970944  
0.9026566081  
0.6793721385  
1.281847789  
0.828438447  
0.002560697404  
1.13514802  
0.5722387712  
0.5067393192  
0.9722636363  
0.5533989917  
0.8609437595  
0.8412165663  
1.122114274  
0.9854084786  
1.220704913  
0.9249470339  
0.6961484616  
0.4053955688  
0.1237141187  
0.420742143  
0.4676151895  
0.3692058571  
1.095967658  
0.9469180285  
0.8775074071  
0.71303069  
1.241501513  
0.7034439774  
1.097023274  
1.269197903  
0.8034517675  
0.6620145509  
0.2369227391  
0.1962138426  
0.2319731935  
-0.2241223707  
0.1615928472  
0.4496889526  
1.060432334  
0.4056204936  
1.259636344  
1.186031175  
1.185744586  
0.8740356383  
0.4413217303  
0.9027160297  
0.2151399679  
-0.07130608142  
0.05073104866  
-0.6255757834  
0.1149264352  
0.09134021711  
0.2075780054  
0.001635554433  
-0.2940906406  
0.09520406792  
0.3484924879  
0.5113005339  
0.6823114773  
0.2207146606  
0.5910517418  
0.3428726375  
0.3295557303  
0.4625614494  
0.2520535748  
0.2225653419  
-0.05238040016  
-0.1337921492  
0.2762724349  
0.06509492487  
0.9852953723  
0.3010289865  
0.2245337129  
0.9322374473  
0.5484508266  
1.12816883  
0.6646791585  
0.1821270578  
0.2164422581  
0.4151784221  
0.05923735101  
-0.1755186678  
-0.3358698626  
-0.5951036108  
-0.6753171596  
-0.5006555953  
-0.2762174598  
-0.4452210829  
0.09463192139  
0.4414311377  
0.5457676141  
0.9923155232  
0.1235338997  
-0.09799883731  
0.03635143321  
0.07207492734  
-0.3097164096  
0.2730394112  
-0.1459038645  
0.06954236486  
0.5984338629  
0.2534498606  
0.3725107986  
0.1674817257  
0.2386313477  
-0.1492401281  
-0.1892246292  
-0.3802598382  
-0.5475193041  
0.02382500531  
0.2080756663  
0.4116307551  
0.4140766083  
0.4195513173  
0.1454800739  
0.1736327062  
0.09890910205  
-0.008952767891  
0.06284668249  
0.1624920707  
-0.08331354631  
-0.02254659994  
-0.01132236654  
0.4756613198  
0.5176835884  
0.2498817313  
1.026087932  
0.75873454  
0.5838444998  
0.6228312616  
0.7765380722  
1.098957559  
1.10465701  
0.8466450558  
0.4343448321  
0.6435284321  
0.02338039015  
-0.177313832  
-0.1732937125  
-0.02778459857  
-0.1392613469  
-0.2799838839  
0.002261605226  
-0.1728565489  
-0.09553758104  
0.3841647093  
0.1503880348  
-0.08806378732  
0.4708824993  
0.2296939408  
0.5818248087  
0.02406810711  
0.7577049746  
0.4356758638  
0.4200933367  
0.3993507479  
-0.01072486026  
-0.08858058536  
0.04076752743  
0.1206681179  
-0.09353856286  
-0.09132593435  
-0.3320217721  
-0.3427398458  
-0.1801250499  
0.0272917087  
0.3631059884  
0.3612430503  
0.5182878823  
0.3468599317  
0.5433896242  
0.4197834744  
0.3666940567  
0.3884613804  
0.1134818801  
-0.5598544264  
-0.1628635556  
-0.3427220318  
-0.2369123278  
-1.246123297  
-0.8323572638  
-0.9941766373  
-1.033513748  
-0.6166090286  
-0.7816166008  
-0.7532649914  
-0.7401387297  
-0.02864424424  
-0.3193432493  
0.1136495192  
-0.0382047816  
-0.1591193648  
-0.6273127567  
0.2586491374  
-0.8672294262  
-0.5836342187  
-0.7861668338  
-0.3485730578  
-0.03515767505  
0.4675826015  
0.4386424099  
0.2564146339  
0.2495565343  
0.4383323942  
0.245107393  
0.01899546629  
0.2661062202  
0.3430519601  
-0.3782396265  
-0.04486762318  
0.05388857637  
0.1525139107  
0.2753310599  
-0.01777583824  
0.3395949893  
-0.04151989965  
0.4889458754  
0.442413625  
0.04513466446  
0.02505586176  
-0.2699515659  
0.07716962788  
0.1844421799  
0.4287193235  
-0.139592315  
0.6328224052  
0.2862866011  
0.7267080495  
0.7929972698  
0.5242408444  
0.4537110644  
0.8928664851  
0.9197304532  
0.8572610531  
1.171835392  
0.757481021  
0.9622755907  
0.3055337033  
-0.2026943204  
0.5954760714  
-0.4155540326  
0.08351898953  
0.2674254422  
0.174814961  
0.4560505109  
0.5492627934  
0.6704388705  
0.4163048702  
0.3836697251  
0.2998460429  
0.6663979354  
1.108722483  
0.9789481575  
0.4753230074  
0.7195190812  
1.055552915  
0.5557345621  
0.06084163577  
0.03317750048  
0.3834316959  
-0.03633129433  
0.1676689577  
0.3810986555  
0.1629790555  
0.4952159146  
-0.3764763269  
0.1792128487  
0.53985175  
0.06887971529  
0.3242744974  
0.08614517314  
0.132259069  
0.1264270141  
-0.0268297063  
0.2509717353  
0.3081513355  
-0.02091376551  
0.6549109381  
0.4829159036  
0.6945033125  
0.4140422865  
0.5188924545  
0.6006071336  
0.994974233  
0.4551391006  
0.6757368828  
0.2456920589  
0.5751305898  
0.5814337363  
0.4834548764  
0.1238758704  
0.1749136548  
-0.02987579803  
-0.04119716659  
0.03651579245  
-0.7952178098  
0.1263878695  
-0.004287826567  
0.3298924246  
0.6860787276  
0.8485828879  
0.7704770601  
0.485799855  
0.2950769491  
0.3793634843  
0.2937990646  
0.3028638059  
0.03544443995  
0.2864192376  
-0.3227038966  
-0.1187937074  
-0.1607074155  
-0.07473332094  
-0.04835510391  
0.07054593618  
0.3781355573  
0.006118229827  
-0.3100785061  
-0.04740964011  
-0.2448730328  
-0.1181311001  
0.002713080967  
0.1250693385  
0.08150216635  
-0.09392807656  
-0.3044088623  
0.418759786  
0.09955342092  
0.4259148368  
0.3080707517  
0.5758471516  
0.6760907491  
0.6463688889  
0.7472806824  
0.6179015503  
0.6403559335  
0.1377020494  
0.4184249124  
0.1576821981  
-0.1360951236  
-0.2499493246  
-0.4826568952  
-0.1906280081  
-0.07307498419  
0.6328517095  
0.4453952384  
-0.1328300587  
0.05997903587  
-0.07774270207  
-0.2979729844  
-0.2041301902  
0.2716151978  
-0.229900408  
-0.3667541659  
-0.08124727797  
0.4368238615  
0.3567371727  
0.05974668838  
0.4157042153  
0.1804113324  
0.140530997  
0.324609798  
-0.05476785107  
0.8627982817  
0.3617830498  
0.09551132454  
0.3899202813  
-0.284925588  
-0.7241668763  
-0.4599252093  
-0.3484836414  
0.05733378291  
-0.4826632092  
-0.273649946  
-0.5903658781  
0.03662871147  
-0.6518566538  
-0.4543149977  
-0.2777715644  
-0.107900266  
-0.459372414  
0.06839312965  
-0.04340926038  
-0.467278809  
0.2442721462  
-0.1263434186  
-0.1519724465  
0.006356028148  
0.1125896434  
0.1055366992  
0.2618721912  
-0.007091960929  
0.2868001706  
-0.40727837  
-0.3044700538  
-0.05101651988  
-0.527828574  
-0.3015136211  
-0.4653554952  
-0.6683366857  
0.205450256  
-0.009587519206  
0.2452342597  
0.2748292945  
0.6478702546  
0.7118488672  
0.7688741359  
0.8502779163  
0.6832819403  
0.9046183804  
0.5452049864  
0.8137836815  
0.8449479931  
0.6117889248  
0.9101343988  
0.6717385859  
0.3579819374  
0.5142916475  
0.4150847587  
0.06977886609  
-0.3295446331  
0.2644844475  
-0.3961473018  
-0.1539244905  
-0.1987655624  
-0.3451131942  
-0.4958767925  
-0.07535143624  
-0.09704959587  
-0.4920524201  
-0.07556074913  
0.04339930677  
-0.2622562845  
-0.4763364472  
-0.7263227409  
-0.03546918104  
0.1580770176  
0.2226942585  
-0.07838598846  
0.2489758555  
0.1422966872  
0.5106385481  
0.3960719572  
0.4724013336  
0.9890378127  
0.8858895549  
1.168323988  
0.9299664476  
0.3557344291  
-0.2310619982  
0.2550991508  
-0.007866745445  
-0.107368531  
-0.4216375893  
-0.4850392414  
-0.4997873184  
-0.1836174233  
-0.0900714597  
0.135047469  
0.7831486079  
0.4413729627  
0.4945222915  
-0.2211344081  
-0.4127448909  
-0.06951899761  
-0.3380622681  
0.4494053321  
-0.09865892138  
0.0796611423  
-0.2433588263  
0.1665643129  
0.3323217568  
0.3795455708  
0.3067801662  
0.2602399012  
0.01740447379  
0.2824175145  
-0.3405325416  
-0.4833097941  
-0.6103190859  
-0.4620172595  
-0.1401614406  
0.1775696019  
0.04992343723  
-0.1007841232  
0.7632183051  
-0.007879502175  
-0.06501858746  
0.2330891567  
0.3078772212  
0.6169369337  
0.4986038572  
0.5289272493  
0.6687418901  
-0.1843756894  
0.1153881157  
0.3459551189  
0.2698393164  
0.06978521244  
0.6364972834  
0.3508968919  
0.179367456  
0.3678422739  
0.3288264146  
-0.09088032081  
-0.3590173782  
-0.2682037054  
-0.4034301988  
-0.3957751822  
0.03421388031  
0.2747197976  
0.1680703789  
0.1834523943  
0.07990134663  
0.1088255603  
0.1007033835  
0.6215945676  
0.4098393734  
0.5259266216  
-0.05397186894  
0.1664787813  
0.2707097669  
0.2642124957  
0.256878965  
0.4291588726  
0.6504211495  
0.1834609848  
-0.1260346796  
0.2392172295  
0.2606023904  
0.4231377601  
0.4087312804  
0.6584524364  
0.4123206206  
0.8921490378  
0.630708753  
0.8078781447  
0.9328345984  
0.4060352856  
0.347440131  
0.3599986156  
0.6578178874  
0.3429570537  
0.1173246182  
0.160658226  
0.2054247998  
0.2182426083  
-0.10849142  
0.6263548727  
0.4587658768  
-0.1171066708  
0.6418008465  
1.107693144  
0.7648181866  
0.6983302555  
0.3878829946  
0.3203385231  
0.4949349486  
0.7785835546  
0.3507150075  
0.4400441588  
0.3215271714  
0.4104520467  
0.4112514485  
-0.1705035397  
0.1111929855  
0.1842960915  
0.1899096689  
0.2115287511  
0.01088236279  
0.1373024733  
0.6481656731  
0.3488228585  
0.4283120256  
0.4140436691  
0.3008738891  
0.08288906768  
-0.2455341606  
-0.05228386031  
-0.09782480819  
0.3517154256  
0.01871022804  
0.3052613689  
0.3152202706  
-0.2132678142  
-0.2423231033  
-0.4894825633  
-0.1799330065  
-0.4696815426  
-0.4996084471  
-0.7223243112  
-0.7064940678  
-0.751073453  
0.01175117685  
-0.1120785814  
-0.3998829174  
-0.03434249478  
0.5370991538  
0.1985680538  
0.5153322273  
0.2379640953  
0.04789249816  
-3.397073913e-06  
0.03047460951  
-0.01598502967  
-0.4208820733  
-0.65918835  
-0.5932056888  
-0.8917104395  
-0.8715936349  
-0.1985170815  
-0.00858633863  
-0.2688180986  
-0.5743310602  
0.4909908372  
0.2705554024  
0.216140199  
0.271491736  
0.2224772095  
-0.5537153094  
-0.2693139575  
-0.3692828072  
-0.1987882063  
0.090014891  
0.03749568985  
-0.1580776109  
-0.5151608236  
-0.5709280966  
-0.590851307  
-0.2521925267  
-1.059994084  
-0.1734367642  
-0.6776065702  
-0.5987679726  
-0.784427631  
-0.5438606839  
-0.7461018682  
-0.4638583684  
-0.1168601836  
-0.4491257616  
-0.2720680881  
-0.8225257896  
-0.8430940212  
-0.665630218  
-0.5804362702  
-0.1204680356  
-0.01048765823  
0.004543155334  
0.2373397901  
-0.133314282  
0.2022955355  
-0.07214644375  
0.7599964198  
0.4628840745  
0.2667832181  
0.07032810767  
0.4448406487  
-0.1112365794  
-0.1252069447  
-0.3948713785  
-0.6699000566  
-0.5724770916  
-0.6909014626  
-0.4963923934  
-0.6655766464  
-0.5574637105  
-0.7853696989  
-0.5766017622  
-0.7187295457  
-1.086186964  
-0.296914728  
-0.5440891132  
-0.5438718974  
-0.2248907345  
-0.9781001922  
-0.4852416726  
-0.7192466449  
-0.9943163986  
-1.163317407  
-0.4030873937  
-0.9335266796  
-1.060789041  
-1.20135105  
-1.003207537  
-1.006716081  
-0.1891903266  
-0.4322863704  
-0.8571227143  
-0.6045198895  
-0.2907604988  
-0.07080115406  
-0.4860224624  
-0.09556961929  
0.0462906712  
-0.8680198202  
-0.7763839773  
-0.5208416814  
-0.10647869  
-0.2000989602  
-0.5042038983  
-0.5166807441  
-0.4150956184  
-0.3388161604  
0.1378158375  
0.2263906983  
0.002049015575  
0.4755730995  
0.1497648524  
0.7126821575  
-0.09468330244  
-0.0005151390566  
0.1771152963  
-0.56563527  
-0.4653843129  
-1.038764934  
-0.8432663497  
-0.5790060948  
-0.8893050543  
-0.8271713909  
-0.7540800334  
-0.8500209805  
-0.8874496946  
-0.8757093565  
-0.7523107197  
-0.8496202531  
-1.210737799  
-1.307176057  
-0.5182458276  
-1.024103343  
-1.676660669  
-1.337029381  
-1.616208752  
-1.129870585  
-1.118730656  
-0.8932780493  
-1.017892184  
-0.5359780476  
-0.5470639944  
-0.7319692287  
-0.0540013523  
-0.213040065  
-0.6865261341  
-0.424770504  
0.09100890688  
-0.4321548022  
-0.3647696285  
-0.3120684846  
-0.6168737832  
0.5300288153  
-0.3155689221  
-0.1994386128  
-0.6168988392  
-0.54320101  
-0.3088019036  
0.1703841885  
