1.351439714  
1.234837452  
0.1658361195  
-0.005636213064  
-0.03925966724  
0.408438454  
0.4269645398  
0.6949662903  
0.7430915216  
0.9510918031  
1.02447947  
0.636474713  
0.9962579666  
1.302916055  
1.297368148  
1.296917008  
1.572321911  
0.9515422089  
1.000881001  
1.372423867  
1.304235313  
1.559569582  
1.381064446  
1.642228907  
1.266127313  
1.49124292  
1.405343146  
1.526648871  
1.219879622  
1.225068319  
1.267924708  
1.416657359  
1.188164841  
1.146406019  
1.169548798  
1.330649604  
1.388685482  
1.054550421  
1.033311476  
1.348782254  
1.655507273  
1.385804561  
1.567479849  
1.904862466  
1.8487072  
1.96825117  
2.006273376  
1.767541479  
1.929339105  
1.512798653  
1.400979613  
1.132958718  
1.119868775  
0.7898045308  
0.7933085795  
0.4260908396  
0.07613636753  
-0.08202847445  
-0.1405668556  
0.004671789737  
-0.1267949351  
-0.2627889532  
0.3338017624  
0.05353961491  
-0.1306342967  
0.2958399676  
0.1940773227  
0.3257408633  
0.3863206064  
-0.003308431473  
0.08069710138  
0.3095133097  
0.2853424669  
0.3720229596  
-0.2591350948  
-0.02038579888  
0.3079796116  
-0.1912890882  
-0.1947732272  
-0.145599444  
-0.2090513233  
-0.02392888886  
0.3846720208  
0.3486577873  
0.3395098982  
0.3981063703  
0.8061082806  
0.4362726181  
0.06278230417  
0.09814837853  
0.8817168143  
0.2713218569  
-0.3592312591  
-0.05260603276  
-0.2442952543  
-0.1483899711  
-0.1127072793  
-0.02599216406  
0.2804290294  
0.4756445503  
0.06632465513  
0.418796791  
0.08590055342  
0.0610847837  
0.3287153297  
0.2561698434  
-0.002303835909  
0.1930696952  
0.5199886542  
0.2656706536  
0.2714198228  
0.3834574281  
0.4571062658  
0.9680594327  
0.8455930051  
0.9811492489  
0.7416677265  
1.197202239  
0.8462361726  
0.7250813824  
1.053001223  
0.8975510543  
0.8580703002  
0.392084559  
0.4348392916  
-0.05778349401  
-0.3508545197  
-0.3107183932  
-0.04335765314  
-0.2002760065  
-0.3625133708  
-0.391770236  
-0.07272954807  
-0.05490085705  
0.2951020227  
-6.438175305e-05  
0.145316594  
0.1658867958  
-0.06452708914  
0.03023385755  
0.1105647493  
0.1716372646  
0.02476248296  
-0.06747217662  
-0.1172119624  
-0.09424774986  
-0.4449626481  
-0.1625568769  
-0.2135998999  
-0.01306377952  
0.3276508829  
0.2538695351  
0.2548372285  
0.51793275  
0.73347933  
0.5524327849  
0.5639763037  
0.9342124815  
0.8781142865  
0.4948258251  
0.5778273086  
0.5339670989  
0.7800654778  
0.9090233751  
0.8548954423  
0.693267831  
0.7521093913  
0.8695972602  
0.873534218  
0.8518751564  
0.9447716094  
0.9209444807  
0.9938863744  
1.061467455  
1.037412356  
0.8955879509  
0.8724759787  
0.9305213991  
0.6556399837  
0.8558195439  
0.7168275572  
0.2424387926  
0.3600380811  
0.407528676  
0.6592743802  
0.3446556103  
0.1212317657  
0.4118456153  
0.7250147283  
0.4171342743  
-0.08510194282  
-0.06190522249  
-0.1090128807  
-0.1702341289  
-0.4237920892  
-0.5917367143  
-0.4532390875  
-0.6344004578  
-0.4909814882  
-0.96390206  
-0.7861301312  
-1.046774171  
-0.4477240003  
-0.4193670373  
-0.5862744939  
-0.1279953658  
-0.3022398363  
-0.3152241811  
-0.0386952052  
-0.3378499922  
-0.2163560356  
-0.8413083581  
-0.7998000225  
-0.7680813558  
-0.6741692114  
-0.6763192723  
-0.6064273825  
-0.657190018  
-0.4735189509  
-0.223386843  
-0.2582116668  
-0.2484090221  
-0.5979874944  
-0.2540999796  
-0.578067786  
-0.1080011032  
0.0472339898  
-0.2381111152  
-0.02733620235  
0.02648156355  
0.07322108004  
-0.03383660811  
0.2091087866  
0.3370559947  
0.5090196173  
0.3865670078  
0.6530745427  
0.5901623935  
0.07878981064  
0.1967276382  
0.209990646  
0.4713120204  
0.4494209033  
0.770886361  
0.6510646163  
0.6105790838  
1.110715467  
1.022330126  
1.14006271  
1.279316076  
0.6333754252  
0.932467476  
1.028244958  
1.037058443  
0.6007214976  
0.9695439058  
0.2809330561  
0.3542729794  
1.179067089  
0.8018307987  
0.6517910686  
0.7422792126  
0.527543017  
0.3914848714  
0.3129558315  
0.2864292135  
0.1787619473  
0.1801549337  
-0.1622207568  
0.01014497984  
-0.3339818972  
0.1681320593  
0.1310433935  
0.161116218  
0.03748284363  
0.4181127619  
0.2166398516  
-0.1732353375  
0.05218063591  
0.6205389619  
0.4513986698  
0.5896996917  
0.7973095625  
0.4411857108  
0.6381967446  
0.5883758061  
0.5888269377  
0.2367228398  
0.372803991  
0.1413700655  
0.201799869  
-0.2440127571  
-0.8447499658  
-0.8903311201  
-0.7341372458  
-0.8191110239  
-0.670392979  
-0.5269255885  
-0.4889773039  
-0.7470415411  
-0.4082836006  
-0.3660487484  
-0.4018647788  
-0.3470483544  
-0.555868306  
0.02909463967  
0.06621354017  
-0.4474641106  
-0.1771809163  
-0.1896147314  
-0.1125004384  
0.1137035722  
-0.06469233686  
0.2334965566  
-0.1625993243  
0.06556784914  
-0.226745041  
-0.2854987529  
-0.611019625  
-0.3921810638  
-0.2256535974  
-0.4493677654  
-0.7512133018  
-0.7841678222  
-0.8060168744  
-0.5320115297  
-0.7678381955  
-0.7372040493  
-0.9262687511  
-0.572231347  
-0.5428142236  
-0.8016736692  
-0.5452345085  
-0.4999324576  
-0.1865801573  
-0.4037632135  
-0.7995893431  
-0.744843349  
-0.4504182222  
-0.498304089  
-0.6015026438  
-0.2063630875  
0.2275691862  
-0.01630393274  
-0.2518531252  
-0.2452010355  
-0.03925914478  
-0.1213997029  
-0.1831263543  
-0.3727029978  
-0.6803963147  
-1.080517229  
-1.220125138  
-1.133576918  
-1.17646348  
-1.281448298  
-0.8462991316  
-0.8000818559  
-0.4940881163  
-0.338529358  
-0.7261353393  
-0.4022276352  
-0.6108354467  
0.8562263681  
0.2614576006  
-0.2882033413  
0.3458368301  
-0.2831036834  
-0.003624375436  
-0.4967567671  
-0.3378856086  
-0.5831827065  
-0.5524861112  
0.03922979679  
0.1581889656  
-0.1297105662  
0.172494612  
0.3955054961  
0.2984138675  
-0.04438472826  
0.4015782609  
0.270419791  
-0.1160077411  
-0.205667394  
-0.3390047725  
-0.3060572737  
-0.4863755361  
-0.5253107415  
-0.8818572489  
-0.5338412717  
-0.2981965326  
-0.187381157  
-0.0870846306  
-0.3052235037  
0.1064321657  
0.0271847267  
0.2870184467  
0.3830680371  
0.2250626554  
0.6780140602  
0.2516644108  
-0.1521255328  
-0.1327045701  
-0.008043065494  
-0.4541102118  
-1.585466967  
-1.59430839  
-1.289007564  
-0.54641488  
-0.4008360485  
-0.06267917582  
0.05932056502  
0.3998570266  
0.2172894828  
0.03865600117  
0.09312411849  
1.067931491  
0.5956633881  
0.6338130086  
-0.1986262562  
-0.3816443373  
0.1123957016  
0.01322333057  
-0.8050407565  
0.05644872196  
-0.7326843092  
-0.4354950155  
-0.2753170492  
-0.4365248253  
0.1498329634  
0.4044606922  
0.1476289445  
-0.5549697303  
0.1304319117  
0.2130370726  
-0.08106687652  
0.001220306407  
0.2757116119  
0.202632621  
0.0521243873  
-0.3792720227  
0.7042864575  
0.08496780907  
0.2266216937  
0.2541687103  
0.7959251273  
0.276978989  
0.1404689437  
0.2773792707  
-0.3030738332  
-0.9375810488  
-0.987544293  
-1.499353576  
-1.62199243  
-1.17214523  
-1.443773368  
-1.535014341  
-1.270168486  
-1.154470084  
-1.530811912  
-2.083601116  
-1.7220973  
-1.23753294  
-1.049110554  
-0.9192224231  
-0.8019185769  
0.02302851105  
0.2097216957  
-0.3891086336  
-0.1092565473  
0.2208820715  
0.2620274369  
0.2833708335  
0.2732317109  
0.3198930586  
0.8953182326  
0.6811270955  
0.6324008441  
0.1946290826  
0.06714307031  
0.1094917915  
-0.8443792707  
-1.522615781  
-1.336722553  
-1.425389056  
-1.462223762  
-1.874772971  
-1.692394729  
-1.65582376  
-1.355520903  
-1.230561578  
-1.300493226  
-1.705153722  
-1.113001648  
-1.347012415  
-1.136090235  
-1.437850444  
-1.069786891  
-1.134548578  
-0.8750262618  
-0.6325284335  
-0.3680585046  
-0.9324114558  
-0.9681951259  
-0.6214306544  
-0.2219740369  
0.01479534242  
-0.1305562805  
0.4451813975  
0.1225586719  
-0.03331924574  
-0.1050651495  
-0.1288816158  
-0.5280133543  
-0.9684609894  
-0.5608220079  
-0.3784289278  
-0.533056152  
-0.03855703603  
0.06056092451  
-0.3745794707  
-0.6216313358  
0.3548959712  
0.6969010084  
0.7126993473  
0.2727690931  
-0.2934689573  
-0.1943000548  
-0.3593194731  
-0.7685648032  
-1.048677825  
-1.20751287  
-1.060571514  
-0.8426170264  
-0.871912772  
-0.8714637373  
-0.3803693569  
-0.383604422  
-0.240420831  
-0.1575992296  
-0.047392054  
0.04338968351  
0.005480136752  
-0.2276641118  
0.1842391881  
0.07281693794  
0.1745384297  
0.2411786413  
0.4018505352  
0.3766833225  
0.271579306  
0.09895315296  
0.01151890259  
-0.4158667971  
-1.304432486  
-1.33894738  
-1.073254448  
-1.060579573  
-0.9141327404  
-1.102761258  
-0.6183938524  
-0.4248687992  
-0.9826718877  
-0.8805082811  
-0.8362218373  
-0.5184763778  
-0.7903727207  
-0.7495041196  
-0.9002213718  
-0.5221562489  
-0.2656046805  
-0.2365635784  
-0.6221525044  
-0.6282378356  
-0.21669797  
-0.06013856374  
-0.2046681523  
0.0159576336  
-0.2857102186  
0.2614699573  
0.006860229258  
-0.006247897081  
0.4416797426  
0.02635863033  
-0.1058782228  
-0.4969689382  
-1.171653111  
-1.497519645  
-1.40836997  
-1.560309666  
-1.266850853  
-1.155337133  
-0.8591132361  
-0.1069022449  
-0.6354919906  
-0.07026108908  
-0.2621014322  
0.1905036655  
0.09663738407  
0.3009661144  
-0.3069402122  
-0.9203295824  
-1.23460091  
-1.601474564  
-1.490620615  
-1.108722703  
-1.019639487  
-0.9233959838  
-1.021531855  
-0.7009166565  
-0.9595349043  
-0.6740555229  
-0.1813291523  
-0.005848822988  
-0.3170667951  
-0.4140008023  
-0.3663241223  
-0.7029682899  
-1.029296673  
-1.090194527  
-1.543415876  
-1.465933981  
-1.72883047  
-1.684055804  
-0.9883065901  
-1.111709491  
-0.4602856233  
-0.4325604692  
-0.05316348055  
0.2821810449  
0.1443922473  
0.2198961844  
0.5282638611  
0.1321352602  
0.01375491356  
-0.02372631188  
-0.4948642517  
-0.5875882661  
-0.5891845227  
-0.6032189387  
-0.422294405  
-0.5123224168  
-0.3678479115  
-0.3647549195  
-0.1642493031  
-0.1383914953  
-0.25850042  
-0.03226188302  
-0.2621610888  
-0.5265465813  
-0.5294194069  
-0.5451986075  
-0.02826849528  
-0.4641105923  
-0.5822476058  
-0.7920638171  
-0.2766016065  
-0.3515843215  
-0.3409035635  
-0.2131770281  
0.1034179212  
0.3759009238  
0.4563483508  
0.513920337  
0.08978314051  
0.1010731044  
0.6340991946  
0.8190154869  
0.5364112232  
0.7974700667  
0.7600570971  
0.4846192157  
0.5691656293  
0.3310935647  
-0.102238076  
-0.2908423703  
-0.8882487324  
-1.512099139  
-1.902494914  
-2.280737969  
-2.758901785  
-2.875213966  
-2.980496483  
-2.973021518  
-2.697515684  
-2.600886991  
-2.447940123  
-2.305706223  
-2.006023542  
-1.635568648  
-1.204202353  
-1.220031675  
-1.153248244  
-1.015024218  
-0.6807136763  
-0.8622109039  
-0.6067090114  
-0.3082404729  
-0.4547951097  
-0.3169211613  
-0.2865410652  
-0.2349279519  
0.04791408813  
0.0600141787  
-0.003028591305  
0.2145499318  
0.2270003586  
0.4952006596  
0.5355075671  
0.9161195518  
0.9188818926  
1.105278053  
0.8658985265  
1.093445818  
1.134268615  
1.093343707  
1.313523166  
0.8496207733  
1.217110836  
1.10855875  
1.244908665  
0.8792295501  
1.091362802  
1.128151625  
1.131414188  
0.7668529975  
1.372151937  
1.172887735  
0.9158290185  
1.193808994  
1.279781835  
1.054542155  
1.167293781  
1.36646646  
1.276164115  
1.350952538  
1.740838454  
1.341668414  
1.536490679  
1.914252027  
1.841473659  
1.792568499  
1.838587365  
1.421309813  
1.419281185  
1.091719089  
1.059542816  
0.8278097424  
0.3164771417  
0.4038411165  
0.3496817724  
0.4364646371  
0.3107043127  
0.6080650458  
0.5048449346  
0.3425146563  
0.5169230369  
0.4803849106  
0.3262645039  
0.4592906834  
0.4460524261  
0.4430569573  
0.6345661484  
0.5118671225  
0.6167362473  
0.6353622864  
0.687677392  
0.898494464  
0.9192179146  
1.079910955  
0.7017236771  
0.8036337916  
0.9813890007  
0.7671876116  
0.7067164508  
0.5964386782  
0.8327242101  
0.8908935077  
0.9156349143  
0.9905342451  
0.8621464228  
1.041609918  
1.382455422  
1.440919231  
1.454196552  
1.051798852  
1.461951329  
1.683280084  
1.54807378  
1.376820063  
1.469968284  
1.384695485  
1.496768202  
1.402162313  
1.511590728  
1.781734754  
1.70744832  
1.47573201  
2.084360697  
1.726412834  
1.505277363  
1.382548398  
0.8499934491  
0.8610943622  
0.7256743956  
0.5060160465  
0.7348516774  
0.7828216358  
1.134655877  
1.058367241  
1.380581736  
1.079880529  
1.008919919  
0.9285745622  
0.8640343223  
0.8666065693  
0.7770389751  
0.09483127284  
-0.3890381037  
-0.7483829311  
-0.5138115996  
-0.6759127781  
-1.055531941  
-0.9977753433  
-0.9674665151  
-0.9195846908  
-0.7837441435  
-0.9145690783  
-0.9079260646  
-0.4161590487  
-0.3887426891  
-0.539903013  
-0.5889551792  
-0.6009468216  
-0.3957655103  
-0.5180827805  
-0.2767695027  
-0.8675553342  
-0.3679162347  
0.02071044842  
0.1048246752  
-0.2841236132  
0.2347213994  
0.08313441442  
0.3177953739  
0.1707837938  
0.1554715979  
-0.2472605405  
0.2990635488  
-0.04495789491  
0.1199646513  
0.2132081184  
0.3014400294  
0.5708251571  
1.028917466  
0.6797776378  
0.8573614974  
0.8326483033  
0.4200606691  
0.9453767986  
0.5792402307  
0.8738333498  
0.8215615437  
1.12731071  
0.7091288941  
0.9169224632  
0.6947968802  
1.043890625  
0.6397067327  
0.9272247532  
0.6804061259  
0.4708192852  
0.488469518  
0.3848476882  
0.2444986472  
-0.05154982705  
-0.6617497785  
-0.3566232674  
-0.2884140597  
-0.1844318635  
-0.1760761595  
-0.1698446443  
0.04039239246  
0.1016471108  
-0.00095859207  
-0.009298369331  
0.09607670229  
0.1965458639  
0.0670154157  
0.2192980715  
0.5918355263  
0.4459843405  
0.4875244605  
0.7104271926  
0.821618209  
0.363157659  
0.9540038722  
0.6701670356  
0.355797894  
0.1575843589  
0.2576513958  
0.3290555003  
0.04166788712  
0.0713194768  
0.2186120889  
0.5483400998  
0.5076938446  
0.5371496196  
0.5504549699  
0.952916559  
1.14246417  
1.232360074  
1.199715403  
1.246982191  
1.549495807  
1.559945439  
1.748108053  
1.33289707  
1.018128945  
1.038108707  
0.4551206406  
0.3816712484  
-0.02871420495  
-0.170062002  
-0.2011231137  
-0.5683808276  
-0.684860704  
-0.3184482305  
0.02582665115  
0.2632210824  
0.1561062343  
0.6306954832  
0.606328434  
1.271054257  
0.6776955286  
0.5896099744  
0.8234064904  
0.9659861333  
1.211673265  
1.168183927  
0.9406304015  
0.9201165195  
0.802997562  
0.5975657152  
0.4571319715  
0.4724918342  
-0.1055091809  
-0.142089927  
-0.09985539977  
0.1083712346  
0.4750083969  
0.6694298741  
0.7598821449  
0.708583244  
0.704044177  
0.84717385  
0.8467873653  
0.5246113017  
0.1663525115  
0.157408404  
-0.516110013  
-0.50160869  
-0.6854446459  
-0.9419277573  
-0.5187584113  
-0.5665125931  
-0.2588923438  
-0.3767071828  
-0.2150330884  
-0.1792386917  
-0.135500958  
0.1030927378  
-0.5736702377  
-0.5841858268  
-0.7285797886  
-0.8638068365  
-1.168380427  
-1.269305913  
-1.694886523  
-1.321177313  
-1.443458951  
-1.193012818  
-1.242175118  
-1.180364053  
-1.120961206  
-0.9333892961  
-1.377385322  
-0.2394200617  
-0.09281239263  
-0.1972738285  
-0.1888011121  
0.225712781  
0.5971933037  
0.1544604557  
0.1276823337  
0.02940025053  
0.112081733  
-0.0004958171558  
-0.1404456332  
-0.5835392555  
-0.7077991345  
-0.3373251681  
-0.3719833684  
-0.1843211854  
-0.2352385338  
-0.2524211821  
0.1277815641  
0.1059752443  
0.2574163687  
0.056845035  
0.07721534291  
-0.006166005486  
0.1037503694  
0.1661314191  
0.1605981678  
0.1139439942  
0.4116288706  
0.5865320441  
0.6553535207  
0.6052687588  
-0.03041166391  
0.03568911558  
-0.3672872304  
-0.3306970334  
-0.4329720652  
-0.794683387  
-0.4930766597  
-0.3154304913  
-0.1560236707  
-0.2126695869  
-0.3676066526  
-0.4774799462  
-0.07908501863  
-0.01199593423  
0.01695472575  
-0.0671785839  
-0.2254171773  
-0.3216682358  
-0.3649109585  
-0.5830579267  
-0.8943580655  
-1.235377521  
-1.282341403  
-1.57803909  
-1.060034889  
-1.080405744  
-1.026230157  
-1.389567753  
-0.9422927893  
-0.7694512655  
-0.3920534198  
-0.5900002355  
-0.6791594648  
-0.2502220049  
-0.007351455591  
0.002179529738  
-0.06841446547  
0.110388597  
0.2437130961  
0.4808861428  
0.4785984695  
0.5472896973  
0.6466473512  
0.459989842  
0.4902265144  
0.210326607  
0.290959592  
-0.08932752248  
0.01986702734  
0.2226248969  
0.1914499652  
0.03202360781  
0.1973826425  
-0.09618462119  
-0.3608878015  
-0.7409286377  
-1.029646641  
-0.5351536426  
-0.3912653041  
-0.3943892396  
-0.6092061687  
-0.1760904421  
0.04314910349  
-0.04073943712  
-0.2721234606  
-0.1275804872  
0.2083865279  
0.1689964363  
-0.01321966348  
0.07150149465  
-0.1621524847  
-0.2547748098  
0.03704660907  
0.04456532773  
0.08956902978  
0.1640581694  
-0.04755736085  
-0.2370324445  
-0.1835122265  
-0.1610584235  
-0.3183658557  
-0.1530163483  
-0.26647538  
-0.2401738151  
0.09655882133  
-0.03878336204  
-0.5974281663  
-0.6743783067  
-0.6476813278  
-0.9566116753  
-0.916067191  
-0.5427424352  
-0.6811556243  
-0.3512747773  
-0.215859384  
-0.2109952769  
-0.3262740897  
-0.05529509116  
0.4106933832  
0.3256218194  
0.08996667196  
0.2303885981  
0.3766744031  
0.1168784721  
-0.1919419323  
-0.07614792361  
-0.03415703481  
0.1777643387  
-0.2694197219  
-0.0329103192  
-0.238087381  
-0.05159494152  
-0.502158193  
-0.3394319894  
-0.5520628917  
-0.70443008  
-1.278332124  
-1.847069932  
-1.002900173  
-0.8645353079  
-0.5831217919  
-0.863607145  
-0.8569078791  
-0.8465577817  
-0.7552921734  
-0.3871594916  
-0.30717886  
-0.3579791117  
-0.2525478271  
0.02726878387  
0.2032032599  
0.04219468229  
0.1312021109  
-0.1986776848  
-0.5018396672  
-0.4408470046  
-0.8769566907  
-0.7646332909  
-0.2615845283  
-0.5787362226  
-0.7145269591  
-0.5873574745  
-1.077102989  
-0.879992383  
-1.325665535  
-1.675929129  
-1.546459643  
-1.653598382  
-1.167475416  
-1.294041286  
-1.480053484  
-1.295670329  
-0.9461662728  
-1.057690603  
-1.29740616  
-1.073675519  
-0.7569553437  
-0.5325689536  
-0.4434505276  
-0.7626641617  
-0.7192232464  
-0.175140652  
-0.4433295889  
-0.1001702708  
-0.8067493929  
-0.5295507401  
-0.6252681869  
-0.6063300168  
-0.9838981008  
-0.6871089976  
-0.4298489779  
-0.1716593313  
-0.2833142108  
-0.002641819851  
-0.1327109221  
0.1427841068  
0.2028901236  
0.1673301738  
-0.3662517841  
-0.2244020065  
