3375.170219  
3382.683159  
3369.787829  
3371.194424  
3372.714518  
3375.283176  
3385.034145  
3384.225756  
3382.751073  
3382.506511  
3381.028139  
3369.861098  
3363.595843  
3364.121825  
3360.330812  
3350.689328  
3347.780065  
3343.729562  
3337.17065  
3351.701931  
3351.440938  
3363.412053  
3357.756667  
3361.503613  
3372.689238  
3359.940205  
3357.931459  
3371.707351  
3374.442943  
3378.120162  
3377.646633  
3377.065328  
3389.827417  
3379.457133  
3383.405457  
3371.564159  
3375.281921  
3379.856271  
3368.266431  
3369.224301  
3367.088547  
3367.73386  
3371.521073  
3368.389055  
3371.09022  
3363.229862  
3357.701605  
3368.150401  
3369.301619  
3370.857495  
3371.775526  
3378.113724  
3375.245224  
3375.110607  
3378.634859  
3378.278642  
3380.16486  
3378.517586  
3382.612963  
3387.083063  
3390.00635  
3392.276123  
3380.994464  
3385.265309  
3378.481301  
3365.03962  
3376.103915  
3379.574078  
3381.834491  
3377.771893  
3379.101246  
3380.256161  
3373.705984  
3371.682545  
3367.757877  
3365.02004  
3348.043955  
3348.977294  
3334.324557  
3335.911611  
3329.94251  
3333.04008  
3328.89666  
3329.909234  
3332.9595  
3341.578799  
3345.551798  
3341.347953  
3346.410677  
3355.652893  
3359.172706  
3355.638154  
3365.61183  
3363.363792  
3370.946623  
3368.212611  
3368.542109  
3374.254766  
3368.021796  
3374.446042  
3370.759522  
3379.264684  
3379.102953  
3377.430892  
3384.863748  
3375.312175  
3388.19984  
3384.192484  
3384.534373  
3383.352039  
3387.234482  
3388.427895  
3388.980755  
3385.611677  
3388.129551  
3390.7714  
3398.610153  
3393.640777  
3403.825529  
3393.10165  
3395.712333  
3395.103449  
3393.956111  
3398.332286  
3400.155229  
3395.198585  
3398.629765  
3403.733944  
3404.154276  
3395.82247  
3406.266982  
3399.55772  
3401.998709  
3397.741246  
3392.34585  
3393.08264  
3386.443626  
3396.872941  
3396.46129  
3391.834584  
3390.581084  
3391.869116  
3393.95181  
3393.552601  
3386.164418  
3386.639791  
3382.00854  
3383.22433  
3385.517742  
3385.402839  
3377.890872  
3385.632131  
3387.502913  
3384.626152  
3383.717682  
3384.464754  
3389.211207  
3393.958312  
3391.884745  
3387.193311  
3390.132005  
3394.152067  
3386.814534  
3396.257613  
3395.270388  
3385.534937  
3394.550834  
3395.091542  
3397.013563  
3382.31887  
3382.749958  
3379.985656  
3379.253149  
3377.572976  
3370.812743  
3367.087289  
3371.390816  
3374.820093  
3372.416312  
3370.616001  
3373.484036  
3381.330565  
3380.258482  
3379.152308  
3381.828597  
3379.906115  
3383.348057  
3373.661381  
3380.275253  
3368.423727  
3372.463295  
3372.021033  
3374.784393  
3380.31851  
3375.177192  
3381.881819  
3379.026485  
3382.301158  
3385.112344  
3391.015975  
3395.870298  
3391.986684  
3388.937547  
3389.826305  
3377.100786  
3381.150789  
3384.823546  
3384.913995  
3390.360907  
3381.096239  
3382.405461  
3386.935671  
3389.900194  
3386.041222  
3385.663004  
3393.487609  
3384.050121  
3388.017689  
3388.048912  
3379.77236  
3385.943374  
3381.028651  
3380.336286  
3384.112519  
3374.1349  
3384.555289  
3375.788065  
3372.025639  
3367.407362  
3380.017572  
3379.583614  
3370.618878  
3379.665936  
3371.036302  
3380.815935  
3377.696647  
3375.23337  
3378.255042  
3376.323273  
3386.072529  
3376.498787  
3377.696217  
3385.744119  
3383.646034  
3384.671352  
3384.839622  
3391.860624  
3388.5251  
3390.766814  
3385.991563  
3386.720089  
3391.90398  
3389.809035  
3386.224375  
3384.055645  
3384.636956  
3383.620637  
3370.795073  
3374.602615  
3383.997115  
3389.354025  
3389.373641  
3386.593761  
3390.081227  
3377.224353  
3376.619556  
3372.995269  
3365.733402  
3367.347358  
3365.757537  
3361.070599  
3366.448812  
3368.11069  
3362.33487  
3369.176636  
3360.472547  
3364.106328  
3370.68248  
3371.256935  
3369.087583  
3369.398078  
3373.980296  
3375.54288  
3376.38549  
3387.223847  
3378.856749  
3382.43706  
3381.349691  
3381.024068  
3380.833765  
3380.305083  
3386.32051  
3384.891059  
3368.35565  
3378.537063  
3376.030262  
3375.305654  
3378.717237  
3374.97434  
3378.311239  
3372.749744  
3375.823293  
3373.021855  
3365.737032  
3369.729  
3379.410985  
3375.233952  
3375.281362  
3379.723686  
3381.371476  
3391.510368  
3390.589295  
3395.755149  
3388.711915  
3392.574425  
3388.856952  
3388.980872  
3386.514451  
3382.588163  
3376.985762  
3377.352329  
3386.2984  
3378.058472  
3387.837269  
3383.327264  
3385.201894  
3393.872169  
3388.476674  
3389.022103  
3387.414396  
3383.996621  
3386.983021  
3386.254916  
3387.252899  
3377.475108  
3384.217232  
3378.274071  
3381.480993  
3382.088731  
3381.352088  
3383.282666  
3387.286056  
3389.72416  
3385.455369  
3387.287557  
3384.914627  
3384.65097  
3377.451314  
3383.179195  
3386.188854  
3385.318309  
3385.670156  
3384.064744  
3379.763067  
3377.277344  
3376.441184  
3379.616562  
3379.057046  
3373.101364  
3373.403133  
3370.947392  
3376.554569  
3365.497025  
3366.843906  
3364.720159  
3363.433479  
3367.108256  
3363.648662  
3362.178342  
3364.93702  
3360.504509  
3360.669382  
3367.899016  
3364.582472  
3367.493517  
3369.431672  
3372.633432  
3373.942042  
3378.751113  
3380.185247  
3385.761011  
3385.834653  
3395.209262  
3387.843945  
3392.21389  
3387.957623  
3384.189846  
3390.209753  
3392.486949  
3391.174886  
3386.281287  
3391.499691  
3383.359687  
3386.694201  
3375.163054  
3383.34517  
3383.406682  
3384.012313  
3382.436221  
3375.874002  
3374.714613  
3382.92917  
3378.75754  
3379.730147  
3385.079576  
3379.967674  
3380.024597  
3382.72137  
3383.407874  
3379.854636  
3381.453518  
3385.64161  
3382.156018  
3386.883593  
3376.518124  
3382.528484  
3374.200346  
3374.133279  
3387.43086  
3381.320494  
3385.466563  
3385.079558  
3387.730624  
3381.073736  
3370.553218  
3365.004291  
3368.48561  
3371.518695  
3379.47234  
3385.663586  
3377.459249  
3380.734079  
3375.717694  
3381.247721  
3377.780906  
3376.971154  
3373.249408  
3374.571763  
3364.374741  
3352.861574  
3356.38536  
3357.010131  
3356.308684  
3357.10143  
3357.53818  
3366.377973  
3366.651683  
3365.048922  
3365.926229  
3366.777418  
3368.390859  
3376.113438  
3382.336803  
3388.549213  
3392.555454  
3392.866482  
3391.919939  
3394.207498  
3388.734745  
3383.340758  
3389.37164  
3394.160534  
3393.46058  
3388.2787  
3389.494407  
3388.362291  
3386.985664  
3392.996112  
3386.687749  
3383.313485  
3377.31728  
3380.013868  
3382.526328  
3376.510181  
3379.232986  
3373.312055  
3381.921214  
3375.010446  
3379.110904  
3380.174323  
3377.865803  
3371.359735  
3380.42563  
3372.671102  
3382.307263  
3385.49323  
3380.112709  
3383.491193  
3385.761391  
3379.56485  
3384.343204  
3393.272077  
3388.328218  
3379.885001  
3382.724669  
3390.484219  
3390.559151  
3398.870364  
3384.295902  
3393.181862  
3389.78705  
3389.005102  
3391.405111  
3393.080518  
3381.958971  
3393.917528  
3399.41288  
3383.344216  
3389.750131  
3393.896301  
3391.263877  
3382.698324  
3385.173161  
3382.31848  
3377.194534  
3376.815521  
3374.996225  
3366.95998  
3369.198159  
3369.754145  
3372.333522  
3371.920914  
3375.284254  
3374.67972  
3375.345737  
3371.38905  
3372.426908  
3369.18404  
3364.990668  
3381.739841  
3382.29937  
3391.232443  
3388.763217  
3392.990128  
3399.892303  
3385.613621  
3380.734102  
3372.453833  
3385.716976  
3386.63197  
3378.691025  
3378.839851  
3375.835702  
3374.297552  
3376.702562  
3385.490826  
3385.982806  
3385.5523  
3377.259718  
3373.912128  
3379.435823  
3377.93656  
3372.406271  
3374.454717  
3372.077642  
3367.23106  
3365.225722  
3371.034876  
3364.953476  
3374.704678  
3373.738562  
3367.053946  
3367.921654  
3365.997275  
3369.230734  
3363.550728  
3370.115543  
3363.326196  
3366.104898  
3374.487652  
3370.950349  
3375.67837  
3381.87324  
3372.113759  
3375.370997  
3372.430937  
3373.904088  
3374.589692  
3380.864082  
3376.527972  
3381.641125  
3381.948789  
3372.670556  
3378.48821  
3370.541129  
3376.038665  
3379.445067  
3378.045071  
3369.947735  
3379.626623  
3374.062929  
3376.463576  
3372.890127  
3377.001074  
3377.249978  
3382.223166  
3386.00451  
3381.823605  
3374.857056  
3384.996003  
