5755.650119  
5748.882372  
5732.944438  
5722.986143  
5708.480356  
5710.072083  
5704.669021  
5702.896947  
5703.19622  
5701.449577  
5709.066897  
5710.630203  
5723.377611  
5728.824909  
5730.956212  
5731.796637  
5737.120357  
5728.717122  
5735.391071  
5729.039472  
5728.212654  
5727.909836  
5727.13575  
5728.675514  
5722.348681  
5735.420916  
5742.631221  
5744.523431  
5744.677396  
5764.36181  
5759.486112  
5765.400306  
5774.07191  
5770.41284  
5764.799984  
5772.997458  
5759.415245  
5758.239487  
5774.87486  
5771.186852  
5770.823216  
5771.870118  
5776.350062  
5764.413319  
5782.873736  
5778.976799  
5777.883962  
5766.456529  
5758.526057  
5739.832537  
5739.999935  
5749.562377  
5755.681485  
5755.044771  
5757.642203  
5760.643354  
5766.375553  
5759.149339  
5752.325497  
5747.765058  
5741.937  
5737.798776  
5731.175226  
5719.800459  
5726.652012  
5734.027896  
5729.735811  
5721.979808  
5733.35657  
5729.458184  
5728.458837  
5751.365119  
5735.798694  
5742.375702  
5736.128252  
5737.427683  
5746.373994  
5736.872292  
5731.593184  
5736.748129  
5739.136298  
5738.457874  
5738.845198  
5737.188894  
5731.81667  
5754.685119  
5750.952271  
5760.208672  
5764.337284  
5757.965804  
5775.166003  
5779.006169  
5771.027135  
5773.385863  
5770.769173  
5777.366847  
5777.417797  
5767.33786  
5776.037606  
5762.595656  
5765.817841  
5750.864741  
5741.523413  
5741.180746  
5742.577886  
5738.624547  
5753.987946  
5753.497023  
5753.303659  
5757.898019  
5764.276418  
5751.863005  
5764.456761  
5761.907467  
5765.039456  
5769.861946  
5770.830486  
5774.584751  
5774.818815  
5768.800383  
5770.261123  
5778.252048  
5777.048983  
5785.946472  
5773.759415  
5777.165579  
5772.618163  
5765.221881  
5762.589723  
5756.240445  
5751.561575  
5745.694227  
5742.529494  
5744.281088  
5747.14017  
5746.14077  
5740.17032  
5744.827109  
5746.618313  
5751.888151  
5759.985107  
5757.779604  
5770.258251  
5772.963764  
5762.429384  
5760.293477  
5763.755536  
5771.484874  
5760.891978  
5755.978909  
5755.698838  
5753.647062  
5750.646611  
5731.174722  
5743.224587  
5728.366071  
5733.044333  
5735.599559  
5739.631368  
5740.262242  
5741.183077  
5749.216023  
5749.650202  
5753.423789  
5739.069869  
5737.915098  
5741.209658  
5743.164055  
5734.864231  
5750.378307  
5741.649362  
5750.412597  
5756.393709  
5753.023455  
5748.156545  
5747.11564  
5746.288945  
5758.914308  
5755.955415  
5749.424754  
5753.698695  
5745.578768  
5752.729885  
5752.360082  
5738.710265  
5754.775555  
5772.452767  
5775.204527  
5789.410481  
5796.331473  
5793.700809  
5794.931737  
5805.431997  
5792.496401  
5787.368597  
5781.293356  
5758.104998  
5739.637012  
5727.527351  
5717.395432  
5718.96091  
5713.08621  
5728.141549  
5746.798419  
5751.137106  
5763.554341  
5770.424293  
5769.481685  
5772.45863  
5774.171429  
5770.190007  
5761.807794  
5751.471365  
5758.085158  
5754.63626  
5754.754352  
5759.345331  
5757.165591  
5761.643628  
5765.442727  
5767.407423  
5761.767397  
5765.429247  
5774.926158  
5781.862456  
5781.426381  
5784.292985  
5792.393144  
5793.467309  
5802.547817  
5796.569439  
5798.328584  
5786.503717  
5784.701371  
5781.640389  
5781.26358  
5774.623875  
5771.146785  
5759.106822  
5763.127718  
5765.195955  
5768.273997  
5771.984174  
5776.205988  
5779.18086  
5781.938211  
5786.923773  
5797.172414  
5799.21221  
5791.708773  
5790.990964  
5791.31088  
5801.056587  
5799.54834  
5792.862775  
5800.913012  
5789.969071  
5788.672782  
5794.257351  
5789.307626  
5792.993344  
5791.078897  
5779.474898  
5781.778791  
5788.429828  
5781.722333  
5781.414139  
5791.389106  
5782.209128  
5781.277367  
5788.095746  
5797.307209  
5797.418846  
5793.093211  
5804.773427  
5814.37231  
5820.590754  
5828.568405  
5825.104272  
5829.074185  
5832.225133  
5829.954723  
5829.981782  
5822.085012  
5805.944894  
5803.806679  
5788.656813  
5781.489867  
5786.148946  
5781.127791  
5790.410033  
5786.515794  
5792.026779  
5784.343843  
5789.869555  
5778.97551  
5776.760583  
5785.430017  
5784.869204  
5782.010501  
5783.213924  
5783.46253  
5797.298637  
5791.472464  
5802.769703  
5804.102241  
5792.930223  
5789.971014  
5784.33331  
5787.557735  
5783.13081  
5780.49663  
5768.964979  
5761.973152  
5773.683419  
5769.177358  
5770.159079  
5773.622667  
5781.490453  
5776.108101  
5788.075296  
5782.605669  
5781.770526  
5776.613157  
5790.885714  
5777.464525  
5784.024592  
5793.336717  
5793.826596  
5800.574497  
5795.404472  
5801.027516  
5805.344829  
5805.383584  
5791.347875  
5791.133173  
5793.677195  
5792.081346  
5782.557782  
5785.727623  
5788.956221  
5793.649348  
5793.579685  
5792.519008  
5788.372098  
5783.307595  
5788.756858  
5786.478945  
5786.870117  
5781.122161  
5771.686055  
5787.892366  
5772.955831  
5780.034908  
5785.679017  
5779.010307  
5781.939003  
5795.109978  
5793.008696  
5798.618663  
5781.427714  
5785.825326  
5778.37905  
5796.416795  
5804.501911  
5803.317268  
5804.84369  
5803.41769  
5820.176329  
5811.499778  
5808.965997  
5807.667846  
5795.213891  
5769.530724  
5768.602842  
5757.79196  
5759.948945  
5757.942981  
5765.689892  
5780.594801  
5781.304244  
5791.673988  
5783.951757  
5786.614957  
5778.390542  
5780.096499  
5773.310971  
5772.832911  
5766.305833  
5768.428061  
5775.184123  
5777.724163  
5780.645866  
5785.500691  
5772.543882  
5794.943319  
5799.473339  
5793.688634  
5804.477875  
5804.884889  
5811.958436  
5798.764554  
5800.600434  
5813.70229  
5801.360318  
5795.885021  
5792.024136  
5788.969511  
5779.645673  
5775.18362  
5776.217108  
5766.606962  
5761.805587  
5764.381032  
5766.522393  
5781.079962  
5785.639484  
5783.045346  
5780.564022  
5789.767627  
5787.41004  
5785.727735  
5775.511086  
5771.641582  
5764.289105  
5759.246609  
5766.460777  
5766.459077  
5769.212986  
5779.517373  
5781.486131  
5786.531375  
5785.546616  
5789.985655  
5794.538434  
5796.646041  
5798.746643  
5806.243423  
5811.349709  
5799.150685  
5802.247016  
5802.800914  
5789.138812  
5793.650941  
5798.883544  
5793.823011  
5796.520779  
5800.644541  
5817.317387  
5830.157994  
5829.650334  
5825.385531  
5841.011625  
5820.506315  
5805.521502  
5801.913132  
5785.191019  
5785.707018  
5779.599182  
5769.841483  
5776.970598  
5774.713006  
5777.48322  
5773.143664  
5779.417834  
5778.576452  
5780.911586  
5773.802185  
5776.609365  
5784.024358  
5779.060884  
5777.831507  
5777.15611  
5779.479771  
5787.641884  
5799.261607  
5800.201276  
5792.941719  
5791.783205  
5787.837025  
5784.314467  
5766.220084  
5769.312546  
5763.300491  
5763.532503  
5758.178299  
5745.52392  
5758.312241  
5763.003073  
5771.72426  
5773.593765  
5767.889984  
5767.890978  
5777.794181  
5768.955986  
5759.307966  
5764.446809  
5764.87679  
5769.208293  
5776.095717  
5783.409389  
5781.640233  
5795.718392  
5795.840876  
5804.411438  
5836.658341  
5840.682143  
5821.525194  
5825.427679  
5805.54226  
5791.246928  
5801.128326  
5818.90207  
5793.207854  
5787.759713  
5789.252917  
5782.759533  
5783.691144  
5780.768197  
5775.533641  
5772.516533  
5772.457621  
5772.10035  
5758.557859  
5760.598031  
5753.523094  
5755.426181  
5747.027724  
5747.786746  
5745.583113  
5743.64004  
5761.793416  
5758.249063  
5763.718305  
5777.058895  
5776.277111  
5782.782602  
5786.600638  
5773.283136  
5772.379644  
5766.364456  
5778.058394  
5774.242322  
5779.529112  
5783.128898  
5773.607442  
5781.038532  
5789.446659  
5795.626828  
5789.972207  
5790.471583  
5801.034726  
5809.707137  
5814.712339  
5811.244298  
5801.461886  
5799.394299  
5801.013262  
5795.982656  
5783.306245  
5787.05546  
5769.086988  
5749.755662  
5743.028467  
5758.390478  
5768.035377  
5776.703632  
5780.267009  
5784.605284  
5792.455819  
5800.028629  
5796.446951  
5800.374678  
5791.893447  
5794.270586  
5793.565194  
5786.500393  
5790.078676  
5783.698949  
5782.455119  
5794.382036  
5783.838085  
5790.181648  
5782.360615  
5785.533198  
5790.893207  
5770.656792  
5769.065594  
5772.198138  
5764.014637  
5755.952105  
5755.326826  
5753.725596  
5773.07749  
5751.477846  
5771.068261  
5771.065282  
5787.60554  
5781.627093  
5782.349205  
