3357.806722  
3349.615563  
3347.91421  
3351.285143  
3343.172933  
3349.939011  
3346.308218  
3350.25476  
3338.937852  
3338.403774  
3338.187591  
3339.402166  
3338.416427  
3341.586493  
3343.689828  
3349.597576  
3344.903725  
3333.333508  
3337.77234  
3331.065553  
3335.777314  
3324.857885  
3326.774856  
3331.451028  
3338.682539  
3333.200021  
3329.962259  
3335.822382  
3336.944736  
3337.475112  
3332.4237  
3338.647404  
3337.203635  
3333.793953  
3332.363527  
3332.007603  
3339.414949  
3338.734906  
3336.435358  
3340.668636  
3336.048419  
3338.427625  
3338.17169  
3344.593958  
3337.15165  
3342.010381  
3334.319706  
3341.280357  
3348.609383  
3342.353321  
3341.062237  
3341.087488  
3348.332672  
3339.626308  
3343.762791  
3347.124  
3343.541227  
3337.051513  
3337.292083  
3340.821451  
3348.241992  
3337.193472  
3338.08512  
3335.873741  
3343.912088  
3336.211657  
3341.589237  
3337.469666  
3343.022472  
3352.359793  
3345.483189  
3340.238135  
3343.721262  
3351.388736  
3345.727896  
3346.686833  
3338.791571  
3337.240573  
3333.125726  
3333.180819  
3327.808978  
3332.962584  
3328.959179  
3325.930337  
3330.422532  
3332.292244  
3332.495052  
3329.460533  
3337.652912  
3345.243177  
3338.962878  
3333.847811  
3344.720334  
3349.417139  
3343.764585  
3341.65897  
3345.462471  
3344.56955  
3342.629194  
3341.742208  
3336.774046  
3349.432067  
3350.093533  
3346.483645  
3345.128737  
3352.002745  
3347.243548  
3353.466501  
3354.668182  
3347.209845  
3357.804438  
3354.00323  
3358.258575  
3356.323902  
3351.616768  
3357.389973  
3354.133153  
3356.422238  
3348.394742  
3346.463495  
3358.480857  
3360.683461  
3347.117051  
3352.719527  
3358.628562  
3358.901997  
3364.39519  
3359.904436  
3354.447287  
3349.758934  
3349.510837  
3351.753823  
3351.108823  
3354.311089  
3352.870621  
3350.118267  
3345.026728  
3344.82221  
3349.859221  
3354.884136  
3355.280095  
3354.021978  
3359.465752  
3345.986842  
3355.041493  
3350.307525  
3346.76355  
3340.727576  
3341.646543  
3340.082328  
3342.365395  
3337.502687  
3340.807356  
3343.338915  
3351.261175  
3348.583901  
3335.901546  
3353.719816  
3346.454255  
3348.525023  
3349.11944  
3352.489436  
3347.528649  
3359.541895  
3363.497405  
3349.132231  
3357.048207  
3356.590505  
3365.15669  
3356.980118  
3353.715007  
3351.993221  
3348.992199  
3346.609357  
3342.465112  
3338.544238  
3332.579975  
3337.852138  
3345.026627  
3334.62262  
3340.292216  
3338.638427  
3338.048083  
3351.295273  
3344.672435  
3349.593087  
3347.308071  
3348.202255  
3353.019158  
3340.272016  
3342.113883  
3340.503263  
3343.474783  
3339.945501  
3339.86462  
3353.876181  
3341.666856  
3353.079353  
3345.496069  
3352.986586  
3352.923647  
3347.756984  
3344.202408  
3348.909713  
3343.261946  
3341.658882  
3334.561219  
3334.369823  
3341.350073  
3340.982973  
3343.718299  
3347.735042  
3348.077776  
3353.703119  
3357.926118  
3359.430805  
3362.945769  
3363.363441  
3359.593873  
3357.43731  
3357.550215  
3357.824984  
3359.824349  
3356.140721  
3349.962518  
3351.590367  
3348.954548  
3350.103281  
3352.100415  
3348.866971  
3359.309566  
3357.131038  
3350.470275  
3355.512234  
3357.733159  
3354.461091  
3358.475565  
3352.805393  
3356.084851  
3363.497049  
3369.61979  
3366.632956  
3368.578719  
3358.67221  
3352.268267  
3348.680108  
3342.253742  
3352.602153  
3348.136836  
3346.935976  
3349.166396  
3357.502186  
3362.642319  
3354.24398  
3352.596509  
3358.630558  
3354.190445  
3351.753852  
3360.094079  
3349.007628  
3345.936797  
3349.598057  
3341.159026  
3342.979318  
3336.192686  
3332.743579  
3333.172893  
3338.027513  
3341.642088  
3335.191109  
3338.204562  
3340.493972  
3350.385765  
3354.851071  
3346.748602  
3354.062072  
3351.779385  
3351.368371  
3351.073012  
3356.881837  
3354.884345  
3351.65471  
3343.960643  
3349.125954  
3351.429654  
3353.179203  
3347.161333  
3357.384623  
3354.843024  
3355.31259  
3360.49394  
3352.159224  
3350.334676  
3341.238233  
3340.870134  
3342.486162  
3337.964014  
3333.454987  
3326.783607  
3337.638191  
3332.511456  
3323.953549  
3329.148963  
3333.484975  
3328.250956  
3335.757152  
3338.029379  
3344.755671  
3347.081131  
3356.231433  
3355.863469  
3356.797725  
3348.135702  
3354.831465  
3357.454011  
3358.560883  
3357.263036  
3359.111284  
3352.196575  
3352.369659  
3350.657365  
3354.826002  
3342.984384  
3347.24691  
3343.890531  
3342.15922  
3339.046055  
3346.722857  
3341.019606  
3343.771967  
3345.90677  
3347.888507  
3348.346923  
3342.464627  
3342.18235  
3345.349018  
3339.926195  
3342.539287  
3343.885112  
3351.529551  
3354.191793  
3341.244596  
3342.094755  
3345.236661  
3349.346172  
3346.83411  
3346.633752  
3343.314813  
3348.947352  
3344.371064  
3347.218861  
3340.147426  
3337.134337  
3333.651492  
3343.421005  
3340.124486  
3337.47877  
3343.410335  
3341.738662  
3345.824356  
3348.314301  
3342.443829  
3334.8886  
3336.490861  
3352.274954  
3347.553044  
3343.242169  
3338.798476  
3336.166401  
3343.814973  
3339.320068  
3348.912473  
3345.023715  
3354.802765  
3349.396594  
3352.334394  
3348.761833  
3363.488933  
3348.514374  
3360.334334  
3353.618535  
3362.621121  
3358.080578  
3354.751504  
3358.819892  
3358.615252  
3365.474398  
3367.010096  
3367.931931  
3363.680962  
3358.95438  
3362.506597  
3354.212549  
3346.187685  
3353.479613  
3341.844966  
3355.329708  
3353.985464  
3344.448452  
3350.055603  
3352.085425  
3360.187673  
3353.556559  
3357.875311  
3356.829461  
3351.938311  
3355.262032  
3363.626056  
3349.495452  
3350.376518  
3347.32495  
3356.863933  
3347.621577  
3345.298054  
3351.013645  
3347.912102  
3345.525576  
3352.495507  
3353.618174  
3355.880977  
3346.851064  
3351.271941  
3355.331119  
3348.795937  
3338.064505  
3333.698839  
3337.21551  
3343.391971  
3340.936507  
3337.061846  
3339.877905  
3329.221178  
3336.385721  
3344.045572  
3347.522928  
3346.531003  
3348.664918  
3341.711198  
3346.895464  
3345.264125  
3344.686049  
3336.935247  
3344.661814  
3329.94806  
3325.730363  
3332.58482  
3330.26982  
3327.873397  
3326.786502  
3329.588187  
3331.453588  
3340.260228  
3343.027  
3344.871377  
3345.665497  
3346.389396  
3349.460665  
3348.891827  
3343.827731  
3346.724131  
3346.347359  
3353.166687  
3353.475347  
3355.802247  
3350.065199  
3348.143139  
3356.16925  
3354.782283  
3358.979414  
3349.788368  
3352.406865  
3352.287421  
3348.390699  
3338.854547  
3333.465789  
3334.595369  
3329.009702  
3335.62767  
3338.44786  
3344.857226  
3343.059784  
3341.014316  
3345.386671  
3350.867693  
3351.94063  
3344.767082  
3359.553381  
3356.906767  
3362.448263  
3350.565212  
3357.588574  
3355.312678  
3357.061025  
3353.300439  
3349.562798  
3349.802546  
3353.991459  
3350.143195  
3350.644502  
3346.478093  
3351.038655  
3347.903831  
3345.449915  
3353.09419  
3348.159624  
3351.98975  
3346.952633  
3355.139729  
3349.23473  
3356.723679  
3349.35472  
3344.518031  
3344.994482  
3340.908655  
3345.567357  
3329.956171  
3338.496223  
3332.593703  
3343.29362  
3344.765953  
3343.326831  
3340.008506  
3348.228364  
3347.047928  
3354.363734  
3348.896203  
3343.089591  
3347.033493  
3358.006218  
3350.041785  
3345.399523  
3347.378151  
3339.349517  
3337.297952  
3344.740124  
3341.798299  
3332.661678  
3336.404548  
3343.638391  
3344.978953  
3351.781242  
3342.790542  
3348.475624  
3354.971951  
3353.28017  
3344.202827  
3363.405059  
3355.77627  
3356.048007  
3359.712085  
3357.825439  
3364.213217  
3358.332615  
3347.608068  
3355.419454  
3343.715836  
3342.53008  
3338.364072  
3338.484658  
3338.786178  
3348.204379  
3345.158047  
3345.913035  
3345.917514  
3340.687885  
3352.876471  
3353.61727  
3352.032264  
3354.754259  
3346.864816  
3350.934969  
3351.485535  
3356.931045  
3352.674733  
3351.674708  
3354.095303  
3348.795428  
3358.310998  
3360.868914  
3362.26826  
3354.301615  
3362.167794  
3358.434811  
3361.432164  
3352.335753  
3362.425422  
3364.745384  
3363.652883  
3353.457781  
3358.895638  
3358.282391  
3351.009845  
3353.999065  
3352.205368  
3347.929651  
3352.920504  
3360.10102  
3355.33645  
3350.376537  
3359.54179  
