-0.2447248848  
-0.6271446154  
-1.108541384  
-1.09104242  
-1.429388919  
-1.482881825  
-1.369509263  
-1.06129254  
-0.8054783771  
-1.251072794  
-1.025483374  
-0.7551603893  
-0.6201050443  
-0.3565162587  
-0.5797838294  
-0.3946731716  
0.1368487098  
0.09362640462  
0.2489704356  
-0.1133970806  
0.4291289394  
0.0297695064  
-0.3887493387  
-0.4106823051  
-0.2391626414  
-0.286455024  
-0.1389421619  
-0.06499356291  
-0.01985292251  
0.3006505023  
-0.08316586355  
-0.08576050528  
0.3871797391  
0.2420713822  
-0.311800127  
-0.621859345  
-0.4162779465  
-0.3517034976  
-0.1020167332  
-0.08394574465  
0.1688618373  
0.0877559683  
0.2560806071  
0.1493671713  
0.1207637123  
0.1081929273  
0.3170208748  
-0.03454169984  
-0.02719364033  
-0.4307398824  
-0.2633708405  
-0.09977259257  
-0.4994862985  
-0.2190565289  
-0.1011004793  
0.08168724182  
-0.2864598553  
-0.42816469  
0.1020520398  
0.05838911551  
-0.1098572869  
0.1381452137  
0.08516086657  
-0.3208203432  
0.04442921003  
-0.08487063996  
0.4011399851  
-0.2490539434  
-0.3209063247  
0.184448918  
-0.127091917  
0.4374616083  
-0.07680894989  
-0.5164145965  
-0.3098114914  
-0.2497824666  
-0.1469175287  
-0.598363666  
-0.5825263537  
-0.3254073185  
-0.5229547299  
-0.321383917  
-0.9228165931  
-0.7245868441  
-0.4931844336  
-0.8281462682  
-0.770025058  
-0.6413529021  
-0.7187885833  
-0.6203088453  
-0.4504873565  
-0.2821980801  
-0.5325539339  
-0.1468105587  
0.07882352318  
-0.1292041029  
0.2735875082  
0.1626966655  
-0.3448346704  
-0.4879756433  
-0.2615997891  
-0.1552770769  
-0.3780581627  
-0.5219209202  
-0.4617806063  
-0.3465864909  
-0.3287390559  
-0.2298935288  
-0.2430940176  
-0.3197977548  
0.050318339  
0.2616313382  
0.3713214341  
0.2757862336  
0.3295503959  
0.5639124762  
0.6244404509  
0.1334057373  
0.2509899415  
0.2181775441  
0.01464137689  
0.1118227816  
-0.03210478413  
-0.3059420635  
-0.4179801163  
-0.2908701527  
-0.5648820234  
0.0256269583  
-0.1119482535  
-0.1427333257  
-0.08984027218  
-0.1606159863  
-0.1444826987  
0.09807735679  
-0.219279942  
-0.6760096804  
-0.6182135307  
-0.2989539356  
-0.3595115556  
-0.139591563  
-0.2139075725  
-0.3502385077  
-0.5424830271  
-0.1822017684  
-0.4397920275  
-0.7970325059  
-0.566157893  
-0.9370701831  
-0.3835977071  
-1.024850167  
-0.4824566531  
-0.9478702614  
-0.6439918323  
-0.8445981455  
-0.6402093992  
-0.8091518859  
-0.7657545019  
-0.8010968928  
-0.6117577021  
-0.6101284783  
-0.3292072137  
-0.3535753112  
-0.3326767361  
-0.2871271219  
-0.2786969957  
-0.2789093468  
-0.06735433048  
-0.9184221248  
-0.67806977  
-1.108454479  
-0.4173479688  
-1.132381673  
-0.9695032894  
-1.033669414  
-0.9981600733  
-0.803890857  
-0.7928492792  
-0.5981322216  
-0.4546578021  
-0.5118919969  
-0.01102788161  
-0.1976761201  
-0.2793424463  
-0.5543688334  
-0.5747117039  
-0.5998356474  
-0.1842382787  
0.199073163  
0.4971841117  
-0.0484632185  
0.4385571391  
0.4317270972  
0.7817292415  
0.3680233825  
0.1487011663  
-0.212254572  
-0.4891917773  
-0.5930136636  
-0.8841959221  
-1.082153547  
-0.7191528848  
-1.063474023  
-0.6684960667  
-0.9272955766  
-0.7334298687  
-0.1504395276  
-0.193444705  
-0.3777763915  
-0.1131089652  
-0.234411977  
-0.4430749347  
-0.4704143199  
-0.4243556466  
-0.8664283609  
-0.05283606199  
-0.4027217245  
-0.03651398401  
0.1478627631  
-0.2928597206  
0.4687393407  
0.1354221888  
0.348807601  
0.09425124196  
0.6494893239  
0.5882200981  
0.7326241438  
0.6845547276  
0.7741540938  
1.403373421  
0.5597442753  
0.3627383124  
0.612939291  
0.2766309016  
0.3755577068  
0.5323452827  
0.3195794324  
0.1077386238  
0.3241260138  
0.07151491254  
0.1261308532  
0.1238870682  
0.08278199489  
-0.1587123574  
-0.2069765349  
0.3486172511  
0.3231955922  
0.07083866932  
0.03496225209  
0.5965690482  
0.3018816636  
0.4618562556  
0.6642775128  
0.7635404489  
0.8043837776  
0.08355544266  
0.6262363544  
0.6235691121  
0.3465149436  
0.3286733155  
0.5635522237  
0.4078664508  
0.2889349801  
0.6053909636  
0.5694172124  
0.4688674648  
0.2483573906  
0.310991539  
0.2320432347  
0.1088180555  
0.1257771523  
-0.07143749946  
0.1538269566  
0.05103741253  
0.1675866618  
0.4853996925  
0.319456794  
0.754255235  
0.7338186692  
1.324073277  
0.7316977975  
0.6296240985  
0.8032837299  
0.7577476425  
0.6336616811  
0.7923760267  
0.4848634208  
0.5815318694  
0.715052482  
0.4311672668  
0.5849495258  
-0.2352891288  
0.3779395481  
0.5658086095  
0.532815586  
0.5915449925  
0.4534976256  
0.5247349599  
0.767140331  
0.3574180386  
0.6509044966  
0.6162110566  
0.9514713282  
0.8390851211  
0.5817539373  
0.7736170813  
1.016677337  
0.837848813  
0.9760326596  
0.6766490474  
0.3463282215  
0.4185805597  
0.3419588928  
0.5602913416  
0.4158212195  
0.1127383867  
0.2590683715  
-0.1314102438  
0.05421769398  
-0.1351516374  
-0.0255617472  
0.4275311594  
0.3331223999  
0.5416467975  
0.4090140276  
0.54368651  
0.4638873852  
0.3845135216  
0.2817648717  
0.05156133975  
0.3055427503  
0.1841619877  
0.1096881207  
0.1677341875  
0.3171600067  
-0.02070612406  
-0.05632153821  
0.2300209208  
0.109618259  
0.4505823909  
0.3275423427  
0.08936274142  
0.5990693684  
0.29432459  
0.5771008166  
0.5966365531  
0.5685689206  
0.395581985  
0.6183594938  
0.2277581181  
0.4041697754  
0.5303763089  
0.6946962086  
0.8515851346  
1.050679551  
1.248000509  
0.7250955727  
0.8863179448  
0.7232594573  
0.7159220261  
1.042518573  
0.7344304447  
0.277690523  
0.4260698617  
-0.1505280154  
-0.1959034689  
-0.0261211344  
0.1575044618  
0.2175931764  
0.01974651164  
0.234696758  
0.1589364238  
0.01428462879  
-0.1408428314  
-0.4726928175  
-0.3370234366  
-0.6071523176  
-0.6357761069  
-0.7232878482  
-0.325231839  
-0.07172163722  
-0.4918936179  
-0.1054599577  
-0.4036443357  
-0.4437738984  
-0.4168640327  
-0.3233531944  
-0.2325670318  
0.03337186519  
-0.3000480868  
-0.4469314123  
-0.5567689722  
-0.2700405749  
0.1554701353  
-0.2923959136  
-0.1352903854  
-0.3662858534  
-0.2595775625  
0.3736361623  
0.4902287656  
0.7483751911  
0.2870380471  
0.5080741833  
0.1305669163  
0.07431388295  
-0.2186541854  
-0.4353011349  
-0.3101706622  
-0.8361930569  
-0.8036767518  
-0.3570074027  
-0.5349353075  
-0.4833512447  
-0.4385579417  
-0.4315692278  
-0.2297259655  
-0.1719147414  
-0.4743465798  
-0.7832922047  
-0.6551448532  
-0.3741250472  
-0.4530422422  
-0.5354725731  
-0.4784349198  
-0.9140875664  
-0.4784882876  
-0.2250533431  
-1.131393673  
-0.4361432346  
-0.3076058895  
-0.4096782645  
-0.5237686634  
-0.1865811888  
-0.5726893674  
-0.6397828018  
0.339873558  
0.1839484862  
0.4172425689  
0.2104543405  
0.3539328122  
0.2213343653  
0.541601269  
0.4117220838  
0.03143738189  
0.1617313483  
-0.2184836114  
-0.009878319874  
-0.0734052956  
0.4232403438  
0.6116747658  
0.608045279  
0.2521665619  
1.029249254  
0.8984484138  
0.9422985157  
0.83829041  
0.6758509133  
0.4815527399  
0.6031919999  
0.4118703181  
0.9631194382  
0.7452525788  
0.9660999095  
0.4693231008  
0.2343059358  
0.201478775  
0.2199618939  
0.5580132396  
0.4259823195  
-0.09406182939  
-0.1313232785  
0.2774909393  
0.3376492984  
-0.01733140127  
0.606595488  
0.2308932489  
-0.07181357437  
0.2581918887  
-0.09170482826  
-0.03508831534  
-0.3572684579  
0.08203007857  
0.1007799938  
0.1239866709  
0.09155665656  
0.04691908214  
0.2067663934  
0.125953146  
0.0006925232169  
0.4860748081  
0.3376469619  
0.2274803064  
-0.005382056121  
-0.002984428029  
-0.3307264876  
-0.08018716362  
0.2942566556  
0.1100771182  
0.1225172902  
0.1275241142  
-0.07005836477  
0.4411614885  
0.2915354498  
0.2799445424  
0.2501553492  
0.6345837374  
1.104500965  
0.9151906497  
0.6397288314  
0.9030904693  
0.5335769924  
0.2706600356  
0.5456814364  
0.6295929373  
0.1902064901  
0.5937812163  
-0.1321913193  
-0.601999888  
-0.4898646375  
-0.7791655797  
-0.8870054553  
-1.022013168  
-0.8925814241  
-0.8653048776  
-0.9347268925  
-0.6518950229  
-0.4190213502  
-0.5032220576  
-1.089905884  
-0.791733502  
-0.8190496365  
-0.4745788071  
-0.3440780604  
-0.02914631875  
0.189115165  
0.003325659616  
-0.3364369791  
0.163598892  
0.03439992764  
-0.6177085828  
-0.05704001375  
-0.7215921953  
-0.283774527  
-0.04994360082  
-0.159653966  
-0.4755592235  
-0.5033372399  
-0.3011257154  
-0.1280113515  
-0.1941262961  
-0.1501505807  
0.004579720031  
0.03311463106  
0.01626884265  
-0.006662553342  
0.2878564883  
0.4560014768  
0.1304572786  
0.4451515263  
0.2174028212  
0.1301434938  
0.2106482835  
-0.07714913671  
-0.4079798546  
-0.1375759929  
-0.2191625973  
0.2739200377  
0.2201086327  
0.5539366115  
0.5916748279  
0.3108185234  
0.4726061416  
0.6399947203  
0.6636930383  
0.5617360142  
0.3983007196  
0.633044634  
0.4216063796  
0.7128060314  
0.610839161  
0.7532286979  
0.5249700203  
0.7159700891  
1.159355877  
0.9350393461  
0.6122940754  
0.452078938  
0.4761745373  
0.4371077308  
0.1399907719  
-0.2010510432  
-0.31542767  
-0.4428707904  
-0.259491682  
-0.1538314492  
-0.5907900349  
-0.2908344371  
0.05317346571  
-0.08453762911  
0.3587356427  
0.3504774317  
-0.252132094  
0.1943852663  
-0.490337761  
-0.4066939054  
-0.3546840713  
-0.2205518402  
0.3042517214  
0.2624346987  
0.1931982082  
0.1509562581  
0.1037831312  
-0.4806178023  
-0.7618305555  
-0.7264568694  
-0.9307236929  
-1.406184513  
-1.530061657  
-1.734169784  
-2.115739736  
-1.323073512  
-1.350301682  
-0.7457570163  
-1.096322306  
-0.8588742393  
-0.2565181716  
-0.927609816  
-1.037445998  
-0.369171153  
-0.2154659197  
-0.08574956596  
-0.1097951285  
-0.1204454573  
0.5403186016  
-0.01173727475  
0.2191782022  
-0.4295015213  
-0.169680124  
0.04819430134  
-0.5180422599  
-0.4698055903  
-0.5715619205  
-0.5404375667  
-0.3056882179  
-0.5430637041  
-0.3214998739  
-0.739276444  
-1.139436113  
-0.5373460603  
-0.4840285934  
-0.3980430573  
-0.3382958987  
-0.003255259605  
-0.1845355302  
-0.2079711188  
0.01843725253  
-0.04436403954  
0.04026399448  
-0.03588950942  
0.1709189879  
0.4224266468  
0.5783563526  
0.6493858738  
0.09047565309  
0.3091177445  
-0.0798351834  
-0.7498943691  
-0.2075681298  
0.07158493158  
0.150065752  
-0.04493994733  
-0.005111409218  
0.08516372427  
-0.2564065996  
-0.3792122851  
-0.6061259908  
-0.7357773465  
-1.560077459  
-1.456125218  
-2.265408193  
-2.152062815  
-2.444005762  
-2.267655959  
-2.488105989  
-2.481674299  
-2.281243838  
-1.832260115  
-1.591024227  
-1.898661825  
-1.605283633  
-1.162967366  
-1.000011944  
-1.175055077  
-0.5937130638  
-0.7550757679  
-0.3700436008  
-0.5074478181  
-0.5146927019  
-0.1781725917  
-0.5187752811  
-0.219969405  
-0.4143092739  
0.03399853958  
0.05723141537  
-0.0212307976  
0.3551167992  
-0.2270091046  
0.4694887647  
0.2566169442  
0.2988200617  
0.1689533926  
0.4327752242  
0.483419363  
0.4570076911  
0.3176040985  
0.4559731131  
0.574961614  
0.9829353835  
0.7376796382  
1.236561999  
0.6880109714  
0.7677102601  
0.7905615627  
0.73466003  
0.9937130939  
1.079967729  
0.8473279677  
1.005766082  
1.235629115  
1.297052866  
0.7994275806  
1.358180214  
1.013393497  
1.166372906  
0.8714165567  
0.6225569723  
0.7200692994  
0.3525467125  
0.8998697374  
0.8481949722  
0.6116525763  
0.5282252056  
0.5891319233  
0.7544294  
0.7217148875  
0.321761271  
0.3847355735  
0.1818058374  
0.1899426467  
0.3077509925  
0.357816  
-0.08532515935  
0.3117237443  
0.4127675451  
0.3076027013  
0.230058963  
0.2936281485  
0.5112404782  
0.783132562  
0.6758757227  
0.4101712257  
0.609446661  
0.8038458557  
0.3629006709  
0.8745775247  
0.8633501297  
0.3086261666  
0.7631577829  
0.8128734494  
0.9074473948  
0.1803501542  
0.2011022665  
0.0778401214  
-0.02623944729  
-0.06527024226  
-0.4352813914  
-0.6341757799  
-0.351557187  
-0.1810810827  
-0.2948210454  
-0.4047169828  
-0.2492099952  
0.1193650022  
0.06038657255  
0.06368607627  
0.214218496  
0.08016067448  
0.2748498128  
-0.2124001038  
0.08787797568  
-0.4800057575  
-0.2969108328  
-0.3258596551  
-0.1743540706  
0.1030259636  
-0.2186546019  
0.1855954965  
0.001862961536  
0.1681421477  
0.3632847922  
0.603030315  
0.8483818262  
0.6745926092  
0.5129974154  
0.5845055305  
-0.1505418381  
0.113008079  
0.3361306014  
0.3523884218  
0.6236984318  
0.09343331871  
0.2375519643  
0.4500785979  
0.6016838591  
0.3980546169  
0.3471077131  
0.8219017251  
0.3174198625  
0.5169568678  
0.4966909914  
0.02187355428  
0.4010778292  
0.09817129027  
0.06721745039  
0.2848146676  
-0.2111037562  
0.3620272634  
-0.1373332136  
-0.3495125151  
-0.5681858459  
0.1231480884  
0.05358994597  
-0.4250669505  
0.09861485836  
-0.3771209978  
0.1193513643  
-0.03358601427  
-0.2184529129  
-0.003132350917  
-0.1302769299  
0.4121023816  
-0.1181718625  
-0.06346575447  
0.3404931736  
0.3095085957  
0.3180220392  
0.3361304736  
0.7285467926  
0.5283890738  
0.634472852  
0.3804052018  
0.4385796135  
0.693948678  
0.5527414983  
0.3823922835  
0.280116359  
0.2720252253  
0.2596252278  
-0.3826947256  
-0.2645188073  
0.2551996733  
0.5536908171  
0.5723665506  
0.391931662  
0.5466741114  
-0.07123149966  
-0.09273455397  
-0.3337536623  
-0.6743772292  
-0.5891093627  
-0.6640063571  
-0.8904835526  
-0.5815681138  
-0.5272093401  
-0.871033851  
-0.4604335034  
-0.8866435038  
-0.716465753  
-0.3208653928  
-0.3904319577  
-0.4819919705  
-0.4797346443  
-0.2289327446  
-0.1792762113  
-0.1147090153  
0.461647208  
0.02506836343  
0.1823142663  
0.1598209013  
0.1343896733  
0.08948935772  
0.05755222407  
0.4054799226  
0.3357414048  
-0.5268489796  
-0.006460355934  
-0.1016352605  
-0.1707408034  
0.04518497413  
-0.1771230182  
-0.02407418862  
-0.2662180178  
-0.1250366037  
-0.2594463563  
-0.6708062526  
-0.453880533  
0.06628237934  
-0.1642909606  
-0.1694622072  
0.05120795868  
0.1468816944  
0.6795160236  
0.6385131927  
0.89033664  
0.504117858  
0.6796231957  
0.526399706  
0.5399509656  
0.3728795001  
0.1950383083  
-0.08917955165  
-0.0642501014  
0.4266307059  
0.04322795333  
0.5036438543  
0.2937003105  
0.3174387972  
0.809297857  
0.5436165673  
0.5224346992  
0.4549013774  
0.2181264342  
0.4143423957  
0.3647492621  
0.436196669  
-0.07320725031  
0.2901838281  
-0.05244980217  
0.1119661269  
0.194924624  
0.1675249394  
0.2476644946  
0.4755416183  
0.5731507418  
0.3441124301  
0.4074105365  
0.2900370825  
0.3056729225  
-0.07915888099  
0.1827394923  
0.3227704585  
0.2962070443  
0.3595759766  
0.2820140808  
0.0198110817  
-0.09119907164  
-0.08955261764  
0.04825502219  
0.03596556755  
-0.3097152398  
-0.2595859706  
-0.3408588825  
-0.09694882142  
-0.6337403671  
-0.5608249974  
-0.6317273629  
-0.7319454417  
-0.4725451522  
-0.699685631  
-0.7625663617  
-0.6467397722  
-0.854631487  
-0.8680070988  
-0.473726839  
-0.6833298987  
-0.5033283091  
-0.3836030383  
-0.2656826673  
-0.2106470161  
0.03789161399  
0.08293696501  
0.3453452494  
0.3668055664  
0.9129701175  
0.5086660699  
0.7240208824  
0.4658558082  
0.2479446526  
0.6033743241  
0.6873891281  
0.6344732813  
0.4179352647  
0.6541963202  
0.2292038952  
0.424330883  
-0.1909521646  
0.2599523271  
0.2621253416  
0.3095489642  
0.2306986898  
-0.1290932868  
-0.2103071144  
0.2581581931  
0.006341791095  
0.03638977621  
0.3216582953  
-0.002242805981  
0.0632787427  
0.1575349412  
0.2140575088  
0.04703581539  
0.1366796845  
0.3756312143  
0.1786640828  
0.4176121679  
-0.1270447976  
0.1614388947  
-0.1971630067  
-0.2202797712  
0.4637376651  
0.1296990919  
0.3799183017  
0.3016419398  
0.4766787604  
0.1686003569  
-0.4613024812  
-0.7155071994  
-0.5331024939  
-0.3584671976  
0.09239530584  
0.4242242777  
-0.0475793254  
0.1469186096  
-0.09625232775  
0.2016799841  
0.01709327015  
-0.05201757393  
-0.2658114052  
-0.2124733588  
-0.7038886096  
-1.319739056  
-1.07599091  
-1.047310298  
-1.064486373  
-1.053224546  
-1.012342468  
-0.5162598236  
-0.5078420264  
-0.6439153456  
-0.5914254622  
-0.615858147  
-0.4588902666  
-0.1167757396  
0.2257972125  
0.5032039266  
0.7165465787  
0.72398061  
0.6734148495  
0.8193067539  
0.5142001591  
0.2598361163  
0.5556622864  
0.8280055752  
0.8068530146  
0.4792161194  
0.6033425597  
0.4523109784  
0.4085963952  
0.7299653406  
0.3871784771  
0.2326250435  
-0.1103908422  
0.03652587087  
0.2203287361  
-0.1047656539  
0.06094041375  
-0.2793259658  
0.2040196111  
-0.148123286  
0.04562105478  
0.05012797869  
-0.05039765916  
-0.359813039  
0.09544958533  
-0.3267448115  
0.1598321546  
0.3622640201  
0.05590184719  
0.2612834262  
0.3352225474  
0.02600859024  
0.2674336733  
0.7711746548  
0.5529949037  
0.01822603782  
0.1944474571  
0.6290983104  
0.5994436682  
1.022936762  
0.2053940281  
0.7022030813  
0.4885300056  
0.5198833995  
0.6150677066  
0.7410358122  
0.1693746095  
0.784867021  
1.120820847  
0.2175981777  
0.5708395773  
0.7178193051  
0.6385620591  
0.1834225313  
0.26418929  
0.1584216238  
-0.1141513641  
-0.1075505992  
-0.1551315676  
-0.6186804293  
-0.4972031327  
-0.4960572017  
-0.2577691216  
-0.3062843852  
-0.1897637406  
-0.1581270882  
-0.1761753584  
-0.401761485  
-0.3599233881  
-0.4582749043  
-0.6458184578  
0.1667850324  
0.1921343101  
0.6746288433  
0.5230698772  
0.7950165771  
1.154245553  
0.3631235053  
0.1454165141  
-0.3008192316  
0.4130388126  
0.4215334843  
0.03294057008  
0.04543666384  
-0.1664470494  
-0.2349924181  
-0.09150969229  
0.4003878471  
0.3672551145  
0.3796629088  
-0.1022567471  
-0.2897953463  
0.07048679573  
0.01420443201  
-0.3020105228  
-0.1618770387  
-0.3062956768  
-0.5873805891  
-0.6387277519  
-0.3304372266  
-0.6258835544  
-0.06093636699  
-0.1768606633  
-0.5247743711  
-0.5203038298  
-0.6268473632  
-0.4093431507  
-0.7525052067  
-0.4134627835  
-0.7519750279  
-0.626819991  
-0.2153279018  
-0.384775438  
-0.1057947064  
0.2096798323  
-0.3872038966  
-0.1670989764  
-0.3300273381  
-0.275482411  
-0.2286941421  
0.08182915814  
-0.1192864208  
0.2162501661  
0.2174533707  
-0.2499801919  
0.06923773948  
-0.3888108566  
-0.09664721632  
0.1139559919  
0.04956534935  
-0.377459814  
0.1327913305  
-0.1940058079  
-0.06792500105  
-0.2797577422  
-0.05221415404  
-0.03825424311  
0.2061553997  
0.3850973962  
0.09482072149  
-0.2213666372  
0.3360633282  
