2807.387454  
2802.243257  
2794.555972  
2779.816829  
2776.546973  
2774.908672  
2784.76397  
2779.415381  
2788.759796  
2780.317527  
2779.219182  
2788.714385  
2790.342715  
2795.656329  
2785.279548  
2785.172467  
2779.687111  
2780.757433  
2771.925133  
2765.962287  
2771.143105  
2771.11917  
2761.932267  
2770.416517  
2760.453217  
2756.507642  
2759.223549  
2765.486501  
2775.953788  
2771.683516  
2763.667272  
2763.556932  
2765.296525  
2770.145655  
2770.751915  
2777.117889  
2770.40763  
2769.38668  
2773.050004  
2773.147476  
2777.084126  
2765.720921  
2759.81697  
2764.215835  
2764.787876  
2766.747544  
2764.875256  
2758.852998  
2766.986527  
2770.937902  
2770.191083  
2766.180222  
2781.909336  
2774.578445  
2769.730801  
2772.177279  
2777.204933  
2769.934197  
2770.512543  
2758.334886  
2764.516566  
2763.269247  
2769.086034  
2774.537484  
2769.137979  
2762.062244  
2773.819743  
2772.756549  
2778.984705  
2773.101106  
2777.371256  
2773.4494  
2782.354244  
2773.942958  
2771.200393  
2766.132781  
2762.283752  
2761.497063  
2761.652587  
2768.172423  
2765.012875  
2764.675917  
2766.170415  
2772.830132  
2777.163029  
2782.306615  
2774.204079  
2768.845495  
2775.677694  
2782.09239  
2780.238198  
2770.612272  
2771.807832  
2782.996144  
2776.638834  
2775.614882  
2783.938981  
2777.468059  
2772.877255  
2776.108449  
2777.95057  
2775.777455  
2773.050816  
2779.123004  
2784.692921  
2782.218669  
2779.128858  
2780.859049  
2774.058196  
2775.33297  
2783.234586  
2776.252194  
2772.566319  
2775.482467  
2777.657978  
2784.545316  
2787.346413  
2786.99352  
2781.720098  
2773.230205  
2775.827308  
2777.476949  
2779.055066  
2780.968449  
2774.678412  
2779.245175  
2779.36181  
2785.871796  
2785.610499  
2789.676825  
2780.171064  
2789.084914  
2786.785797  
2792.341205  
2789.410288  
2776.946738  
2783.06891  
2775.791319  
2771.473979  
2779.587207  
2774.812557  
2776.665559  
2776.099233  
2777.190658  
2788.420159  
2784.606758  
2775.352334  
2781.184804  
2777.708529  
2775.377436  
2781.152841  
2774.068011  
2767.166564  
2774.222373  
2777.460038  
2781.01474  
2775.951028  
2765.9382  
2782.021035  
2781.02758  
2773.807449  
2772.044328  
2778.008551  
2771.743889  
2781.215603  
2766.855189  
2768.138934  
2771.442933  
2774.332704  
2781.568431  
2766.02251  
2774.696204  
2777.013564  
2776.784957  
2776.833612  
2772.119213  
2768.796683  
2774.235855  
2775.865763  
2773.163273  
2765.176122  
2766.331667  
2764.253239  
2768.16413  
2765.214721  
2754.085843  
2749.832575  
2754.372764  
2758.859147  
2766.123895  
2764.976655  
2763.750519  
2775.39696  
2778.73123  
2779.259843  
2784.008543  
2784.945853  
2779.047674  
2783.684628  
2776.03649  
2770.566447  
2762.188381  
2765.297092  
2764.980222  
2759.400488  
2766.458217  
2759.504017  
2763.155334  
2766.012141  
2770.517353  
2770.913794  
2767.780131  
2771.364231  
2766.231089  
2770.355813  
2775.514275  
2764.868664  
2769.895532  
2765.564667  
2767.538171  
2766.152224  
2770.765468  
2773.965804  
2770.890663  
2775.204388  
2780.980714  
2775.963927  
2773.737646  
2771.794797  
2779.264698  
2781.105105  
2780.491568  
2789.458603  
2791.876932  
2785.377596  
2788.374862  
2799.474264  
2800.09622  
2806.464112  
2789.037782  
2798.357202  
2799.54647  
2794.025658  
2786.954563  
2784.42519  
2789.04026  
2789.13041  
2793.247446  
2789.062024  
2788.782075  
2790.904569  
2791.057269  
2793.500622  
2779.9864  
2787.648812  
2790.441928  
2785.940127  
2787.918796  
2782.016164  
2772.991677  
2776.246541  
2786.490275  
2783.479887  
2778.712479  
2778.672767  
2772.788558  
2781.184831  
2775.204064  
2774.519621  
2772.081225  
2771.856386  
2766.169606  
2758.916924  
2750.72234  
2745.798088  
2747.326699  
2755.571007  
2758.576686  
2760.404252  
2766.174083  
2766.642232  
2774.189404  
2769.641528  
2762.773224  
2759.095883  
2745.788619  
2752.624713  
2757.59533  
2755.36638  
2756.155429  
2762.56221  
2764.629143  
2769.686171  
2782.042918  
2783.878855  
2776.049971  
2783.927945  
2787.239011  
2787.78926  
2789.386557  
2787.019513  
2786.263905  
2783.671596  
2781.518747  
2780.063965  
2775.638073  
2768.25066  
2777.277544  
2773.840496  
2769.274966  
2769.273656  
2770.727449  
2769.45307  
2773.099619  
2767.814051  
2766.627501  
2773.088752  
2781.069795  
2767.075025  
2766.727591  
2766.986075  
2776.769299  
2774.138568  
2767.227755  
2777.753409  
2767.414022  
2778.446565  
2772.907818  
2766.968519  
2766.601891  
2768.02455  
2765.677659  
2768.94989  
2777.905062  
2768.84799  
2767.54824  
2775.76854  
2781.544757  
2784.191924  
2784.613553  
2784.454852  
2780.917844  
2786.478841  
2769.750949  
2769.724046  
2766.784155  
2775.27307  
2777.980267  
2772.876388  
2768.510301  
2767.909539  
2770.436968  
2776.862819  
2773.878874  
2764.305648  
2770.10159  
2766.862474  
2769.29587  
2770.155765  
2771.03193  
2773.308804  
2775.814209  
2778.280811  
2781.090543  
2773.03181  
2768.600767  
2759.918033  
2760.917368  
2764.054522  
2762.160183  
2755.358502  
2754.687494  
2754.580105  
2759.514384  
2768.252649  
2770.30664  
2766.323832  
2766.496993  
2772.264638  
2762.439605  
2767.262052  
2758.9524  
2766.211906  
2770.188478  
2771.41722  
2769.831433  
2764.097331  
2760.414793  
2762.957652  
2780.457582  
2764.757504  
2765.967381  
2766.987406  
2770.480247  
2774.629076  
2782.448147  
2785.047439  
2786.159899  
2792.597263  
2791.184887  
2795.026895  
2790.838957  
2796.672623  
2783.536894  
2783.831919  
2778.929289  
2774.297895  
2771.97512  
2765.700835  
2766.369157  
2766.401511  
2765.085569  
2761.099269  
2754.468169  
2770.985591  
2776.585435  
2779.450796  
2774.002949  
2780.91716  
2785.217251  
2788.122559  
2787.317159  
2787.095393  
2782.151603  
2776.71112  
2782.327831  
2774.305377  
2763.423815  
2773.615731  
2772.837381  
2773.873575  
2776.086517  
2772.525122  
2774.092632  
2779.408021  
2786.037394  
2782.954454  
2791.933604  
2777.772108  
2780.680452  
2789.768632  
2777.248128  
2768.529516  
2770.332191  
2766.842661  
2769.982771  
2787.085957  
2780.669379  
2770.108486  
2771.724782  
2773.546107  
2776.845515  
2781.236739  
2768.411288  
2765.025063  
2771.56264  
2764.805182  
2768.096454  
2767.337285  
2762.218528  
2766.347307  
2766.680677  
2774.434318  
2770.13176  
2760.969071  
2765.158428  
2756.143944  
2776.10573  
2777.101305  
2782.544754  
2773.26777  
2770.197343  
2772.977906  
2769.399959  
2766.196444  
2768.653328  
2763.225832  
2766.059574  
2767.881356  
2772.270834  
2767.954483  
2774.543172  
2771.133739  
2772.374452  
2773.518492  
2777.71232  
2775.103747  
2775.863024  
2777.591108  
2784.841571  
2782.672474  
2787.991457  
2782.637572  
2783.811062  
2780.237351  
2788.369697  
2788.224041  
2789.576761  
2788.911143  
2793.649065  
2794.149904  
2790.242711  
2795.637833  
2795.347833  
2791.43348  
2774.336655  
2786.497333  
2787.471117  
2783.862354  
2783.853129  
2781.258178  
2786.294592  
2799.205244  
2792.779731  
2795.89729  
2801.662028  
2801.011104  
2808.084872  
2804.415086  
2797.260616  
2790.63452  
2787.461111  
2797.89806  
2787.711655  
2783.748924  
2775.101471  
2786.909306  
2778.117891  
2779.078674  
2777.741414  
2775.177022  
2786.558723  
2780.683592  
2787.172259  
2782.746226  
2771.957981  
2777.206191  
2787.435422  
2783.967503  
2779.670565  
2780.651809  
2783.175857  
2795.627788  
2788.808151  
2778.666023  
2778.676798  
2778.37409  
2782.805254  
2776.714732  
2771.86583  
2766.43639  
2772.833227  
2779.982514  
2778.783867  
2777.549769  
2774.293458  
2775.126125  
2786.006187  
2784.644512  
2787.706239  
2778.213557  
2788.423346  
2789.983499  
2784.235663  
2776.719499  
2780.634291  
2780.209241  
2786.298677  
2780.781804  
2776.271683  
2781.131834  
2773.847889  
2779.914326  
2776.341942  
2774.286923  
2776.404743  
2776.521927  
2775.803463  
2779.072321  
2778.359823  
2775.729012  
2780.788707  
2782.417962  
2788.208622  
2785.497272  
2785.814177  
2783.139271  
2785.868805  
2784.172447  
2777.98391  
2779.017032  
2764.464889  
2783.915499  
2770.850968  
2771.913454  
2779.771484  
2781.283125  
2779.883461  
2776.758048  
2782.439619  
