2996.731339  
2989.751438  
2983.626812  
2977.302295  
2976.085369  
2972.635805  
2980.99285  
2974.828753  
2974.926955  
2968.495808  
2972.762903  
2970.513991  
2979.845247  
2976.272058  
2973.314856  
2979.994787  
2982.310922  
2984.948128  
2981.535526  
2981.098526  
2980.654351  
2987.906863  
2979.377184  
2977.606736  
2971.29531  
2971.103677  
2970.572966  
2967.180087  
2969.663419  
2971.488488  
2972.395269  
2970.19011  
2970.179559  
2970.533431  
2977.56036  
2981.264191  
2971.764328  
2981.08657  
2977.366711  
2976.596497  
2974.677244  
2972.878535  
2964.92517  
2970.265887  
2977.963091  
2973.673246  
2978.698158  
2975.678973  
2975.589193  
2976.639511  
2976.000734  
2973.091493  
2978.012305  
2975.569941  
2972.71643  
2973.814153  
2976.197097  
2981.535244  
2974.367211  
2973.125693  
2978.154691  
2982.175468  
2978.939558  
2978.902851  
2975.196884  
2979.052618  
2977.047562  
2979.762974  
2979.741457  
2977.50154  
2972.437346  
2978.905829  
2979.643848  
2977.989101  
2977.205559  
2980.282895  
2979.121504  
2977.953606  
2977.794952  
2978.995154  
2976.011829  
2975.665953  
2972.468672  
2974.481025  
2973.463119  
2982.231988  
2975.047872  
2973.161636  
2969.931501  
2974.253586  
2979.601611  
2979.801434  
2974.783139  
2979.14701  
2975.65849  
2979.144407  
2982.012819  
2974.010897  
2975.80073  
2976.312771  
2978.612794  
2975.818938  
2970.291  
2971.951682  
2979.391207  
2972.1705  
2971.633588  
2976.441349  
2980.770467  
2978.85333  
2977.085419  
2979.425552  
2981.316654  
2981.413951  
2980.606085  
2988.41959  
2986.74396  
2988.359309  
2981.389158  
2977.28605  
2978.491457  
2979.604985  
2977.220403  
2978.088817  
2971.274902  
2971.609167  
2975.087811  
2974.423079  
2976.266927  
2983.722496  
2976.807481  
2977.12675  
2982.29047  
2976.123007  
2982.137481  
2968.241046  
2983.788853  
2976.218873  
2974.056518  
2979.195746  
2971.77721  
2973.486226  
2976.336702  
2981.36558  
2979.50162  
2984.376876  
2973.341285  
2983.007263  
2980.731544  
2980.881786  
2979.326686  
2979.363239  
2977.145155  
2979.978661  
2975.652431  
2984.208946  
2976.529989  
2981.211751  
2975.575387  
2980.110647  
2985.318357  
2976.604206  
2971.236362  
2977.147729  
2982.868353  
2977.566165  
2975.407199  
2971.645027  
2978.447535  
2981.629212  
2981.321738  
2978.071961  
2969.931888  
2984.42566  
2985.071409  
2991.285331  
2986.263635  
2983.823962  
2985.528027  
2984.143123  
2977.307883  
2979.298625  
2972.425727  
2977.239386  
2971.293793  
2975.554767  
2972.626399  
2972.348015  
2975.51073  
2979.26345  
2985.751603  
2975.356162  
2979.925185  
2984.400264  
2983.422012  
2984.794946  
2978.977138  
2974.998726  
2975.480185  
2974.190429  
2973.705051  
2977.218355  
2976.831328  
2972.330058  
2968.487425  
2973.595553  
2977.923048  
2976.753617  
2975.013636  
2976.623591  
2981.398879  
2980.083203  
2978.835218  
2978.609321  
2977.72133  
2983.178301  
2977.235007  
2971.315846  
2971.060222  
2972.514771  
2975.342731  
2976.833799  
2970.141498  
2967.423863  
2971.885106  
2976.786383  
2979.390649  
2981.378774  
2979.748695  
2983.154992  
2979.160439  
2980.815397  
2989.481218  
2988.221585  
2989.085803  
2983.810849  
2987.398983  
2988.658162  
2994.567543  
2989.988742  
2982.333901  
2986.984443  
2986.546133  
2980.885895  
2975.124668  
2976.753409  
2983.888543  
2982.320547  
2981.544503  
2985.71528  
2981.278166  
2987.038993  
2975.160733  
2980.813745  
2978.064743  
2975.520257  
2980.894315  
2981.157064  
2974.797351  
2977.741312  
2980.198435  
2974.7681  
2984.074248  
2983.182265  
2977.157608  
2987.937191  
2984.436973  
2974.509211  
2977.688054  
2976.07168  
2975.991114  
2965.64707  
2962.989167  
2969.481922  
2961.034732  
2976.601876  
2971.842282  
2984.23844  
2974.306558  
2974.643521  
2973.329011  
2977.061211  
2975.910909  
2975.842211  
2966.599638  
2966.379013  
2968.409691  
2968.122608  
2976.305111  
2967.757112  
2966.292757  
2976.292157  
2981.421562  
2976.913544  
2979.818642  
2980.408734  
2979.012902  
2986.025619  
2972.139222  
2974.944499  
2978.606959  
2977.945844  
2977.084897  
2979.291555  
2985.244576  
2978.64703  
2980.221286  
2977.379722  
2980.242937  
2980.562848  
2977.025632  
2978.035404  
2982.985637  
2981.479146  
2978.428377  
2974.641576  
2974.60165  
2981.855618  
2972.424362  
2973.422145  
2978.381001  
2974.130252  
2965.751827  
2977.649938  
2974.746855  
2975.484726  
2977.816502  
2981.714749  
2974.534365  
2975.093845  
2975.329869  
2975.080716  
2977.414834  
2975.484044  
2978.342643  
2973.169062  
2975.281666  
2976.939042  
2985.351706  
2975.413937  
2976.381305  
2986.812674  
2987.241029  
2987.014659  
2982.230294  
2984.204904  
2981.620813  
2981.625847  
2980.100889  
2976.723454  
2980.211557  
2980.315696  
2980.991361  
2983.715339  
2976.851519  
2972.855268  
2971.503287  
2973.853729  
2976.210459  
2975.473886  
2979.116623  
2978.483093  
2978.599188  
2977.40578  
2982.523738  
2975.771554  
2977.755096  
2971.727241  
2976.022045  
2978.242335  
2967.65954  
2973.819866  
2972.710642  
2976.78049  
2971.007703  
2971.791904  
2967.086247  
2981.173359  
2978.916703  
2984.636121  
2982.201678  
2981.936757  
2973.665229  
2977.319329  
2978.648859  
2974.265369  
2970.79872  
2972.563239  
2971.446916  
2967.424061  
2974.314693  
2972.143423  
2964.291141  
2973.57313  
2973.86072  
2975.693568  
2974.683348  
2981.432328  
2975.107185  
2976.777941  
2979.3051  
2974.695918  
2975.163521  
2981.577958  
2971.832832  
2978.281579  
2980.226283  
2982.164459  
2976.362342  
2974.423868  
2978.943711  
2981.283981  
2973.802392  
2976.889919  
2967.281392  
2978.295168  
2982.19687  
2980.556248  
2983.81921  
2986.096818  
2985.709478  
2982.68235  
2986.233972  
2980.442055  
2980.020527  
2976.052182  
2972.560973  
2973.201295  
2971.388264  
2978.141276  
2979.320078  
2977.331863  
2978.533232  
2987.769866  
2983.923577  
2985.807382  
2981.304696  
2984.814206  
2983.120952  
2973.500897  
2981.777601  
2981.475193  
2990.082905  
2976.3009  
2985.004311  
2977.615027  
2983.804333  
2981.221206  
2978.703275  
2980.151426  
2982.750713  
2975.674741  
2986.67343  
2981.064265  
2977.012117  
2981.213292  
2977.806122  
2975.078069  
2979.858915  
2973.654256  
2968.492938  
2974.62469  
2973.395085  
2973.551068  
2971.089167  
2972.946018  
2972.247964  
2980.575801  
2979.325842  
2978.668836  
2976.098101  
2971.010903  
2965.404437  
2979.717721  
2976.471388  
2978.030196  
2978.678385  
2975.437489  
2979.054714  
2974.056455  
2980.2663  
2983.516105  
2984.006184  
2976.359235  
2976.026862  
2979.648251  
2984.411444  
2980.77869  
2980.053251  
2978.596093  
2981.246533  
2976.788907  
2981.341219  
2980.252447  
2977.966424  
2977.734145  
2974.455867  
2974.649997  
2977.580579  
2971.600642  
2974.607334  
2978.449211  
2979.192811  
2972.794646  
2979.085959  
2979.76449  
2980.79157  
2978.703658  
2982.814142  
2980.777931  
2978.190042  
2981.513284  
2975.768394  
2988.202924  
2981.30292  
2979.474981  
2979.68057  
2980.146615  
2982.275084  
2980.38746  
2974.914406  
2982.021428  
2980.658704  
2979.268444  
2983.27734  
2985.773745  
2986.097595  
2981.625216  
2987.534078  
2983.32699  
2982.178492  
2984.893309  
2985.466149  
2989.936588  
2977.938379  
2983.077221  
2980.062649  
2980.365537  
2983.765307  
2976.200862  
2979.266928  
2983.32239  
2988.33075  
2978.897423  
2977.433759  
2980.09485  
2978.353871  
2975.73527  
2973.45499  
2970.152214  
2978.255402  
2968.014639  
2972.160806  
2980.093378  
2968.794325  
2973.429026  
2978.010816  
2979.372101  
2979.21101  
2981.168169  
2979.842338  
2978.921989  
2978.154024  
2975.864767  
2976.591816  
2978.694161  
2976.478339  
2976.117966  
2978.138332  
2974.084972  
2969.951863  
2978.375872  
2985.183253  
2973.579509  
2974.465714  
2973.164875  
2973.017822  
2975.420657  
2978.546118  
2975.471834  
2978.687113  
2982.721912  
2982.136566  
2985.427881  
2987.843173  
2982.383664  
2984.519986  
2984.164801  
2985.841939  
2973.106441  
2983.854821  
2979.462615  
2978.978596  
2979.463573  
2976.228717  
2979.129979  
2980.190763  
2979.010022  
2979.413433  
2980.798872  
