2915.719056  
2908.324892  
2902.082656  
2902.143986  
2906.211973  
2903.150449  
2903.538595  
2908.86119  
2904.722146  
2902.831203  
2903.25168  
2904.89869  
2900.667131  
2908.531164  
2905.341469  
2903.413466  
2908.979304  
2900.369145  
2901.621667  
2897.302041  
2900.597381  
2899.048716  
2896.082402  
2902.669897  
2897.143373  
2896.414719  
2902.032796  
2897.548839  
2904.327701  
2903.027129  
2899.136939  
2894.323812  
2896.192112  
2900.493006  
2901.183445  
2901.985851  
2900.03262  
2899.74817  
2902.992162  
2897.793642  
2901.2877  
2898.041243  
2896.893149  
2899.030992  
2900.188528  
2900.436839  
2898.465657  
2899.890499  
2898.539713  
2897.632993  
2898.971429  
2904.015083  
2899.628612  
2899.652285  
2904.734381  
2897.883392  
2898.035275  
2897.83973  
2902.642096  
2901.673053  
2900.341062  
2908.8513  
2901.780944  
2906.083024  
2905.17079  
2899.504691  
2905.111095  
2912.448932  
2903.350479  
2901.084212  
2902.067344  
2901.194207  
2897.184738  
2901.470163  
2904.007257  
2904.7381  
2907.127305  
2899.41779  
2905.979457  
2907.088503  
2904.991095  
2895.011944  
2904.818649  
2901.111991  
2896.330292  
2900.254471  
2901.819964  
2897.763012  
2899.719989  
2905.30013  
2900.75703  
2902.484174  
2902.585698  
2909.753478  
2901.974493  
2906.798609  
2910.36593  
2904.966051  
2900.352847  
2906.836255  
2907.721841  
2901.532552  
2897.816052  
2904.526594  
2904.563428  
2902.912416  
2902.622959  
2904.751886  
2897.210083  
2900.259737  
2906.136011  
2909.259465  
2905.668361  
2910.052194  
2911.633144  
2908.569553  
2910.951121  
2905.471972  
2908.040937  
2900.980546  
2899.662497  
2902.951035  
2893.70156  
2896.666894  
2901.364844  
2893.975032  
2902.736151  
2907.20381  
2901.255633  
2897.854507  
2896.40102  
2894.728826  
2897.250445  
2901.258141  
2898.659426  
2902.878227  
2905.08241  
2899.351272  
2898.856219  
2901.388253  
2896.588296  
2899.729401  
2896.178315  
2901.038629  
2899.911986  
2900.16298  
2893.4735  
2901.159717  
2900.662284  
2900.932366  
2901.831395  
2894.467113  
2898.079139  
2898.761928  
2898.602234  
2899.190688  
2902.888825  
2895.146716  
2896.347488  
2906.844526  
2901.512776  
2893.640558  
2900.581258  
2895.507002  
2893.496938  
2898.507522  
2900.742495  
2894.5194  
2900.396483  
2897.178424  
2899.585635  
2902.508777  
2901.551164  
2899.797262  
2904.247759  
2902.03477  
2899.512076  
2901.218246  
2891.398172  
2901.77553  
2896.900215  
2890.23848  
2903.036316  
2901.131487  
2904.293209  
2895.632427  
2895.607992  
2900.867793  
2902.551982  
2904.501527  
2900.241209  
2901.585585  
2901.901949  
2902.473228  
2903.487775  
2899.49454  
2899.107093  
2899.794663  
2897.281234  
2900.205562  
2901.541339  
2893.437739  
2891.165242  
2896.235792  
2900.194115  
2904.12758  
2900.08878  
2906.547231  
2906.361954  
2901.507972  
2903.310209  
2909.986342  
2905.1422  
2904.266437  
2909.614883  
2897.049762  
2902.987596  
2898.481572  
2897.270984  
2896.615849  
2900.470284  
2902.374648  
2902.430425  
2896.608751  
2904.231485  
2901.752519  
2902.515559  
2904.098919  
2899.325762  
2899.885093  
2899.828626  
2904.044868  
2903.27027  
2907.852724  
2896.434493  
2902.664152  
2902.164222  
2907.227906  
2904.619095  
2906.36971  
2900.585227  
2905.66164  
2901.803112  
2902.348741  
2908.659458  
2910.592653  
2908.350748  
2904.862875  
2900.152427  
2907.626075  
2898.48722  
2902.536862  
2902.465132  
2904.764433  
2901.725954  
2904.933334  
2905.585859  
2902.585986  
2899.819251  
2903.47715  
2898.090844  
2899.926812  
2894.624249  
2902.433986  
2900.284848  
2893.096109  
2892.369109  
2902.49941  
2896.471875  
2902.878508  
2900.381443  
2904.444221  
2900.343982  
2895.183141  
2890.682837  
2890.041133  
2891.912251  
2896.386199  
2898.56571  
2895.640116  
2900.804719  
2890.356415  
2891.316571  
2902.381741  
2899.206596  
2898.403343  
2891.978687  
2895.516117  
2894.127256  
2896.481716  
2896.260709  
2889.180679  
2896.280968  
2898.792955  
2895.881123  
2901.680781  
2896.423269  
2903.415168  
2907.736215  
2895.677268  
2903.616508  
2893.10779  
2900.725602  
2904.366781  
2906.68382  
2898.311717  
2901.247702  
2895.828897  
2902.45055  
2897.406949  
2900.481492  
2897.663832  
2898.019924  
2902.01306  
2901.041662  
2893.866041  
2903.77502  
2898.283398  
2896.846004  
2900.104511  
2895.21656  
2896.117632  
2893.090731  
2894.036738  
2902.041894  
2896.878234  
2899.145794  
2892.373102  
2903.229054  
2896.737132  
2900.421214  
2896.78614  
2901.666053  
2897.762651  
2902.434182  
2898.005501  
2902.745473  
2900.305447  
2906.049963  
2899.325465  
2900.9813  
2900.753373  
2905.043809  
2900.448568  
2903.629012  
2892.371257  
2899.858178  
2903.344764  
2901.423241  
2898.640856  
2899.601287  
2896.74809  
2903.019911  
2899.220813  
2903.170468  
2895.503399  
2898.607398  
2895.636638  
2904.010334  
2902.778817  
2899.296367  
2895.111072  
2899.659003  
2899.283026  
2906.049326  
2896.84029  
2899.054325  
2899.074384  
2904.854907  
2901.090898  
2900.614785  
2899.352118  
2898.64599  
2900.068346  
2909.081666  
2900.060989  
2905.017132  
2902.566795  
2899.688161  
2911.649292  
2905.006199  
2902.641183  
2902.48803  
2895.648406  
2902.127536  
2904.359911  
2896.793914  
2895.710033  
2902.214312  
2897.705495  
2893.726071  
2899.365826  
2901.584925  
2899.472945  
2898.940378  
2896.934535  
2908.344774  
2903.245108  
2904.004445  
2899.804511  
2898.149036  
2896.590307  
2903.521586  
2902.486998  
2907.267788  
2905.33592  
2898.040944  
2902.491727  
2897.590361  
2895.377346  
2891.733348  
2896.236691  
2903.259534  
2895.872749  
2905.880368  
2907.073576  
2907.122231  
2908.045948  
2910.26788  
2908.550622  
2907.006792  
2902.182517  
2905.234994  
2905.427775  
2895.472941  
2896.472735  
2901.807624  
2901.038068  
2907.751831  
2900.562751  
2898.583801  
2902.491238  
2902.627088  
2904.046839  
2907.051126  
2907.856043  
2898.268466  
2907.579134  
2897.217663  
2897.035956  
2892.059486  
2899.303105  
2901.955659  
2899.781116  
2894.588289  
2894.929064  
2893.953755  
2905.13481  
2895.108616  
2903.210304  
2897.665004  
2898.045677  
2899.756104  
2899.992534  
2896.654632  
2901.587219  
2901.526034  
2905.886192  
2905.087924  
2899.992429  
2896.255447  
2901.637275  
2899.897852  
2902.466789  
2899.058442  
2894.554108  
2895.743333  
2903.037402  
2901.664678  
2907.642664  
2904.099371  
2897.938243  
2902.943162  
2896.151306  
2899.720563  
2912.608882  
2907.462018  
2906.175869  
2907.014076  
2909.796321  
2903.014995  
2907.313461  
2900.585034  
2898.098718  
2896.156077  
2907.568068  
2901.98766  
2907.372777  
2903.03039  
2901.839287  
2898.036588  
2907.08375  
2898.993111  
2902.267478  
2902.21132  
2899.816687  
2896.675707  
2904.060861  
2904.213755  
2898.903395  
2903.85177  
2902.469789  
2895.409269  
2898.427031  
2905.204687  
2900.699983  
2900.576049  
2908.84125  
2902.68996  
2903.584369  
2902.566556  
2899.948483  
2906.369335  
2907.448188  
2900.983452  
2903.833184  
2898.128674  
2906.730033  
2911.224015  
2905.649636  
2899.107179  
2903.590577  
2906.25399  
2907.148567  
2903.222911  
2906.012418  
2902.319517  
2908.846758  
2910.219323  
2910.918843  
2898.507725  
2900.048877  
2902.739021  
2899.627136  
2900.534235  
2898.870801  
2895.958505  
2906.972117  
2909.912175  
2900.832699  
2907.322542  
2894.500263  
2908.607707  
2901.831626  
2906.330606  
2895.331583  
2898.983686  
2905.5822  
2896.576235  
2901.546933  
2903.406724  
2902.169561  
2896.283284  
2895.685601  
2897.512242  
2893.822628  
2904.315345  
2903.630353  
2898.762753  
2901.091643  
2900.089663  
2902.979232  
2899.779224  
2896.950108  
2899.230099  
2900.961368  
2898.092725  
2897.483953  
2906.364564  
2904.592697  
2897.522827  
2900.617461  
2904.137053  
2897.704095  
2897.602002  
2899.626245  
2901.522607  
2900.41903  
2910.313684  
2906.028004  
2902.603411  
2905.455882  
2911.474319  
2911.385928  
2910.978349  
2903.914309  
2908.606012  
2905.773542  
2903.856637  
2903.155913  
2899.795334  
2897.389431  
2902.466388  
2903.737606  
2905.908068  
2902.821054  
2910.535146  
2899.49363  
2901.698682  
2901.525978  
