1.574850301  
1.271980625  
0.3885139034  
0.09125643471  
0.3106200461  
0.3675812665  
0.01953449392  
-0.04701800851  
-0.1963119358  
-0.09280095945  
-0.1068989087  
0.1249276083  
0.6385867416  
0.5242764175  
0.7120113761  
0.4094654898  
0.5174438891  
0.5158856995  
0.8271063437  
0.5608598284  
-0.0655154003  
-0.2294920139  
-0.06393095196  
0.1052196445  
-0.325127193  
-0.1591260991  
-0.4531250103  
-0.2216872034  
-0.3566329145  
-0.08642465963  
-0.3629794768  
-0.1655860076  
-0.3618933231  
0.04686227404  
-0.005696305673  
0.08289944146  
0.02353184365  
0.2350113894  
0.345628484  
-0.01216980548  
0.3139083398  
0.5598158601  
0.2777459295  
0.5667853311  
0.1296897246  
0.1409772005  
0.1918958616  
0.08212904282  
0.3321188891  
-0.1104850344  
-0.1069291169  
0.1188610737  
0.2833006077  
0.4984754423  
0.1480945799  
0.4755388811  
0.6222666078  
0.8618709696  
0.6428097809  
0.3350521362  
0.374419212  
0.004804441332  
0.04260372655  
0.1399536471  
0.1884180848  
0.1482111193  
-0.1086361186  
0.5042361526  
0.3193673715  
0.5225283202  
0.1872888864  
-0.05729089734  
0.2777186119  
0.09268812486  
0.5483245639  
0.5103792263  
0.6123739596  
0.6149661772  
0.1438383497  
0.2177766405  
0.8282926588  
0.6082632682  
0.4258730903  
0.2969059546  
-0.05960294897  
0.2456814614  
0.2679472705  
0.4021184864  
0.07976146753  
0.2201360442  
0.3607953743  
0.44715115  
0.06105947759  
0.1786589897  
0.658870615  
0.4367331892  
0.2549288188  
-0.008868836938  
0.1683455239  
0.2061218418  
-0.1801371058  
-0.4159356316  
0.5959498307  
0.4591309229  
-0.006131015413  
0.3608131213  
-0.08053301766  
0.2515278538  
-0.1338013554  
0.2972917235  
0.05247781422  
0.4320833342  
0.3185123382  
0.07417434673  
-0.3038293789  
-0.203778324  
-0.09553199457  
0.3167090959  
-0.03530904013  
-0.135308451  
0.3528947371  
0.4089977332  
0.4337752995  
0.276771368  
0.4398564014  
0.2075880911  
-0.2357556659  
0.237992153  
0.2207079996  
-0.04584074591  
-0.1024228666  
-0.2188666978  
0.1725844859  
-0.09460250197  
0.0689621337  
-0.4668082845  
-0.07403584926  
-0.1597786248  
0.2944017254  
0.4892548873  
0.6588087675  
0.05113976619  
0.6587312826  
0.07676060403  
-0.06739659948  
-0.2303698356  
-0.02499337719  
-0.3796970795  
-0.4726787457  
-0.03221004371  
0.2900186299  
0.5941762703  
0.04382030766  
-0.1558446325  
-0.1386061082  
-0.4607112359  
-0.4281074048  
-0.1220991347  
-0.6214031984  
-0.636919174  
-0.4084457128  
-0.2335179524  
-0.1749124049  
-0.2325744708  
0.1723654937  
0.3355641123  
0.2006178856  
0.3945970231  
0.6504909096  
0.4065781713  
0.1921957318  
0.5481633089  
0.2075646279  
-0.1171001691  
-0.3361554814  
-0.4500626076  
-0.1169000423  
-0.3725719831  
-0.2936242461  
-0.3764444496  
0.06241770579  
-0.1761361644  
-0.3293974072  
-0.04774563563  
0.4974477603  
0.2929429468  
0.1810627864  
0.02981168564  
-0.1648914881  
-0.1511763669  
0.2393837625  
-0.02182085495  
-0.1172884941  
-0.1574640253  
-0.08944049885  
0.3937495922  
0.1371106953  
-0.2282258018  
-0.1423369151  
-0.003928224092  
0.3302857072  
0.07654828011  
-0.04042774337  
-0.2452807996  
-0.2435418506  
-0.1600318233  
0.4723295161  
0.2731524033  
0.04896191319  
-0.1124978781  
-0.2780147598  
-0.1416181437  
0.2489119136  
-0.2062840291  
-0.003254925864  
-0.1008229947  
0.3882333436  
0.08041253466  
0.1633706082  
0.4608867343  
-0.2939065863  
-0.1497016631  
0.3211058867  
0.2167759314  
0.07899304757  
0.191686492  
0.2164351011  
0.512812278  
0.6263788177  
0.3264579057  
0.146139733  
-0.1164662058  
-0.3650204434  
-0.4316993549  
-0.5016268117  
-0.3886646685  
-0.538552818  
-0.868605512  
-0.6351349496  
-0.2562648193  
-0.7390053538  
-0.2409736119  
-0.001450620039  
-0.1311618003  
-0.07026539369  
-0.3361272458  
-0.03341517191  
-0.3598000604  
-0.8902783805  
-0.2710873722  
-0.702098662  
-0.3035996218  
-0.3916462958  
0.06812687194  
-0.4364284353  
-0.2872059298  
-0.6517272188  
-0.5243188707  
-0.2566709217  
-0.4547382171  
-0.3852337153  
0.07207033048  
-0.4921287451  
-0.4014620723  
-0.294374481  
0.249901664  
-0.07743928769  
0.0462715155  
-0.1009931631  
0.05257381128  
0.03244620275  
-0.1077521736  
-0.1309754957  
-0.388618303  
-0.7827742413  
-0.3137149913  
-0.6441265941  
0.1646829366  
-0.2946441137  
-0.6575381496  
-0.4250451285  
-0.5533488374  
-0.2198710133  
-0.3583605407  
-0.3587757715  
-0.5341457771  
-0.2277951712  
-0.245524807  
-0.4946211734  
-0.2954069468  
-0.6571874341  
0.4087498976  
0.1553331236  
0.1934993739  
-0.3617597152  
0.1686074818  
-0.0049827226  
-0.05398777722  
-0.3181574198  
0.003074035165  
-0.6791761998  
-0.2166311317  
-0.01965456923  
-0.330925712  
-0.05973676157  
-0.2160771334  
-0.04506086719  
0.07380304076  
0.246618546  
0.4977642697  
0.03300254797  
-0.3593654146  
0.1320504928  
0.1481356582  
-0.4628258362  
0.03135490853  
-0.3401747672  
-0.5395454934  
-0.08674661879  
0.03158598181  
-0.09954547983  
-0.5539569577  
0.0123519301  
-0.2438666225  
-0.2904417069  
-0.1385966426  
-0.4150918183  
-0.4741524462  
-0.1547066357  
0.4004954197  
0.04402981649  
-0.05036594033  
-0.2715108904  
0.1313643864  
-0.07078126392  
-0.1823785788  
-0.2699470826  
-0.3242059652  
0.009041150006  
0.1155771673  
-0.03806781782  
-0.2431963956  
-0.1584450298  
-0.1676556477  
0.2362942909  
-0.01247794611  
-0.03159943939  
-0.1143393057  
0.03592362345  
0.5213006743  
0.193359542  
0.1788423603  
0.2565519323  
-0.1756088384  
0.4029387202  
0.3641116507  
-0.1491396503  
-0.5750705581  
0.3574070828  
-0.01647785616  
0.2627261121  
0.3208445362  
0.1940007106  
0.1879423734  
0.6636503393  
0.2394029566  
0.4246265587  
0.1241940178  
0.3065658362  
0.2174661487  
0.3560408759  
-0.163592793  
-0.3839074145  
-0.235163097  
0.1615332766  
-0.2078795933  
0.00949034509  
-0.03829938272  
0.2741098041  
0.02477582479  
0.06134945484  
-0.09501633668  
-0.228808252  
0.04019290353  
0.05078259937  
0.2117184921  
-0.006986505974  
-0.3516484141  
-0.3473583925  
-0.3812774078  
-0.1972784752  
-0.438737981  
-0.2647986236  
-0.05245026805  
-0.2727013264  
-0.1629490786  
-0.4741536002  
-0.2737091466  
0.009167524866  
0.4093216886  
0.2992141686  
0.06927597384  
0.05084688359  
0.04504431191  
-0.3218639074  
-0.09707020155  
-0.02359564765  
-0.2420182015  
-0.01244684026  
0.4080715232  
0.2544073152  
0.2216340611  
-0.4799131683  
-0.458345985  
-0.4112726059  
-0.04308428101  
0.03533241154  
-0.2580747554  
-0.3664058422  
0.1255972236  
-0.07860156635  
-0.2947353848  
0.1878577565  
0.2129309847  
-0.2428170542  
-0.4326618804  
-0.4464724949  
-0.5422568825  
0.2007612372  
-0.3748090186  
-0.5487732311  
0.2369696353  
0.8128580075  
0.4159826491  
1.12694376  
0.8760845224  
0.717890986  
-0.1466666063  
-0.009408291346  
-0.2649289175  
-0.4968414925  
-0.4718259097  
-0.6778166124  
-0.3683335849  
-0.1061989325  
-0.1039384926  
0.08928576842  
-0.02440786517  
0.2133186068  
0.07930061959  
0.276151804  
0.1203387595  
-0.1482890554  
-0.1430918877  
-0.265108434  
-0.1028747368  
0.29182368  
0.03237438902  
0.3215773893  
0.1133052835  
0.07684200281  
-0.1050282732  
0.4095405149  
0.3970421172  
0.4385350247  
-0.04335820093  
-0.2155380148  
0.3217901587  
0.4633999445  
0.2148406978  
0.679801997  
0.8574681505  
0.1792909928  
0.5019376502  
0.5622047732  
0.4971112356  
0.002931522011  
-0.0555917076  
0.04167752774  
-0.1023303311  
0.094857806  
0.3173882449  
-0.01045150661  
-0.5998166686  
-0.05605568296  
0.2546569527  
0.3438856383  
0.1758128605  
0.3306340399  
0.3742706467  
0.3838029351  
0.4225655027  
0.453468497  
0.002652139936  
-0.2885551789  
0.1268633324  
0.0893108372  
0.1013535712  
-0.2942388761  
-0.2074086021  
-0.3006293187  
-0.1452734255  
-0.5488535656  
-0.7191993946  
-1.147460884  
-0.3653704472  
-0.4417613789  
-0.1105800748  
-0.4104320309  
-0.1848766216  
-0.07743003302  
-0.628584948  
-0.4635948608  
-0.8976878934  
-0.5628144302  
-0.5439881176  
-0.1438923523  
-0.4223813344  
0.1099168619  
-0.340229681  
-0.4453395418  
0.4170062563  
0.5795851767  
-0.03197569077  
0.1337758878  
-0.1171835301  
-0.2525062282  
-0.46534594  
-0.8154214558  
-0.3990592473  
-0.6359603927  
-0.1167217221  
-0.5222869032  
-0.4605580832  
0.0841317379  
-0.3181732116  
-0.110223391  
-0.04938037455  
0.01115115287  
0.187061717  
0.04203050041  
-0.2417619923  
0.08142318745  
0.2774778395  
0.352202231  
0.3452968258  
-0.0416836907  
-0.0273315883  
0.277821103  
-0.1248044382  
-0.1790812701  
-0.6163997008  
-0.1742180235  
0.2211452748  
-0.3995243455  
0.1282681125  
-0.4519467485  
-0.2986346305  
-0.1524048788  
-0.1416582448  
-0.0762237487  
-0.610134197  
-0.3077493107  
0.2745493609  
0.06348780315  
0.1915484794  
-0.3467298771  
0.06995842211  
0.305596576  
0.8000825906  
0.3159747131  
0.3895342057  
-0.516799626  
0.1113701907  
0.5823605446  
0.1042308305  
-0.2262705048  
0.1405714524  
0.01628038961  
0.2350869864  
-0.07811898964  
-0.6631884148  
0.1264240269  
-0.1977229111  
0.1432432158  
-0.05214415082  
-0.06487592327  
0.07448901568  
-0.3890717555  
-0.5661706893  
-0.449995374  
-0.6261042797  
-0.2878020579  
0.03194183475  
0.2933610403  
0.5233908606  
0.5645548198  
0.7029373902  
0.1459633331  
0.09104450734  
1.47463225  
0.9287359639  
0.4432582602  
-0.02742854872  
-0.1146441398  
-0.3898307983  
0.2005993774  
-0.1915425974  
-0.2352666327  
-0.7105511032  
-0.3764561616  
-0.5833460497  
0.1386919591  
-0.1253740257  
-0.3367122046  
0.1641350598  
0.3625280937  
0.5542728323  
0.2651515111  
0.2535064829  
0.2019386897  
0.7794842687  
0.0978582768  
-0.005990908676  
-0.5026244747  
-0.5472047143  
-0.5421748972  
-0.8207886734  
-0.6223433981  
-0.494325572  
-0.3953075751  
-0.5591521068  
-0.5969776742  
-0.5826988007  
-0.02829580338  
0.2404072385  
-0.4246096421  
0.2445153848  
-0.0458756791  
-0.1025211433  
-0.2558957875  
-0.3842041387  
-0.9788932137  
-0.5665267115  
0.006817606541  
-0.2712709212  
0.0857857986  
-0.1485688164  
-0.1228786845  
-0.05919778603  
-0.1499201593  
-0.3772004535  
0.03431717811  
-0.1795741309  
-0.4005516026  
-0.3204751915  
-0.1309493527  
0.2766926022  
-0.2426422195  
-0.3877925239  
0.04222576167  
0.3469108481  
0.1350925897  
0.1181829714  
-0.1686423864  
0.111529898  
-0.05915643502  
0.1344089017  
0.119709078  
-0.02302234852  
-0.458197363  
0.07442674485  
0.1337417022  
0.002232584168  
-0.06255999389  
0.1165698538  
0.0665919125  
-0.03088803691  
-0.002150538732  
0.09606686861  
-0.1500224899  
-0.1805959841  
-0.3786102454  
-0.2282746178  
-0.3198882884  
0.3344803105  
-0.1951568362  
-0.350879273  
-0.6242533872  
-0.2738056991  
0.1363705461  
0.1461220052  
-0.265889906  
0.08651743154  
-0.1383101918  
0.09016620499  
0.3022660391  
-0.3180015495  
-0.1677231644  
-0.1153193488  
0.06164481788  
-0.1315685992  
-0.5964391772  
-0.4490279238  
0.1701345151  
-0.4235134337  
-0.4312838316  
-0.09878990311  
0.2340800141  
0.0893486886  
-0.04782020696  
0.104688059  
0.2556017595  
0.2849287897  
0.2042714443  
0.791325071  
0.7233919348  
0.7986205659  
0.2415045995  
-0.0227546096  
0.0985721327  
0.1916660813  
-0.03206706753  
0.003907809306  
-0.5198770335  
-0.4643676584  
-0.2206907883  
-0.2797687068  
-0.141515109  
0.4504511251  
-0.07988382618  
-0.07077422212  
0.3374750823  
-0.09446638015  
0.3378210638  
-0.7028251003  
0.4409207707  
-0.1264018709  
-0.318048663  
0.07476501706  
-0.4809813778  
-0.3359229371  
-0.1174637811  
0.2784973896  
0.1476778139  
0.5025895535  
-0.35137613  
0.3676343005  
0.2156855506  
0.2436301059  
0.09434563712  
0.1073540278  
-0.03662044435  
0.1840557862  
-0.1716399156  
0.4819186007  
-0.1256511021  
0.2494043924  
-0.1838441397  
0.1943237704  
0.5662534297  
-0.1055321237  
-0.5193899089  
-0.02838588729  
0.4001583374  
-0.003074951796  
-0.182831305  
-0.4708049262  
0.06777235114  
0.2744726393  
0.2530614006  
0.006468401285  
-0.593384405  
0.4987518027  
0.543661597  
1.020456455  
0.6707961293  
0.5187121046  
0.592489366  
0.5022227516  
-0.04034736184  
0.1409722093  
-0.4111185677  
-0.07078082746  
-0.500658593  
-0.1692466946  
-0.4501611558  
-0.4154281632  
-0.1660990976  
0.08566002186  
0.5875801038  
-0.2169411763  
0.1992254268  
0.492381624  
0.4438761935  
0.5540167405  
0.08243696223  
-0.2150002115  
-0.1836220696  
-0.2759347483  
-0.3540610036  
-0.07636858126  
-0.05458024631  
-0.445188998  
-0.7248622012  
-0.3638116127  
-0.03637012415  
-0.1124319737  
-0.2424320615  
-0.09277402281  
0.2579481661  
0.169199324  
0.06686044629  
0.03662548856  
-0.006988151947  
0.4359750936  
-0.06402550328  
-0.5174247361  
-0.5252779481  
-0.3930598088  
-0.2073838187  
-0.07841357841  
-0.5922804678  
-0.7608124189  
-0.4748103162  
-0.08977214667  
0.1314116048  
0.2773644126  
0.1593648977  
0.421254673  
0.1364627044  
0.2389275782  
0.9063419697  
0.8152271624  
0.8560754676  
0.4477113187  
0.7319822836  
0.8341723861  
1.271758164  
0.8964074073  
0.331022413  
0.6736808233  
0.6812337801  
0.2071543193  
-0.2352657795  
-0.07349887231  
0.4623620228  
0.3196267698  
0.2298828089  
0.6018161409  
0.2502464581  
0.7210635132  
-0.2296698968  
0.2054432212  
0.0005455821922  
-0.2065244816  
0.2248534918  
0.2274026111  
-0.2737592926  
-0.02139525706  
0.1602068242  
-0.2709977196  
0.4463559558  
0.4095736074  
-0.08241991965  
0.763550087  
0.4900167157  
-0.3156566316  
-0.03660538326  
-0.1700144051  
-0.1253429112  
-0.9514860057  
-1.188815722  
-0.6777745912  
-1.304464305  
-0.1001607602  
-0.5193594272  
0.4370682487  
-0.2847083195  
-0.2723505753  
-0.3598042269  
-0.05654728607  
-0.1589395151  
-0.1679848631  
-0.8821002335  
-0.9276852649  
-0.7508079706  
-0.7822266036  
-0.1179091051  
-0.7896348813  
-0.8670462259  
-0.1500728449  
0.2732111931  
-0.06101887134  
0.158458698  
0.2026719372  
0.1169071588  
0.6055461542  
-0.4610421  
-0.2473033213  
0.05731405224  
-0.01853863154  
-0.0555383784  
0.1049458481  
0.5341847151  
0.03433013202  
0.1910481139  
-0.02344702643  
0.1814081186  
0.1650624732  
-0.07361316672  
-0.009928271452  
0.4054473801  
0.2837317195  
0.06187629593  
-0.2471466533  
-0.2456416407  
0.2997248102  
-0.4379674947  
-0.324465083  
0.05394879155  
-0.2898302519  
-0.9548360356  
-0.02179633885  
-0.2441426171  
-0.1734864428  
0.01035957396  
0.2479785163  
-0.2699778909  
-0.2210686166  
-0.2206649367  
-0.2313642012  
-0.05397104005  
-0.19543694  
-0.01569641883  
-0.3979695937  
-0.1956388823  
-0.04528651863  
0.580942542  
-0.1888315897  
-0.1181428817  
0.6680057567  
0.7393402571  
0.684833846  
0.3043027009  
0.4802883472  
0.25972472  
0.2817199872  
0.1710411739  
-0.1309186371  
0.163700455  
0.2115216731  
0.2523414475  
0.4301715747  
-0.1293777072  
-0.4038325209  
-0.5352342537  
-0.2824065532  
-0.1004770007  
-0.1901521615  
0.06490968199  
0.009821378038  
0.0351836649  
-0.0479330257  
0.329926917  
-0.1826547518  
-0.01092698527  
-0.484509725  
-0.1445120386  
-0.03628336326  
-0.7954465698  
-0.3571132657  
-0.4177570221  
-0.09998087256  
-0.5441762379  
-0.4730258426  
-0.8320745653  
0.2357033747  
0.08559980325  
0.5258782623  
0.3338741626  
0.3096709431  
-0.325877573  
-0.03374219396  
0.03609541474  
-0.2861976518  
-0.606687502  
-0.4334635883  
-0.4955689834  
-0.8235740969  
-0.3028178433  
-0.4698434477  
-1.031948162  
-0.34542397  
-0.328051416  
-0.1899383047  
-0.2703465594  
0.2455936466  
-0.2429753831  
-0.08150624725  
0.1122120885  
-0.263591644  
-0.2457601181  
0.2261161683  
-0.4861634036  
0.02789416443  
0.1734750069  
0.2946141486  
-0.1061102172  
-0.2523637774  
0.04795553338  
0.2433581349  
-0.3079269843  
-0.06170145769  
-0.8146268425  
0.002788969785  
0.3375318252  
0.1975709729  
0.4208814539  
0.6282305598  
0.5781439547  
0.3778077072  
0.6450506854  
0.1579036324  
0.1955980176  
-0.130550039  
-0.3708115298  
-0.3588160381  
-0.4911059422  
0.04549222208  
0.119202608  
-0.05791871755  
0.01734866473  
0.7168625465  
0.4646301394  
0.5874590659  
0.255590772  
0.5017997339  
0.3916187333  
-0.326572513  
0.284117933  
0.2832615945  
0.9648024743  
-0.08605412115  
0.5360544167  
-0.04215115746  
0.4343708392  
0.2240617062  
0.02281130629  
0.1839003389  
0.3546676683  
-0.1845142682  
0.6700181424  
0.2552374692  
-0.07736357341  
0.2403102386  
-0.03488902508  
-0.2390341368  
0.1131322446  
-0.334660012  
-0.729722146  
-0.2715390183  
-0.3398828381  
-0.3347435935  
-0.55950512  
-0.4279818665  
-0.4581621488  
0.1987747272  
0.07679736589  
0.04643164064  
-0.1462408367  
-0.4946520836  
-0.9416434286  
0.1514373883  
-0.1110963208  
-0.02732828291  
0.02263150449  
-0.2116474586  
0.08224611935  
-0.3278962096  
0.155568336  
0.4160461208  
0.4381556593  
-0.1191557684  
-0.1281767067  
0.116021949  
0.4854268482  
0.2032135331  
0.1721155852  
0.03813247464  
0.2281792934  
-0.08121720008  
0.2635170352  
0.1399412453  
0.007671968367  
-0.0258391313  
-0.2556107225  
-0.2672014558  
-0.05180942804  
-0.464438457  
-0.2925042979  
0.05059512722  
0.1007029719  
-0.3889853386  
0.1264674579  
0.1459076483  
0.1980642706  
0.03832861404  
0.3747198632  
0.2267972737  
0.00185225576  
0.2545852658  
-0.1783454689  
0.7942370514  
0.2893146043  
0.09870483546  
0.1149449871  
0.1424412172  
0.3387159765  
0.1872880907  
-0.2333851406  
0.2821112109  
0.2203911588  
0.08642666691  
0.3844526108  
0.6114292308  
0.6250585087  
0.2718675318  
0.7412290098  
0.422196371  
0.2657184811  
0.5218906183  
0.5907884381  
0.9315710746  
-0.02635996939  
0.3886344626  
0.1477639032  
0.1720042061  
0.4601756925  
-0.1372871506  
0.07802976931  
0.4098696968  
0.7887300761  
0.07815107455  
-0.04296225051  
0.1775947062  
0.06782531906  
-0.1547195922  
-0.3272284295  
-0.6079308717  
0.000496030979  
-0.7419175161  
-0.4581242555  
0.1380788493  
-0.7073725114  
-0.3683946198  
-0.02743756025  
0.08522027316  
0.05612658949  
0.2508511168  
0.09271197367  
0.06735138017  
0.01561776029  
-0.1808096361  
-0.137517967  
0.05062091697  
-0.1366863405  
-0.1189765421  
0.002764716871  
-0.3015774554  
-0.6070558486  
0.03455952183  
0.55516801  
-0.3997314585  
-0.2862238723  
-0.3820716523  
-0.3917298819  
-0.2247396264  
0.07474497286  
-0.2157667869  
0.05870992831  
0.3444508676  
0.3019402858  
0.5676001487  
0.7536336042  
0.3180567814  
0.4559157356  
0.4980254524  
0.6419060587  
-0.3818907703  
0.4489979148  
0.1025275521  
0.0625299836  
0.1014669327  
-0.1294898614  
0.09669178247  
0.1610770491  
0.05445594467  
0.09873332976  
0.1860970249  
