4222.846348  
4214.396381  
4201.44277  
4206.684943  
4193.411792  
4188.33064  
4190.818332  
4193.947311  
4188.233984  
4187.407469  
4185.581044  
4189.383548  
4191.215069  
4186.461424  
4186.486532  
4194.450637  
4193.266243  
4188.519777  
4201.588062  
4187.701688  
4186.727356  
4194.010874  
4193.185401  
4190.065288  
4181.07363  
4183.660282  
4188.198235  
4196.202453  
4190.08857  
4188.546283  
4190.174235  
4185.339405  
4190.219843  
4195.103485  
4194.608067  
4197.402104  
4190.392634  
4197.041562  
4193.971429  
4205.144667  
4203.892632  
4195.382071  
4191.972427  
4189.704313  
4192.411967  
4184.576071  
4176.327145  
4175.617399  
4179.757878  
4182.14014  
4188.677543  
4198.477653  
4189.842026  
4185.17555  
4190.248543  
4192.155918  
4193.348857  
4190.811  
4197.337423  
4187.748055  
4185.623692  
4187.077717  
4187.253704  
4192.311655  
4189.429633  
4190.456918  
4195.535242  
4197.483878  
4202.245888  
4205.561726  
4196.770527  
4198.219067  
4208.122591  
4208.035309  
4205.143202  
4195.850521  
4200.912847  
4203.076158  
4204.939055  
4205.40832  
4194.414712  
4187.09293  
4188.050637  
4187.514608  
4191.61777  
4188.956403  
4182.954672  
4186.874681  
4199.21326  
4196.626354  
4191.619118  
4193.069393  
4194.267303  
4192.444061  
4192.209573  
4195.426742  
4200.40654  
4190.368603  
4195.994505  
4201.0104  
4193.692618  
4193.294776  
4188.177516  
4194.85578  
4186.881244  
4191.089774  
4183.943804  
4178.069517  
4182.517544  
4187.660754  
4196.158504  
4204.034066  
4200.627748  
4207.383442  
4204.98417  
4210.544102  
4205.554661  
4192.54432  
4193.301674  
4180.085215  
4182.378096  
4184.695075  
4175.797603  
4177.951367  
4170.629774  
4175.847978  
4184.107859  
4182.556163  
4179.37429  
4189.902177  
4191.00017  
4190.90296  
4201.99002  
4195.942608  
4193.699458  
4187.353341  
4181.798624  
4187.940719  
4184.292895  
4183.709787  
4187.649459  
4195.716831  
4194.472319  
4207.292523  
4198.995982  
4203.970041  
4197.82536  
4198.234459  
4199.081822  
4194.17349  
4193.906103  
4190.097852  
4185.387636  
4196.047926  
4198.468433  
4199.952972  
4198.548337  
4201.687483  
4201.036015  
4196.906483  
4197.573659  
4196.67612  
4187.972818  
4197.133413  
4183.949543  
4184.009751  
4189.062897  
4183.65579  
4194.359762  
4192.842155  
4189.791429  
4194.863278  
4192.777415  
4206.188203  
4200.587782  
4197.305984  
4200.761888  
4199.379449  
4200.464437  
4193.711038  
4200.782593  
4192.347726  
4205.483348  
4205.614475  
4200.584005  
4195.866296  
4199.23172  
4186.387325  
4193.879831  
4199.313077  
4200.916205  
4194.275933  
4188.294942  
4196.161722  
4195.770254  
4189.224637  
4192.312804  
4186.345783  
4188.940795  
4189.726546  
4185.470565  
4190.82108  
4198.786655  
4199.443858  
4207.954434  
4217.691409  
4220.207945  
4218.122982  
4216.519097  
4217.725713  
4219.300052  
4224.31392  
4212.607028  
4211.23816  
4212.738986  
4212.755822  
4212.667375  
4211.149056  
4206.387535  
4201.50944  
4204.858394  
4205.181439  
4199.521307  
4207.596356  
4203.351637  
4199.51742  
4200.293853  
4198.328694  
4208.52586  
4194.612143  
4202.106148  
4207.333678  
4208.308232  
4210.51375  
4205.72303  
4210.502082  
4212.048574  
4212.647753  
4215.759954  
4211.862246  
4205.308179  
4206.527669  
4199.297313  
4214.802271  
4209.564573  
4205.28954  
4213.709221  
4216.378725  
4214.23812  
4220.530211  
4218.732975  
4211.18897  
4214.144356  
4201.234827  
4198.763221  
4200.318711  
4202.108574  
4196.618165  
4198.493245  
4189.362265  
4195.600939  
4189.462533  
4197.362116  
4191.992198  
4188.255358  
4195.110208  
4186.637666  
4180.552808  
4185.551143  
4188.112639  
4199.281248  
4202.723674  
4194.44312  
4201.450113  
4198.288904  
4203.492251  
4214.134666  
4201.568694  
4202.412577  
4206.181417  
4206.128437  
4210.282043  
4201.594224  
4201.025155  
4196.794157  
4192.489017  
4194.310848  
4203.085908  
4193.391852  
4196.402138  
4188.885045  
4189.108804  
4198.440144  
4194.369463  
4195.02653  
4199.733717  
4198.076544  
4203.23911  
4206.196231  
4214.587277  
4201.949779  
4201.249671  
4204.989721  
4204.999209  
4200.47863  
4205.84785  
4206.684146  
4209.425511  
4208.231878  
4201.016159  
4202.627149  
4206.216645  
4208.673569  
4208.129539  
4206.772597  
4216.523272  
4216.047344  
4215.149141  
4212.159813  
4218.865963  
4212.690686  
4210.636182  
4210.521465  
4205.360965  
4205.746013  
4207.397122  
4205.814057  
4216.659467  
4210.994925  
4209.909178  
4208.480716  
4209.650457  
4214.347965  
4210.469207  
4206.042831  
4204.712613  
4208.635135  
4208.439181  
4207.672545  
4204.881286  
4198.825543  
4206.676851  
4201.329895  
4207.340818  
4207.102315  
4209.870437  
4213.866596  
4207.596821  
4203.912376  
4203.896672  
4202.091952  
4207.326525  
4213.283826  
4199.29426  
4201.446208  
4201.939197  
4199.685136  
4195.961874  
4192.449964  
4192.64783  
4189.289218  
4196.613278  
4198.871096  
4197.101096  
4193.967325  
4197.015965  
4201.924264  
4198.669722  
4197.708861  
4201.214549  
4209.175967  
4202.897114  
4200.808065  
4205.051135  
4201.965149  
4212.623823  
4208.155794  
4202.463603  
4204.635051  
4202.977204  
4206.568619  
4209.2592  
4207.360756  
4215.6833  
4209.044727  
4208.036917  
4199.896181  
4210.996166  
4206.914206  
4210.298494  
4213.28408  
4208.247539  
4200.009958  
4211.678493  
4216.450953  
4219.926662  
4215.860005  
4208.561882  
4213.317179  
4203.00975  
4204.540327  
4199.54088  
4199.527534  
4201.890736  
4200.0748  
4205.358204  
4206.919517  
4211.110683  
4209.557321  
4211.208542  
4211.067389  
4212.166223  
4207.240295  
4215.371902  
4216.828118  
4218.257377  
4220.371323  
4215.87999  
4209.250984  
4203.290097  
4197.612308  
4190.836558  
4193.014129  
4192.06185  
4192.121359  
4191.020343  
4192.67605  
4196.698175  
4191.221987  
4194.728869  
4194.696057  
4194.471929  
4202.324554  
4206.310208  
4197.416206  
4197.102847  
4203.090454  
4211.239674  
4201.214761  
4198.281416  
4200.37972  
4192.749413  
4191.24003  
4184.824388  
4187.021963  
4193.503819  
4191.479064  
4191.023741  
4193.431162  
4197.79954  
4198.374656  
4191.965531  
4195.973871  
4196.448741  
4198.711346  
4203.924216  
4208.144472  
4209.89898  
4208.647299  
4208.662959  
4209.969609  
4209.456331  
4207.332943  
4205.692291  
4199.250447  
4191.072292  
4191.571217  
4198.467188  
4202.023418  
4197.311284  
4203.17751  
4204.460629  
4206.85351  
4215.688437  
4215.336104  
4218.236503  
4213.847252  
4227.655835  
4230.001597  
4232.970692  
4231.628301  
4230.094936  
4228.893399  
4223.179705  
4228.569681  
4221.433381  
4209.96739  
4209.914145  
4212.798347  
4216.657056  
4217.171748  
4216.504956  
4208.37686  
4206.556732  
4209.986135  
4216.568137  
4210.945922  
4208.72882  
4205.067573  
4213.377157  
4210.120407  
4209.715706  
4206.008442  
4202.926974  
4199.588606  
4199.139194  
4215.621407  
4219.96759  
4219.061402  
4221.82573  
4215.586222  
4220.307025  
4217.717552  
4219.105524  
4220.905923  
4225.90546  
4225.7575  
4220.257378  
4217.142296  
4219.115563  
4221.894161  
4213.277444  
4216.093598  
4216.813434  
4220.642663  
4214.327352  
4215.29273  
4222.107193  
4212.994355  
4226.959662  
4211.554427  
4218.49365  
4215.170897  
4197.813088  
4203.121712  
4200.308496  
4211.03063  
4201.304442  
4199.140836  
4202.508243  
4202.762303  
4200.1085  
4189.215514  
4197.587673  
4192.353654  
4196.830811  
4190.491785  
4190.411135  
4185.561394  
4191.216727  
4192.437775  
4196.483163  
4190.797899  
4190.505555  
4199.530388  
4192.247995  
4201.854351  
4203.633701  
4195.187055  
4195.681093  
4204.899009  
4198.728891  
4209.174124  
4204.184617  
4200.523401  
4204.163652  
4211.246806  
4208.270697  
4206.993371  
4206.869328  
4210.628724  
4218.822967  
4211.636436  
4204.864715  
4212.179586  
4213.044013  
4209.019899  
4204.259748  
4201.781252  
4200.735059  
4200.947433  
4211.287741  
4215.80559  
4215.707659  
4212.160276  
4208.646474  
4209.478234  
4211.532272  
4204.391512  
4197.700555  
4199.073377  
4208.493739  
4203.55473  
4199.257842  
4200.967744  
4205.632159  
4206.67919  
4205.540358  
4211.084958  
4208.931778  
