2.656147585  
2.532890758  
1.394355872  
1.022359981  
0.7730331713  
0.6540330987  
0.5222607148  
0.3700555115  
0.5782591275  
0.3899766984  
0.4673245926  
0.2300544435  
0.5321991817  
0.9309781929  
1.002787733  
0.8321142512  
0.7432490455  
0.5162999969  
0.64715532  
0.9734270326  
0.7269957556  
0.2252692013  
0.2471008803  
0.3603557877  
0.1990993656  
0.1481603902  
0.1473006227  
0.01714514034  
0.1158111022  
0.5657900774  
0.3935432026  
0.2225726645  
0.204277294  
0.4033140892  
0.5472024583  
0.2747437548  
0.2430515827  
0.1255518078  
0.1503638329  
0.2516946275  
0.3536275722  
0.3058112761  
0.2671568979  
0.05469892792  
0.113539502  
0.236825696  
0.02442171664  
0.1167138288  
0.2141069078  
-0.2071958314  
-0.1581657749  
0.2800591022  
0.3600451177  
0.2506820267  
0.2494977454  
0.3303834053  
0.4997368878  
0.6242003694  
0.7036981644  
0.742473226  
0.5304055211  
0.6171908893  
0.4909968041  
0.3068442046  
0.469225879  
0.1711693111  
0.03353163421  
-0.0190097132  
-0.260914138  
-0.1077810093  
-0.001212016439  
0.00286718342  
0.1756103852  
-0.07698330968  
-0.1300594443  
0.01882361813  
0.1372335776  
-0.04073881717  
-0.1007873597  
-0.3040798058  
-0.08169937284  
0.1656600783  
0.3986799816  
0.293960319  
0.03905027178  
-0.01365381123  
0.278043622  
0.2951033022  
0.1582161934  
0.05638588798  
-0.1231814346  
-0.05582338525  
-0.05369103542  
-0.1903856618  
0.05243298886  
0.05922748234  
-0.1868240243  
0.09253188964  
0.008185546112  
0.04453818932  
-0.01544121327  
-0.2933537831  
-0.3315680401  
-0.07222204444  
-0.2101989006  
-0.03304512622  
-0.1026017451  
-0.29721882  
-0.1722388421  
0.08292022319  
0.1420358059  
0.2107108411  
0.05491196703  
0.01213587429  
0.2088444012  
0.2705193762  
0.4016654658  
0.4116395882  
0.3906448455  
0.09503207444  
0.4226644192  
0.5279118779  
0.1922964634  
0.3954839432  
0.3843628757  
-0.03624408869  
0.01248912401  
0.09304056769  
0.1440349887  
0.006076379857  
-0.1047184652  
-0.460198118  
-0.6051122536  
-0.172253899  
-0.1368884261  
-0.2455574941  
-0.5543729554  
-0.841407703  
-0.4916439086  
-0.510348764  
-0.6213509092  
-0.7151211774  
-0.8918687737  
-1.147686481  
-1.359014863  
-0.988181384  
-0.7328991695  
-0.98817296  
-0.859414079  
-0.9136355223  
-0.673476492  
-0.5688123555  
-0.4703677222  
-0.437408356  
-0.4898142235  
-0.7758048773  
-0.8469622539  
-0.957250089  
-0.9092790505  
-1.126091667  
-1.056940001  
-0.7942815936  
-0.4685770855  
-0.4041192672  
-0.06491253917  
-0.1804946576  
-0.278824096  
0.09551269179  
0.07375280004  
0.3228749436  
-0.03806711836  
-0.1223065149  
-0.4144158537  
-0.4401174486  
-0.6634476984  
-0.768439625  
-0.5387883018  
-0.7085248503  
-0.5228179984  
-0.1817788277  
-0.06800661213  
0.09254454236  
0.07221368496  
0.03881241016  
0.3294182137  
0.4493296713  
0.3437132362  
0.1881168106  
0.01979480059  
-0.09039480948  
0.3229227194  
0.3219685982  
0.3434020952  
0.1487427546  
0.1911381669  
0.2152302895  
0.4490165662  
0.3730426145  
0.04305002827  
-0.1399424672  
0.04646481593  
0.1461034544  
0.3794732771  
0.1337847113  
-0.1460809585  
-0.3637471447  
0.04438265859  
-0.02082770767  
0.06759582015  
-0.01020802307  
-0.6605402791  
-0.6254954631  
-0.3174101362  
-0.405136649  
-0.2754595425  
-0.2086985366  
-0.3091288873  
-0.2289519366  
0.06572488739  
-0.03784266429  
0.03207657815  
-0.009954559227  
-0.0899193461  
0.1686786146  
0.4203109655  
0.4412233848  
0.3761877485  
-0.1469234775  
-0.2876985033  
-0.5219005551  
-0.6875430622  
-1.017637382  
-0.9347351106  
-1.135883581  
-1.091272701  
-0.7771439761  
-0.9244791949  
-0.8102955096  
-1.000417152  
-1.079563098  
-0.853428855  
-1.11922706  
-0.8943915581  
-0.8943604219  
-1.192418565  
-0.9881904383  
-0.675175815  
-0.820090781  
-1.358278772  
-1.340759184  
-1.104087196  
-0.7401978092  
-0.6677096163  
-0.8444922975  
-0.7761089787  
-0.9259073965  
-0.7392369924  
-0.776188785  
-0.9101788032  
-0.8764238413  
-0.9023484266  
-0.6381614495  
-0.5645359027  
-0.4676340067  
-0.3277333292  
-0.542986611  
-0.5493991815  
-0.6755771243  
-0.6056996361  
-0.6455506174  
-0.7632451561  
-0.9390989471  
-0.6267290166  
-0.3272409107  
-0.7513671858  
-0.9200425044  
-0.7608473376  
-0.4166786129  
-0.588020943  
-0.7876039036  
-0.8584944496  
-0.8922553392  
-0.857948977  
-0.7431752424  
-0.9484002547  
-1.03357085  
-0.846991423  
-0.7068698314  
-0.6118894815  
-0.3556819298  
-0.4108550842  
-0.3376974679  
-0.09762151702  
0.04602565652  
0.05351593132  
0.03159636167  
-0.04137642302  
-0.1841019186  
0.02777705746  
0.02029656575  
0.2165727135  
0.09333490253  
-0.1237091747  
0.1940111122  
0.4221477858  
0.4591368248  
0.2580888428  
0.200445252  
0.4106479319  
0.6916797712  
0.6243341541  
0.4189768434  
0.06068847286  
0.04760979168  
0.02294504817  
-0.2243603726  
-0.1718581093  
-0.3798110261  
-0.2490037  
-0.1998107977  
-0.1523354314  
-0.1563114755  
-0.5738214948  
-0.2936346706  
-0.22991617  
-0.113032427  
-0.09043946595  
-0.2917922891  
-0.2623322307  
-0.1344513635  
-0.1132993483  
-0.07279374687  
0.1605818686  
-0.03290888544  
-0.04507938452  
0.1135639763  
0.01432297054  
0.1089900071  
-0.08188130155  
0.11531871  
0.07879094556  
0.2888207564  
0.03092464398  
0.09420415529  
0.1444662431  
0.4630834263  
0.3720335481  
0.2559969082  
0.2867881583  
0.5535553876  
0.5658449575  
0.2765062829  
0.548183045  
0.6226628273  
0.4029256202  
0.7730561264  
0.7615686906  
0.7086581685  
0.5709240456  
0.4272512347  
0.6231146316  
0.4717250662  
0.4824196562  
0.2960776494  
0.5346394291  
0.4079729385  
0.1416246122  
0.09868667052  
-0.2973708708  
-0.2650442259  
0.09268453394  
-0.0887253532  
-0.1287724526  
-0.3822953246  
-0.2100078685  
-0.2274664034  
-0.3853663836  
-0.3053969541  
-0.6123008041  
-0.5787032592  
-0.640248446  
-0.7878532984  
-0.7808333913  
-0.6980049674  
-0.387177633  
-0.2156786984  
-0.4052536708  
-0.5784080307  
-0.5306276233  
-0.5147298076  
-0.5124785051  
-0.7563701291  
-0.7267231358  
-0.5007209837  
-0.4693842355  
-0.2922901606  
-0.2773250644  
-0.4989037425  
-0.4390981688  
-0.1658491929  
0.1158437666  
0.3179352252  
-0.07004594805  
0.1798969787  
0.3325054773  
0.3299962217  
0.4306335074  
0.2073631529  
0.3154600822  
0.4595240196  
0.3409972455  
0.3017757965  
0.02999078175  
-0.04316115474  
-0.01785552413  
0.1238891429  
-0.06061437517  
0.4844190784  
0.2698415324  
0.2574886508  
0.3201129776  
0.4322267014  
0.2864258822  
0.2767029537  
0.1615122647  
-0.02448132816  
0.02603134309  
0.19373391  
-0.3006127551  
0.01855192986  
-0.3863280897  
0.09554550127  
0.6491732851  
0.5416570535  
0.9624169306  
0.9623400599  
1.19984123  
0.3941886825  
0.3747525509  
-0.2330251455  
-0.4774361253  
-0.6172615274  
-0.6098775344  
-0.7278320242  
-0.9973253637  
-0.5160136561  
-0.10264123  
0.3826507842  
0.3167811665  
0.09005710627  
0.2154711507  
0.4295008083  
0.558959319  
0.4611080517  
0.3802829774  
0.1043185266  
0.2294393523  
0.4036476232  
0.5279165683  
0.8973432856  
0.717624195  
0.1459163031  
0.2171154357  
0.6812862194  
0.5654400202  
0.5768637338  
0.726009521  
0.557494385  
0.8458847872  
0.966058247  
1.085997797  
0.8458786503  
0.6352932585  
0.6961328457  
0.7535309897  
0.5122895438  
0.5306845624  
0.4403523808  
0.1756004593  
0.1247630148  
0.1576784007  
0.418482566  
0.3311591337  
0.2244900154  
0.2076186872  
0.4135862041  
0.7805992413  
0.5120535988  
0.4812775541  
0.2459445475  
0.3764512657  
0.2730768181  
-0.01966040042  
-0.1272048185  
-0.1910478814  
-0.05676060062  
-0.1662245649  
0.003705959061  
-0.2240063308  
-0.1684356266  
-0.2866620392  
-0.3322265345  
0.1951593856  
-0.1139130861  
-0.3547893298  
-0.5437269419  
-0.4546833273  
-0.4757585138  
-0.6462408727  
-0.5662776934  
-0.5943979908  
-0.4846598091  
-0.2818740056  
-0.3340742098  
-0.3190325216  
-0.4238445005  
-0.2789211626  
-0.344533883  
-0.1318286804  
-0.02535287373  
-0.1915650597  
-0.3749762804  
-0.0603597459  
-0.0359964468  
-0.08039668025  
-0.2293031456  
-0.2907964081  
-0.1447693071  
-0.2898970414  
-0.2821900398  
-0.3288858242  
-0.2209986271  
0.0112670161  
0.06739564703  
0.1523166762  
0.4745582527  
0.3199510079  
0.5121027525  
0.6044681948  
0.7053931417  
0.5462830346  
0.6357540201  
0.3730435837  
0.3965891195  
0.3089501906  
0.2664936994  
0.4237555532  
0.2449145452  
0.277662107  
0.2034601187  
0.2617027628  
0.3485057759  
0.1736610593  
0.3396315987  
0.4887043952  
0.2460619623  
0.523235012  
0.1198940646  
0.3662554407  
0.1614278456  
0.3305347083  
0.142154243  
0.2732677476  
0.3887338649  
0.6890090722  
0.6393664939  
0.4908344753  
0.4989620068  
0.524095562  
0.8669963537  
0.6802961202  
0.8849904799  
0.3614128124  
0.63154113  
0.8048303443  
0.4573361031  
0.02311344413  
0.05962018972  
0.2081677466  
0.394025252  
0.3228167633  
-0.1220228572  
-0.1335166624  
0.008009198262  
0.04160545387  
0.2100253612  
0.1388905782  
0.4617137579  
0.2495367714  
-0.502846538  
-0.2251766175  
0.3741504509  
0.6847789462  
0.7412137059  
0.9692949542  
1.061456102  
1.071257622  
0.7611342346  
0.6028065219  
0.0832127087  
2.005772264  
1.447722385  
0.806635816  
0.4062133354  
-0.1207638777  
-0.2147646933  
-0.1127441796  
-0.2343995641  
-0.524994892  
-0.6667696919  
-0.463668486  
-0.2999075418  
-0.1675300049  
-0.6035743181  
-0.5963916584  
-0.531153032  
-0.1748666081  
-0.3586281958  
-0.3856839303  
-0.5109262807  
-0.7023446943  
-0.5825248686  
-0.3978593558  
-0.3270904518  
-0.6285795662  
-0.6806842916  
-0.5748774107  
-0.3649067819  
-0.2277670875  
-0.3364075179  
-0.707129477  
-0.625470185  
-0.6326475625  
-0.2825752169  
-0.2983111779  
-0.2035282048  
-0.4387226819  
-0.3315679607  
-0.2413221599  
0.2389055972  
0.1085736917  
-0.6707889896  
-0.5098652538  
-0.8531229067  
-0.7063385793  
-0.8403857475  
-0.9658410209  
-1.056217007  
-0.8994993075  
-0.8932538895  
-0.3723508259  
-0.1358062202  
-0.2559430823  
-0.4010564062  
-0.4809437948  
-0.1927846415  
-0.02159598207  
-0.009169682691  
-0.03450613384  
-0.1631281715  
-0.1485765956  
-0.06474595353  
0.07882540194  
0.2855549237  
-0.05859641183  
-0.1025237706  
-0.1023667669  
-0.106374187  
-0.07043833474  
-0.286092533  
-0.6434020344  
-0.4610005242  
-0.2412721963  
0.4562022017  
0.2153743096  
-0.1558333578  
-0.0337285838  
0.2451437112  
0.2825171911  
0.4498976529  
0.2422152282  
-0.003058446023  
-0.07780999317  
0.08769655195  
0.4887291406  
0.3584083435  
-0.1439908845  
-0.4033292109  
-0.2815853682  
0.05789844044  
-0.01785344283  
-0.080688608  
0.1636218048  
0.05417301509  
0.4567854232  
0.6576497283  
0.3968620465  
0.0557844967  
0.008760719124  
0.03928933659  
0.03639513919  
-0.07376838428  
-0.331921266  
-0.1728574161  
-0.2262476379  
-0.007617307447  
-0.1669561886  
-0.3095293551  
-0.5462348245  
-0.4986603005  
0.1364343635  
0.1602922587  
0.01769805311  
-0.05640445445  
0.1214175117  
0.3193715575  
0.3186639107  
0.0933286402  
-0.4652901239  
-0.7697384939  
-0.9022796679  
-0.7184588878  
-0.766810928  
-0.8701408785  
-0.8097388998  
-0.9383896412  
-0.7431255562  
-0.6284398279  
-0.3824469318  
-0.6331699338  
-0.6494828078  
-0.5964309198  
-0.2519297709  
-0.2649926064  
-0.422991494  
-0.6520891435  
-0.6568145371  
-0.4968457428  
-0.2010769401  
-0.16684178  
-0.3952517108  
-0.515515375  
-0.1423726497  
0.02389994848  
0.3030349771  
-0.04967708376  
-0.2600303458  
-0.268076065  
-0.1425810461  
-0.1965070947  
-0.3003382765  
-0.5571477135  
-0.5996184294  
-0.3023667503  
-0.2248871996  
-0.2989792751  
-0.3574810049  
-0.4186812336  
-0.001510253676  
-0.1246665243  
-0.2085469531  
-0.4027898604  
-0.6826271707  
-0.3511114343  
-0.2561511165  
-0.7942225308  
-0.5747578987  
-0.7919857909  
-0.4941458032  
-0.2618754359  
0.001326433977  
-0.1769415377  
-0.36346553  
0.06917394873  
-0.08228628345  
-0.05614752251  
-0.1696595907  
-0.4303191416  
-0.1127651252  
-0.3501705014  
-0.2454730789  
-0.3460930257  
-0.1892839382  
-0.2222617088  
-0.19573262  
-0.3195531488  
-0.05273700876  
-0.4634140549  
-0.1956410598  
-0.004738207026  
0.06119341224  
-0.555167152  
-0.5742141115  
-0.6759945208  
-0.313342732  
-0.3492780778  
-0.5265144458  
-0.6549713854  
-0.6625151556  
-0.4384541601  
-0.3643870071  
-0.4376878889  
-0.39151775  
-0.270859214  
-0.1663618755  
0.2009054764  
0.3145012781  
0.2877687933  
0.2848853301  
0.794910699  
1.076202202  
1.036467922  
0.7877074645  
0.7134748576  
0.8499022321  
0.7471147903  
0.6663102524  
0.6397108466  
0.4672418357  
0.6076919772  
0.6385271077  
0.6994327419  
0.6875831285  
0.5788656598  
0.3564716697  
0.7733353911  
0.4619916618  
0.409108229  
0.3064826158  
-0.00733266728  
0.07020310177  
0.1479368789  
0.4040515067  
0.2079308681  
0.2881212547  
0.3167845328  
0.6049960392  
0.9095102941  
0.6351814998  
0.7533380435  
0.3177939311  
0.5361857819  
0.4495233342  
0.7008153756  
0.5227651343  
0.2942459973  
0.5621072181  
0.4047335923  
0.6065576456  
0.3128768326  
0.4373200812  
0.8370497914  
0.419705748  
0.04166817058  
-0.5220860467  
-0.5599800723  
-0.4678301826  
-0.4304768736  
-0.3793314497  
-0.8022394307  
-0.5333610362  
-0.1786395653  
-0.7081064126  
-0.6294792256  
-0.5390714934  
-0.5318781032  
-0.6835926184  
-1.150078023  
-1.305233172  
-1.102889122  
-1.158886043  
-1.151949742  
-1.222667261  
-1.196453876  
-1.130262105  
-0.8858563466  
-0.3494757255  
-0.2824138792  
-0.5133081209  
-0.4793665778  
-0.1600580139  
0.1458643939  
0.001374239221  
-0.3391841152  
-0.5337500216  
-0.7878961848  
-0.6530558025  
-0.5943514466  
-0.7001882789  
-0.6485913982  
-0.7765662806  
-0.4771897619  
-0.2316659207  
-0.2451889285  
-0.4634917651  
-0.3365574988  
-0.1896723597  
-0.03784508165  
0.05301600395  
0.07404466438  
-0.1772143521  
-0.2152141581  
0.2235561073  
-0.01869591402  
0.1940378219  
0.0764818901  
0.1423720215  
0.05293826872  
0.005542401263  
0.1161482  
-0.1585119138  
-0.07595868678  
0.02719531094  
0.06693875771  
0.1756025617  
0.04307462924  
0.2376590802  
0.2075617199  
0.4896346136  
0.3068366704  
-0.09049003714  
0.1911924067  
0.06655061959  
-0.01506402024  
0.09443419638  
-0.2724087899  
0.163697427  
0.2258510713  
0.4283616249  
0.5425008821  
0.225735874  
0.3093537442  
0.2649500993  
0.1796262807  
0.1594053688  
-0.1728702933  
-0.1500270392  
0.07461231236  
0.07042280191  
0.1706460912  
-0.04324960024  
0.3415647637  
0.2372453324  
-0.005089023361  
-0.2065068971  
-0.1524192224  
-0.1729146873  
-0.1168441649  
-0.2577076582  
-0.1658434502  
-0.3490492335  
-0.1898090191  
-0.09651678853  
-0.1441733953  
0.001227208611  
-0.1293448977  
-0.01975904102  
0.04760319454  
0.02567730491  
-0.1186188662  
-0.2862774371  
-0.2368733155  
-0.1775900577  
-0.2531148129  
-0.3331075921  
-0.1870980976  
-0.2770605071  
-0.3288995304  
-0.2773962438  
-0.3099523992  
-0.3985502144  
-0.2325297115  
-0.2165614231  
0.05303125236  
-0.1280954969  
0.05499462647  
-0.2679009795  
-0.3344801412  
-0.1631127565  
0.04694137616  
-0.09105141508  
-0.05586956274  
0.1986641339  
0.4313070575  
0.3923400581  
-0.09013784288  
-0.01928565675  
0.1934859002  
0.2487230409  
0.2390224022  
0.263902536  
0.06612133362  
0.08541777766  
0.6040810457  
0.773499522  
0.5674410399  
0.3366923077  
0.4866551523  
0.04284675662  
0.2091025771  
-0.168163301  
0.2105363877  
0.6997639544  
0.2665454698  
0.1728821636  
0.04141419282  
-0.2035526239  
-0.4764597643  
-0.4082833029  
-0.1797418864  
0.2790189437  
0.3222329194  
0.2553817123  
0.4562221728  
0.3546507874  
0.7407072787  
0.9157880595  
0.9933782486  
0.8873859952  
0.2674101264  
0.5387888769  
0.1508096133  
-0.1129031452  
-0.3243141973  
-0.3876178133  
-0.1250649254  
-0.1072187575  
-0.3878680668  
-0.1913762266  
-0.03422005567  
0.1913599627  
0.2721231111  
0.344498285  
0.2033809953  
0.2026008835  
0.07782254018  
0.3581922949  
0.1145192823  
-0.3005384322  
-0.2778939021  
-0.3894316486  
-0.0897639952  
-0.3485447569  
-0.427253757  
-0.4154915577  
-0.2373352305  
-0.111634508  
-0.1826442751  
-0.2654731389  
-0.2763249777  
-0.375627943  
-0.08309742483  
-0.02354592195  
-0.06833822753  
-0.3483133806  
0.2121885114  
0.1386527318  
0.2248823956  
0.3053027296  
0.1815901935  
-0.1929632905  
0.07027688957  
0.1906839522  
0.06537891128  
-0.2883754175  
-0.4071322273  
-0.4610631375  
-0.4447757158  
-0.1200735291  
-0.06397099532  
0.0033650406  
-0.07649627954  
-0.05156740069  
0.0405156199  
0.3082028844  
0.4800913632  
0.2239038375  
0.289838098  
0.3868668595  
0.663348162  
0.8280679382  
0.5095925234  
0.2653393339  
0.1919199708  
0.6037230643  
0.8450847168  
0.7145681894  
0.2699592049  
0.3914169442  
0.5199946752  
0.5221608137  
0.5226161719  
0.4115372565  
0.1920153351  
0.07461924082  
0.1799483849  
0.4284887133  
0.4379937145  
-0.01712335453  
-0.05623363516  
0.03833786645  
0.4372121238  
0.5888556479  
0.6878081794  
0.4622962362  
0.1470672997  
0.4809714411  
0.7131823914  
0.7231367757  
0.4746680939  
0.4410419675  
0.4045304771  
0.8825581607  
0.5773739234  
0.7609884991  
0.7156648602  
0.6016401586  
0.6891620904  
0.6195433213  
0.635827821  
0.4198321277  
0.3739297094  
0.6943950555  
0.3574097687  
0.9106650909  
0.6255666061  
0.7727393349  
1.082183503  
0.775147119  
0.5474419837  
0.547995213  
0.602575123  
0.8525821142  
0.3370853397  
0.15149161  
0.123607474  
0.07664241094  
0.4617570459  
0.2461091655  
-0.07352544348  
-0.02115444137  
-0.04305629283  
0.2673374475  
-0.3132787522  
-0.1859865585  
-0.1769508865  
-0.4083541007  
-0.1206480105  
-0.3427092951  
-0.6319646196  
-0.4907447907  
-0.5173832848  
-0.08371188025  
-0.429822584  
-0.3311695758  
-0.2861565407  
-0.02530383249  
0.4349053645  
0.1613196232  
0.01519114643  
0.05149466782  
0.2010884789  
0.2840390174  
0.08692497527  
0.08022925243  
0.0429771072  
0.115251572  
0.331139283  
0.1279111401  
0.008934811381  
0.1527114533  
0.3236336294  
0.4832777314  
0.4477235189  
0.5996063731  
0.2616691263  
0.3155221576  
0.6080861594  
0.8793958683  
0.6160502481  
0.3056478084  
0.517707343  
1.583528728  
1.106299808  
1.069240482  
0.9397415005  
0.8692471218  
0.9255419173  
0.6259372274  
0.6412083089  
0.7341703088  
0.5178764853  
0.7831073546  
0.5328298782  
0.273164064  
0.3332234462  
0.4971161498  
0.7328314322  
0.4990954539  
0.3360524703  
