3906.451691  
3895.350622  
3877.680842  
3862.498462  
3843.524039  
3843.197417  
3849.540966  
3850.524536  
3845.985737  
3841.760143  
3851.958471  
3851.216068  
3865.51066  
3854.39681  
3852.162793  
3863.449489  
3866.169003  
3863.972721  
3858.969741  
3853.827483  
3847.270271  
3854.017334  
3840.253743  
3839.359905  
3834.367628  
3832.010022  
3830.927276  
3841.826224  
3864.975859  
3856.638346  
3858.629828  
3856.751421  
3858.358449  
3861.002885  
3866.079334  
3861.607171  
3848.700198  
3844.977342  
3851.071641  
3855.719818  
3847.9593  
3836.414236  
3827.036687  
3830.899477  
3840.152506  
3840.486269  
3836.647045  
3848.815019  
3851.772291  
3837.584689  
3846.394891  
3855.741896  
3833.332373  
3828.978072  
3828.22208  
3826.193533  
3830.366677  
3846.597283  
3836.870695  
3832.601946  
3839.333877  
3851.575449  
3859.606406  
3862.645933  
3856.113673  
3848.283343  
3854.749181  
3855.88885  
3853.282919  
3848.13797  
3838.188716  
3835.971724  
3829.274155  
3831.934686  
3840.436029  
3830.323873  
3816.599679  
3824.037166  
3840.960406  
3855.902037  
3849.202566  
3847.898369  
3856.799582  
3862.068501  
3871.41996  
3874.927423  
3863.690723  
3857.468169  
3845.353045  
3856.787829  
3854.309839  
3835.253555  
3833.426815  
3814.385046  
3828.699174  
3837.415171  
3825.552577  
3820.16952  
3827.783101  
3836.017751  
3845.247348  
3844.022934  
3824.359644  
3839.080943  
3834.451763  
3856.37868  
3849.656235  
3853.466277  
3836.312703  
3840.753851  
3833.533419  
3843.071901  
3842.323786  
3832.392527  
3831.452669  
3840.029152  
3842.089126  
3842.143313  
3836.265737  
3834.983956  
3838.546122  
3843.457955  
3851.671956  
3852.760585  
3854.021012  
3849.731541  
3861.704583  
3859.022381  
3863.434573  
3847.823185  
3836.677618  
3841.08329  
3846.728643  
3859.313497  
3868.742374  
3851.522761  
3855.325067  
3855.809821  
3871.672981  
3871.651339  
3848.646209  
3847.448293  
3839.011191  
3846.687566  
3843.849549  
3831.552365  
3821.659951  
3823.164814  
3828.465607  
3835.09299  
3827.377808  
3823.098749  
3820.35084  
3816.722381  
3822.307133  
3815.865486  
3806.219255  
3811.506992  
3834.839859  
3831.248245  
3838.708423  
3828.48432  
3828.568413  
3830.098064  
3832.242969  
3826.639012  
3823.56431  
3821.450223  
3823.55956  
3836.52626  
3831.982199  
3837.822544  
3828.913377  
3829.251126  
3839.563824  
3834.405521  
3819.425811  
3831.151068  
3845.906025  
3829.020074  
3831.924625  
3821.390986  
3817.931395  
3819.039175  
3807.398804  
3818.04831  
3821.785134  
3812.747542  
3815.758907  
3831.110464  
3853.756273  
3850.547071  
3854.41183  
3861.573692  
3864.881043  
3874.707044  
3852.259152  
3848.137424  
3846.14931  
3825.483618  
3827.704026  
3821.659785  
3820.054342  
3813.800174  
3813.429146  
3825.693548  
3824.370779  
3821.747094  
3823.285301  
3827.148694  
3840.818205  
3835.754447  
3832.705037  
3847.44455  
3850.258499  
3855.041943  
3849.519804  
3846.191911  
3837.674872  
3845.541097  
3852.177365  
3854.765359  
3856.978158  
3854.535321  
3857.792152  
3867.322669  
3863.516661  
3872.270895  
3866.539425  
3865.321623  
3854.386158  
3842.727828  
3853.535235  
3854.089217  
3853.044253  
3843.025761  
3845.698744  
3858.967905  
3847.778933  
3836.314955  
3848.746515  
3839.107916  
3834.95815  
3833.548402  
3842.109618  
3830.361544  
3842.426316  
3848.729669  
3841.930834  
3837.671937  
3838.833088  
3846.176504  
3841.415578  
3830.692897  
3831.053899  
3824.496199  
3828.986063  
3830.215527  
3839.286368  
3832.767652  
3827.661237  
3832.904067  
3838.366185  
3832.156372  
3830.828126  
3839.860309  
3840.2892  
3822.842302  
3814.138335  
3818.723523  
3814.722083  
3819.370233  
3818.201429  
3831.123085  
3829.030599  
3832.596939  
3852.414756  
3855.149916  
3840.843738  
3847.506086  
3851.010688  
3851.875815  
3850.347945  
3859.884179  
3852.391103  
3838.039605  
3842.823981  
3848.483713  
3835.524341  
3834.950623  
3826.739357  
3829.113298  
3844.052836  
3848.943675  
3854.391321  
3848.429752  
3848.17008  
3847.057386  
3842.079638  
3841.725103  
3822.998102  
3808.1794  
3826.943053  
3836.865146  
3837.228516  
3829.735891  
3836.732365  
3850.822734  
3860.141307  
3841.074004  
3847.006085  
3845.803543  
3848.381982  
3853.684997  
3846.163719  
3847.071062  
3850.999505  
3848.543871  
3866.839207  
3851.374769  
3858.488718  
3863.571852  
3863.550574  
3864.263722  
3853.466791  
3840.608055  
3859.407654  
3862.05989  
3860.288132  
3863.880735  
3858.142008  
3860.064079  
3870.731866  
3869.638724  
3873.946497  
3862.748193  
3861.56938  
3879.87156  
3875.66068  
3883.564085  
3872.109988  
3865.028292  
3880.63756  
3877.403114  
3862.694849  
3851.852552  
3852.75913  
3863.454751  
3856.548774  
3850.506179  
3851.67793  
3852.482867  
3855.170147  
3850.985788  
3849.920154  
3849.685278  
3863.729337  
3867.345013  
3868.154865  
3861.512629  
3859.286121  
3856.922265  
3854.387333  
3869.368097  
3849.825348  
3856.549647  
3851.32869  
3856.45331  
3865.026238  
3869.711442  
3853.062843  
3861.448067  
3848.08779  
3856.847973  
3856.032284  
3857.895804  
3855.970409  
3858.889601  
3870.330117  
3870.271098  
3864.783965  
3850.190063  
3862.81761  
3863.178866  
3863.948625  
3845.976569  
3834.96292  
3825.146474  
3836.62165  
3845.851237  
3834.918158  
3852.930514  
3835.987925  
3838.951847  
3841.642321  
3839.019994  
3848.02294  
3830.404736  
3833.098688  
3831.672963  
3833.004438  
3838.160587  
3846.00567  
3857.115132  
3843.898168  
3848.239656  
3853.541101  
3851.143165  
3846.950372  
3846.106998  
3858.132006  
3851.455887  
3850.074722  
3847.151682  
3829.192008  
3838.680263  
3847.879745  
3840.590745  
3822.633153  
3827.407727  
3842.696986  
3845.497131  
3840.474635  
3827.164449  
3820.668846  
3837.957161  
3827.651026  
3820.791138  
3809.160167  
3816.875521  
3827.376698  
3829.508781  
3836.398734  
3826.67213  
3839.624378  
3835.707506  
3843.6616  
3848.222881  
3838.847711  
3836.133908  
3847.403572  
3862.091441  
3854.286591  
3861.061514  
3854.346339  
3858.548543  
3877.955558  
3868.780038  
3869.266044  
3862.266676  
3863.971298  
3877.521  
3872.578685  
3862.466212  
3854.971798  
3859.482274  
3859.145635  
3858.307588  
3856.805468  
3834.105427  
3840.479693  
3843.294037  
3845.183596  
3840.027396  
3842.147458  
3846.801845  
3843.470368  
3854.364052  
3865.581627  
3868.329313  
3862.376685  
3850.089073  
3851.107224  
3843.220675  
3858.231174  
3859.654644  
3839.000132  
3827.427073  
3829.116535  
3824.382886  
3832.509744  
3835.000668  
3825.098413  
3828.02776  
3836.21784  
3852.081175  
3848.784402  
3838.094507  
3837.554872  
3824.65349  
3834.874525  
3836.667709  
3833.039735  
3836.240658  
3848.812724  
3848.643485  
3867.928228  
3864.122574  
3859.492223  
3860.495741  
3856.646406  
3856.89619  
3862.521505  
3855.083781  
3845.410893  
3837.377073  
3837.286958  
3837.388946  
3833.243232  
3843.133243  
3835.263328  
3843.662527  
3852.107194  
3848.927493  
3856.802528  
3849.243025  
3851.364682  
3855.137705  
3852.451094  
3852.786731  
3843.42223  
3858.754148  
3870.746467  
3871.297087  
3880.945139  
3869.587312  
3873.569006  
3886.125189  
3880.087588  
3876.955317  
3872.673243  
3868.574037  
3880.629618  
3866.43808  
3859.644392  
3857.71565  
3858.667119  
3864.139218  
3859.076164  
3854.547126  
3851.552834  
3844.016348  
3849.28416  
3829.997639  
3833.343292  
3820.487383  
3822.554338  
3837.270455  
3842.712718  
3834.718895  
3836.858043  
3839.610727  
3840.031961  
3832.65372  
3828.026549  
3823.065495  
3834.713674  
3846.262052  
3833.408575  
3834.703945  
3831.043316  
3844.14708  
3866.903063  
3858.278183  
3851.124928  
3858.06105  
3853.931527  
3872.148983  
3853.853691  
3846.279876  
3845.034799  
3839.092716  
3847.430716  
3831.735814  
3830.846197  
3829.702834  
3833.861514  
3850.264874  
3852.558668  
3845.929047  
3844.03306  
3842.985497  
3865.226724  
3863.799235  
3859.581235  
3849.304073  
3853.099857  
3861.603123  
3860.048442  
3859.562162  
3854.000924  
3849.095117  
3867.090336  
3861.01101  
3849.059951  
3852.709718  
3839.314352  
3849.822114  
3845.291965  
3848.419071  
