4979.813768  
4976.666808  
4947.924758  
4936.937203  
4929.819119  
4927.797837  
4924.03111  
4919.709212  
4924.743867  
4920.018574  
4920.924956  
4914.578129  
4923.236911  
4933.226729  
4935.625778  
4930.388307  
4928.695686  
4923.784684  
4925.846787  
4934.158423  
4927.542775  
4915.496926  
4914.862825  
4918.220784  
4913.506475  
4912.103633  
4911.349202  
4907.826985  
4911.416553  
4922.53901  
4919.577397  
4915.4963  
4914.348229  
4919.14725  
4922.922313  
4917.521291  
4916.579238  
4912.920211  
4914.286924  
4916.36468  
4919.179987  
4918.135248  
4917.472398  
4913.02836  
4913.447851  
4916.504084  
4911.963503  
4913.860124  
4916.096804  
4905.445888  
4906.749336  
4916.270926  
4918.15945  
4916.153741  
4915.342587  
4915.997881  
4920.119976  
4923.258219  
4925.287991  
4926.392426  
4921.511878  
4923.502558  
4919.833528  
4916.467223  
4920.698463  
4914.726325  
4912.049717  
4910.509965  
4904.271147  
4907.042516  
4910.628099  
4910.376335  
4914.845569  
4907.766412  
4906.6038  
4910.187294  
4913.139904  
4908.90127  
4908.009328  
4903.477997  
4907.882752  
4914.34288  
4920.115819  
4917.441066  
4911.575097  
4910.519235  
4917.158192  
4917.789299  
4914.860305  
4912.043189  
4907.78035  
4909.621504  
4909.634526  
4906.454434  
4912.031351  
4912.033706  
4905.884871  
4912.452737  
4910.706933  
4910.778897  
4908.807435  
4901.481578  
4899.751675  
4907.054538  
4904.495279  
4908.18137  
4906.168002  
4901.490681  
4903.408481  
4909.175972  
4911.813613  
4913.595981  
4910.361262  
4909.359445  
4913.888118  
4915.606712  
4919.224594  
4919.205887  
4919.640197  
4912.799634  
4920.266822  
4923.30211  
4916.089114  
4920.171026  
4920.993786  
4910.792012  
4910.806541  
4911.88791  
4914.331725  
4910.802721  
4908.086294  
4898.105486  
4894.202718  
4903.98234  
4905.256347  
4903.60412  
4896.246382  
4889.073246  
4897.915482  
4897.497976  
4894.866379  
4892.435008  
4887.663734  
4880.674079  
4874.892235  
4884.264092  
4890.460772  
4884.600085  
4887.601142  
4886.665119  
4892.480753  
4895.674249  
4898.152096  
4899.612204  
4896.641019  
4889.584861  
4887.060784  
4885.237194  
4886.858989  
4881.243261  
4882.986147  
4888.814449  
4896.617876  
4899.066766  
4907.454793  
4904.870032  
4903.303814  
4912.612777  
4911.694919  
4918.214329  
4909.911957  
4907.262615  
4900.007252  
4899.115984  
4893.651585  
4891.512829  
4896.264243  
4892.39447  
4895.952573  
4904.7645  
4908.43106  
4912.995307  
4912.426888  
4911.921928  
4918.648979  
4922.928437  
4921.139215  
4917.071223  
4912.564614  
4909.385319  
4918.856857  
4919.606829  
4919.504616  
4914.581311  
4915.347469  
4916.53963  
4922.152827  
4920.847209  
4912.411456  
4907.443038  
4911.56129  
4914.157987  
4920.241773  
4914.706993  
4906.925384  
4901.232491  
4911.351382  
4909.736045  
4912.834915  
4910.838491  
4895.174461  
4894.600834  
4902.413127  
4901.627341  
4904.697109  
4906.935139  
4904.138279  
4905.567227  
4913.061845  
4909.798923  
4911.362577  
4909.907498  
4907.295312  
4912.88248  
4919.349479  
4920.145108  
4919.229494  
4907.076432  
4903.066559  
4898.058103  
4894.48755  
4886.632382  
4887.741445  
4881.827009  
4883.255826  
4890.262413  
4886.847673  
4889.129309  
4884.192578  
4881.584493  
4887.814426  
4881.971695  
4887.159253  
4886.598512  
4879.346614  
4884.894248  
4892.006561  
4889.687138  
4875.899977  
4875.924399  
4881.73637  
4890.324466  
4892.083456  
4888.651177  
4889.404315  
4886.137559  
4891.153381  
4890.766243  
4889.107919  
4888.651502  
4887.764466  
4894.451127  
4896.841991  
4898.812375  
4901.95274  
4895.837906  
4895.685091  
4892.564786  
4894.430266  
4894.01828  
4890.956616  
4886.317542  
4893.147443  
4901.144305  
4890.806085  
4885.746176  
4889.667453  
4898.485713  
4894.691384  
4890.273849  
4888.133253  
4887.797644  
4888.628707  
4891.787117  
4887.014845  
4885.105523  
4889.064581  
4892.951335  
4895.657733  
4901.659201  
4900.495462  
4902.413793  
4907.530276  
4911.621595  
4912.259617  
4912.340611  
4910.093293  
4907.426997  
4912.090265  
4912.286771  
4916.791786  
4913.803211  
4909.011749  
4916.985425  
4921.810385  
4923.939612  
4919.069236  
4916.971671  
4921.750036  
4928.596984  
4927.302064  
4922.128307  
4913.344334  
4911.936332  
4912.025892  
4905.870207  
4906.738936  
4901.380157  
4904.351816  
4905.647406  
4907.497549  
4906.376069  
4897.164327  
4903.087205  
4905.096657  
4908.248566  
4908.993604  
4903.321079  
4903.642491  
4906.375734  
4908.44048  
4908.23895  
4913.855523  
4908.790942  
4909.380224  
4912.641084  
4910.636212  
4913.356258  
4908.349537  
4912.61299  
4912.845463  
4918.545734  
4912.006507  
4912.933026  
4913.519299  
4922.065914  
4920.593007  
4917.774331  
4917.984064  
4923.653266  
4925.096272  
4918.583026  
4925.424363  
4926.0417  
4919.899494  
4930.035875  
4929.344009  
4927.876914  
4924.013704  
4920.976279  
4925.933387  
4923.013536  
4922.807305  
4918.983807  
4923.699022  
4921.341791  
4915.017465  
4912.819443  
4903.021352  
4903.441852  
4912.288378  
4907.857661  
4907.26479  
4900.357398  
4903.762686  
4903.872296  
4899.901632  
4902.094949  
4893.647643  
4894.152334  
4893.887174  
4890.425628  
4889.245338  
4891.470258  
4899.349334  
4903.310446  
4899.237181  
4894.89721  
4895.154072  
4896.287064  
4896.563204  
4891.873621  
4891.193686  
4896.298779  
4897.432879  
4900.668995  
4901.342293  
4896.742453  
4898.706162  
4905.666532  
4912.370573  
4916.83945  
4906.782913  
4912.418778  
4915.397653  
4916.794247  
4919.003336  
4913.75606  
4915.388066  
4918.97358  
4916.730314  
4916.05613  
4910.040542  
4908.062458  
4908.918986  
4912.769754  
4909.427301  
4921.731973  
4917.017509  
4916.326972  
4918.66697  
4920.598718  
4918.022433  
4917.949997  
4914.571743  
4909.172257  
4911.71257  
4915.608661  
4902.885767  
4910.554403  
4900.286718  
4912.094952  
4925.852  
4923.512697  
4934.413087  
4936.378985  
4942.653848  
4921.972807  
4921.624882  
4906.098968  
4899.339247  
4895.319724  
4894.354748  
4890.515214  
4883.225195  
4894.560114  
4905.042586  
4917.849596  
4917.093471  
4911.211696  
4915.284085  
4919.949638  
4923.574335  
4922.345848  
4921.451781  
4915.427955  
4918.325957  
4922.334911  
4925.406375  
4935.166289  
4929.766891  
4916.980147  
4917.921579  
4928.383693  
4926.291119  
4926.236465  
4928.862441  
4925.366226  
4931.562689  
4936.329602  
4939.833781  
4933.704481  
4929.296347  
4930.973142  
4932.471912  
4926.587766  
4926.757145  
4925.548908  
4918.339735  
4916.562841  
4916.690489  
4922.984732  
4920.127604  
4917.352838  
4916.43812  
4920.380649  
4929.43362  
4923.553687  
4922.333874  
4917.048842  
4920.452801  
4918.440917  
4911.967538  
4908.806265  
4906.55642  
4909.49806  
4906.954224  
4911.068045  
4905.765697  
4906.859684  
4903.575435  
4902.36705  
4915.11581  
4908.977402  
4901.602561  
4897.087007  
4899.091957  
4900.007696  
4895.021147  
4897.34728  
4895.904481  
4898.820506  
4903.57371  
4902.643807  
4903.689173  
4900.2415  
4903.01058  
4903.122978  
4907.469079  
4910.699486  
4905.554223  
4901.392388  
4908.574147  
4909.577832  
4909.122805  
4905.587221  
4904.066581  
4908.344609  
4905.092975  
4905.716397  
4904.124441  
4905.936971  
4911.635366  
4914.130123  
4916.439638  
4924.438517  
4920.906688  
4924.924781  
4927.005571  
4929.866494  
4926.685213  
4928.618743  
4921.375272  
4922.269436  
4920.465809  
4919.088686  
4923.953745  
4918.437609  
4919.570742  
4916.951119  
4918.531045  
4919.968164  
4915.180622  
4919.070057  
4923.554857  
4917.569403  
4923.410064  
4913.676919  
4919.283258  
4915.000762  
4918.709638  
4913.369638  
4915.925037  
4919.283368  
4927.269943  
4926.881961  
4923.097253  
4923.730252  
4924.878959  
4933.521068  
4929.254555  
4933.894855  
4920.7094  
4928.144791  
4932.829871  
4924.425736  
4913.092864  
4913.056359  
4916.913172  
4921.342417  
4920.021726  
4908.53542  
4907.643471  
4909.904812  
4910.792292  
4914.358947  
4913.114739  
4920.206336  
4915.807338  
4896.893588  
4902.512413  
4917.913446  
4926.683136  
4928.322328  
4934.825461  
4938.397899  
4938.59175  
4931.408305  
4926.916933  
4913.213785  
