4817.07189  
4813.584865  
4785.291957  
4763.966707  
4757.734662  
4765.506038  
4771.514279  
4763.350826  
4760.651641  
4757.915411  
4759.740371  
4770.603546  
4780.892016  
4765.867355  
4765.292816  
4772.189858  
4779.537838  
4773.685839  
4786.768219  
4779.816098  
4761.696074  
4758.146886  
4759.954532  
4757.406689  
4748.722062  
4743.531382  
4742.646077  
4749.033941  
4760.010332  
4765.580811  
4755.753079  
4751.4251  
4757.740735  
4779.351757  
4778.157138  
4777.050244  
4772.800695  
4765.653128  
4761.578211  
4774.914443  
4778.352762  
4770.292627  
4759.346587  
4766.653464  
4763.425764  
4769.447063  
4774.250585  
4765.044908  
4763.350387  
4761.625113  
4760.887261  
4765.991749  
4759.603681  
4749.95708  
4744.954595  
4756.07675  
4763.591876  
4782.991383  
4785.123672  
4775.178414  
4783.599634  
4786.771207  
4804.783185  
4793.615614  
4781.152701  
4772.86752  
4778.72705  
4787.475582  
4792.758749  
4781.608076  
4758.406563  
4747.363772  
4748.698048  
4745.410371  
4736.24615  
4721.751699  
4714.730647  
4731.689696  
4745.719279  
4754.022778  
4755.133252  
4749.09744  
4755.767625  
4759.21176  
4774.730183  
4777.342127  
4765.840493  
4750.410913  
4752.301433  
4767.526911  
4765.022823  
4759.410028  
4761.936201  
4759.853562  
4776.466252  
4784.456779  
4778.886779  
4759.043419  
4757.128681  
4760.247896  
4772.949905  
4767.8683  
4767.1644  
4768.402175  
4769.52228  
4783.886955  
4787.335423  
4781.383765  
4761.898545  
4763.439533  
4763.522248  
4763.234135  
4756.772962  
4756.230751  
4763.466347  
4777.826998  
4772.975468  
4783.612898  
4778.033035  
4773.785108  
4768.309905  
4769.057788  
4775.329714  
4777.015433  
4776.917322  
4768.881054  
4776.83684  
4782.374292  
4788.774233  
4790.369853  
4784.668228  
4783.833587  
4782.072757  
4791.874896  
4792.655235  
4770.328221  
4770.783306  
4779.951741  
4782.781804  
4769.785049  
4762.373192  
4756.226611  
4769.259496  
4766.038097  
4769.477406  
4758.370695  
4743.199834  
4739.292435  
4741.216086  
4755.470868  
4742.807013  
4738.072773  
4734.421412  
4744.785022  
4755.745032  
4743.130619  
4738.697342  
4750.168954  
4771.263139  
4771.821298  
4772.143801  
4748.952466  
4745.129203  
4750.154758  
4754.534351  
4758.216206  
4756.643416  
4755.375075  
4760.082863  
4780.383554  
4786.570627  
4776.220146  
4770.554173  
4782.137713  
4784.126575  
4772.641997  
4750.010208  
4751.973002  
4762.202396  
4768.76693  
4752.336408  
4746.321651  
4743.17308  
4743.89672  
4743.955475  
4745.521298  
4750.366762  
4739.577836  
4755.513516  
4781.877917  
4786.020169  
4765.755993  
4773.152271  
4765.122423  
4778.546718  
4778.492823  
4767.831331  
4753.257913  
4748.015492  
4763.052256  
4767.791983  
4756.51032  
4757.680684  
4753.371925  
4749.952434  
4763.092232  
4747.733937  
4747.740583  
4760.08493  
4754.316641  
4766.465919  
4767.904157  
4751.835356  
4756.49476  
4757.711421  
4755.814912  
4763.414092  
4762.752313  
4750.003719  
4748.230808  
4754.011281  
4767.615469  
4769.668523  
4762.347172  
4771.925855  
4774.507377  
4788.132213  
4795.218582  
4790.457586  
4778.168369  
4782.672073  
4771.610289  
4789.770978  
4795.3741  
4786.275319  
4787.304828  
4789.497867  
4800.812701  
4792.024011  
4772.806481  
4762.712855  
4763.528502  
4765.708196  
4767.244501  
4769.277238  
4751.831337  
4784.595219  
4771.305133  
4778.576995  
4769.27861  
4765.445198  
4788.670727  
4781.178831  
4765.054326  
4750.604352  
4737.362052  
4742.865924  
4749.503489  
4750.664251  
4738.045042  
4744.483466  
4762.804811  
4756.089035  
4741.527009  
4730.789061  
4741.674958  
4728.058676  
4721.735791  
4714.822577  
4718.855986  
4726.175994  
4738.440979  
4738.344056  
4735.098796  
4730.350589  
4742.859167  
4748.032596  
4754.902523  
4756.65307  
4738.561048  
4740.05292  
4750.97253  
4751.603082  
4744.05767  
4734.574529  
4735.301232  
4738.658052  
4742.740701  
4746.913923  
4748.965318  
4736.879652  
4738.494536  
4758.113154  
4771.348871  
4773.045362  
4767.555899  
4766.500097  
4776.161579  
4776.611672  
4766.664507  
4750.497534  
4728.574189  
4739.865939  
4756.987938  
4756.700034  
4761.964391  
4753.810322  
4772.538309  
4775.058886  
4766.075414  
4764.170352  
4747.851418  
4744.324807  
4752.763785  
4742.462295  
4737.012672  
4744.846155  
4748.594384  
4757.460267  
4756.253409  
4756.552068  
4766.155257  
4771.169668  
4773.348479  
4775.370022  
4757.448415  
4763.690147  
4771.556554  
4775.485695  
4774.079281  
4760.926324  
4763.570349  
4765.470931  
4763.958066  
4769.544592  
4758.778014  
4755.723727  
4772.516509  
4775.008578  
4784.209373  
4766.864096  
4760.484153  
4773.080387  
4769.781823  
4762.071723  
4756.249792  
4755.66904  
4764.625107  
4756.985358  
4748.664944  
4755.075535  
4764.652724  
4770.637848  
4769.806222  
4768.03248  
4753.465616  
4750.927466  
4766.159754  
4769.793171  
4765.070732  
4752.266333  
4760.7489  
4767.7145  
4769.56393  
4758.39889  
4748.024012  
4746.802361  
4748.315424  
4742.148066  
4750.374506  
4735.426487  
4741.093585  
4743.710585  
4755.300552  
4754.652477  
4758.108471  
4755.133203  
4740.525637  
4759.588621  
4769.140802  
4763.530016  
4745.897094  
4741.493355  
4753.042167  
4741.046047  
4729.76785  
4732.797159  
4735.356711  
4731.71131  
4749.935521  
4751.186475  
4751.495331  
4741.499228  
4756.412093  
4759.076719  
4762.063211  
4758.570153  
4749.885569  
4755.730936  
4756.734363  
4760.939118  
4785.591958  
4801.177489  
4782.497912  
4794.171335  
4786.108512  
4780.751211  
4779.837414  
4775.501074  
4779.629214  
4790.193119  
4793.762025  
4779.526152  
4770.997385  
4752.647315  
4763.005026  
4773.950537  
4767.149529  
4767.505172  
4760.240483  
4776.114422  
4773.036778  
4763.84509  
4751.292292  
4740.522509  
4744.425296  
4735.049146  
4727.442384  
4716.891032  
4724.233806  
4729.892754  
4757.50117  
4757.332376  
4748.05737  
4750.44559  
4757.542559  
4760.106626  
4748.933513  
4748.168133  
4746.289493  
4752.615408  
4758.18421  
4759.229992  
4751.93503  
4750.387208  
4757.162316  
4772.419844  
4779.007037  
4777.101385  
4771.323216  
4778.872843  
4779.54343  
4781.804379  
4773.672605  
4757.299058  
4759.063638  
4754.054736  
4764.91777  
4764.402205  
4748.203545  
4746.214469  
4756.556039  
4757.857147  
4773.795152  
4770.668947  
4774.158465  
4780.64133  
4781.960977  
4801.093791  
4802.314459  
4792.947096  
4790.345342  
4772.792259  
4768.728522  
4770.664582  
4768.216066  
4748.876043  
4733.982099  
4741.480754  
4735.905894  
4747.925062  
4752.059322  
4734.705074  
4737.546032  
4747.741863  
4757.159692  
4758.626565  
4746.936868  
4749.015815  
4743.086665  
4748.787089  
4750.579931  
4748.14768  
4750.431644  
4751.572604  
4746.000153  
4770.472815  
4784.326788  
4771.716341  
4764.442936  
4767.043829  
4775.343946  
4780.069823  
4781.294808  
4769.478271  
4756.243965  
4747.887107  
4754.166457  
4749.69231  
4745.22788  
4750.20727  
4740.833002  
4744.267696  
4747.232907  
4751.954727  
4745.142508  
4757.008965  
4763.70584  
4767.566756  
4765.658641  
4763.905382  
4761.051878  
4786.736684  
4790.975138  
4781.984162  
4772.754958  
4775.848022  
4804.196951  
4797.159276  
4777.361076  
4776.955435  
4776.738746  
4791.647646  
4793.929011  
4779.044781  
4771.134954  
4776.958793  
4770.020641  
4769.819665  
4764.138628  
4763.659581  
4771.257106  
4767.487502  
4757.356175  
4749.28045  
4743.281001  
4750.83038  
4761.971949  
4766.186834  
4762.921028  
4750.907987  
4770.801803  
4772.960674  
4764.583857  
4753.635879  
4756.559869  
4767.771964  
4784.405781  
4772.231758  
4753.819136  
4759.55961  
4757.246133  
4762.194013  
4753.540546  
4754.546964  
4752.451373  
4753.559284  
4775.332922  
4763.217946  
4753.062374  
4755.29026  
4751.793024  
4768.745869  
4761.308945  
4757.773622  
4747.972155  
4748.772541  
4764.452977  
4770.887045  
4768.424986  
4770.789356  
4765.775161  
4800.492279  
4790.69939  
4795.807132  
4787.51122  
4776.010854  
4792.125194  
4800.110172  
4777.180952  
4780.449232  
4776.17175  
4787.284138  
4776.756314  
4761.158149  
4767.549618  
4760.213903  
4771.243299  
4782.918521  
4765.191273  
