4006.621982  
3993.760568  
3983.419043  
3981.182786  
3967.901354  
3967.450003  
3971.94873  
3958.960846  
3963.389014  
3954.520976  
3952.677625  
3957.268988  
3954.627315  
3956.141679  
3957.877476  
3965.894643  
3962.814707  
3962.446273  
3960.834265  
3960.664583  
3962.747224  
3961.442629  
3961.274299  
3955.74647  
3951.31003  
3949.249948  
3951.32927  
3952.17588  
3951.625613  
3952.952717  
3953.265128  
3945.460903  
3943.013927  
3955.785622  
3953.493274  
3950.248637  
3952.589328  
3954.406054  
3970.321107  
3968.867856  
3978.499728  
3965.606464  
3965.1456  
3959.374965  
3960.234293  
3952.989531  
3941.225626  
3948.388836  
3953.87614  
3949.260232  
3956.991243  
3966.807346  
3950.709209  
3951.666339  
3955.924225  
3957.694312  
3964.731538  
3958.994639  
3966.154311  
3959.896077  
3964.268661  
3962.419035  
3961.546423  
3960.241447  
3964.978446  
3966.780246  
3974.984111  
3972.545323  
3964.593808  
3964.025067  
3963.135047  
3964.337722  
3969.674922  
3967.698172  
3973.035424  
3958.350256  
3966.762436  
3963.462328  
3961.852687  
3966.613572  
3964.755322  
3958.752024  
3955.534419  
3961.436238  
3960.331869  
3951.00327  
3954.490068  
3962.685052  
3962.728989  
3964.96343  
3956.128167  
3959.354468  
3960.817725  
3957.798305  
3960.640337  
3953.134504  
3961.599327  
3960.551129  
3954.063352  
3959.69458  
3951.90371  
3953.666926  
3953.438841  
3954.248775  
3954.441905  
3958.375833  
3954.966199  
3949.24446  
3950.388254  
3949.631291  
3963.18013  
3962.676967  
3964.873675  
3978.967222  
3976.966584  
3978.112378  
3973.298515  
3963.087195  
3957.001733  
3953.249023  
3950.877634  
3953.833596  
3956.050342  
3942.140098  
3936.398971  
3940.341475  
3943.757623  
3956.652392  
3950.386053  
3950.619015  
3963.864791  
3956.077914  
3965.344424  
3954.232325  
3957.891634  
3956.807924  
3959.779999  
3952.428194  
3953.456269  
3952.95154  
3956.449641  
3958.806333  
3966.007917  
3972.682047  
3966.093471  
3972.608721  
3966.987579  
3972.389237  
3975.630654  
3966.51909  
3965.013251  
3963.077592  
3956.991068  
3960.310599  
3956.527462  
3962.723923  
3959.824984  
3965.739819  
3958.880358  
3963.929445  
3956.32639  
3966.856676  
3953.867498  
3958.207915  
3958.109442  
3947.463514  
3954.291811  
3952.013408  
3955.23195  
3956.530221  
3949.558171  
3958.099675  
3960.412537  
3969.198923  
3963.093396  
3969.201201  
3966.202134  
3967.128473  
3965.434972  
3957.728783  
3962.02104  
3959.267183  
3960.841277  
3968.977769  
3960.100678  
3953.57041  
3952.453889  
3950.867649  
3953.261911  
3957.628086  
3964.829624  
3957.545364  
3956.199035  
3959.12012  
3966.150544  
3958.53918  
3955.806975  
3953.234361  
3955.797895  
3958.633808  
3955.694657  
3958.585658  
3958.703201  
3969.489957  
3971.543256  
3974.965619  
3980.051836  
3977.266463  
3975.978015  
3983.027621  
3982.19237  
3977.434617  
3974.077377  
3980.393019  
3977.340813  
3979.807989  
3978.615148  
3979.621986  
3969.955633  
3967.956533  
3964.890485  
3961.537045  
3960.71403  
3967.2826  
3968.755602  
3969.916482  
3970.505343  
3965.114096  
3971.993625  
3969.808593  
3968.662739  
3976.022668  
3977.113098  
3976.987202  
3985.509944  
3984.570279  
3980.500704  
3979.600892  
3979.190298  
3977.281117  
3973.982155  
3973.783648  
3968.211394  
3980.48935  
3975.404888  
3982.132242  
3987.36618  
3988.330488  
3985.81301  
3988.48411  
3990.505795  
3989.334859  
3979.907047  
3979.159324  
3975.804506  
3972.979257  
3974.221284  
3969.8742  
3968.323586  
3970.030372  
3966.328675  
3961.053306  
3966.08015  
3961.030408  
3967.815936  
3971.370572  
3956.079894  
3954.397448  
3956.759037  
3950.749173  
3959.883808  
3957.247067  
3958.136265  
3959.187711  
3962.221134  
3962.161932  
3968.00199  
3970.765092  
3970.048741  
3969.977147  
3971.483559  
3967.440935  
3964.232233  
3965.005114  
3969.568618  
3961.379653  
3961.739262  
3965.507017  
3965.35965  
3962.501071  
3959.64588  
3964.657706  
3969.565658  
3966.404467  
3967.54497  
3965.490354  
3974.314844  
3985.023524  
3978.042803  
3986.320473  
3981.724377  
3977.828096  
3976.567264  
3974.346567  
3984.644843  
3978.748086  
3977.70085  
3985.3888  
3973.813514  
3976.956083  
3974.03845  
3982.149257  
3983.236109  
3978.824751  
3986.337845  
3986.461756  
3987.486477  
3989.453934  
3987.462056  
3993.67271  
3980.823328  
3987.166047  
3987.563932  
3983.487955  
3984.108532  
3974.813429  
3980.860879  
3975.521931  
3990.257613  
3989.477739  
3985.194401  
3983.093984  
3987.673372  
3985.505879  
3979.597575  
3971.21852  
3967.485512  
3969.38649  
3967.549376  
3977.103933  
3978.256513  
3980.464542  
3980.215661  
3983.882299  
3980.531159  
3979.91453  
3977.976177  
3980.217544  
3975.883478  
3971.85772  
3977.476291  
3977.675479  
3980.165333  
3970.2623  
3972.552732  
3971.965898  
3971.267726  
3971.61649  
3964.431421  
3969.410426  
3960.646374  
3970.359311  
3976.702245  
3968.029492  
3974.590536  
3979.221765  
3970.818274  
3977.076527  
3970.743684  
3971.801906  
3987.005655  
3976.766263  
3980.407394  
3983.253929  
3982.531242  
3988.145181  
3975.713356  
3981.801839  
3990.22321  
3984.474951  
3978.767655  
3980.028138  
3981.274408  
3994.713723  
3987.872067  
3979.66436  
3978.854912  
3983.249698  
3977.729058  
3983.340455  
3973.013323  
3979.467041  
3966.315168  
3982.389584  
3989.69942  
3991.819311  
3985.777518  
3976.47868  
3988.412449  
3972.429807  
3966.290573  
3962.820991  
3968.75881  
3971.868638  
3974.85533  
3980.569496  
3980.831625  
3985.321857  
3983.018978  
3989.009755  
3988.714592  
3976.420765  
3981.124952  
3983.671195  
3983.447728  
3985.868442  
3996.42735  
3993.44608  
3988.985875  
3982.643729  
3976.235488  
3969.621645  
3971.444802  
3970.093436  
3974.4762  
3973.192991  
3967.248305  
3966.942344  
3962.374121  
3964.364351  
3973.420281  
3963.698859  
3974.86575  
3975.150664  
3966.13336  
3966.839891  
3966.483357  
3971.903234  
3971.38285  
3966.020068  
3968.51517  
3967.332308  
3958.63762  
3959.214628  
3954.006954  
3963.01356  
3958.466559  
3959.826869  
3965.065294  
3966.191003  
3969.650168  
3977.233793  
3970.265039  
3981.82159  
3971.719521  
3976.494634  
3983.310595  
3983.75796  
3976.542089  
3976.799528  
3984.150384  
3982.886113  
3987.084653  
3976.142044  
3970.591648  
3968.666259  
3971.940363  
3969.500205  
3977.642009  
3976.678059  
3972.891548  
3975.853931  
3978.782006  
3991.159603  
3992.25849  
3994.553582  
3989.782149  
3995.948135  
3997.610188  
4005.661501  
4007.422769  
4005.519235  
3995.849084  
3992.708512  
3993.313209  
3994.067358  
3980.334742  
3983.116309  
3977.817352  
3986.825936  
3983.021314  
3990.084371  
3983.081244  
3975.617768  
3981.505244  
3979.937349  
3988.029738  
3981.262415  
3982.019748  
3984.284341  
3974.326511  
3983.504534  
3979.582353  
3975.058485  
3975.626567  
3969.77782  
3976.849275  
3983.285336  
3987.230294  
3990.213244  
3988.70243  
3991.668593  
3997.231654  
3992.6825  
3999.391283  
4001.344813  
3996.262373  
3996.551892  
4000.500569  
4000.339729  
3990.622005  
3993.523258  
3998.989933  
3993.903126  
3999.729536  
3987.761652  
3999.091905  
4006.187828  
3996.077681  
4003.78958  
3994.707274  
3991.45786  
3985.918139  
3983.243865  
3975.113097  
3973.514134  
3980.750641  
3976.853901  
3972.511453  
3986.949763  
3984.387287  
3980.830988  
3971.935428  
3963.148961  
3963.508398  
3962.972875  
3962.723933  
3959.430957  
3962.819253  
3958.511601  
3962.104733  
3965.883832  
3963.831268  
3963.710456  
3965.524775  
3965.84134  
3965.65614  
3969.300219  
3962.146776  
3970.178108  
3962.757084  
3969.652524  
3970.323672  
3971.932356  
3972.443099  
3976.828012  
3978.430493  
3977.194646  
3975.402142  
3981.492041  
3982.293145  
3981.315653  
3983.907495  
3973.356096  
3979.677981  
3979.665463  
3980.631373  
3979.205936  
3973.786312  
3975.802552  
3968.750464  
3985.322759  
3984.410295  
3982.757662  
3985.684185  
3986.187875  
3981.857279  
3982.544842  
3977.201312  
3970.612377  
3974.436602  
3978.501121  
3975.739231  
3971.837191  
3976.140385  
3983.486391  
3984.659234  
3983.731779  
3984.40238  
3982.914852  
