2888.633557  
2887.879482  
2882.629279  
2883.825971  
2875.458519  
2877.663957  
2881.602193  
2879.954785  
2882.62801  
2875.94538  
2872.549456  
2881.454093  
2885.601517  
2883.476776  
2881.304306  
2884.232283  
2881.988878  
2886.693506  
2885.11049  
2877.739146  
2874.354664  
2884.971009  
2882.75242  
2883.884388  
2886.833959  
2882.720932  
2890.618586  
2883.884697  
2881.659485  
2889.503331  
2881.411573  
2879.403177  
2882.293471  
2883.08051  
2882.905979  
2884.130425  
2880.801184  
2878.735108  
2877.511734  
2867.973497  
2876.710368  
2870.712364  
2872.394976  
2874.3439  
2880.668214  
2881.575409  
2879.281486  
2881.26179  
2880.244334  
2875.494268  
2877.49503  
2883.000509  
2877.946749  
2884.333706  
2881.243542  
2881.862862  
2874.613704  
2879.864777  
2880.219598  
2872.25634  
2871.939413  
2874.837641  
2877.330979  
2877.138834  
2879.428114  
2879.037761  
2886.43277  
2892.080122  
2892.607279  
2887.614049  
2886.780981  
2878.24271  
2887.857132  
2886.560483  
2896.684371  
2883.453041  
2884.164438  
2890.34184  
2890.866661  
2883.308867  
2876.056456  
2871.302769  
2871.235997  
2875.466651  
2878.492367  
2888.369545  
2870.967953  
2876.534669  
2877.894804  
2880.9968  
2884.660743  
2890.416698  
2884.185236  
2887.381603  
2881.136482  
2895.153319  
2890.352104  
2893.023607  
2888.526288  
2891.534032  
2887.866764  
2884.574489  
2876.114585  
2882.136886  
2880.782668  
2880.617769  
2879.108412  
2877.707525  
2867.946887  
2881.327325  
2877.155096  
2890.474228  
2890.513794  
2888.120439  
2885.674605  
2888.236497  
2881.148333  
2880.168465  
2885.721662  
2875.777572  
2876.381736  
2876.331416  
2882.122807  
2872.334039  
2880.886467  
2871.189661  
2881.657793  
2883.681308  
2881.657529  
2884.584297  
2882.799907  
2883.034563  
2881.103941  
2886.637236  
2879.314074  
2875.869271  
2885.802046  
2883.222556  
2881.498415  
2886.590992  
2879.562122  
2876.253896  
2886.499136  
2885.4424  
2884.780129  
2889.546788  
2879.118957  
2888.218956  
2883.380994  
2882.92033  
2880.272078  
2875.828865  
2870.811013  
2877.376543  
2874.328314  
2877.742514  
2880.008863  
2879.104238  
2879.18365  
2880.607421  
2877.541194  
2866.877373  
2876.992113  
2877.264566  
2877.174139  
2878.773184  
2873.856657  
2873.630063  
2874.917367  
2883.91374  
2886.524734  
2882.430414  
2885.318475  
2891.637039  
2890.293154  
2883.410131  
2877.007973  
2880.423454  
2883.730875  
2885.899406  
2878.914294  
2879.984222  
2879.001493  
2886.821327  
2888.904263  
2885.488791  
2883.517594  
2881.973451  
2885.16076  
2881.367221  
2892.467443  
2881.237603  
2882.680073  
2883.338446  
2879.955849  
2886.347323  
2881.227291  
2874.377622  
2881.381438  
2881.917732  
2887.826408  
2873.220277  
2883.631274  
2884.435979  
2889.368204  
2897.798421  
2884.057305  
2890.321121  
2884.342211  
2891.559224  
2884.017408  
2884.519605  
2879.618904  
2879.495488  
2880.956953  
2882.620956  
2877.576733  
2883.939255  
2873.073279  
2871.115069  
2876.358462  
2884.56412  
2879.306945  
2873.22157  
2877.340851  
2879.28451  
2876.411136  
2891.1895  
2881.436604  
2881.556708  
2877.629756  
2883.201804  
2886.048558  
2884.156625  
2882.730502  
2884.325454  
2889.311137  
2884.481033  
2887.652968  
2887.560112  
2879.34049  
2880.38531  
2879.734776  
2887.46797  
2874.905937  
2881.317665  
2883.171457  
2888.120577  
2887.237185  
2885.736535  
2888.767589  
2886.948802  
2889.206196  
2876.837546  
2876.533726  
2881.041442  
2882.311705  
2889.235556  
2887.800888  
2882.981852  
2887.095302  
2874.864489  
2878.733731  
2870.850976  
2879.142303  
2883.808905  
2880.956048  
2884.152271  
2881.324561  
2883.574133  
2889.444765  
2890.834015  
2878.324077  
2880.858368  
2872.203884  
2874.962666  
2884.557188  
2883.815028  
2882.460722  
2874.249244  
2876.876128  
2879.932834  
2879.043762  
2886.674299  
2880.659998  
2878.895512  
2872.162375  
2877.47969  
2886.966527  
2876.084549  
2868.80503  
2870.670804  
2876.040812  
2879.53313  
2875.645503  
2872.82394  
2881.140765  
2885.954192  
2888.581011  
2880.749442  
2879.342172  
2881.936722  
2880.687573  
2877.617078  
2880.417813  
2881.907819  
2878.611289  
2883.968364  
2881.624555  
2880.228914  
2877.537341  
2875.435271  
2886.063774  
2881.134697  
2882.749933  
2873.489435  
2880.014118  
2884.773692  
2878.823922  
2886.633738  
2868.415284  
2879.542961  
2874.044957  
2877.389944  
2879.298078  
2871.19959  
2885.596438  
2885.91223  
2885.231768  
2883.370543  
2882.866653  
2880.928296  
2884.224875  
2882.653696  
2890.633594  
2882.974635  
2878.915403  
2881.46549  
2891.583821  
2880.330289  
2884.144428  
2888.049299  
2881.698638  
2880.281648  
2877.618092  
2881.120949  
2878.821982  
2888.257372  
2883.790092  
2878.985602  
2882.143941  
2876.689983  
2883.57984  
2892.575405  
2887.607917  
2882.405682  
2886.695474  
2880.942786  
2885.240983  
2878.343764  
2881.188657  
2877.801471  
2877.086411  
2886.465411  
2886.192739  
2884.655854  
2883.165361  
2884.795586  
2883.912658  
2887.889815  
2879.888865  
2880.189097  
2869.739222  
2880.883012  
2876.061345  
2885.498306  
2879.49532  
2878.150981  
2882.464858  
2884.338103  
2888.051038  
2875.41361  
2872.742167  
2881.37169  
2875.055053  
2881.134902  
2880.641353  
2883.654548  
2874.97119  
2884.006414  
2885.973404  
2880.859079  
2876.231483  
2875.11943  
2881.572724  
2887.092967  
2879.902945  
2881.255461  
2879.853128  
2872.007259  
2878.911246  
2879.564249  
2880.847342  
2893.354142  
2881.665693  
2898.752582  
2891.766391  
2890.528973  
2881.141671  
2877.91667  
2876.777497  
2873.21752  
2876.165859  
2879.694353  
2871.150749  
2883.17477  
2884.667504  
2883.585615  
2890.626948  
2884.199822  
2889.701358  
2890.112428  
2886.791234  
2889.113999  
2879.34228  
2877.141338  
2885.325484  
2883.893214  
2877.777721  
2884.46708  
2882.733091  
2896.265277  
2896.318243  
2885.89035  
2880.288332  
2889.267035  
2890.601632  
2884.884426  
2876.422788  
2876.882847  
2873.181363  
2888.04949  
2885.988678  
2876.301215  
2883.984278  
2874.841358  
2876.066398  
2879.73719  
2884.460945  
2882.815087  
2886.103556  
2886.869555  
2892.47477  
2883.621625  
2882.727203  
2882.747177  
2887.0947  
2884.434622  
2885.186727  
2881.689345  
2872.073651  
2876.473196  
2876.695163  
2886.257078  
2882.408845  
2881.733356  
2880.866571  
2883.191786  
2879.21588  
2879.173549  
2880.39082  
2875.698976  
2872.697213  
2885.442525  
2890.271553  
2899.45076  
2894.608315  
2888.141201  
2891.482065  
2892.952122  
2895.494212  
2890.960647  
2885.762654  
2878.146881  
2880.279114  
2879.031868  
2885.621676  
2877.829937  
2887.200938  
2883.310929  
2884.126424  
2889.97793  
2880.125819  
2885.664003  
2886.695437  
2881.00989  
2879.419026  
2885.887313  
2881.067758  
2878.368594  
2880.019916  
2878.936031  
2883.601854  
2889.154046  
2879.711924  
2877.196557  
2877.278698  
2883.021634  
2884.0641  
2879.946957  
2878.32118  
2878.727661  
2884.595013  
2886.831281  
2875.180159  
2884.556317  
2874.81705  
2879.653163  
2880.965182  
2877.660146  
2875.801088  
2882.619191  
2884.171081  
2893.789261  
2886.726151  
2885.450412  
2897.684903  
2891.95736  
2893.479183  
2891.329754  
2880.713722  
2882.452843  
2881.477649  
2887.117723  
2877.778703  
2880.062792  
2878.431846  
2883.241068  
2889.857421  
2882.930011  
2882.117306  
2881.804178  
2887.387217  
2878.731059  
2880.905001  
2874.028166  
2880.839287  
2874.250281  
2875.935433  
2879.668915  
2875.552999  
2882.446862  
2890.894399  
2888.325795  
2880.2051  
2879.852981  
2883.113948  
2887.921999  
2882.615066  
2881.727777  
2879.961717  
2885.695123  
2886.284112  
2871.870249  
2876.8522  
2876.104331  
2885.923158  
2881.534479  
2883.670282  
2877.594213  
2875.393535  
2880.159735  
2884.255491  
2889.240422  
2876.579468  
2882.885953  
2886.858604  
2889.622975  
2880.08127  
2874.842502  
2881.513872  
2887.49122  
2890.944664  
2890.623789  
2887.081963  
2887.841093  
2886.359414  
2881.55372  
2895.5746  
2879.87468  
2879.042141  
2882.399216  
2884.761479  
2889.414096  
2878.971537  
2895.904457  
2892.801183  
2897.509755  
2885.445011  
2882.598316  
