3418.416433  
3409.210008  
3376.131719  
3385.868418  
3390.316988  
3387.135169  
3388.865298  
3386.258892  
3386.478968  
3379.683376  
3378.137738  
3379.029563  
3379.190638  
3377.0338  
3381.674979  
3377.333205  
3380.531399  
3385.776914  
3382.687527  
3392.609886  
3381.420027  
3384.926806  
3394.177318  
3401.792406  
3393.6663  
3402.875619  
3409.46725  
3392.563835  
3399.647765  
3409.907584  
3402.996429  
3400.026967  
3405.307599  
3401.622636  
3402.697948  
3393.330172  
3399.098686  
3395.474843  
3389.426454  
3379.351076  
3381.322949  
3381.117599  
3379.440541  
3378.116326  
3380.66128  
3377.439631  
3381.086792  
3390.492983  
3392.226547  
3390.952581  
3389.519335  
3382.80195  
3382.148162  
3374.907656  
3384.705462  
3373.930458  
3378.751803  
3382.709146  
3377.078579  
3388.637392  
3387.990571  
3402.211216  
3390.139567  
3392.393797  
3393.704027  
3385.905272  
3392.413695  
3388.988316  
3386.993743  
3402.433522  
3403.883595  
3414.307453  
3403.701288  
3409.97529  
3408.833152  
3397.39138  
3408.473585  
3415.959583  
3410.117055  
3407.68425  
3392.874309  
3386.695895  
3386.391412  
3377.038293  
3367.774041  
3370.668222  
3375.393718  
3379.917496  
3384.640289  
3385.907101  
3395.715065  
3388.806186  
3398.328618  
3402.171583  
3395.262072  
3405.061972  
3401.272099  
3392.487836  
3399.491079  
3392.595908  
3385.02532  
3375.976367  
3380.371201  
3387.798894  
3393.829025  
3390.603021  
3391.831657  
3383.813766  
3395.432595  
3392.186909  
3390.321094  
3400.097641  
3391.682013  
3414.488674  
3408.473964  
3401.888868  
3402.925354  
3402.054811  
3409.365696  
3413.258266  
3416.244271  
3415.728152  
3403.993352  
3405.850444  
3405.628481  
3408.595932  
3406.833958  
3409.867798  
3408.034431  
3415.461539  
3409.569697  
3402.773023  
3405.71562  
3397.479865  
3423.597733  
3411.001315  
3370.871723  
3364.93138  
3374.66899  
3373.675933  
3366.361454  
3368.565734  
3361.277145  
3350.954669  
3371.289785  
3367.480952  
3370.818679  
3374.42837  
3377.135394  
3368.75011  
3383.273172  
3388.858371  
3357.01829  
3383.255802  
3379.706187  
3383.338662  
3374.979537  
3365.998331  
3361.562532  
3376.95939  
3386.044817  
3389.854644  
3387.723452  
3406.777078  
3407.710253  
3405.957548  
3402.571262  
3409.256723  
3402.056251  
3403.53324  
3393.931628  
3397.90163  
3400.626053  
3395.028792  
3397.64322  
3402.268062  
3408.894442  
3408.444781  
3401.350614  
3402.244706  
3397.643963  
3410.648017  
3393.497016  
3394.423  
3387.653576  
3392.421265  
3393.455614  
3384.841698  
3404.302174  
3397.011269  
3396.032185  
3409.470504  
3418.020878  
3420.906434  
3408.530473  
3399.078346  
3396.618692  
3400.93247  
3399.64781  
3406.614912  
3411.424516  
3402.682734  
3392.678075  
3391.332818  
3406.785146  
3404.661607  
3409.060815  
3406.803673  
3413.647755  
3403.884913  
3402.886002  
3409.031225  
3410.955915  
3407.716559  
3395.835723  
3408.650897  
3402.511841  
3400.279277  
3402.757432  
3401.626329  
3399.972058  
3398.072626  
3396.272576  
3400.0087  
3390.007164  
3383.879964  
3362.785184  
3378.411857  
3411.094367  
3418.458188  
3400.054567  
3400.655894  
3419.690201  
3411.564504  
3417.800479  
3409.191554  
3407.359421  
3394.963654  
3390.72659  
3382.017168  
3367.689482  
3366.874146  
3385.521414  
3378.398482  
3382.899429  
3364.43757  
3381.230435  
3379.358486  
3375.378021  
3369.815552  
3380.183401  
3376.18527  
3380.115009  
3390.298911  
3385.167015  
3373.706808  
3393.400099  
3381.746636  
3394.805019  
3366.266555  
3378.4499  
3351.680923  
3353.411446  
3383.240075  
3364.864261  
3367.533868  
3357.195733  
3364.99513  
3376.950238  
3380.788674  
3362.206491  
3357.833214  
3369.062937  
3375.997134  
3366.040966  
3362.430391  
3368.397257  
3371.778605  
3369.902549  
3376.549261  
3388.866604  
3404.032325  
3386.821292  
3390.960919  
3393.127636  
3401.854126  
3397.664294  
3399.249626  
3396.205648  
3401.739855  
3392.045853  
3394.177579  
3395.229414  
3383.265575  
3390.452251  
3391.368713  
3408.637201  
3396.520388  
3393.959938  
3397.684042  
3392.712694  
3387.995181  
3390.693963  
3399.924749  
3400.083545  
3392.749576  
3411.162646  
3411.136971  
3408.989363  
3410.232213  
3417.217669  
3408.955311  
3420.142866  
3403.142526  
3408.405122  
3401.055254  
3392.628701  
3394.911145  
3389.166658  
3386.009154  
3375.93635  
3387.064189  
3390.873095  
3379.488967  
3390.666138  
3396.388645  
3386.203359  
3382.071975  
3395.710284  
3397.874573  
3389.659743  
3397.483279  
3397.464359  
3394.860282  
3398.932208  
3409.191756  
3387.728393  
3396.799187  
3417.427958  
3407.39305  
3397.036682  
3404.414976  
3416.318873  
3401.577449  
3409.26142  
3417.540168  
3415.354982  
3407.971075  
3407.926674  
3416.789376  
3399.193679  
3398.828376  
3388.515672  
3395.123593  
3383.167892  
3379.402857  
3378.076132  
3385.077973  
3383.571973  
3374.377846  
3375.510559  
3378.147548  
3369.566651  
3372.128894  
3343.953714  
3349.400231  
3347.338973  
3375.283309  
3378.933308  
3387.78341  
3380.385523  
3372.283297  
3361.342293  
3359.644186  
3357.653267  
3364.323657  
3358.583543  
3368.304051  
3368.697027  
3382.325542  
3411.487807  
3390.751583  
3406.368456  
3424.050242  
3419.596228  
3391.712275  
3406.626086  
3403.449073  
3389.982786  
3378.411113  
3374.787557  
3370.389513  
3375.807658  
3381.371619  
3379.962869  
3388.195422  
3384.456633  
3394.151693  
3390.965479  
3397.76744  
3394.792476  
3386.767614  
3391.005074  
3385.452919  
3384.688528  
3376.911358  
3384.74112  
3381.597446  
3391.374412  
3391.117701  
3402.710293  
3386.342197  
3401.141918  
3399.37101  
3397.95616  
3395.688864  
3396.355146  
3401.884421  
3403.770282  
3411.594417  
3407.309081  
3404.977819  
3396.311557  
3396.360263  
3398.689446  
3398.159318  
3389.510656  
3398.439713  
3396.127572  
3394.662781  
3410.047676  
3406.254133  
3407.776353  
3404.202925  
3406.500127  
3416.538137  
3409.728563  
3410.043483  
3402.183269  
3421.356214  
3415.102866  
3409.356912  
3416.744237  
3421.458769  
3414.47225  
3402.408351  
3418.166127  
3413.953831  
3356.342462  
3402.574322  
3400.807637  
3363.416851  
3402.164875  
3383.045243  
3393.924461  
3387.368843  
3397.35105  
3395.691883  
3404.953086  
3397.691151  
3394.793856  
3389.314201  
3402.211386  
3382.078097  
3402.77502  
3388.493944  
3404.338351  
3391.241279  
3393.653401  
3403.894554  
3401.873548  
3409.615268  
3405.618468  
3414.907687  
3422.136411  
3425.924807  
3427.202559  
3424.792352  
3419.262916  
3413.711013  
3414.65523  
3419.198566  
3421.287699  
3420.889458  
3422.067563  
3417.678448  
3403.332786  
3405.274397  
3397.252663  
3383.688834  
3389.542004  
3378.508774  
3375.894395  
3383.702001  
3402.503728  
3399.039014  
3377.715422  
3397.017962  
3380.432832  
3396.17711  
3408.537737  
3403.459749  
3380.943179  
3365.846431  
3371.612208  
3380.728768  
3401.400828  
3410.967183  
3388.153324  
3408.498777  
3399.059699  
3391.996409  
3395.432694  
3405.922886  
3382.231986  
3395.342838  
3406.777562  
3409.346519  
3409.672357  
3392.525733  
3405.511759  
3407.736889  
3414.765641  
3408.771077  
3414.044737  
3418.19317  
3444.321336  
3422.406448  
3410.446526  
3415.864065  
3426.726498  
3410.151743  
3396.234396  
3397.353353  
3393.271316  
3396.395501  
3392.658535  
3399.838455  
3395.786071  
3400.25232  
3397.904095  
3388.908054  
3381.459293  
3384.358492  
3377.508862  
3380.503286  
3384.081463  
3361.607409  
3368.403185  
3363.70507  
3351.531267  
3359.682901  
3357.496181  
3364.696294  
3349.790617  
3350.847747  
3386.307639  
3397.822215  
3385.887964  
3359.21008  
3362.54196  
3381.849171  
3391.674564  
3404.49026  
3402.006729  
3393.021761  
3391.29076  
3374.943575  
3367.477404  
3360.338521  
3355.566452  
3358.949847  
3367.833334  
3373.002282  
3386.917352  
3368.043009  
3370.800566  
3373.435872  
3365.864363  
3372.786751  
3380.029035  
3390.977699  
3378.507179  
3371.276213  
3372.645585  
3365.835017  
3370.405339  
3357.811691  
3357.703021  
3342.633215  
3368.077786  
3373.375448  
3370.913231  
3383.493604  
3383.297342  
3394.33625  
3396.796884  
3402.364164  
3394.509687  
3382.361678  
