-0.05345009954  
-0.2835881476  
-0.05313408853  
-0.4403348865  
-0.7455133359  
-0.6004476398  
-0.5739754605  
-0.7063985646  
-1.077271181  
-1.127603934  
-1.149275017  
-1.003935133  
-1.160521994  
-0.7784696588  
-1.258955202  
-1.224089423  
-1.239178622  
-1.217312506  
-0.9972294386  
-1.119440509  
-1.069101799  
-0.8935821451  
-1.00532533  
-0.873536802  
-0.8650076826  
-0.9064192308  
-0.9131670025  
-0.7683139281  
-0.3985739359  
-0.6711930203  
-0.7621998575  
-0.868793821  
-0.7091447844  
-0.9059892229  
-0.8638970316  
-0.6882288197  
-0.549846165  
-0.5575001699  
-0.4177068294  
-0.1435615699  
0.5542465326  
0.2415909144  
-0.2188043283  
-0.09146663251  
-0.2696578309  
-0.5281561384  
-0.3204635728  
-0.3647946045  
-0.3482094342  
-0.6392049503  
-0.8964809963  
-0.8190190802  
-0.6947573567  
-0.8784836574  
-0.868517087  
-0.763150422  
-0.7145684432  
-1.026804773  
-1.027858658  
-1.174783115  
-1.286780031  
-1.157680976  
-1.083267989  
-0.9109832966  
-0.9840667182  
-0.9381831281  
-0.6135874653  
-0.744159773  
-0.7003169741  
-0.746444083  
-0.6244877406  
-0.7043442951  
-0.715887978  
-0.5323393815  
-0.5952627582  
-0.706555721  
-0.5148599563  
-0.5640124557  
-0.6949685021  
-0.6879138786  
-0.4496612917  
-0.4436553063  
-0.579817558  
-0.6174316291  
-0.617187536  
-0.7269430464  
-0.704039603  
-0.6673722421  
-0.752560011  
-0.7233175277  
-0.7874781324  
-0.7781432555  
-0.7926571287  
-0.7924183716  
-0.5844186276  
-0.40500333  
-0.5113537466  
-0.5951571964  
-0.4844195707  
-0.6132738467  
-0.587946269  
-0.2870367449  
1.965281277  
2.770503454  
2.517522642  
2.66369746  
2.472179387  
2.187418387  
1.791523528  
1.853469476  
2.509732748  
2.498047647  
2.29559561  
2.071285421  
1.786367845  
1.485524912  
1.141671111  
0.9429178224  
0.8458135726  
1.094693158  
1.975805481  
1.174934827  
1.226643853  
1.230517954  
1.409301097  
1.344947158  
1.059330676  
1.014050937  
1.094077157  
1.085826003  
1.247218427  
1.170690449  
1.419843211  
1.093529146  
1.059262328  
1.003580761  
0.698836873  
0.8001266899  
0.6448262869  
0.5391477713  
0.4053819674  
0.4609572291  
0.629133659  
0.8200033257  
0.7952574571  
0.6740427145  
0.6113454952  
0.5379193837  
0.5516568992  
0.5771279446  
0.4204226842  
0.2814065407  
0.4265778951  
0.4327309182  
0.4255326663  
0.321684806  
0.503099999  
0.6568858996  
0.5448463039  
0.3792843389  
0.4344043211  
0.4363644938  
0.4025437675  
0.315842729  
0.3693843731  
0.214276848  
0.1993704554  
0.3488462724  
0.5828110658  
0.3702545293  
0.4959744592  
0.4469479712  
0.262980173  
0.2482204167  
0.2613426746  
0.2798381476  
0.201730126  
0.4822043873  
0.3953450327  
0.2212826473  
0.5187380514  
0.5295451882  
0.4293064003  
0.6582987755  
0.7460866657  
0.4921603708  
0.5797140246  
0.514890879  
0.6898167327  
0.4836233653  
0.46943009  
0.6927154993  
0.7779385446  
0.6384673006  
0.6840371753  
0.7419320281  
0.4233437058  
0.6236023334  
0.6077376583  
0.6494274273  
0.309969978  
0.5694657751  
0.5975573661  
0.4455593579  
0.6241752859  
0.6327417408  
0.9246142302  
0.596455589  
0.692799583  
0.707586215  
0.735558938  
0.3863477705  
0.357385153  
0.3969432553  
0.435474543  
0.2344719435  
0.4585197986  
0.4401451572  
0.1666846955  
0.2238022776  
0.2094221751  
0.3065887039  
0.1012297274  
0.3034369377  
0.1542728134  
0.189365509  
0.1828494546  
0.1242986464  
0.2130022395  
0.329875699  
0.1878049001  
0.4639005015  
0.5006869771  
0.2034228906  
0.169283977  
0.1403814689  
-0.2215936927  
-0.1141777139  
-0.05161121616  
-0.03608865527  
-0.1900841274  
0.09089226589  
-0.0993617386  
-0.04200336541  
-0.20810929  
-0.1545630549  
-0.1057152368  
-0.2880051285  
-0.1440527905  
-0.05198095505  
-0.002258411522  
-0.1743336502  
0.03168904388  
0.1761800662  
-0.1704421897  
-0.1812306269  
-0.02697490731  
0.1094451441  
0.02009096301  
0.03111261618  
0.2633848647  
0.1012115852  
0.1209010496  
0.23375413  
0.258021533  
0.4369717264  
0.07886977245  
0.1797323511  
0.06804220982  
0.09386669038  
0.1146270517  
0.1827815465  
0.198026882  
-0.01659074484  
-0.08713906811  
-0.03954633301  
-0.3203887777  
-0.4194723629  
-0.3778100695  
-0.4956545677  
-0.3196914064  
-0.4316517996  
-0.3121637891  
-0.3554045417  
-0.2720482824  
-0.2178433585  
-0.14283112  
-0.1683122906  
-0.2079351532  
-0.2267687447  
-0.409124541  
-0.4147434984  
-0.26205679  
-0.2501197983  
-0.2266600959  
-0.06236003869  
-0.09281073682  
0.01289378737  
0.1010993653  
0.2123297084  
0.2878584868  
0.2398246379  
0.3617326883  
0.2214677328  
0.1799808693  
0.3419425925  
0.1906762374  
0.1831231451  
0.3313225768  
0.4221941026  
0.3519147303  
0.05769810649  
0.06366744165  
-0.07705654067  
-0.2857926518  
-0.5838406474  
-0.5299899107  
-0.5206544978  
-0.6473168463  
-0.7643597174  
-0.6131782957  
-0.2178283814  
-0.485877527  
-0.3539167826  
-0.5463593395  
-0.7670072062  
-0.661309424  
-0.5344265743  
-0.5650791306  
-0.9097392026  
-0.4892859103  
-0.4048659889  
-0.4501930022  
-0.6484734258  
-0.3188562745  
-0.1041701843  
-0.02175207725  
0.08501708749  
0.1750258098  
0.1336764431  
-0.08239703304  
0.1322572352  
0.005984777768  
0.1044790063  
-0.1526344011  
-0.4015795728  
-0.4434531594  
-0.3896716706  
-0.326649873  
-0.5497637077  
-0.4006746897  
-0.5455268817  
-0.4798903115  
-0.3709463475  
-0.4878155589  
-0.3597514688  
-0.701490328  
-0.4135273733  
-0.3164958299  
-0.3788874789  
-0.3380545945  
-0.07732869768  
0.1091139139  
-0.2162361699  
0.02808028707  
0.3461973186  
0.3627628869  
0.3984476933  
0.6855288373  
0.5086874736  
0.3506907831  
0.1456628831  
0.2590008638  
0.1836578342  
0.02428095911  
-0.3492199086  
-0.1850357162  
-0.2936709008  
-0.1992153122  
-0.2537441045  
0.01961368405  
0.2221975604  
0.215338468  
0.2524968615  
0.4106789754  
0.265644515  
0.1040194402  
0.2046758201  
0.6744628474  
0.3002548935  
0.44553087  
0.5593100158  
0.6720841335  
0.5534821849  
0.3362960595  
0.4802366465  
0.2215780344  
-0.1498436501  
0.1753062937  
-0.01904619096  
-0.2264601069  
-0.08567051934  
0.07551034769  
-0.2031905465  
-0.3159806366  
-0.2832520527  
-0.009130390095  
0.07769982662  
0.06145631234  
0.2233077285  
0.495936827  
0.4804410541  
0.04449842989  
-0.308801869  
0.4688671571  
0.8319549976  
0.5889526839  
0.7716914199  
0.7135099778  
0.5189919904  
-0.2976431302  
0.1830324405  
0.6462317054  
0.7293877166  
1.171160599  
0.2613747185  
-0.02603658352  
-0.4563463273  
-0.4664198642  
-1.691095398  
-1.126195995  
-1.289617428  
-1.134103081  
-0.6611132958  
-0.2950721632  
-0.1744926327  
-0.3521215308  
-0.1117297397  
-0.1896075521  
-0.2308853876  
0.0588231975  
0.6294568037  
0.4298899853  
0.4230285479  
0.6748074734  
0.6711149288  
0.8573324423  
0.8929014183  
0.8487092203  
1.192976852  
0.9129143456  
0.5775204677  
0.3717137887  
0.5238836957  
0.5490027694  
0.2965485177  
-0.07769521854  
-0.1799191406  
-0.192387909  
-0.3072118153  
-0.05462405955  
0.0117773026  
-0.002747660584  
0.1310760069  
-0.1023493798  
-0.04587641753  
0.1790516421  
0.1427085031  
0.03460374402  
0.1496083778  
0.01371110698  
0.1176337902  
-0.1914200965  
-0.2295797802  
-0.4317547661  
-0.621650134  
-0.7504711832  
-0.6370187199  
-0.7071518703  
-0.8138550762  
-0.8813982164  
-0.8108754042  
-0.6185398422  
-0.6732347078  
-0.6005675941  
-0.6020986688  
-0.620397097  
-0.7420020691  
-0.7247334336  
-0.6005149811  
-0.7046918438  
-0.8789296264  
-0.908566896  
-1.135263238  
-1.093724358  
-0.8021616444  
-0.7305460642  
-0.7335745584  
-0.7743073796  
-1.03244459  
-1.095819949  
-0.9498676718  
-0.930479402  
-0.6945619248  
-0.4030306748  
-0.4936990482  
-0.4787037137  
-0.6335426945  
-0.9530673533  
-1.005051157  
-1.000500923  
-1.079755099  
-1.006461426  
-0.8452543993  
-1.044720524  
-0.9046999769  
-0.8493350979  
-0.4501554147  
-0.4458400022  
-0.1259841395  
-0.21937663  
0.206257678  
-0.03102719779  
0.03808689789  
0.03137663796  
0.07008376868  
-0.04773748405  
-0.1241896572  
-0.1040182438  
-0.106554134  
-0.4251230342  
-0.3585004718  
-0.4938068597  
-0.5325415667  
-0.6949318076  
-0.5250218029  
-0.5823167425  
-0.7006760595  
-0.4076386485  
-0.05800856261  
-0.1312117835  
-0.2193940705  
-0.5291220321  
-0.1874355364  
-0.06800354638  
0.04607900242  
0.09673972408  
0.4375749599  
0.4501258791  
0.2423159623  
0.5276147824  
0.5136437208  
0.4067021842  
0.2792526026  
0.4247045686  
0.5108348848  
0.7100668118  
0.6889547855  
0.9094904295  
0.9676489673  
0.8755137965  
0.9396141827  
0.8484049646  
0.6270517707  
0.2404739855  
0.3060548502  
0.06098240447  
-0.1509383515  
-0.391548248  
-0.3169819103  
-0.2618920691  
-0.3406705313  
-0.5416334055  
-0.7082932904  
-0.5748096954  
-0.3437726191  
0.03913567385  
0.06478786472  
0.339375099  
0.5809877568  
0.7423857897  
0.473828019  
0.4572789465  
0.5269424115  
0.4622361219  
0.3303732563  
0.3331818253  
0.3261402968  
0.4975477577  
0.129964385  
0.3214981815  
0.5080123129  
0.6518251102  
0.5262529845  
0.4431638555  
0.506428231  
0.487023893  
0.06077687293  
0.3827122576  
0.3292252611  
-0.1042736758  
-0.134987169  
-0.7819630734  
-0.9057849892  
-0.471526228  
-0.4469564897  
-0.1734680963  
-0.4005549097  
-0.7670413374  
-0.5778458569  
-0.4578641992  
-0.52857884  
-0.4792494907  
-0.5053468284  
-0.6691389369  
-0.3864975148  
-0.4660353167  
-0.4346404657  
-0.220274357  
-0.2801110021  
-0.1475032685  
-0.0486311822  
0.1954746912  
0.008253027622  
-0.03050277657  
0.274535019  
0.08551675586  
0.1469322783  
0.2754905094  
0.4018954698  
0.09446204608  
0.2142016394  
0.234056088  
0.3095629037  
0.0311789813  
-0.03060415651  
0.1050499114  
0.3179728054  
0.03927439175  
-0.1062339206  
0.1013880546  
-0.09464036761  
-0.08057079912  
0.009082824304  
0.2150261884  
-0.2593212574  
-0.2168704591  
-0.3297371017  
-0.1013805378  
-0.3025721407  
-0.4843833539  
-0.3532248506  
-0.5524247105  
-0.6425270733  
-0.5422716179  
-0.2979256962  
-0.2409104858  
-0.3709901122  
-0.2006968896  
-0.1288939202  
0.04510130844  
0.06978077705  
0.2079073443  
0.3061577109  
0.09382661327  
0.03396602019  
0.1922035221  
0.1665290652  
0.3038300303  
0.3765823749  
0.5137463528  
0.1137319444  
0.03210624222  
0.189604232  
0.3455832981  
0.08509727811  
-0.06438208783  
0.01020874195  
0.2109424253  
-0.06846158188  
-0.2307376459  
-0.2135130623  
-0.2874580177  
-0.4035905385  
-0.2213364783  
-0.2022430493  
-0.1826560231  
-0.0434445844  
0.04266420095  
-0.03508070839  
0.06496138427  
0.1369276139  
0.3331391001  
0.2777210274  
0.2746272003  
0.304957466  
0.2258615707  
0.2033774724  
0.1483798248  
-0.1102438423  
0.04661044964  
-0.01386717583  
-0.3767338732  
-0.378765104  
-0.3749892633  
-0.3457651492  
-0.4502985776  
-0.5332093301  
-0.2726189984  
-0.1662110452  
-0.2681354005  
-0.2059334626  
-0.08165252808  
0.1198428042  
-0.2080016505  
-0.4049325368  
-0.2942425174  
-0.1783667944  
-0.1815062796  
-0.2645041892  
-0.4696585598  
-0.3541130739  
-0.5421183508  
-0.686180202  
-0.5579514437  
-0.6371845749  
-0.7733176038  
-0.7481417435  
-0.4988493701  
-0.3681087702  
-0.4948814179  
-0.5216870618  
-0.2314130407  
0.1297868989  
0.5580858098  
0.6246456233  
-0.8661267628  
-1.009016589  
-0.8557272672  
-0.4932598382  
-0.5708825215  
0.02184679058  
-0.582344733  
-0.5669762445  
0.3030405528  
0.3623686955  
0.4032622749  
0.4472201167  
0.8609627177  
0.06653620786  
-0.04992927848  
0.5653917543  
-0.8601326711  
-0.2761764811  
-0.495938975  
-0.5374443571  
-0.8195934448  
-1.042184042  
-0.8480082151  
-0.4377624128  
0.05670306811  
-0.1915358844  
-0.02154492844  
0.2246362831  
0.5201568202  
0.3662062542  
0.2435369225  
0.33344012  
0.4556417365  
0.1729492543  
-0.2700768904  
-0.1459055482  
-0.157564172  
-0.2355622388  
-0.5621909859  
-0.4042847087  
-0.07776490715  
-0.3043814624  
-0.4962966768  
-0.5320983455  
-0.4096060649  
-0.4959105426  
-0.4035568673  
-0.2872118066  
-0.1393306385  
-0.3702443608  
-0.6279315759  
-0.5584620711  
-0.1617574894  
-0.1437300852  
-0.2073589058  
-0.03799131245  
0.4119903408  
0.2904887016  
0.07693229234  
0.07377864823  
0.3204002624  
0.1730215593  
-0.2473005061  
-0.1916754894  
-0.1417578176  
-0.2789798506  
-0.3505271972  
-0.483078573  
-0.2399393725  
-0.1941442302  
-0.495336915  
-0.1414752049  
-0.2291688792  
-0.4287121096  
-0.4231443751  
-0.2487990183  
-0.3873823319  
-0.1897110251  
-0.08999304852  
0.1810808063  
-0.1066065395  
-0.1306985732  
0.03129053535  
-0.05202135772  
0.01218095987  
-0.1067842544  
0.1877319641  
0.1133101428  
-0.1715651388  
-0.3997988268  
-0.9825545089  
-0.5061428278  
0.3546739272  
0.5157325318  
0.2683499961  
0.6806237192  
1.037103947  
0.6604089987  
0.5117637014  
-0.470157193  
-0.5246411645  
-0.961539016  
-1.113013489  
-1.512857708  
-1.572972955  
-1.886671023  
-1.352256032  
-1.248948411  
-0.7171529363  
-1.400346152  
-0.8538477478  
-0.819658495  
-0.7570363288  
-0.6741130906  
-0.5238978423  
-0.4017284632  
-0.3911075664  
0.03033205512  
0.3705783399  
-0.2645037461  
0.1217550594  
0.5897829446  
0.8035827211  
0.1284614539  
0.8387157512  
-0.05819784239  
-0.05091385827  
0.4299365099  
-0.25322132  
-0.5025641753  
-1.037825417  
-0.676266881  
-0.4715671446  
-0.4043279089  
-0.8439801613  
-1.227005964  
-0.9305602736  
0.05666313511  
-0.3790526503  
-0.4691259537  
-0.4256331177  
-0.9158420791  
-1.10674432  
-1.043804488  
-0.5301989721  
-0.4844327871  
-0.6720803889  
-0.3366717567  
-0.091444035  
-0.1145297413  
-0.3736547865  
-0.1735271661  
-0.05357095689  
-0.2740027845  
-0.4692343539  
-0.2475847548  
-0.4324933907  
-0.453198816  
-0.4590212503  
-0.1575708282  
-0.3562709173  
-0.3829807274  
-0.3361073281  
-0.07832355604  
-0.1085389554  
-0.1393606122  
-0.1454218765  
-0.1375811168  
-0.07889082461  
-0.1031350505  
0.1838407289  
0.06270145827  
-0.1259198761  
0.005210507152  
0.1251813621  
0.3694678569  
0.04494401498  
0.07940356675  
0.09425993952  
0.045757628  
-0.1420428112  
-0.001872748999  
-0.05896656907  
-0.4613745718  
-0.4660166325  
-0.1878191454  
-0.4038339025  
-0.1381027604  
-0.0589700344  
-0.1045414988  
-0.5048896345  
-0.5242860984  
-0.5854153909  
-0.504191863  
-0.7585547515  
-0.3807835008  
-0.4163715288  
-0.3619364466  
-0.1795772321  
0.001855689583  
-0.2229355978  
-0.03260229839  
0.1447716322  
0.06523450851  
-0.1638550062  
-0.03579106403  
-0.3733833974  
-0.4070524211  
-0.4835024362  
-0.3524641622  
-0.6315255647  
-0.5429532908  
-0.4488414503  
-0.2328674393  
-0.6528583681  
-0.4381430694  
-0.5897258182  
-0.3187325749  
-0.9865904891  
-0.6615051375  
-0.8384179847  
-0.1874527717  
-0.2143694711  
-0.4928665254  
-0.4688971837  
-0.1482321503  
-0.3578942885  
-0.910846563  
-1.30866173  
-1.078753931  
-0.7164787033  
-0.592849137  
-0.3844486984  
0.2937959973  
-0.1935385844  
-0.1273710362  
-0.1579977058  
-0.07970144164  
-0.3893069478  
-0.3252433196  
-0.5156914759  
-0.152551119  
-0.05980761257  
0.2869311149  
0.6359762825  
-0.2182737435  
0.3583255747  
0.7578885711  
0.3142642514  
0.06822874995  
1.120696658  
0.8899207339  
1.284738656  
0.543127346  
0.7570628315  
0.2673810841  
0.4038061772  
0.289983781  
0.5378735924  
0.1892677142  
0.02190281522  
0.1063331352  
0.2868189887  
0.3543114041  
0.3916541987  
0.2173371236  
0.6562652449  
0.6348142194  
0.2123881816  
-0.3282972774  
-0.05477213359  
0.2023257488  
0.5513278294  
0.6090112779  
0.4551658687  
0.6464698842  
0.9153288818  
0.9229840017  
0.4585293635  
0.6309068258  
0.6415165585  
0.3865150634  
0.424945838  
0.5083325189  
0.6160125212  
0.5259260067  
0.3886972391  
0.4163750566  
0.1858135858  
0.1685385594  
0.1012642748  
0.6967472899  
0.6814836254  
0.3908100293  
0.6083065592  
0.5870676881  
0.4073123064  
0.1583271576  
0.1460190555  
0.4571017681  
-0.001712704239  
-0.1444948816  
-0.07475335464  
0.2288363477  
-0.3014895964  
-0.3467003938  
-0.2800800359  
-0.3242423846  
-0.4206615378  
0.4450435001  
1.019789745  
1.176827276  
1.29855712  
3.013141435  
3.307080525  
1.748698189  
2.18405239  
0.4442135618  
1.432214983  
0.5642111848  
1.239589127  
1.266764193  
1.514969525  
1.06869444  
0.8618873184  
0.7009071789  
1.055738853  
1.05393669  
0.7211462411  
0.4697529962  
0.7729751699  
0.4761759865  
0.5383560177  
0.4175057465  
0.592846178  
0.7505257798  
0.5289259334  
0.2636847549  
0.5458283523  
0.9842772788  
0.978452251  
0.6946644036  
0.7646005903  
0.8128105101  
0.7024570842  
0.4019477819  
0.6846330731  
0.6442929498  
0.4531975952  
0.04440629764  
0.1526383425  
1.294525135  
0.7544144922  
0.7667110619  
0.7068020204  
0.6652801646  
0.8556682281  
0.6725795734  
1.177707968  
1.048665399  
0.4286381821  
-0.1094512494  
-0.835049384  
-0.3218496644  
0.57422461  
0.2509056429  
-0.1204384529  
0.4597589977  
0.4892803461  
0.7159208166  
1.355945438  
1.843729434  
1.616809636  
1.044546613  
1.113112848  
1.427277513  
1.386770567  
2.085793193  
2.056399867  
2.186546369  
2.152196486  
2.147154197  
1.840500219  
1.409363264  
1.393267994  
1.628254438  
1.651284476  
1.414397206  
0.7811132676  
1.004830009  
1.295403472  
0.8380913579  
0.4203944916  
0.2706235545  
0.3906602092  
0.1400775773  
0.004184422892  
-0.07161504525  
-0.1208286663  
0.04870826097  
0.05884184314  
-0.2720606141  
0.07688399288  
0.2541173072  
0.9041844473  
-0.01035168256  
-0.2324978713  
-0.3281168238  
-0.1044250304  
0.1207279922  
0.3498535204  
0.1346530111  
-0.1883170322  
-0.4573764207  
-0.5921223365  
-0.5238660116  
-0.4570078623  
-0.3365391131  
-0.9519749238  
-0.9284545398  
0.2698391472  
0.4145789286  
-0.222684517  
-0.8243566243  
-0.8052377208  
-0.6415106048  
-0.4881895182  
0.1557833095  
0.1658850389  
0.03537820901  
0.1244384471  
-0.08692819397  
-0.3623965039  
-0.9704979252  
-0.4561913423  
-0.2095644374  
-0.2487312202  
-0.233924324  
-0.06612836144  
-0.6340639392  
-0.872619761  
-1.529323683  
-1.542017423  
-1.337379175  
-0.8716211724  
-0.3423590331  
-0.6836127803  
-0.6851116839  
-0.4486142649  
-0.6540334545  
-0.6386341771  
-0.5053811086  
-0.553944313  
-1.322932142  
-0.8022745446  
-0.9760622114  
-0.6453478119  
-0.03308920917  
0.4742532949  
0.6760875902  
0.1792063409  
0.1406262163  
0.9482421022  
0.8714909248  
