0.5718260706  
0.2955010674  
0.5347123652  
0.02732966735  
0.169409732  
0.4851866363  
1.091771929  
1.116626271  
0.655610566  
0.6159553274  
0.816006952  
0.5606940047  
0.2233097546  
-0.2845525956  
-0.4919792929  
-0.7912253973  
-0.2510327962  
-0.35190764  
-0.5661359249  
-0.179321886  
-0.1565137773  
0.1735998955  
0.4206658849  
0.4242034719  
0.4697632363  
0.8114945188  
0.1985214681  
0.3380266314  
0.5145233584  
0.1185461582  
-0.1475662338  
-0.3121452576  
-0.3420523093  
-0.1407056115  
-0.30108178  
-0.3093394434  
-0.5791142882  
-0.2575063546  
0.3053816627  
0.1860361577  
0.1717340952  
-0.3180188244  
-0.9023465006  
-0.5342070151  
-0.4405170192  
-0.563275201  
-0.6738581923  
-0.1766793176  
0.4182730054  
-0.2318288004  
-0.5594026993  
-0.2965798165  
0.06289046877  
-0.05693696103  
-0.5028302286  
-0.3022600938  
-0.1603079572  
-0.4508298219  
-0.3349355466  
-0.3724192952  
-0.3544077995  
-0.5225570686  
-0.4697983506  
-0.7060233968  
-0.8430000478  
-0.2236605982  
-0.1024710782  
0.04041446856  
0.1538059872  
0.1033051391  
0.6845893665  
0.6336168832  
0.2823525069  
0.2421818841  
0.2436008731  
0.8860815381  
0.2486963985  
0.0305602641  
0.1729959312  
0.4269624116  
-0.2651303125  
0.4201312187  
-0.1024504787  
0.1819850902  
0.2469745565  
0.2764426746  
-0.4783759269  
-0.2225311037  
-0.2394266839  
-0.6991473161  
-0.9346711433  
-0.9584875578  
-1.14331333  
-1.21792172  
-0.6102134452  
-0.4004358955  
-0.8066637885  
-0.4923670802  
-0.6912699712  
0.06775155302  
-0.6197535821  
0.1715824499  
1.66384886  
1.85423168  
0.9445456889  
0.9531846861  
1.249668192  
0.6683721074  
0.6587988595  
0.6997683623  
1.368602162  
1.038391458  
1.23774625  
0.6665812336  
1.162487794  
0.7464205586  
0.417773457  
1.115950365  
0.4245030161  
0.5937010063  
0.8434849334  
1.079415456  
1.359550382  
0.3314572433  
0.943998554  
0.4839635387  
0.3236690268  
0.6467180433  
1.161650156  
0.898480906  
0.6681804133  
0.422591752  
0.6506376843  
0.05138862938  
0.1048509253  
0.04108989438  
-0.3817383081  
0.08767536043  
-0.03184028391  
0.198720061  
0.1986687578  
0.3085731195  
0.7553665554  
0.8005447302  
0.8102428455  
0.3070968558  
0.506298704  
0.3029734022  
0.5140952092  
0.127092585  
0.4838983824  
0.2825764324  
0.2330690652  
0.3692451746  
0.5551434474  
0.1455178949  
-0.2855076364  
-0.3848450951  
-0.3977674983  
-0.5920316503  
0.4376707091  
-0.27968446  
0.02507289445  
0.01664391386  
0.1390793492  
0.6137559531  
0.5997546106  
0.4511510319  
0.8408614605  
0.04333276915  
0.5941816414  
0.7499999795  
0.2038606618  
-0.1635371026  
0.3744227807  
-0.2618830493  
-0.1545683582  
-0.009289293533  
-0.02798238617  
-0.7011713081  
0.1236503035  
0.05052887858  
-0.1987922647  
0.1945759376  
0.00948916909  
-0.3064271499  
-0.1908436564  
-0.1129285116  
0.4128466334  
0.01027055334  
-0.07969145237  
0.5102663038  
0.07857763474  
0.1158761147  
0.3215151364  
-0.01348448481  
0.01441078228  
0.1894189713  
0.3814082715  
-0.06167305231  
-0.5371108163  
-0.1368202503  
-0.1776645318  
-0.231326807  
-0.1417812517  
-0.385489992  
-0.116772523  
-0.3085703518  
-0.3224081657  
-0.03361140239  
-0.02445755567  
-0.413483385  
-0.2015106177  
0.1356457647  
-0.1116254131  
-0.2912242617  
-0.5347302373  
-0.250142894  
-0.7114116508  
-0.8069603192  
-0.7033584111  
-0.3315619066  
-0.6813124743  
-0.5582482798  
-0.5440926836  
-0.151794898  
-0.414685496  
-0.7351445366  
-0.4394381351  
-0.6648763736  
-1.070495268  
-0.5220217117  
-1.080683805  
-0.9437819288  
-1.274398616  
-0.7441719185  
-0.8415971897  
-0.8822016843  
-0.8407445826  
-0.8113826375  
-1.092398952  
-0.6823351516  
-0.9674654463  
-0.2577932526  
-0.529568083  
-0.1194246391  
0.06268751597  
-0.3322616455  
-0.130700548  
0.09939228954  
0.1541293505  
-0.5019023895  
-0.5700838316  
-0.04366938552  
-0.5820114501  
-0.8174056489  
-0.8273463437  
-0.2506083126  
0.1449717114  
0.1425276537  
0.2321426817  
0.1379575743  
0.2172179795  
-0.1029536328  
0.02763362638  
0.5970607725  
-0.05066612173  
0.1642578544  
0.5908990511  
0.333839483  
0.04608151559  
0.365712482  
0.3325837947  
0.1009413963  
-0.2028109727  
-0.08803530686  
-0.2297176618  
-0.6970641966  
-0.4034675889  
-0.3218308212  
0.2240767215  
-0.09086172198  
0.3425695781  
0.3478804367  
0.4152516522  
0.7889125538  
1.02595637  
1.385560872  
0.825798456  
1.197550641  
0.9017616674  
0.6623026273  
1.030631291  
0.5489448387  
0.7421241938  
0.4176144228  
0.2596520578  
0.145981922  
-0.457317008  
0.07400508487  
0.2311677795  
0.3891908827  
0.5989820419  
0.4477409974  
0.608271234  
0.521565959  
0.9002984268  
0.835595001  
0.5653075529  
0.8375763815  
0.2297230716  
0.1623477574  
0.4067423855  
0.2981930332  
0.9236217117  
0.4020735812  
1.243994454  
1.001964972  
0.9310331698  
0.7636158843  
0.9512493034  
0.7666411482  
0.4711404999  
0.801830706  
0.2728851838  
-0.2662977186  
0.4370358166  
-0.129209385  
0.0786099931  
-0.2735838527  
-0.02025589598  
-0.1585139329  
-0.5658725716  
-0.6739469029  
-0.717180211  
-0.3793186222  
-0.7253240897  
-0.6402804274  
-0.4147703801  
-0.7329522309  
-0.3121986418  
-0.1880350621  
-0.1800037484  
-0.2713631095  
-0.4673614978  
-0.9082401473  
-0.3300988562  
-0.1999026257  
-0.5687499568  
-0.6029769235  
-0.4560404164  
-0.3197541894  
-0.5229459855  
-0.4262743407  
-0.5602471006  
-0.1686736138  
-0.4929803332  
-0.6960101902  
0.002375712038  
-0.2967701554  
-0.3315127904  
-0.173555695  
0.2082409406  
0.02715364622  
0.04909375755  
0.2721729175  
-0.3099161744  
-0.2487429147  
0.1868061752  
0.1841004924  
-0.1369083674  
-0.356231424  
-0.0792364539  
-0.4495136673  
-0.1546928796  
-0.1603982437  
-0.1335124178  
0.0843723549  
0.1387371902  
0.2246097267  
0.3451540913  
0.701167496  
0.1485690324  
0.3459936964  
0.7371012833  
0.9328093594  
0.7446786215  
0.03347107361  
1.124426462  
0.5941155299  
-0.1584790936  
-0.08425833484  
0.4578999133  
-0.1747964114  
-0.5633307326  
-0.02109275245  
-0.424175325  
0.1315642323  
0.1827917466  
0.3048606792  
-0.1515464104  
0.260801357  
-0.5005438597  
-0.005473639026  
-0.4259046716  
-0.2951030043  
-0.4811919656  
-0.2260327566  
-0.6002368674  
0.06621531068  
0.216557616  
0.4836302277  
0.8434396097  
-0.4237526016  
0.1208523085  
0.7559721748  
1.027478586  
0.01989576573  
0.6866371117  
0.1135090456  
-0.5509698025  
-0.6933195476  
-0.1773316828  
-1.039666331  
0.3277882116  
-0.6147026755  
-1.665441246  
-1.724727438  
-1.288303935  
-2.329700531  
-1.652446738  
-0.9759227208  
-1.975355777  
-0.7087241018  
-0.6486941128  
-0.6924825276  
-1.160769799  
-0.4257219643  
0.06072571963  
-0.5214680192  
-0.2715197961  
0.6544449375  
0.5615156895  
0.5623674478  
0.4163349957  
0.6576460761  
0.5842553988  
0.4508471076  
0.3735408846  
0.2109892683  
0.6126515684  
0.1540773888  
0.07320189442  
0.2404333449  
0.2337784833  
0.2092391781  
-0.2120639651  
0.3597950135  
0.3497684883  
-0.1063637481  
-0.4078561955  
0.381164267  
-0.02984602819  
0.3426509138  
-0.06178874441  
0.2303520489  
0.5256533297  
-0.1356104937  
0.05628237073  
0.3292196689  
0.3300199566  
0.5390292598  
0.1886404229  
0.4974197338  
0.4565206848  
0.5430271484  
0.1892915722  
0.6473496402  
0.6377711651  
0.4930931909  
0.1754981374  
0.6770851419  
0.9543159639  
0.4812029953  
0.3527828832  
0.5186942194  
0.4417857945  
3.349611829e-05  
0.2335044357  
0.2098747611  
0.1140446522  
-0.3814152854  
-0.6949620772  
-1.19027531  
-1.739407574  
-0.5275585542  
-0.6249849777  
-0.5533104359  
-0.7476418704  
-1.106929193  
-1.473492219  
-1.349209073  
-1.150689607  
-1.124805531  
-0.9753331429  
-0.7815737056  
-1.003329179  
-1.161501336  
-0.8776626653  
-0.4283828662  
-1.143006236  
-1.047155333  
-0.7651658631  
-0.667624865  
-1.050767113  
-0.3624429468  
-0.989830451  
-0.3145328515  
-0.4484986151  
0.4489552142  
-0.250759846  
0.4980161367  
-0.1577436507  
-0.02527746293  
0.1623913675  
0.2564684308  
-0.05232841406  
0.2502643909  
0.06405279068  
0.2744289659  
-0.4005337633  
-0.1213223159  
-0.09035602303  
-0.9936722913  
-0.6460103299  
-0.7062353012  
-0.7002194528  
-0.7124815936  
-0.1719278424  
-0.4599536528  
-0.03063939858  
-0.240617685  
-0.2180742799  
-0.3610607862  
0.08200547664  
-0.08009207247  
-0.1728387885  
0.3244097611  
0.3155773992  
0.3209849315  
0.1903023778  
0.2800907961  
0.264589764  
-0.3147145785  
0.1724592581  
0.333339626  
0.2619525191  
0.1563957163  
0.2696889312  
0.4420869658  
0.2991439479  
0.2215907273  
0.4964054467  
0.3430581096  
-0.4678083762  
-0.5017727154  
-0.02430634616  
-0.2636450936  
-0.2222418492  
0.06078833451  
0.3274165544  
-0.1154651178  
0.2718235458  
-0.2051094421  
-0.3088748206  
0.1602591544  
0.6698885913  
0.376933838  
0.6788322427  
1.015032649  
1.210076103  
0.5394540594  
0.5369122365  
0.9097977577  
0.6219176473  
0.06729932371  
0.3504326593  
0.2311737427  
0.3226524281  
-0.1285671924  
-0.2446803219  
0.04603252605  
0.1339585608  
-0.1830878207  
-0.2657699947  
-0.2727969461  
-0.1382370553  
-0.307295011  
0.164008698  
0.06897434388  
-0.3285043889  
0.04231055445  
-0.7484264614  
-0.6063475091  
-0.2831755245  
-0.7447208661  
-0.5374242087  
-0.49439678  
-0.8529320907  
-0.6343910452  
-0.5066616434  
-0.6795293403  
-0.3419525251  
-0.6198725321  
-0.4873914139  
-0.6538454213  
-0.4425597609  
-0.311915206  
-0.4170670331  
-0.2901360009  
-0.4577123886  
-0.3257593828  
-0.5665917586  
-0.2887043286  
-0.5786508697  
-0.08836614049  
0.1353972084  
-0.2358736254  
0.07248489276  
-0.1821147105  
-0.1280855604  
0.001470824066  
-0.1061859533  
-0.09331180642  
0.02416146349  
-0.4483491989  
-0.1937956792  
-0.133354361  
-0.4913941306  
-0.766012481  
-0.650416114  
-0.3367172704  
-0.6069736664  
-0.2497061779  
-0.1973533565  
-0.6123447624  
-0.2050488098  
-0.7428934225  
-0.2210989622  
-0.5398560676  
-0.5692984317  
-0.6552030286  
-0.9809563211  
-1.018852912  
-0.7740959492  
-0.746669884  
-0.4778414792  
-0.7744150832  
-0.8317720545  
-0.5615423168  
-0.2735200098  
-0.3442628513  
-0.1824394041  
-0.4204267386  
-0.4421990306  
-0.7716481463  
-0.6271646701  
-0.6893202875  
-0.3725735319  
-0.1310336199  
-0.5920652804  
-0.335955513  
-0.2125466488  
-0.292472405  
0.1118117133  
-0.2377000422  
0.07038242257  
-0.1365666845  
0.1106305307  
0.114459453  
-0.2752742865  
-0.3349743726  
-0.4188761302  
-0.3805545435  
-0.93374371  
-0.5890608938  
-0.1234261204  
-0.2421584721  
-0.1721189993  
-0.1860575466  
-0.2438811556  
-0.06233752037  
0.07540391191  
0.04737376253  
-0.01521141459  
0.3927347077  
0.1728400745  
-0.01043810774  
-0.2820742536  
-0.08471128317  
-0.4064716648  
-0.4000501813  
-0.3653106594  
-0.4030694786  
-0.1454243398  
-0.2404237739  
-0.2986193388  
-0.1694490615  
0.1076590096  
-0.598255845  
-0.3511296648  
-0.132884099  
0.03460360979  
-0.02612709581  
0.09014386637  
-0.1036426271  
-0.003030062494  
-0.1617916438  
-0.137153428  
-0.4169716343  
-0.4992001677  
-0.1792428423  
-0.2987907732  
-0.07646146307  
-0.3978955986  
-0.2572365693  
-0.04645271813  
-0.3094225623  
-0.3255553986  
-0.5882878651  
-0.3964963693  
-0.7998375004  
-0.8874350049  
-0.8612031319  
-0.04063917824  
-0.2413325276  
-1.38515091  
-1.373337757  
-1.50899022  
-1.001490748  
-1.354743899  
-0.7868547875  
-2.085751661  
-1.374312456  
-1.064988071  
-1.072001254  
0.09866306469  
-0.4939738637  
-0.6131762606  
-0.5734066119  
-0.566614909  
0.5836222568  
-0.1326848317  
0.04408218149  
0.1274046766  
-0.5123175218  
-0.4481158095  
-0.3169641255  
-0.593020524  
-0.6211406179  
-0.4891684558  
-0.6741090486  
-0.1005587258  
-0.2951829519  
-0.01286175291  
0.06055998072  
0.119139161  
0.4309311446  
0.379277162  
0.4142130864  
-0.03673654615  
0.07467970108  
0.03056880916  
0.08722559543  
-0.008972454239  
-0.2588153917  
-0.03993566408  
-0.2784405444  
0.02885348486  
-0.3252379089  
-0.3053669937  
-0.4215542608  
-0.9046604926  
-0.433575397  
-0.1808601115  
-0.2659106678  
-0.3356833865  
-0.009106001522  
-0.1887209022  
-0.07697324926  
-0.1460918441  
0.141324456  
0.2124076473  
0.2869433223  
0.04872281953  
-0.1141483714  
0.08607089875  
0.2719484631  
0.08088694553  
0.4000973727  
0.06858372982  
0.02278691291  
0.2281765993  
0.2154335938  
0.351524355  
0.5888548129  
0.05967550427  
0.1843375784  
0.1014218684  
0.2497645828  
0.2649892238  
0.507138219  
0.2910476483  
0.6058665435  
0.3519163581  
0.2346621681  
0.05494726757  
0.2375276375  
-0.1567430558  
0.04892276001  
0.4297652494  
-0.06811802689  
-0.2268119935  
-0.3125834884  
-0.1297784776  
-0.5803745595  
-1.391155398  
-0.5921315965  
-0.03990879501  
-0.0343985232  
0.6588834418  
0.4882826755  
1.035282484  
0.2763675929  
-0.0967543355  
-0.2041934648  
-0.1797155261  
-0.2390778774  
-0.4426091642  
-0.4928290447  
-0.7061439303  
-1.018884484  
-0.3216828551  
-0.3186226285  
0.2281480297  
-1.087126493  
-0.290305962  
-0.7672798704  
-0.5030633571  
-0.6972102015  
-0.5166681902  
-0.4650784277  
-0.1933737591  
-0.1317779938  
0.2983707768  
-0.2844907588  
-0.2120995183  
0.006896278609  
0.6063856463  
-0.08049853875  
0.7449763268  
-0.4821205007  
-0.1941334882  
0.1934356842  
0.005951784664  
0.1752517607  
-0.5582852213  
-0.2321003094  
-0.01563808757  
0.1661054286  
-0.4548634875  
-0.4730225156  
-0.8114871145  
0.02367887436  
-0.2860317913  
-0.236150937  
0.08652006776  
-0.1282562087  
-0.2898308937  
-0.6039180332  
0.2407030454  
0.4702550045  
0.1502261828  
0.1572099568  
0.2022987216  
0.2400400312  
0.224885166  
0.1827873942  
-0.125182257  
0.1386908741  
-0.1860907672  
-0.2182822685  
0.04891691116  
-0.1596088125  
-0.3838272576  
-0.2578344718  
-0.2263434884  
-0.2598377322  
-0.4628833828  
0.02033890564  
-0.03257852894  
-0.1926554774  
0.03727467643  
0.4084512913  
0.07161534857  
-0.1636189227  
0.0792287183  
0.6163599057  
0.2647996651  
0.3663052263  
0.2110366896  
0.5464213145  
0.3377462177  
0.2704802201  
0.04685851445  
0.3673114923  
0.3078034976  
0.08352437791  
0.2854572956  
0.5814068975  
0.248719674  
0.4405628989  
0.6116296046  
0.4064881246  
0.5363378313  
0.3936308109  
0.2886934345  
0.3068271013  
0.1745018723  
0.3749603157  
0.05052386483  
0.3009210696  
0.345554579  
0.1140133761  
0.04169137078  
0.7755037511  
0.1422032842  
0.4525437411  
0.55297188  
0.6014204647  
0.2355027176  
0.329072421  
0.6369153787  
0.6888439722  
0.4803315719  
0.3845947284  
0.4042757676  
0.287653909  
0.2489037428  
0.7441070115  
0.1483992249  
0.04717821969  
-0.5021594496  
-0.1719474913  
-0.9087103666  
-0.8433049624  
-1.076810649  
-0.8207579247  
-0.6803582559  
-1.008032049  
-1.336701598  
-0.9731584827  
-1.08361469  
-1.011712847  
-1.242942586  
-1.107616933  
-0.6289614557  
-0.6841078015  
-0.2278627172  
-0.1957429356  
-0.3228026226  
-0.2928165095  
-0.5015466848  
-0.4172285726  
-1.274019993  
-1.061808014  
-0.9082852167  
-0.7921597388  
-0.4719914151  
0.07631121539  
0.973134544  
0.1804522655  
0.2028667456  
1.294916742  
0.5740810341  
1.127440112  
1.816464852  
0.9109162306  
0.5214898997  
-0.09710571971  
0.6320679844  
-0.2477218093  
0.1268155764  
-0.0370896038  
0.1668362779  
0.1088226168  
-0.02108871877  
0.3449954743  
0.5740290518  
0.6821660955  
0.8899397853  
0.7188846992  
0.787284828  
0.626054613  
0.4700733862  
0.3388726389  
0.4267531847  
0.2436503781  
0.9636065095  
0.8471839869  
0.7146222088  
0.7935818036  
1.142225419  
0.7378309382  
0.7875544416  
0.8221051093  
0.7262764908  
0.7225191442  
0.4093531426  
0.7103410585  
0.8806837617  
1.053762824  
1.032529837  
0.6133277404  
0.4625086355  
0.4108062465  
-0.1881484798  
0.2444642633  
-0.2499048162  
-0.2572782149  
-0.1695890291  
-0.1134403028  
-0.1098176445  
-0.2053252214  
0.2816552352  
0.6407155225  
0.3863863202  
0.305557961  
0.2557146183  
0.1403165512  
0.1568576999  
0.1566988013  
0.3918537321  
0.5285978106  
0.2768562324  
0.6289119929  
0.6445210981  
0.1704769551  
0.7938062848  
2.464692357  
0.8524382884  
0.4665468958  
1.54467929  
0.08275428321  
0.9924119655  
-0.3315000085  
0.4026890822  
-0.06935697931  
0.333363826  
-0.05603118076  
0.2676855566  
0.5163715044  
0.8415472509  
0.3236778122  
0.8830235616  
0.1318441338  
0.3342387585  
-0.204392056  
0.2830301967  
0.4615067019  
0.64565239  
0.9391615663  
0.9317170043  
1.189349825  
1.274248427  
1.257350608  
1.730146387  
1.378377175  
1.491578733  
1.586021034  
1.674273772  
1.487046548  
1.361181238  
1.048691338  
0.8516968103  
-0.05676045511  
0.4374875579  
1.263522757  
0.7380012533  
0.3863416088  
0.02548924333  
0.2404068623  
-0.1474621808  
0.1655595741  
0.2981392648  
0.4754525369  
0.7403036361  
0.5112540494  
0.2984284329  
0.0576396048  
1.018688843  
0.6844696919  
0.1263592692  
-0.07326739139  
-0.4071515488  
0.2950592696  
0.3776844333  
0.9238768862  
0.5453742955  
0.3656293895  
0.6187609106  
0.6926648192  
0.799145627  
1.133121938  
0.7605120229  
1.139530696  
1.144260886  
1.119817298  
1.441734151  
0.818556112  
0.9021357736  
0.8315962551  
1.274558914  
1.088686788  
0.855727786  
1.051588671  
0.9853330437  
0.7736001526  
0.5946627449  
0.4232399116  
0.4205585566  
0.3247600655  
0.412268329  
0.4306544854  
0.01909145892  
-0.1272641356  
0.02573395466  
0.0912093363  
0.2039371722  
0.4660951836  
0.7957534307  
-0.521775116  
-0.3418436691  
-0.4966456236  
-0.8350953745  
-0.4409876043  
-0.6483812165  
-0.8684720042  
-0.810988146  
-0.5040804202  
-1.067806893  
-0.6865963485  
-0.3510608747  
-0.4026643266  
-0.8404921437  
-0.2822638849  
0.3663641845  
0.5135536808  
0.1757565123  
-0.2846546168  
-0.2295304693  
-0.01024139496  
0.01638362323  
0.5155888999  
0.4674421466  
0.3751280889  
0.1959382504  
-0.4373754712  
-0.4441071688  
-1.19517949  
-0.7833117543  
-0.979297913  
-0.8782487868  
-0.8325439454  
-0.8218318703  
-1.525688607  
-0.9531178064  
-1.829264001  
-0.7347981717  
-0.876481712  
-0.2568914022  
0.1014933571  
0.08240914851  
-0.01540871121  
0.1198437878  
-0.5103470016  
-0.3031497777  
-0.4635170363  
0.06350345259  
-0.6921898158  
0.1833902837  
0.2467922476  
0.1218202035  
0.7623681983  
0.8335353168  
0.9155459289  
0.3240348213  
0.6841301094  
1.14189168  
0.7145208866  
