7561.703002  
7553.047173  
7516.68309  
7515.466825  
7526.574995  
7517.743262  
7534.547204  
7531.461285  
7523.626653  
7513.799336  
7526.026733  
7523.418587  
7518.026589  
7526.222502  
7516.621192  
7524.0305  
7513.875235  
7522.484824  
7529.792055  
7533.179262  
7529.23852  
7523.999464  
7550.958862  
7529.476621  
7532.372077  
7553.505369  
7542.695678  
7541.032453  
7549.450712  
7577.891482  
7564.542501  
7551.748876  
7558.659203  
7564.990344  
7562.696823  
7555.569532  
7550.808161  
7563.983778  
7540.851227  
7531.329778  
7542.229739  
7524.698839  
7523.529832  
7517.292381  
7531.576329  
7526.684308  
7513.97061  
7519.228198  
7531.434148  
7525.801643  
7512.524741  
7516.430948  
7513.711525  
7517.465561  
7511.616132  
7516.952866  
7528.723809  
7530.926991  
7525.538358  
7538.215444  
7529.257436  
7519.361844  
7544.610724  
7544.817816  
7530.18813  
7525.347978  
7536.458746  
7525.910264  
7534.34878  
7535.481519  
7552.844681  
7548.171192  
7543.823823  
7553.862083  
7556.284307  
7555.206141  
7544.994249  
7554.708891  
7564.367575  
7546.275182  
7529.461472  
7524.746326  
7531.785048  
7512.841048  
7508.922334  
7512.738893  
7514.625099  
7532.351548  
7529.45706  
7537.98107  
7543.158892  
7542.610764  
7552.769047  
7546.507971  
7541.930247  
7542.189697  
7532.986241  
7540.934189  
7546.953345  
7523.707161  
7530.817553  
7534.722513  
7524.399279  
7511.86323  
7515.325681  
7517.343233  
7521.53706  
7506.687169  
7513.370813  
7525.20152  
7518.05074  
7518.243745  
7525.02602  
7541.997843  
7543.206106  
7538.602429  
7542.207035  
7545.922323  
7554.038721  
7544.398879  
7526.533184  
7540.787718  
7537.083437  
7521.204683  
7536.430555  
7537.442191  
7542.184031  
7540.547163  
7534.451025  
7537.737994  
7533.028216  
7529.990114  
7528.188059  
7526.813565  
7539.842401  
7548.207743  
7484.934579  
7476.024296  
7485.031007  
7512.571226  
7492.50998  
7520.929106  
7505.381452  
7467.542185  
7488.116575  
7494.746858  
7508.967012  
7472.656734  
7514.326127  
7458.27315  
7524.344108  
7535.595152  
7493.35294  
7508.301927  
7496.94137  
7504.844566  
7492.318658  
7478.353734  
7478.914003  
7494.286674  
7523.125569  
7507.919694  
7518.161053  
7520.138642  
7550.102445  
7549.401461  
7552.651722  
7560.88767  
7577.130455  
7572.07672  
7548.282492  
7558.600876  
7550.038858  
7566.427372  
7547.601709  
7547.130348  
7561.366454  
7561.714244  
7540.799225  
7535.815694  
7539.65751  
7534.753551  
7529.362037  
7534.364413  
7543.784091  
7540.660704  
7530.184592  
7529.313852  
7524.100524  
7539.657142  
7549.93267  
7544.785677  
7551.725761  
7562.382457  
7546.712795  
7539.644861  
7544.981415  
7553.316159  
7551.423043  
7544.742639  
7544.48373  
7543.664071  
7544.87645  
7543.826637  
7552.559795  
7560.460652  
7549.917058  
7557.947153  
7556.985673  
7555.248827  
7567.568804  
7559.218604  
7566.698683  
7573.005472  
7573.92005  
7572.755722  
7570.805551  
7560.540979  
7549.859156  
7546.885013  
7537.916526  
7517.249836  
7532.649588  
7527.316466  
7538.851326  
7503.367014  
7474.413125  
7498.307229  
7565.090801  
7565.46439  
7530.835331  
7550.411879  
7588.339355  
7561.431496  
7594.352133  
7555.065616  
7550.655663  
7541.649108  
7533.610224  
7511.921147  
7508.454283  
7486.761124  
7505.934783  
7503.117428  
7504.213495  
7484.124296  
7495.202466  
7481.966849  
7485.751276  
7480.08377  
7490.617158  
7493.915197  
7500.233285  
7509.418835  
7525.121172  
7509.58927  
7525.371308  
7517.17004  
7527.497692  
7471.864536  
7515.042421  
7462.188833  
7469.287047  
7529.218266  
7485.440667  
7509.537655  
7472.019201  
7488.793747  
7489.936492  
7503.255552  
7490.65134  
7476.455051  
7503.326483  
7500.678426  
7486.96532  
7501.071888  
7509.147896  
7485.613625  
7487.88656  
7478.090805  
7509.758818  
7512.951965  
7496.462699  
7514.002107  
7533.337641  
7533.131944  
7527.581655  
7541.018014  
7556.419977  
7542.652263  
7537.783708  
7543.213582  
7549.830026  
7536.162836  
7534.935422  
7553.430844  
7557.209623  
7539.441364  
7541.005977  
7554.695528  
7540.092029  
7536.489597  
7529.206862  
7553.57081  
7537.207834  
7528.670302  
7538.133499  
7549.575291  
7535.429868  
7539.863576  
7547.005  
7567.971347  
7546.271276  
7540.537313  
7547.031885  
7549.418324  
7536.954645  
7534.874645  
7538.150785  
7533.373614  
7528.556547  
7533.601439  
7531.668752  
7533.527655  
7534.01826  
7544.275801  
7534.562452  
7527.972992  
7544.082456  
7544.777253  
7529.26838  
7549.652419  
7549.590056  
7539.358372  
7553.365674  
7568.665156  
7545.99091  
7555.847029  
7569.675833  
7566.744965  
7562.384356  
7585.689386  
7579.324153  
7572.866181  
7563.30855  
7582.514234  
7558.479355  
7549.248492  
7555.313553  
7551.468869  
7503.409442  
7523.30492  
7515.520326  
7503.165817  
7490.890383  
7501.257003  
7494.315578  
7511.268336  
7520.842596  
7498.957127  
7493.210811  
7510.886734  
7494.433386  
7465.878477  
7439.383008  
7447.188221  
7455.468887  
7480.348383  
7485.958866  
7536.087433  
7510.862009  
7493.025994  
7477.840949  
7476.43705  
7464.64551  
7468.851437  
7462.177275  
7479.917257  
7482.918263  
7539.15937  
7559.892872  
7524.6242  
7562.73259  
7611.232909  
7600.880402  
7514.043565  
7548.955376  
7527.372066  
7552.910206  
7517.582567  
7521.900328  
7509.050417  
7531.028919  
7533.752854  
7538.998362  
7549.540055  
7538.724299  
7564.972907  
7556.966615  
7515.224909  
7540.030562  
7514.188893  
7536.461885  
7519.447913  
7522.448218  
7523.995408  
7510.245381  
7521.324897  
7529.577326  
7525.790428  
7521.162184  
7517.243582  
7547.996446  
7544.509498  
7533.824676  
7536.296078  
7543.133901  
7536.202516  
7529.668524  
7532.716992  
7535.203961  
7529.23775  
7524.580794  
7528.771757  
7519.742661  
7520.187078  
7515.297258  
7521.488264  
7535.629233  
7532.157534  
7530.436618  
7534.825015  
7539.861545  
7537.990029  
7523.29227  
7550.236643  
7553.901163  
7556.418401  
7547.925353  
7560.413174  
7559.28895  
7544.1536  
7559.202785  
7557.774087  
7562.30604  
7554.166188  
7602.57465  
7583.993019  
7455.936448  
7524.159179  
7540.488227  
7474.431595  
7531.166742  
7506.959234  
7513.715348  
7492.52762  
7518.60259  
7519.722544  
7520.679974  
7522.739521  
7529.059044  
7524.335834  
7540.626119  
7540.558899  
7547.334153  
7529.306107  
7528.717641  
7525.404211  
7525.528421  
7525.345368  
7530.092599  
7537.407421  
7547.15843  
7548.970354  
7558.694867  
7565.025236  
7574.930262  
7552.140703  
7557.222452  
7558.406923  
7554.827156  
7559.589875  
7561.52564  
7569.023943  
7569.140563  
7544.83607  
7528.86817  
7522.738682  
7511.526201  
7507.893835  
7505.830704  
7509.213078  
7509.683701  
7501.532699  
7535.369369  
7539.563106  
7497.289927  
7519.057746  
7508.39853  
7523.73435  
7534.311504  
7524.163463  
7487.13553  
7445.070387  
7483.971153  
7537.312228  
7573.114069  
7564.416889  
7567.104137  
7579.407412  
7562.349102  
7561.735304  
7573.884193  
7591.916215  
7573.239436  
7575.415424  
7561.350562  
7575.801568  
7577.052832  
7576.794928  
7563.24357  
7574.385399  
7579.894947  
7577.21968  
7577.664041  
7589.921062  
7593.958628  
7593.211007  
7577.586336  
7574.71562  
7576.786126  
7568.287997  
7561.966475  
7549.33542  
7547.791909  
7536.846672  
7551.505762  
7531.586774  
7532.181542  
7547.303381  
7560.188218  
7507.030408  
7486.91935  
7492.575286  
7488.524531  
7484.187492  
7489.76989  
7479.062787  
7472.900935  
7470.645552  
7473.295043  
7462.028944  
7482.025571  
7487.576594  
7470.353301  
7471.780784  
7519.08975  
7552.859484  
7531.98318  
7496.400673  
7508.026326  
7504.327095  
7520.496418  
7545.546582  
7531.685517  
7524.932642  
7514.352158  
7514.564903  
7503.393802  
7475.404658  
7480.156905  
7489.703376  
7489.023143  
7481.545406  
7481.432518  
7468.421616  
7464.333796  
7473.31735  
7480.577418  
7507.000278  
7515.104561  
7548.750174  
7547.106564  
7527.048883  
7516.470109  
7501.022377  
7488.714159  
7481.348423  
7484.655134  
7472.201018  
7503.613143  
7512.64866  
7506.828726  
7520.466196  
7524.020866  
7541.493058  
7521.222891  
7524.130096  
7506.420187  
7513.159836  
