-0.2292304914  
-0.1631712931  
-0.4830351276  
-0.2486110375  
-0.8115049278  
-1.003784289  
-0.7044107573  
-0.4903597489  
-0.6211623548  
-0.7566867025  
-0.5715772909  
-0.3453000882  
-1.064253442  
-0.8160562097  
-0.4999206271  
-0.7802568292  
-1.10713163  
-1.168652045  
-0.8279727701  
-1.083341655  
-1.256908532  
-0.8794968219  
-0.2312374486  
-0.6719868812  
-0.931768922  
-0.3413281613  
-0.5347011213  
-0.7117896103  
-0.6352415941  
-0.51653718  
-0.2378577557  
-1.18156351  
-0.2210417928  
-0.2637887027  
-0.2342400901  
-1.116922827  
-0.6235325666  
-0.68013933  
-1.054419999  
-1.191024521  
-0.6320012937  
-0.4157023471  
-0.7141443587  
-0.3921515569  
-0.4160049268  
-0.5743490984  
-0.3162761199  
-0.3739341448  
-0.1009285566  
-1.074863267  
-1.346363102  
-0.8981246386  
-0.703389716  
-0.8442889162  
-0.8199906399  
-0.6513005148  
-0.6229934401  
-0.9416665951  
-1.346801098  
-0.6326694682  
-1.155313219  
-0.9452246516  
-1.311426454  
-0.6655006752  
-0.9142140693  
-0.99790545  
-1.445724413  
-1.179298696  
-1.119270105  
-1.36094979  
-0.4998060074  
-0.8413753669  
-0.8781372808  
-0.4979757515  
-0.4944376211  
-0.8130637083  
-0.4404343919  
-0.6157186351  
-0.6002094688  
-0.2006486722  
-0.6269742043  
-0.37726773  
-0.2812050057  
-0.6759639937  
-0.7868027685  
-0.3265763618  
-0.9411379643  
-0.7936087692  
-0.4310512767  
-0.6091210616  
-1.09078596  
-0.7818842194  
-0.6816410036  
-1.06742725  
-0.8400030319  
-0.1670617669  
-0.9068549598  
-0.9204490911  
-0.7400117751  
-0.7117427858  
-0.5481921346  
-0.336810848  
0.2188115953  
1.103208953  
0.9900375969  
1.425533853  
1.355800719  
1.493070286  
0.947892836  
1.172096625  
1.592360172  
1.262872237  
1.083065132  
0.8082302734  
0.6072879404  
0.421369988  
0.3774452242  
0.4794627583  
0.3818751519  
-0.08986782898  
-0.2454002728  
0.005881398401  
0.1154598095  
0.4645847594  
0.9716822991  
0.7481742607  
0.7224898884  
0.584856492  
1.060218952  
0.5600980677  
0.8609206475  
0.9984356492  
1.088800013  
0.3630791064  
0.3833335382  
0.5965746845  
0.01075372668  
0.2565169815  
0.03906267558  
-0.05552963327  
-0.4160762329  
-0.3029252054  
0.0640937768  
-0.053101597  
-0.2249443354  
0.2678773653  
0.3248474535  
0.3199856064  
0.09970652426  
0.4742698679  
0.5360552335  
-0.2304596312  
-0.1457659102  
-0.2074212021  
0.0567364301  
-0.03036401932  
-0.09420219301  
0.2100457901  
-0.4188866744  
-0.4073079253  
-0.3409757692  
0.1909946305  
-0.7081212887  
-0.5361518497  
-0.06437965803  
-0.1334513255  
-0.2670050374  
0.2250590311  
0.02624042079  
0.02848040583  
0.2090839131  
0.3905788902  
0.3379496412  
0.3206526167  
0.3855612469  
0.05093674246  
0.06770660478  
0.2973481791  
0.6032345506  
-0.0564328536  
-0.09913845806  
0.06274100361  
0.298184483  
0.2166449204  
0.689360095  
0.8675628144  
0.549721302  
0.1164964254  
0.6540607713  
0.4897723942  
0.08691906975  
0.673852908  
0.1755263021  
0.1434095437  
0.4443091495  
0.292946061  
-0.07546043983  
0.1582012278  
-0.1649874745  
0.4077081231  
-0.3060939227  
0.02261687586  
0.3562800611  
-0.5548281642  
-0.2596894218  
0.1916415793  
0.4783679803  
0.06645724233  
-0.08660921835  
0.1696373602  
0.176081128  
-0.2812376616  
-0.1287083915  
-0.119679311  
0.4605738838  
-0.1168408006  
-0.1175161574  
-0.05121828634  
-0.140786132  
-0.4334624491  
-0.2644276541  
-0.4699856729  
-0.8355132367  
-0.5610505679  
-0.6673914077  
0.0008517459551  
-0.1487053536  
-0.1107953716  
0.08815804132  
-0.01183257474  
-0.02916293757  
0.2856060268  
0.5242683528  
0.3001839485  
-0.21241353  
0.1248502653  
0.1595492822  
-0.2765589732  
-0.2013496981  
-0.1821478263  
-0.6034563032  
-0.5476729897  
-0.5244216011  
-0.7174430298  
-0.5346032508  
-0.4926740705  
-0.2858237494  
-0.2971494892  
-0.4877074463  
0.03844251903  
-0.2076857066  
0.1155179159  
-0.3440701537  
-0.2857549129  
0.3837614437  
0.02508575169  
0.1786198172  
-0.101032095  
0.1267586905  
0.2822539  
0.673250568  
0.6439388016  
0.7162208199  
-0.03461260509  
0.2275041383  
0.02525324899  
0.1259548706  
-0.2179074179  
-0.08048530577  
-0.4588139679  
-0.1644858025  
0.1232874734  
0.3014747435  
-0.01298639928  
-0.2917767623  
-0.1314136741  
-0.342246325  
-0.76719275  
-0.6013618483  
-0.4672542309  
-0.6105798707  
-0.5574819443  
-0.7417685272  
-0.2100036994  
-0.6112736542  
0.173292014  
0.1224730863  
0.2262390947  
-0.4590431827  
0.2423970339  
0.1741257071  
0.09857436393  
0.2889418597  
0.03314062513  
-0.4784544228  
0.3709004253  
0.07360722735  
0.05542894974  
-0.003391883862  
-0.02255907743  
0.2957916012  
-0.428575958  
0.01645308253  
-0.1190472847  
-0.2679457373  
-0.09422931395  
0.04644905931  
0.04238400201  
-0.1391452178  
0.4886817181  
0.4146612713  
0.066510457  
0.3553378762  
0.3637830568  
0.1851591741  
-0.3888952462  
-0.07222339962  
0.2892089352  
-0.07829278514  
-0.2220295601  
-0.006824100854  
0.3389399097  
-0.1527236759  
0.02529295122  
0.1324293573  
-0.4137337189  
-0.2179055054  
-0.1297643333  
0.05776472118  
-0.387643337  
-0.4552128967  
-0.198096897  
-0.4005435641  
0.180315365  
-0.1149867711  
0.6825615649  
0.00281268528  
0.2980413912  
0.2228492772  
0.5933951186  
0.1575225599  
-0.6465927255  
0.1973224074  
0.2546277079  
-0.1005862675  
-0.3834189057  
-0.1941157219  
0.1037606767  
-0.3828642637  
-0.5729800719  
-0.4550234787  
-0.590267339  
-0.5777493055  
-0.8792628839  
-1.222245644  
-0.8683437534  
-0.9395779284  
-0.7712232599  
-0.4108375028  
-0.02043285561  
-0.2832579298  
0.09256481403  
0.589306114  
0.4281442971  
0.4747260703  
0.0006345358154  
0.3460919109  
0.1082031943  
0.07908894833  
0.2030977533  
-0.2984305961  
-0.2554676855  
-0.2682223093  
-0.09470609787  
0.01695720333  
-0.3023657305  
-0.6759435017  
-0.5399122248  
-0.3191544909  
-0.1111416302  
-0.01795066016  
-0.07459991829  
0.1609304503  
0.3137260937  
0.6415568752  
0.5685001248  
0.3458728891  
0.7174468209  
0.7278243221  
0.4850980597  
0.6255666117  
0.7472547949  
0.690013238  
0.5333196866  
0.08190802958  
-0.09065589295  
0.03409940462  
0.2540497934  
0.1467533843  
0.4327252794  
-0.4207552722  
-0.2822670926  
-0.1586006512  
0.1775833918  
-0.4464195142  
-0.1554830077  
-0.1165834272  
0.2313231272  
-0.2897624464  
-0.1781917456  
0.2217619346  
0.3993066989  
0.2607744158  
-0.4173795098  
-0.2103831497  
-0.5477964751  
-0.5283439098  
0.1092714306  
0.1357841779  
0.1355008191  
-0.03150133714  
0.293337769  
0.7150820238  
0.6409425823  
0.3906664794  
-0.09359443141  
-0.970530316  
-0.8002385842  
-0.4645032976  
-1.443697928  
-1.524334397  
-0.6138607144  
-0.8742270125  
-0.2362669873  
0.0570371005  
-0.03643339267  
-0.2388246405  
0.03985171338  
0.4104821315  
0.246460079  
0.08589537416  
1.301557405  
1.515152324  
0.7922357063  
0.886194114  
1.373972795  
1.213950857  
1.293316849  
1.403446232  
0.9772125822  
1.732599778  
1.053363211  
0.8966394527  
0.9627096773  
1.180361306  
0.5710073537  
0.4802300105  
0.4008158844  
0.5354856094  
0.6907417752  
0.06151510379  
0.4047941695  
0.2822013259  
0.6022115058  
0.03480318408  
0.08647995089  
0.681146757  
0.2187858656  
0.2952668079  
0.553570884  
0.8334454995  
0.7571250296  
0.3750441465  
0.8654059219  
0.7301100206  
0.2573902824  
0.2486092156  
0.3042301813  
0.5001145712  
-0.1265853312  
-0.08622941126  
0.1574538634  
0.3496764871  
0.2806215562  
0.0236597158  
0.01267620458  
0.4295830147  
0.1116614865  
0.3706944401  
0.5320273913  
0.4040547687  
0.0476077984  
-0.2941396499  
-0.1453887618  
-0.1693832  
0.3677279144  
0.6994342753  
0.08113518715  
0.1714732403  
-0.09765058766  
-0.667740187  
-0.6136298695  
-0.3175268001  
-0.4524864796  
-0.2281515751  
-0.06022480735  
-0.4054026973  
-0.2200877316  
0.1432561321  
0.2114239882  
-0.1784762295  
-0.4523582266  
-0.2273186306  
0.01900758396  
-0.202140889  
-0.3032449026  
-0.1018289635  
0.2409332311  
-0.11071223  
-0.242873377  
0.2299095728  
0.7860840472  
0.2197325607  
0.1176447807  
0.6314930542  
0.7873522124  
0.6130885807  
0.241520618  
0.6806799478  
0.1924048565  
0.0735539192  
-0.05072390638  
-0.09984888297  
-0.4279122446  
-0.5521679997  
-0.9331095147  
-0.4223391006  
-0.4354965005  
-0.4690351844  
0.1787613054  
0.297196585  
-0.02275200699  
-0.4587365769  
-0.141115913  
0.3450409402  
0.5654217968  
0.3783650508  
0.3544693548  
0.569124466  
0.06890789631  
0.4615277082  
0.4704902699  
0.3649355419  
-0.04733985639  
0.891563911  
0.6840389849  
0.3949782188  
0.6767213097  
0.7132058753  
1.288323539  
0.6600222148  
0.9280297284  
1.225833746  
1.304750797  
0.5402485563  
0.830624644  
0.7880020664  
0.6206246969  
0.555145955  
0.156511144  
0.7411144948  
0.5421124951  
0.2845355802  
-0.03626786073  
0.1501634681  
0.497019877  
0.8256808686  
0.8083601092  
0.7567028066  
1.398837002  
1.306800661  
1.14531317  
1.228047156  
0.3218247349  
0.8675970802  
0.3265821441  
0.2933978311  
0.9586780002  
0.7216627633  
0.2487797428  
0.3816611987  
0.4184567521  
0.2347371109  
0.06471648341  
-0.1898136243  
-0.07917555088  
0.2858129434  
0.1069926336  
0.2805224145  
0.2285534547  
0.9105773963  
0.5932728888  
0.2408609899  
-0.09163280283  
-0.1004153258  
0.4844534147  
0.3338831078  
0.3749465108  
-0.1484015085  
-0.2300174892  
-0.04694346517  
-0.1675977695  
0.09696376091  
-0.3153778007  
-0.1487669907  
0.1068752144  
0.1597025115  
0.1475828561  
0.5913849918  
0.2511122555  
0.7581879036  
0.8446464585  
0.8198903905  
0.4752577854  
0.6803103957  
0.7830881916  
0.5303322144  
0.5605399899  
0.3405898079  
0.8224916015  
0.6804256449  
0.3498458105  
0.5951563678  
1.095683764  
0.7393804305  
0.7118717519  
0.5403453709  
1.111037366  
0.6612712198  
0.7652241385  
1.11148083  
0.9035344818  
0.7339268017  
0.2140476786  
0.651037463  
0.1775033521  
0.2056110811  
0.4093623724  
0.7648146571  
0.2131564333  
0.1477355439  
-0.07501275103  
0.2901411212  
0.3046004012  
0.5638649632  
0.6257197786  
0.4425664669  
0.3664051926  
0.7011406948  
0.6473947341  
0.6198819228  
0.3478761548  
0.678459992  
0.3716824625  
0.1716395778  
0.4548055766  
0.5503653684  
0.6428619742  
-0.007593588615  
0.5498627492  
0.5596220866  
0.1842905468  
0.4317212899  
0.2235500978  
0.6270661102  
0.7962124533  
0.2371334688  
0.5776241451  
0.8099716957  
0.4707603817  
0.3517219045  
0.2109153044  
0.08635080736  
0.09057590444  
0.08215992553  
1.05351767  
0.2455401236  
1.127592262  
0.7568152081  
1.084588879  
0.9995484221  
0.6868316663  
0.9120376446  
0.7389583717  
0.5819997674  
0.5472048545  
0.4072246591  
0.4585231897  
0.4035503874  
-0.2707724209  
0.5608481865  
0.2097155942  
0.03993459163  
0.04620802216  
0.5099896882  
0.6365796216  
0.06251609424  
0.2421641312  
0.1565998664  
0.1979812937  
0.3881123472  
0.4519326039  
0.9204562083  
1.22738324  
0.7889946846  
0.5784517747  
0.7597184333  
0.7342475923  
0.2393517613  
0.06470047825  
-0.002985465565  
0.5982674307  
0.02727448131  
-0.4818938031  
0.07200141768  
-0.1354542259  
0.09411081714  
-0.3522662791  
0.01699945289  
0.1508834914  
0.5427248068  
0.3453904935  
1.093679875  
0.7299757986  
1.048237071  
0.4749211353  
-0.6650612685  
-0.07459967653  
0.06029288509  
0.1737722242  
0.6111265433  
0.3887962959  
-0.1190094409  
-0.5521728456  
0.09281471125  
0.08358967502  
0.2424778569  
0.2676992965  
-0.3729716042  
-0.7413774906  
-0.05523606994  
0.162239889  
-1.200542813  
-0.4789365307  
-0.1983964999  
-0.1677854444  
-0.5731125413  
-1.19180615  
-0.5845234557  
-0.3365027813  
-0.06228489639  
-0.371360105  
0.05039955278  
0.5879122996  
0.80443288  
0.7689255983  
0.6393202449  
0.8133472114  
1.164769001  
0.6498779373  
0.1626657942  
0.08829898683  
0.2205739955  
-0.03373739492  
-0.2873128776  
0.1433837686  
0.04387756584  
0.08439074938  
-0.3897001952  
-0.331003901  
0.06034043873  
-0.06496114589  
-0.6519753773  
-0.01865132964  
0.1494865566  
-0.1318958972  
0.1108537694  
-0.3221512474  
-0.07211515238  
0.5810644018  
-0.154785217  
0.457767157  
0.5727699442  
0.236606779  
0.3429590124  
-0.08165139936  
0.2297609612  
0.113161226  
-0.06879238072  
0.164458497  
-0.07747872739  
-0.3704324686  
-0.4832152509  
-0.5171982645  
-0.3807111756  
-0.6227329738  
-0.5917742966  
-0.2303560071  
-0.3897770388  
-0.3764364691  
-0.2387884196  
0.2590780457  
0.10842678  
0.05324115447  
0.3477882766  
0.6894824896  
0.015682616  
0.1983788743  
0.4198266194  
-0.1130166281  
-0.1412077894  
-0.2878310905  
0.3116646636  
0.07956897733  
0.38477334  
-0.5540212307  
-1.604403992  
-0.5807807547  
0.4783813226  
0.5126995986  
0.02079327629  
0.335934124  
0.7822850847  
0.3804985114  
0.3877272226  
-0.07265309497  
0.1187197646  
-0.3138370621  
-0.6149895207  
-0.8158968341  
-0.6729343501  
-1.168716745  
-1.144116474  
-1.04957623  
-0.980911144  
-1.261624538  
-0.8403257362  
-0.8721148433  
-0.7731521581  
-0.382337382  
-0.2153411181  
-0.4286493078  
0.3046977571  
0.6401751862  
0.3766906812  
-0.1086928773  
0.6901127031  
0.3839311064  
0.1993680341  
-0.7035546947  
0.3808250775  
-1.031733559  
-1.097290975  
0.08021098026  
-0.771414294  
-0.4462887188  
-0.9018880711  
-0.1423525204  
-0.2606175657  
-0.4929174953  
-0.8783295299  
-0.8718770639  
-0.6454406046  
-0.1738902532  
-0.4517158645  
0.1260554695  
-0.1860626901  
-0.4413611273  
-0.4540306129  
-0.4430695241  
-0.1198957703  
-0.4080679614  
-0.08890399012  
0.2757383634  
0.7143831754  
0.4032160677  
-0.2437438636  
0.2359865327  
0.4847743728  
0.03540301039  
-0.1374737567  
0.3213205885  
-0.1456234008  
-0.1449203647  
-0.2611743146  
0.01598942718  
-0.06546308114  
-0.08662847675  
0.1862551129  
0.6115616548  
0.3068466999  
-0.1027430508  
0.07989562212  
0.1712214233  
-0.2550053594  
-0.05402090432  
0.1618555426  
0.1552218023  
-0.2238659955  
0.1438910275  
0.1606579494  
0.3148750266  
-0.04530858083  
-0.3090721832  
0.2604315824  
-0.1550843645  
-0.2366703445  
-0.4633203031  
-0.0683147848  
-0.6009429097  
-0.44400373  
-0.06789541814  
-0.2824223517  
-0.4076119004  
-0.5653691072  
-0.5139233074  
-0.6733209366  
-0.522007228  
0.07392850646  
-0.1139470589  
-0.8389754341  
0.03819730131  
-0.335252438  
0.03893307587  
-0.05262539539  
0.3534922316  
-0.271608808  
0.0901190516  
0.1659928828  
-0.07044437982  
0.07120461342  
0.2549546681  
-0.209573753  
0.05095978119  
-0.07300888705  
0.2516210735  
0.01447026374  
-0.328677787  
-0.1769251278  
-0.07487084658  
-0.3342241066  
0.1688691276  
0.5283219253  
0.3800004311  
-0.3595278976  
0.08135523867  
-0.1478620722  
0.1204018448  
0.01666427135  
-0.1958144792  
-0.2131962171  
-0.1921834093  
-0.6776334901  
-0.9077534621  
-1.539405976  
-0.8740194351  
-1.122193336  
-0.6016485028  
0.3515562094  
0.6620043978  
0.1394097794  
0.3853491267  
0.2199940311  
0.005319666072  
-0.8057823551  
-0.6517319624  
-0.7443686454  
-0.472735267  
-0.43340248  
-0.6140887913  
0.3635728783  
-0.4686571015  
0.4522649172  
0.5969790478  
1.030552694  
-0.504657918  
0.5999624759  
-0.6351573306  
0.1173058432  
-0.749429102  
-1.019729177  
-1.445503591  
-1.409298966  
-1.438358592  
-1.017553186  
-0.8379172957  
-1.12280934  
-0.5579458243  
-0.2982464349  
-1.084885504  
-0.2546402152  
-0.5906002424  
0.1809822277  
-0.05476325323  
-0.607538113  
-1.084724748  
-0.6822889649  
-0.5615535625  
0.348130588  
-0.4265227293  
-0.1568176283  
0.185963253  
0.3006936573  
0.4507331915  
-0.1239100672  
0.06338722493  
0.1899021877  
-0.5371077714  
-0.6656254799  
-0.1405035365  
-0.5465210136  
-0.7277220895  
-1.191591783  
-1.068747687  
-0.7325481778  
-0.6451809358  
-0.4523991702  
-0.1131850696  
-0.1870607293  
-0.4078552676  
-0.01370737896  
-0.4429311255  
-0.2817481682  
0.1913806878  
-0.04673988866  
0.06879455915  
-0.2578964379  
-0.03389097112  
0.217152807  
0.4493696186  
0.2600599905  
0.09212826434  
0.0169794137  
-0.02589884587  
-0.3713285515  
-0.5745688704  
-0.01946594656  
0.1433764243  
-1.754076272  
-0.04190537895  
-0.1189252903  
-0.1301372294  
0.2291970889  
-0.5894666867  
0.2826793929  
0.1802798462  
0.3927808018  
0.8431621272  
1.174266044  
0.6081953369  
0.7856869421  
0.447510315  
0.6168397582  
0.6868419261  
0.03599788561  
-0.4137502867  
-0.2583098722  
-0.1422719591  
-0.5280086299  
-0.3890386418  
-0.3703251854  
-0.6093612818  
-0.5961056502  
-0.3969664753  
-0.1383498315  
0.3680916341  
-0.2674376126  
-0.09969091956  
-0.2540566376  
-0.3841699154  
-0.8346183384  
-0.4985404838  
-0.5724466021  
-0.1035166352  
-0.5792333119  
-0.2395885311  
-0.4438712168  
-0.3469955112  
-0.3400910285  
-0.6075145764  
-0.1743386914  
0.108389359  
0.08660520539  
-0.1234584488  
0.4185227933  
-0.3782792029  
-0.3875570616  
-0.6963885377  
-0.6639737048  
-0.2533384716  
0.1315627841  
-0.356409027  
-0.9172671828  
-1.178822414  
-0.1843087138  
0.3454206266  
0.9705327774  
1.202689773  
0.5621455754  
0.8515967827  
0.8309891786  
1.139964441  
1.390783149  
1.62125845  
1.585145524  
1.250569364  
1.509345224  
1.296447719  
1.112063722  
1.013620518  
1.049368292  
1.498387001  
1.258596963  
1.208886368  
0.917016034  
1.128199788  
1.64353363  
1.251388116  
0.7133786803  
0.3389514492  
0.596761022  
0.6083947076  
0.207480346  
0.1165628273  
0.2838337625  
0.2190106405  
0.1480653835  
0.02304374444  
0.0158820958  
0.2588552366  
0.5123564821  
-0.2082983679  
-0.3060352475  
-0.2810529643  
0.1300434643  
0.6223520356  
0.7617250652  
0.07390531644  
-0.401064354  
-0.4760983384  
-0.6881746845  
-1.099010409  
-0.7884866717  
-1.469024856  
-1.429145399  
-1.556035226  
-0.2664562201  
-0.4452315693  
-1.290112687  
-1.292145386  
-1.152526779  
-0.519588986  
-0.3537154281  
0.2558621314  
0.2515981893  
0.008867902966  
-0.1340731305  
-0.4882234745  
-0.4702892976  
-0.8106728492  
-0.5809461584  
-0.2932729624  
0.1925490625  
0.2443137541  
-0.0356865627  
-0.6159828014  
-0.9312202148  
-1.09706132  
-1.667044053  
-1.777797033  
-0.8473092591  
-0.9337161598  
-1.379147452  
-1.132167359  
-0.8963152032  
-1.151842556  
-0.9053909422  
-1.177503423  
-0.7049088263  
-1.263542235  
-0.4891562373  
-0.6022427418  
-0.02373992228  
0.5017125644  
0.6428249265  
1.028383917  
0.3572025333  
0.4841680968  
0.4336945113  
0.08512364683  
