3038.403854  
3043.701984  
3024.719956  
3019.379286  
3034.300122  
3037.844325  
3022.541591  
3021.058924  
3021.845079  
3015.659832  
3027.034159  
3024.0743  
3014.74037  
3017.632883  
3027.797228  
3041.843265  
3034.921575  
3033.304501  
3039.093705  
3034.618053  
3040.210036  
3041.212525  
3050.406119  
3036.228344  
3047.751182  
3046.85957  
3037.170893  
3048.905724  
3040.694916  
3035.220431  
3039.66618  
3047.614977  
3042.998507  
3038.208806  
3034.553486  
3041.212692  
3029.921079  
3041.113391  
3038.678458  
3049.309446  
3035.632545  
3038.332856  
3037.712105  
3036.971913  
3038.484784  
3033.860673  
3034.681541  
3044.89357  
3028.994523  
3031.290181  
3032.02263  
3038.34382  
3042.990966  
3045.908534  
3049.046275  
3039.248645  
3030.100592  
3035.612938  
3047.81124  
3046.323758  
3036.611247  
3043.264314  
3036.360611  
3038.276914  
3041.287193  
3047.95233  
3047.802165  
3039.489645  
3039.262874  
3042.644952  
3044.350645  
3038.33273  
3041.573804  
3050.297704  
3033.314728  
3035.633647  
3027.94004  
3043.520366  
3039.992364  
3039.595625  
3033.150617  
3028.924051  
3026.646889  
3028.82179  
3035.522303  
3035.597587  
3037.198667  
3043.636099  
3040.176856  
3041.790772  
3044.925994  
3057.354201  
3051.692969  
3044.785331  
3051.489936  
3046.828206  
3047.100023  
3036.219823  
3033.051178  
3035.492295  
3046.561043  
3038.613322  
3033.587367  
3031.109006  
3034.263656  
3030.709138  
3031.332426  
3034.257504  
3037.891548  
3037.376476  
3035.802139  
3031.985941  
3044.316538  
3044.609496  
3035.103964  
3046.240752  
3038.218268  
3045.400269  
3041.811899  
3041.354439  
3034.419186  
3029.429722  
3030.561114  
3033.817756  
3031.91923  
3018.186516  
3025.40372  
3027.797621  
3030.169202  
3030.666531  
3031.651357  
3042.945978  
3043.78689  
3048.452001  
3056.537391  
3052.361493  
3031.234984  
3031.649426  
3032.570994  
3051.414768  
3042.046842  
3054.053987  
3038.961071  
3031.839636  
3056.37997  
3065.644495  
3065.795893  
3072.709938  
3050.759418  
3041.026781  
3043.792502  
3051.497898  
3014.019988  
3032.958445  
3027.592587  
3030.078372  
3013.99437  
3011.363927  
3025.799551  
3035.158427  
3043.533119  
3039.250449  
3051.859728  
3040.25847  
3040.594284  
3050.06608  
3041.617268  
3049.180655  
3043.392326  
3033.095087  
3026.65222  
3027.053784  
3030.954883  
3032.035531  
3024.764365  
3038.989194  
3026.121253  
3022.626848  
3032.287836  
3029.604116  
3038.817149  
3028.749518  
3033.023948  
3036.075843  
3029.815371  
3023.658019  
3019.174022  
3028.686764  
3035.007611  
3041.11709  
3035.279595  
3029.737515  
3044.943306  
3038.521929  
3032.920298  
3034.559882  
3034.116763  
3035.232941  
3031.615184  
3032.343383  
3028.599286  
3023.885465  
3018.950789  
3022.218141  
3025.194177  
3019.788815  
3022.405262  
3027.912863  
3025.462115  
3023.705798  
3040.781731  
3030.871663  
3030.329845  
3031.481607  
3029.317935  
3039.996451  
3028.826947  
3043.286668  
3050.183299  
3047.05833  
3034.493158  
3031.714386  
3038.246246  
3034.026984  
3032.807319  
3023.067259  
3013.205978  
3047.936012  
3060.885176  
3067.209078  
3053.124248  
3057.756562  
3067.518726  
3040.705563  
3038.148451  
3012.356952  
3021.702136  
3024.906586  
3011.231945  
3011.766481  
3011.118113  
3009.047841  
3016.974139  
3012.255624  
3030.901521  
3020.815411  
3029.158662  
3030.941208  
3036.953478  
3029.161996  
3042.197759  
3042.625585  
3050.364954  
3046.193138  
3054.557353  
3041.132376  
3049.269544  
3060.290366  
3055.146623  
3045.336803  
3054.894208  
3036.644823  
3039.94136  
3057.057438  
3035.206973  
3033.443925  
3019.977965  
3039.389803  
3043.44742  
3039.738304  
3025.005254  
3024.546286  
3026.592862  
3051.491821  
3040.429489  
3049.372017  
3040.002627  
3024.64631  
3023.045077  
3026.350213  
3039.259622  
3032.274492  
3029.150409  
3041.080322  
3041.381725  
3040.297217  
3033.719703  
3040.22764  
3047.187066  
3031.813835  
3037.205442  
3039.933575  
3037.934048  
3036.676493  
3025.599501  
3035.938391  
3035.658056  
3041.144578  
3043.637264  
3044.686384  
3048.875286  
3043.896964  
3030.941529  
3031.125742  
3033.010831  
3029.224683  
3038.790972  
3039.84239  
3039.591538  
3044.511896  
3035.375871  
3046.884179  
3034.960217  
3036.740237  
3034.686805  
3030.771839  
3032.362003  
3024.375843  
3022.622359  
3023.242993  
3028.439041  
3031.576333  
3022.449013  
3028.547678  
3021.464127  
3023.87185  
3015.976886  
3011.999223  
3018.316411  
3018.668554  
3017.165412  
3023.63297  
3018.334509  
3031.840552  
3040.217775  
3034.338783  
3031.667372  
3035.059953  
3037.950666  
3038.761074  
3033.482204  
3030.057453  
3033.245057  
3029.868345  
3029.378447  
3026.780517  
3020.556477  
3037.680734  
3033.465909  
3029.770767  
3024.203047  
3046.184891  
3038.665179  
3038.580907  
3022.355073  
3035.626639  
3031.193697  
3043.793315  
3035.94856  
3029.405609  
3024.659103  
3027.360116  
3021.17832  
3019.92264  
3010.572408  
3020.485674  
3030.450413  
3031.837786  
3053.050448  
3058.250399  
3036.899567  
3042.675514  
3042.747348  
3038.438498  
3030.222028  
3033.153134  
3031.168181  
3043.801632  
3052.552984  
3056.70009  
3070.218599  
3054.391023  
3061.635584  
3070.331111  
3069.366847  
3049.997808  
3079.865369  
3058.959775  
3043.255918  
3041.25162  
3024.143025  
3011.709676  
3018.951045  
3026.63392  
3028.546289  
3030.18382  
3025.856529  
3032.681109  
3050.230624  
3040.332678  
3049.569052  
3049.587482  
3060.592158  
3049.224732  
3035.704788  
3033.368859  
3044.368726  
3050.30903  
3051.143805  
3046.238387  
3050.558052  
3057.304015  
3066.952554  
3059.636562  
3043.780503  
3043.638216  
3051.753078  
3043.416232  
3046.590012  
3038.541991  
3038.30991  
3024.021088  
3033.679421  
3036.20058  
3027.983238  
3037.245218  
3029.259784  
3040.502456  
3040.316925  
3036.058528  
3033.797878  
3043.001264  
3033.872652  
3045.475082  
3033.973463  
3035.975757  
3026.697282  
3032.68795  
3032.164325  
3033.699644  
3029.669162  
3027.941146  
3034.572223  
3027.50138  
3022.012235  
3039.095669  
3056.809212  
3038.893278  
3057.318251  
3077.194162  
3081.537614  
3058.862146  
3066.736109  
3045.744807  
3064.546189  
3043.37095  
3064.612768  
3073.139775  
3067.29417  
3059.700633  
3058.638361  
3057.677516  
3055.986182  
3063.818719  
3050.651193  
3049.755967  
3041.359493  
3053.037702  
3045.206686  
3038.986759  
3045.329862  
3045.463006  
3047.823356  
3053.972319  
3048.11746  
3052.915324  
3054.209416  
3044.958689  
3053.040453  
3043.134986  
3036.951429  
3044.118606  
3051.666001  
3035.872063  
3043.705475  
3045.883372  
3048.009268  
3069.157803  
3062.381669  
3059.499298  
3053.139864  
3062.349048  
3056.850608  
3044.532031  
3052.455593  
3040.728017  
3034.908504  
3029.667706  
3028.593288  
3036.296889  
3047.227448  
3045.077622  
3038.375199  
3045.056115  
3053.340941  
3060.476507  
3076.698555  
3075.409731  
3062.772357  
3067.785326  
3067.177553  
3071.467823  
3074.097636  
3082.579484  
3066.841782  
3079.778961  
3081.953613  
3072.586788  
3071.635103  
3066.707802  
3074.696438  
3086.320265  
3078.699819  
3072.330799  
3060.455275  
3076.082573  
3073.930875  
3054.396588  
3038.736998  
3043.937957  
3046.284886  
3039.579905  
3036.846122  
3048.472687  
3037.988251  
3039.948668  
3037.541197  
3028.92769  
3037.677655  
3037.250999  
3057.618299  
3033.135435  
3036.180924  
3037.541676  
3055.542416  
3048.312038  
3052.842749  
3048.713304  
3034.815626  
3026.391849  
3029.04931  
3024.023706  
3033.865396  
3025.552118  
3004.81184  
3012.579961  
3037.29196  
3034.204275  
3026.89584  
3022.273925  
3030.281764  
3038.166583  
3040.03551  
3059.842076  
3060.537709  
3057.817001  
3044.196784  
3028.943564  
3031.438951  
3014.406612  
3031.616199  
3032.037018  
3035.403806  
3025.195398  
3033.03099  
3018.780097  
3021.480644  
3004.256222  
3001.47904  
3014.670989  
3020.097731  
3021.842532  
3014.26015  
3021.538546  
3028.602678  
3031.725879  
3036.172793  
3031.628198  
3034.689707  
3008.397368  
3023.969645  
3023.558908  
3038.192332  
3048.957306  
3055.327542  
3062.883536  
3051.455306  
3048.968987  
3068.157227  
3071.239766  
