5097.337759  
5087.867298  
5083.825764  
5085.604906  
5080.471214  
5085.467571  
5091.843823  
5106.551772  
5108.507264  
5091.218511  
5092.249027  
5105.685719  
5103.476104  
5090.689962  
5082.481763  
5092.391129  
5082.170326  
5065.953481  
5067.14805  
5086.568725  
5083.952073  
5076.159642  
5091.041094  
5098.195362  
5086.970358  
5079.482237  
5079.508993  
5080.34398  
5080.999491  
5078.706377  
5094.565172  
5085.924777  
5073.262244  
5077.125599  
5082.055355  
5058.56687  
5059.533147  
5070.052608  
5079.471208  
5069.818748  
5076.830556  
5080.868678  
5079.21669  
5079.026879  
5077.860323  
5079.095169  
5064.485522  
5066.070419  
5073.342674  
5079.309498  
5064.14551  
5066.950319  
5090.727718  
5081.012192  
5085.474429  
5087.961582  
5098.377995  
5094.70791  
5085.564454  
5096.622429  
5113.506305  
5102.365142  
5086.268175  
5092.979027  
5102.299662  
5096.604203  
5091.692935  
5100.489577  
5102.436912  
5092.269823  
5100.791784  
5117.152764  
5092.788787  
5089.002117  
5092.626324  
5107.986069  
5092.284192  
5095.139479  
5105.914946  
5104.884414  
5084.594247  
5093.798201  
5104.45389  
5084.765014  
5082.931586  
5081.307882  
5075.548579  
5068.455288  
5064.759245  
5083.921851  
5076.483032  
5064.748007  
5070.58561  
5077.073359  
5070.909368  
5071.69537  
5079.313808  
5080.487508  
5081.835944  
5088.116667  
5090.373105  
5086.819921  
5053.699056  
5067.938995  
5069.311855  
5076.283388  
5070.150225  
5089.192526  
5094.723177  
5072.568789  
5086.598708  
5074.517117  
5062.185216  
5061.516489  
5063.968854  
5071.661007  
5067.21851  
5059.832991  
5069.348327  
5054.3678  
5062.160246  
5078.177068  
5076.493298  
5075.870438  
5085.555731  
5083.852151  
5089.679828  
5085.365943  
5090.241685  
5085.292223  
5075.115784  
5072.568327  
5091.772917  
5079.400067  
5066.270929  
5060.27831  
5074.109742  
5069.955003  
5078.300007  
5090.159002  
5086.493204  
5080.461953  
5094.549295  
5118.245177  
5103.982734  
5087.515403  
5087.74278  
5088.130535  
5083.986074  
5081.178257  
5081.975932  
5083.798083  
5068.754593  
5065.978918  
5089.120734  
5073.316706  
5069.630917  
5075.335143  
5072.579652  
5067.393219  
5067.401899  
5082.433779  
5080.629262  
5076.908541  
5077.842629  
5088.992115  
5098.224973  
5094.359316  
5102.014346  
5106.814631  
5100.516204  
5092.521087  
5096.08283  
5083.141323  
5090.21243  
5085.956711  
5080.883992  
5083.892138  
5091.466364  
5091.154294  
5076.232171  
5077.373058  
5086.711565  
5083.61028  
5092.624119  
5088.274286  
5097.065543  
5096.351103  
5105.369809  
5095.046166  
5094.734789  
5098.814871  
5103.335231  
5098.816188  
5099.054208  
5094.382217  
5102.667035  
5109.101479  
5108.421072  
5109.779129  
5096.944959  
5098.620144  
5097.593123  
5096.462572  
5086.572375  
5077.006149  
5084.682183  
5090.966267  
5088.562687  
5095.994632  
5110.298525  
5097.389192  
5100.145534  
5089.488574  
5098.020876  
5088.798125  
5077.267726  
5074.173767  
5070.439118  
5068.593249  
5082.498826  
5079.078085  
5080.804261  
5087.494988  
5091.574743  
5100.225779  
5092.680235  
5086.764918  
5093.556105  
5109.4173  
5101.374257  
5108.876857  
5103.92327  
5093.051225  
5082.42159  
5089.248755  
5074.175161  
5076.539714  
5062.08184  
5073.831886  
5068.418311  
5078.428739  
5070.332346  
5060.254701  
5072.247065  
5072.570586  
5081.252563  
5080.329524  
5072.872358  
5095.98789  
5093.005496  
5099.409571  
5100.937336  
5089.806904  
5101.48071  
5100.513512  
5101.863257  
5113.628502  
5111.569781  
5109.362903  
5096.897805  
5103.676196  
5108.196651  
5101.703708  
5097.494139  
5102.175415  
5098.915612  
5098.591574  
5100.014114  
5094.865238  
5106.040123  
5102.315683  
5119.476327  
5102.686747  
5088.301991  
5087.929616  
5089.300047  
5076.41602  
5073.025788  
5084.728696  
5107.81305  
5092.755161  
5097.953433  
5094.690248  
5103.51373  
5110.267053  
5111.341075  
5114.912047  
5109.139802  
5102.809889  
5114.222283  
5125.714806  
5120.692113  
5122.652971  
5121.418684  
5107.794738  
5100.72814  
5102.031794  
5093.367904  
5088.964166  
5095.467911  
5092.555493  
5095.421615  
5090.303369  
5089.151008  
5086.803392  
5088.427877  
5085.351622  
5084.76538  
5082.936404  
5100.118599  
5096.970551  
5085.955732  
5091.235742  
5102.921075  
5100.128768  
5103.355201  
5119.675383  
5116.627408  
5111.859539  
5122.531772  
5127.224294  
5135.286948  
5107.332729  
5101.415991  
5101.368185  
5098.79674  
5096.016294  
5093.35722  
5094.786522  
5098.177726  
5100.8249  
5109.493699  
5099.998262  
5100.243536  
5100.484341  
5099.345796  
5099.529858  
5089.244156  
5089.353141  
5096.622658  
5098.743746  
5094.602123  
5101.760631  
5098.978924  
5102.064694  
5084.635287  
5098.043492  
5095.333782  
5092.484368  
5077.335717  
5082.690278  
5083.662862  
5087.448096  
5076.725721  
5082.346043  
5089.600858  
5086.793688  
5093.967979  
5099.963059  
5106.063765  
5101.644995  
5098.780064  
5087.004198  
5090.852244  
5090.687765  
5103.943576  
5098.34358  
5098.618324  
5088.165468  
5097.130521  
5095.356253  
5097.795755  
5111.097063  
5103.279223  
5102.486955  
5097.292569  
5102.097131  
5098.469321  
5112.982533  
5112.488412  
5121.280812  
5112.790013  
5113.856513  
5101.507065  
5117.699243  
5110.816908  
5103.702416  
5117.136553  
5107.140108  
5109.758784  
5096.425871  
5105.987403  
5106.932916  
5101.9256  
5093.860927  
5099.588182  
5101.712072  
5111.473768  
5100.974845  
5105.559532  
5102.207567  
5092.642895  
5090.073748  
5096.821898  
5084.974326  
5086.099584  
5086.757812  
5084.564178  
5099.044531  
5097.533788  
5108.897158  
5112.448179  
5096.863818  
5089.085193  
5078.502547  
5073.955621  
5080.224627  
5058.250259  
5071.98765  
5099.815748  
5078.171954  
5087.272637  
5069.546536  
5073.409001  
5067.587109  
5051.06558  
5039.76732  
5042.011169  
5001.906677  
5029.784988  
5049.85186  
5053.738253  
5067.11734  
5057.915183  
5065.444725  
5056.558014  
5057.48965  
5063.067296  
5065.200854  
5079.002066  
5097.368094  
5093.493986  
5083.581212  
5109.565219  
5101.905681  
5100.564977  
5107.618175  
5108.936009  
5107.386241  
5125.115063  
5110.431139  
5099.538406  
5095.873268  
5102.261472  
5120.849757  
5103.000063  
5092.145855  
5104.677833  
5104.27351  
5089.714956  
5109.933098  
5104.212776  
5110.673307  
5108.430815  
5093.439832  
5109.449245  
5119.645741  
5112.86024  
5114.655711  
5116.841568  
5122.944172  
5115.748642  
5097.89262  
5117.035843  
5120.889813  
5101.403305  
5104.859953  
5109.498036  
5101.401404  
5103.553573  
5098.41259  
5105.745922  
5105.428233  
5109.374153  
5112.358572  
5107.56221  
5099.320554  
5096.053257  
5107.38202  
5112.258083  
5096.064411  
5085.482483  
5095.285286  
5090.439064  
5099.745646  
5103.183251  
5095.729664  
5106.317274  
5091.35378  
5086.92024  
5087.771984  
5084.123291  
5092.891543  
5090.179555  
5096.59059  
5095.246582  
5087.065908  
5097.897172  
5098.602967  
5101.716936  
5090.685166  
5103.233974  
5106.877947  
5108.852341  
5123.634501  
5104.093325  
5120.428988  
5123.81859  
5129.409291  
5114.990024  
5117.417338  
5112.164176  
5122.781926  
5118.166104  
5121.738021  
5108.014122  
5113.766013  
5102.776482  
5108.975398  
5116.949818  
5112.121691  
5114.79312  
5096.727417  
5105.822895  
5100.405997  
5099.133783  
5102.234795  
5106.148357  
5103.193911  
5108.442829  
5112.742351  
5104.444764  
5099.245389  
5113.142399  
5125.698476  
5106.994815  
5106.238079  
5126.641109  
5109.300917  
5107.702936  
5122.446427  
5113.072284  
5098.903618  
5104.549897  
5102.605935  
5122.569172  
5127.54848  
5124.319996  
5137.443073  
5133.050056  
5126.410299  
5110.297468  
5123.567621  
5110.610637  
5104.240646  
5115.543999  
5110.047598  
5109.368221  
5102.893764  
5106.231965  
5107.858037  
5098.228613  
5099.043729  
5090.931709  
5117.093395  
5123.42582  
5125.090381  
5130.221979  
5127.695016  
5134.421622  
5137.328707  
5130.180165  
5126.296929  
5133.367702  
5137.093668  
5137.690327  
5129.868995  
5135.428646  
5122.59049  
5122.975016  
5121.352837  
5125.203672  
5138.673071  
5129.481413  
5121.03007  
5121.976072  
5130.961052  
5117.706332  
5115.991769  
