3264.859881  
3269.512935  
3267.158507  
3277.636554  
3272.122523  
3270.494071  
3273.567342  
3265.388782  
3259.216343  
3263.599912  
3262.860695  
3264.780032  
3263.129318  
3255.510765  
3257.981901  
3258.528651  
3261.090808  
3249.069305  
3254.877151  
3261.020509  
3262.81956  
3263.462185  
3267.733253  
3264.38117  
3267.620382  
3261.100155  
3261.497817  
3271.161395  
3267.080438  
3261.094766  
3263.067418  
3265.921236  
3253.374212  
3262.58199  
3264.043392  
3264.341594  
3258.20296  
3263.115795  
3258.989865  
3255.684418  
3260.668059  
3263.181495  
3262.133467  
3264.269826  
3258.76207  
3259.622248  
3261.136632  
3257.20697  
3265.706011  
3260.442554  
3253.028363  
3257.592368  
3258.135854  
3256.942952  
3260.387103  
3262.442956  
3262.213448  
3264.662613  
3256.068325  
3259.319386  
3264.306457  
3259.613117  
3251.788806  
3259.961649  
3263.935445  
3260.037398  
3256.544393  
3263.384735  
3262.266897  
3265.475848  
3264.58628  
3271.524991  
3262.200307  
3265.838732  
3265.993036  
3265.765339  
3253.677298  
3256.68527  
3268.600544  
3262.248102  
3261.691818  
3260.876731  
3262.763357  
3266.331512  
3263.344628  
3267.451476  
3266.22101  
3259.941656  
3260.939535  
3259.614908  
3264.142961  
3248.12143  
3255.451094  
3261.093694  
3257.960909  
3259.315822  
3256.48659  
3258.858128  
3260.150015  
3264.136816  
3259.483455  
3263.727245  
3255.792697  
3269.907583  
3264.063531  
3281.62819  
3287.619966  
3296.907011  
3298.791307  
3286.600717  
3292.228485  
3283.638065  
3272.08664  
3270.201081  
3283.347457  
3269.96885  
3272.526536  
3268.560877  
3276.06749  
3269.390756  
3269.992827  
3279.778048  
3285.647478  
3280.373053  
3285.123232  
3279.271321  
3276.849153  
3273.28004  
3271.544154  
3271.416772  
3273.579505  
3268.949462  
3277.378844  
3270.461301  
3256.213789  
3265.587359  
3257.154678  
3267.662211  
3258.678373  
3257.640095  
3262.707358  
3260.417517  
3274.720103  
3279.230875  
3266.483735  
3267.454675  
3270.747516  
3270.800977  
3269.31066  
3257.422255  
3266.447293  
3257.133173  
3264.527824  
3259.957923  
3261.592024  
3272.603702  
3267.378139  
3275.934022  
3275.922413  
3273.872719  
3262.525007  
3267.948995  
3259.020336  
3265.597212  
3268.044537  
3269.284465  
3266.900073  
3267.58166  
3264.888377  
3268.814233  
3270.760153  
3276.689186  
3265.34601  
3268.320822  
3271.239574  
3278.054276  
3276.197655  
3272.356189  
3274.636601  
3284.128788  
3283.625597  
3270.867251  
3280.291174  
3287.876413  
3281.610328  
3272.610835  
3279.195845  
3283.876863  
3284.487467  
3284.121425  
3278.648683  
3278.570983  
3285.146889  
3283.744675  
3279.374687  
3276.939673  
3272.731138  
3279.50364  
3281.538416  
3275.159257  
3271.459721  
3265.465446  
3270.07991  
3277.886665  
3267.42161  
3274.124345  
3282.681362  
3273.241179  
3284.757325  
3277.413011  
3283.213526  
3276.812589  
3276.401296  
3267.83488  
3273.688639  
3273.61348  
3267.948144  
3273.661327  
3265.714696  
3261.381596  
3263.41629  
3268.67872  
3274.244362  
3265.843052  
3264.681915  
3271.109229  
3271.597835  
3262.682705  
3273.133915  
3274.86543  
3270.980922  
3281.248516  
3279.314078  
3275.426318  
3268.712303  
3268.721594  
3259.875508  
3266.332881  
3264.050401  
3251.056181  
3254.240689  
3256.829454  
3255.038547  
3253.110803  
3257.448786  
3260.762182  
3257.536447  
3256.184476  
3256.569251  
3255.996493  
3263.54884  
3262.586963  
3261.872994  
3265.735001  
3270.348571  
3271.323955  
3273.072468  
3274.040732  
3268.4463  
3276.082118  
3271.507782  
3267.460078  
3273.043437  
3268.601751  
3264.231976  
3267.040889  
3271.344089  
3269.096225  
3263.928364  
3273.334134  
3262.292323  
3273.580548  
3274.779197  
3273.388126  
3262.888941  
3263.943899  
3264.314448  
3271.1374  
3257.114689  
3263.673903  
3272.937414  
3271.304868  
3264.802079  
3267.274875  
3266.193358  
3265.567994  
3265.597528  
3273.571715  
3265.081206  
3258.326205  
3257.75828  
3266.150332  
3267.54555  
3254.741587  
3268.681225  
3265.232089  
3271.932426  
3272.416351  
3269.306036  
3275.778912  
3280.554805  
3279.439336  
3277.592127  
3277.156917  
3265.84589  
3267.25436  
3267.392209  
3269.383037  
3266.096989  
3273.094604  
3270.363243  
3274.459574  
3268.784221  
3267.538013  
3267.127157  
3268.007237  
3261.319218  
3257.178174  
3264.123009  
3258.50332  
3265.49255  
3276.087314  
3276.469961  
3264.176662  
3262.836892  
3273.169488  
3266.594394  
3268.569807  
3261.638019  
3263.964017  
3261.17437  
3264.250573  
3267.383355  
3264.747573  
3265.070179  
3269.878402  
3266.634446  
3275.107822  
3272.348896  
3271.829987  
3276.863764  
3271.09586  
3272.448964  
3272.047693  
3264.221622  
3259.533199  
3268.384654  
3271.112977  
3265.94368  
3257.374143  
3256.152627  
3253.9729  
3257.827866  
3259.349716  
3253.682768  
3262.205929  
3259.916291  
3263.996352  
3269.998604  
3268.437001  
3275.874551  
3274.486226  
3271.06635  
3277.809081  
3271.295663  
3270.02628  
3268.563701  
3277.986755  
3274.097988  
3271.705289  
3270.523512  
3277.227924  
3275.824993  
3267.622192  
3273.472016  
3271.864764  
3264.76867  
3264.778951  
3272.482283  
3270.55621  
3273.059379  
3271.572448  
3268.177765  
3275.525222  
3275.176071  
3275.561255  
3281.167495  
3277.692872  
3274.065496  
3282.99267  
3287.226204  
3280.161251  
3287.456632  
3281.482474  
3274.291852  
3274.030552  
3268.261463  
3268.755081  
3271.933303  
3285.668226  
3273.995039  
3275.737491  
3270.690237  
3268.673903  
3273.038916  
3277.3657  
3271.118139  
3266.99587  
3265.610518  
3276.371334  
3275.789358  
3286.261605  
3279.341937  
3277.079856  
3283.988642  
3273.212282  
3267.705761  
3276.605546  
3287.006658  
3286.232111  
3292.155832  
3288.118341  
3298.761942  
3296.658217  
3288.277189  
3274.269783  
3259.486795  
3267.619097  
3269.938352  
3248.694557  
3250.491413  
3268.20736  
3279.560047  
3281.146885  
3284.235772  
3279.819092  
3280.503744  
3279.124556  
3281.940949  
3281.269635  
3282.021631  
3293.595363  
3292.760014  
3281.914478  
3316.518798  
3303.513796  
3308.521363  
3302.357549  
3301.071704  
3304.626468  
3317.023792  
3311.255348  
3305.711422  
3305.897094  
3297.369128  
3296.843501  
3294.385639  
3282.355499  
3288.914864  
3290.075795  
3293.492829  
3290.320599  
3284.746845  
3274.74864  
3276.162322  
3284.927036  
3284.610609  
3280.310553  
3285.700465  
3294.11748  
3289.623218  
3296.296905  
3287.136084  
3278.402694  
3275.583782  
3276.314386  
3280.224693  
3273.964264  
3272.156026  
3269.452611  
3273.265039  
3280.285413  
3282.905253  
3293.616608  
3279.688935  
3278.649634  
3282.908987  
3277.369747  
3280.544828  
3275.751253  
3289.404151  
3282.718819  
3280.834117  
3281.707057  
3283.314017  
3287.960053  
3292.786324  
3289.822884  
3284.256992  
3274.083335  
3269.494861  
3276.341024  
3279.218069  
3277.987484  
3276.286415  
3268.254666  
3269.18864  
3266.582568  
3272.329925  
3264.901037  
3268.668604  
3277.076189  
3280.389746  
3279.770065  
3277.717306  
3282.667048  
3290.704079  
3275.570987  
3292.170096  
3295.22753  
3284.754598  
3304.232244  
3290.066718  
3294.813084  
3291.715872  
3290.007288  
3281.343489  
3285.153672  
3278.339462  
3275.881017  
3266.943835  
3274.352695  
3275.117549  
3269.999923  
3274.272605  
3270.766033  
3272.204966  
3272.33195  
3289.365148  
3282.918472  
3283.04386  
3275.851798  
3280.109667  
3278.201553  
3287.213246  
3295.574069  
3289.819439  
3280.278128  
3292.706302  
3286.127596  
3292.570565  
3285.378664  
3285.866251  
3284.349226  
3284.287428  
3278.634119  
3293.422597  
3291.801109  
3301.788271  
3289.527104  
3301.996044  
3292.602573  
3292.058987  
3289.948312  
3301.917363  
3282.794086  
3283.068502  
3277.634764  
3280.095923  
3283.402268  
3285.412612  
3289.120758  
3277.164937  
3286.807372  
3283.277052  
3285.04583  
3292.865118  
3303.112313  
3301.564141  
3300.488775  
3305.852728  
3300.529199  
3298.904079  
3293.242162  
3289.167657  
3293.908182  
3287.813693  
3292.415668  
3288.207774  
3280.319287  
3287.242837  
3278.103204  
3292.665765  
3287.06746  
3287.606988  
3285.451069  
3284.770494  
3289.424863  
3293.452468  
3283.374721  
