5821.360249  
5800.778147  
5812.497485  
5817.456269  
5819.64493  
5812.772915  
5816.646365  
5803.552627  
5782.725809  
5784.863322  
5789.601601  
5781.342547  
5779.402719  
5778.910274  
5775.725748  
5785.662234  
5788.370114  
5795.58368  
5801.450701  
5803.453067  
5801.470404  
5809.909727  
5815.18244  
5812.001208  
5810.395008  
5827.998394  
5825.762686  
5823.456725  
5828.999261  
5838.490212  
5828.819033  
5833.666794  
5834.304217  
5840.378113  
5830.348717  
5821.450219  
5829.701046  
5833.179388  
5819.96425  
5821.636721  
5821.02625  
5819.114922  
5813.281756  
5819.03603  
5825.563626  
5803.573474  
5804.225782  
5800.983015  
5810.608557  
5797.939548  
5788.64424  
5784.822339  
5791.611267  
5787.46236  
5787.5665  
5798.333225  
5800.729194  
5795.656484  
5804.178678  
5817.599504  
5816.456989  
5818.820404  
5824.745934  
5825.787183  
5820.741641  
5818.674474  
5829.772362  
5823.551849  
5833.586545  
5836.295883  
5840.326779  
5829.825997  
5828.475764  
5832.266363  
5835.005351  
5822.357508  
5815.090112  
5816.979017  
5820.926862  
5814.101917  
5806.671356  
5806.439055  
5799.445899  
5796.664482  
5804.368653  
5809.345203  
5809.649005  
5812.9403  
5818.562089  
5817.641456  
5824.187271  
5827.126872  
5838.622762  
5834.84189  
5836.425287  
5840.318772  
5832.938591  
5830.14244  
5826.009936  
5810.831514  
5803.265363  
5799.587195  
5792.121546  
5794.778998  
5797.350236  
5795.835866  
5788.763092  
5788.966481  
5786.344227  
5799.19448  
5800.115283  
5802.519787  
5808.711181  
5820.108212  
5807.501535  
5797.905616  
5798.15995  
5800.361164  
5800.86086  
5791.634869  
5793.108766  
5804.634083  
5784.726738  
5772.894001  
5776.105469  
5770.407232  
5770.410766  
5762.150071  
5777.669346  
5781.789552  
5780.777608  
5786.59444  
5802.896791  
5801.824347  
5819.07205  
5800.111695  
5765.939464  
5782.731241  
5780.469031  
5802.193251  
5812.665429  
5829.061225  
5823.13403  
5791.125538  
5813.193831  
5822.608107  
5843.511806  
5834.865824  
5806.297158  
5766.313382  
5793.18658  
5819.917048  
5803.138936  
5817.76899  
5805.202381  
5800.207558  
5784.147209  
5773.013978  
5770.937481  
5791.363225  
5810.07672  
5786.898515  
5788.120965  
5796.934514  
5813.211121  
5803.891833  
5800.031518  
5802.515226  
5806.587191  
5789.443222  
5767.603367  
5767.388188  
5772.492797  
5779.843059  
5751.228048  
5756.812717  
5778.528214  
5749.495699  
5744.991924  
5746.14626  
5768.577246  
5767.692846  
5761.87681  
5776.763579  
5784.625808  
5782.258905  
5764.894891  
5755.63596  
5775.56972  
5778.657731  
5781.562137  
5787.590135  
5797.278591  
5800.540671  
5784.199858  
5786.754281  
5798.990191  
5799.239886  
5775.33821  
5765.706713  
5771.489486  
5762.555732  
5760.928573  
5752.143613  
5765.263732  
5759.72414  
5746.197398  
5758.326763  
5760.534375  
5757.607411  
5757.53644  
5764.026091  
5762.465778  
5775.271023  
5776.771172  
5788.714133  
5774.953407  
5775.853482  
5778.801944  
5780.936576  
5769.244456  
5765.735017  
5776.90039  
5773.243947  
5770.515581  
5773.789918  
5729.013899  
5742.046584  
5771.330943  
5771.085951  
5746.330546  
5786.913487  
5798.737792  
5801.383446  
5796.533615  
5756.669868  
5757.903407  
5744.773486  
5730.011873  
5705.486247  
5695.429094  
5676.13162  
5701.037552  
5692.161677  
5725.266766  
5709.029945  
5718.237174  
5716.765546  
5726.280599  
5733.152097  
5745.614774  
5775.215173  
5778.567952  
5794.857412  
5799.541049  
5771.64284  
5790.916704  
5808.189852  
5815.970382  
5790.041306  
5812.429796  
5782.123244  
5766.022476  
5795.661169  
5782.877589  
5780.595226  
5750.689691  
5751.03572  
5766.18789  
5766.486795  
5747.441503  
5730.698487  
5768.491615  
5766.06074  
5768.4076  
5801.085791  
5783.597131  
5765.438057  
5750.733161  
5753.512015  
5770.072492  
5765.355481  
5752.30633  
5763.931495  
5773.986576  
5761.780905  
5755.215384  
5768.452975  
5777.430476  
5768.282224  
5753.112724  
5775.612742  
5763.46394  
5757.040047  
5763.283281  
5771.533167  
5774.526989  
5764.560381  
5779.992924  
5791.80098  
5783.071598  
5781.431608  
5786.525388  
5780.647092  
5774.801084  
5777.598446  
5787.811799  
5784.563022  
5776.772165  
5777.573614  
5789.036737  
5797.770588  
5784.139036  
5781.747466  
5780.378586  
5781.637984  
5771.427451  
5780.099911  
5781.287301  
5773.785545  
5776.085086  
5792.539709  
5781.021677  
5781.73733  
5781.411444  
5781.460095  
5771.252914  
5759.008962  
5762.905796  
5766.627376  
5761.188018  
5761.403306  
5765.297414  
5774.845599  
5789.468449  
5790.363685  
5777.896384  
5794.541937  
5798.17678  
5789.742812  
5784.665286  
5795.228367  
5780.145781  
5761.667317  
5761.560639  
5765.596178  
5756.212654  
5758.391358  
5775.525359  
5781.458295  
5762.237126  
5771.361084  
5773.912315  
5783.696837  
5748.863245  
5761.53089  
5751.698974  
5783.996892  
5782.60581  
5772.853113  
5765.824983  
5780.513284  
5784.912196  
5736.113657  
5717.078325  
5725.219426  
5743.751444  
5758.74441  
5769.071811  
5793.237597  
5784.019528  
5784.587367  
5791.922401  
5776.758198  
5750.581738  
5745.09608  
5734.763446  
5746.078917  
5753.656516  
5762.36937  
5767.591315  
5740.333714  
5768.026022  
5799.860918  
5800.387893  
5766.846514  
5778.681764  
5772.217049  
5795.578815  
5783.581458  
5786.745597  
5765.667366  
5759.431335  
5756.563431  
5760.662533  
5747.403425  
5751.085645  
5767.390083  
5748.778209  
5744.433043  
5759.056953  
5740.935467  
5769.920487  
5777.71007  
5766.47619  
5742.772187  
5739.439333  
5750.487831  
5778.246237  
5775.618991  
5774.467196  
5790.609144  
5802.665783  
5799.250626  
5777.319942  
5785.2344  
5777.666143  
5767.162283  
5771.259504  
5777.441559  
5781.111803  
5778.367215  
5778.128302  
5770.448468  
5770.449035  
5772.888216  
5765.04886  
5796.426927  
5785.158596  
5785.123158  
5787.555174  
5794.276601  
5785.448548  
5773.177341  
5773.576012  
5785.424746  
5771.628078  
5763.468615  
5762.961068  
5779.110078  
5757.128832  
5747.706207  
5752.285411  
5744.275236  
5743.908278  
5787.424767  
5815.457819  
5810.127572  
5748.836622  
5791.531795  
5807.715442  
5804.28873  
5805.807928  
5774.107047  
5789.415575  
5785.811726  
5789.742972  
5816.390975  
5830.215721  
5814.09591  
5796.32005  
5789.846062  
5788.275813  
5797.434557  
5790.186374  
5766.527405  
5767.520527  
5770.881215  
5774.341245  
5770.071607  
5749.301122  
5776.658951  
5781.946425  
5764.963473  
5780.71474  
5802.302436  
5797.081541  
5770.516965  
5763.331789  
5771.196869  
5756.56026  
5754.481859  
5757.193745  
5776.860217  
5785.815588  
5760.034544  
5725.006108  
5753.284133  
5742.2489  
5725.355509  
5729.141725  
5741.418308  
5742.562853  
5742.650269  
5776.505072  
5764.263589  
5753.278329  
5755.545058  
5764.196873  
5772.886804  
5804.730951  
5781.016047  
5756.234211  
5753.391239  
5771.538648  
5838.738632  
5866.15227  
5856.494785  
5868.748781  
5873.869145  
5869.78402  
5881.684577  
5897.053493  
5923.300429  
5894.88911  
5891.155094  
5878.698169  
5888.345542  
5879.715573  
5861.826177  
5874.853137  
5873.819437  
5869.488379  
5858.365635  
5831.642502  
5836.15917  
5843.107028  
5836.276279  
5814.701392  
5803.978465  
5801.440858  
5798.608524  
5797.552641  
5788.371176  
5795.622571  
5806.184462  
5807.063353  
5795.499554  
5822.448423  
5825.11006  
5821.68915  
5788.518876  
5781.421357  
5776.518117  
5785.518677  
5794.540858  
5790.712655  
5778.696367  
5783.515184  
5772.541187  
5766.399296  
5767.658752  
5769.378763  
5776.33995  
5749.557826  
5742.015529  
5791.493822  
5801.771789  
5768.491722  
5759.890345  
5763.539073  
5766.765271  
5768.584781  
5793.5881  
5801.422632  
5806.490294  
5790.009473  
5775.130699  
5774.008654  
5763.494058  
5786.915474  
5810.002979  
5809.248215  
5814.825659  
5816.852642  
5773.785211  
5758.133713  
5737.849383  
5730.315801  
5737.692986  
5758.258083  
5768.885797  
5773.865162  
5781.7518  
5783.262499  
5772.375141  
5772.73718  
5769.265469  
5812.595864  
5793.667812  
5825.224727  
5816.81713  
5822.523597  
5848.112979  
5855.204388  
5870.102969  
5839.402304  
5832.248172  
5843.77693  
5834.545793  
