-0.01246630874  
0.6808177334  
-0.1921554794  
-0.178405806  
-0.4069454819  
0.08637012622  
0.04478337161  
0.05123154722  
-0.3307482609  
0.05459634811  
-0.2104496421  
-0.407608364  
-1.100648059  
-0.1191312254  
-0.2145819929  
-0.813672282  
-0.4184050361  
-0.5848841159  
-0.7499199119  
-0.7390269941  
-0.2753670191  
-0.2250636659  
-0.7031996295  
-0.2601649998  
0.3241355242  
-0.1161075189  
-0.4476572437  
0.2110218244  
-0.1356284011  
-0.2494385865  
-0.3206803312  
-0.3335917641  
0.287565924  
-0.09894079181  
-0.01868255627  
-0.4793948094  
0.09151376767  
-0.2682684299  
-0.4031927134  
-0.7182143273  
-0.4624111103  
-0.6678009347  
-0.5131620521  
-0.1639940529  
-0.1102505332  
-0.5108675272  
0.1506554699  
-0.01747885592  
-0.1264191485  
-0.7384411242  
-0.9279068309  
-0.8082170762  
-1.072986163  
-0.9996630517  
-0.6804010095  
-0.4172109073  
-0.4628422299  
-0.5807944226  
-0.5762957978  
-0.4449945655  
-0.603888951  
-0.9803693436  
0.142011817  
-0.4540494416  
-0.1791497036  
-0.547282488  
-0.4079911492  
-0.5679245387  
-0.4403244864  
0.199771024  
0.1749304102  
-0.2732641777  
0.2066935061  
-0.1630469328  
-0.07575385117  
-0.1701986148  
0.3805699408  
-0.3805443293  
-0.2172739199  
-0.1905361956  
-0.06206412917  
0.3485927484  
0.272419833  
0.1201917888  
-0.3501323277  
-0.09500665923  
-0.3413690213  
-0.4220423671  
-0.3418966228  
-0.4786115232  
-0.2351064775  
-0.6761091604  
-0.4113489167  
-0.8096614127  
-0.7169696136  
-0.6456159242  
-0.8054815083  
-0.9847069878  
-0.7508270344  
-0.3887953652  
-0.7871702997  
0.1240392638  
0.8660878754  
1.012497158  
1.196969568  
1.778478667  
1.867678029  
1.976274146  
1.092176781  
1.492142891  
1.662294093  
1.962101963  
1.551252249  
1.381311408  
1.283286657  
0.7879888753  
0.6604595527  
0.527631727  
0.6516122196  
0.6289059297  
0.5350066599  
0.8366962199  
0.7247992748  
1.504421421  
1.240211515  
0.5031584993  
0.274935191  
0.8778597406  
0.7133678745  
0.9501611102  
1.158963664  
1.265160571  
0.9663599817  
0.08192964415  
0.7577807997  
0.6013569012  
-0.1227095961  
-0.06236022685  
0.6537830428  
-0.2417871256  
-0.4445166185  
-0.8052947491  
-0.04794058153  
0.3377998794  
0.6334635543  
0.7813572693  
0.4440662328  
-0.488979834  
-0.1054487742  
-0.07396159374  
0.3473641289  
-1.030472046  
0.2230495191  
-0.2192616357  
-0.6416331843  
-0.1511891654  
0.5852146755  
0.1172853781  
0.3930046395  
-0.3330087973  
0.1382501616  
0.1220470139  
-0.4172552329  
0.06933306564  
0.5050997194  
-0.5003064785  
-0.07132126066  
-0.09877061049  
0.04302706743  
-0.047173587  
0.6406038126  
-0.008967663467  
0.3105920602  
0.288750532  
0.4125909334  
0.4028760868  
0.1607637046  
0.7752918003  
1.330305098  
0.5393406771  
0.404990157  
1.00076182  
0.4925762415  
0.8163114387  
1.21487966  
0.7198434868  
0.8118876736  
0.5642313317  
0.8538701354  
0.8655330939  
-0.0352029654  
0.8018416134  
0.6938840757  
0.6492916989  
0.5310997249  
0.6421085305  
0.4998796202  
0.8239676883  
0.7210212394  
0.6414649482  
0.2249446468  
0.2558082237  
0.5560680594  
0.3300198459  
0.3210219343  
0.7676953247  
0.7855693386  
0.1323179738  
-0.005358584188  
0.4701646589  
0.2749341511  
-0.635689291  
-0.06664325581  
0.2797685408  
0.4337246766  
-0.5441320242  
0.1081856505  
-0.2719055594  
-0.8871325397  
-0.6829316378  
-0.04099166379  
-0.4710416589  
-0.5656124667  
0.401411515  
0.4443643482  
-0.5205968412  
-0.3762276458  
0.07925161026  
0.601142882  
-0.3662501151  
-0.4014820841  
0.4891268697  
0.5418110195  
0.2455497391  
0.6110182351  
0.1720570428  
0.2636624049  
-0.2229521676  
-0.06352386965  
-0.461282542  
-1.04162125  
-0.6233846018  
-1.106669673  
-1.124285212  
-0.8381738938  
-0.314765453  
-1.089042184  
-0.8968502064  
-0.9108110061  
-0.5119097629  
-0.1914521676  
-0.5535399392  
-0.5520958791  
-0.007410540571  
-0.7264789113  
-0.2297479443  
-0.4013211794  
0.07679688102  
0.4392354693  
0.2499325106  
0.0341842109  
-0.1807864477  
-0.2736790738  
-0.08809533936  
-0.1343805168  
-0.005715366458  
-0.4797776031  
-0.3038056826  
-0.3317110521  
-0.164813611  
-0.6363216731  
-0.203499527  
0.02776906258  
-0.5725685868  
-0.5857613825  
-0.6368052448  
-0.5427439813  
-0.5685100342  
-1.10621738  
-0.606768465  
-0.7675831786  
-0.3615862607  
-0.7616804394  
-0.4595245546  
-0.8358825541  
0.01098603482  
-0.1230284247  
-0.1184358484  
0.0108577567  
-0.2073993817  
-0.5240552238  
-0.2406464473  
0.08520762407  
-0.4517775942  
0.01298647393  
-0.2395223625  
-0.5572343574  
-0.09796537569  
-0.03547753535  
0.1299767113  
-0.2578419862  
-0.2853579153  
-0.1586761346  
-0.2771760996  
-0.431071263  
0.161019503  
-0.2356684263  
-0.1060363196  
0.4879722557  
0.4002723336  
0.05331701411  
0.3798895555  
0.5003081471  
-0.04342339529  
0.4070070028  
-0.246899098  
0.1742998075  
0.05068058352  
-0.4510953879  
-0.9923423861  
0.2361023454  
0.5772390719  
0.2272093285  
-0.1665020928  
0.2249054212  
-0.5313057175  
-0.5322718089  
-0.7168410912  
-0.8368874108  
-1.352086118  
-0.4260369926  
-0.1388580856  
-0.4113682616  
0.186346975  
0.03462481359  
0.02890136572  
-0.1181211349  
-0.1160869782  
0.06244514113  
-0.6333083967  
-0.8681772467  
-0.7849445628  
-0.01659315242  
-0.5087991374  
-0.2787283003  
-0.8679117098  
-0.1712766219  
-0.2879076626  
-0.9514166221  
-1.28230018  
-1.044254504  
-0.9115653232  
-1.277474756  
-0.5366905499  
-0.5420967989  
-0.3676437242  
-0.9014640473  
-0.4075554357  
-1.00181987  
-0.6552262574  
-0.4199471713  
0.1548390407  
-0.1412200541  
-0.2299888779  
0.1272999244  
-0.07094195231  
0.09068749139  
0.07377617927  
-0.07346992254  
0.1409702658  
-0.5254626498  
-1.137859169  
0.07157512065  
-0.3870229166  
-0.4646415197  
-0.7271019487  
-0.7089023553  
-0.845300049  
-0.451566298  
-1.349172967  
-0.865375437  
0.1053486299  
-0.6757441384  
-0.3171729863  
0.632712016  
0.4488961579  
-0.07775457623  
0.4909308983  
0.5595889159  
0.1827855776  
0.3503149521  
0.5721529809  
1.107496677  
-0.2095325681  
-0.1594079706  
-0.142799688  
-0.008694540252  
-0.157076029  
0.3486839786  
0.1052726127  
-0.8159364621  
-0.6889625514  
-0.2701078539  
-0.2509924668  
-0.4742382393  
-0.7806914189  
-0.4291247641  
-0.1496167881  
-0.4844307737  
-0.1308816005  
0.1927054157  
0.1957105887  
0.1715130826  
-0.4461397424  
-0.08500578306  
0.5321738966  
0.3134994402  
1.086540138  
0.7503756872  
0.5360646473  
0.01430847349  
0.5971886596  
1.026988939  
0.6821992008  
0.4816594292  
-0.9048528909  
-0.8500392845  
-0.78735576  
-0.7718997024  
-1.534698717  
-1.215218899  
-0.611364635  
-0.6718453234  
0.3536506742  
0.16111181  
0.3484673936  
0.3032688351  
0.3837016169  
0.5496790152  
0.2774832055  
0.2049729097  
1.546997031  
1.4121767  
1.159667999  
1.574840372  
1.807797762  
2.111828897  
1.406161105  
1.979394892  
1.583669688  
1.610910759  
1.004538365  
1.194423057  
0.826925927  
0.7376968978  
0.5275472206  
0.2473078559  
0.5126119047  
0.7660700602  
0.2268654146  
0.5346570704  
-0.3662102504  
0.4759422665  
0.1111379192  
-0.138613131  
0.4883019101  
0.622212568  
0.5634237289  
0.6068183115  
0.7726354159  
0.8824931005  
0.920859954  
0.3119182101  
0.457607351  
0.5456998071  
0.2638187186  
0.2972683864  
0.07118737757  
-0.1756437298  
-0.7730118429  
-0.1132895216  
-0.03228335225  
0.249782556  
0.2338612158  
0.2063810902  
-0.2091842887  
0.1927958021  
-0.1497754799  
-0.3677104527  
0.1305846973  
-0.2099829031  
-0.482296848  
-0.4607419101  
-0.2528436655  
0.02847463965  
0.4398407583  
0.4588333076  
-0.3214598752  
-0.3722001238  
-1.287355884  
-1.288552283  
-0.9053246188  
-0.9900133466  
-0.8942252132  
-0.5068967662  
-0.524656593  
-1.003095371  
-1.098113829  
-0.940664422  
-0.5404732589  
-0.6094777451  
-1.21200975  
-0.4685409185  
-0.5189435877  
-1.198619064  
-0.2924897593  
0.01033498186  
-0.04604072754  
-0.3262644854  
0.3840613797  
0.3041392644  
1.051591503  
0.3088994432  
0.1262876636  
0.02136479839  
-0.1103300073  
-0.4296737263  
-0.3797814835  
0.1265322989  
-0.4479147351  
-0.7074115632  
-0.4649405064  
-0.6750587044  
-1.296042821  
-0.6761942861  
-0.645778047  
-1.22103438  
-0.8428651038  
-0.09279828567  
-0.2169645393  
-0.02854556566  
-0.5109619193  
-1.11120612  
-0.0845998629  
0.6429858546  
0.3948350519  
0.2164065714  
0.4288257994  
0.2264073165  
0.1335063227  
0.5185382073  
-0.07543880435  
0.4873750479  
-0.2916732993  
0.654869869  
0.6030281378  
-0.06527001875  
0.153821853  
0.8259208657  
0.6548030626  
0.2368686452  
0.8282137329  
0.9244887875  
0.7502149608  
-0.1058063986  
0.7401463341  
0.01607580561  
0.2082751842  
-0.1031089894  
0.3565513852  
0.4472489395  
-0.01502305908  
-0.4007963687  
-0.2115176072  
-0.09780861648  
0.6891188748  
1.085720735  
0.9237982981  
1.107686985  
1.990522104  
0.8678407205  
0.7877832614  
0.8280942455  
0.5789767385  
0.3132389515  
0.6050945255  
0.8966353518  
0.6905828295  
0.4242361848  
0.05540150555  
0.343092553  
0.2085096439  
0.6070450285  
0.1942272678  
-0.08181658371  
-0.3821889658  
-0.01263198274  
-0.3265810228  
-0.3909704899  
0.6336229692  
-0.02860909767  
0.2303840545  
-0.6845060843  
-0.9484463495  
-0.2200089458  
-0.05524085433  
-0.7747789591  
-0.8599441239  
-0.8252043101  
-1.099839665  
-0.5443648829  
-0.7009051163  
-1.148261845  
-1.012765282  
-0.5242848335  
0.1880473679  
-0.1808196204  
-0.2579330416  
0.02003689713  
-0.1903601354  
0.06022343907  
0.1397082603  
0.5468223762  
-0.1288480999  
0.4400125494  
0.4001872918  
-0.09171799827  
0.4824990363  
0.08179394184  
-0.1891221555  
0.02955067585  
0.4014866601  
0.1937764459  
-0.01366140953  
-0.2204763559  
0.138017146  
-0.4223167775  
0.1237209346  
3.697751054e-05  
0.5010884052  
-0.1559593941  
-0.02933355099  
-0.09076249573  
-0.08794402365  
-0.03298226198  
-0.2466319475  
-0.2022227524  
0.2912796036  
-0.4958324341  
-0.3811577424  
-0.3196587468  
-0.01960527821  
0.2079690187  
0.327223309  
0.5020879971  
0.02673308927  
-0.4122685796  
-0.1335098817  
0.4776263096  
0.3678573304  
-0.1017321147  
0.2141816603  
-0.1296465846  
-0.03092903099  
0.1198740334  
0.4479136086  
0.4379577799  
0.01709194936  
0.004101760548  
0.2044489354  
0.2589380498  
-0.04328674472  
0.1370501395  
0.5641770822  
-0.2461622855  
-0.1567060043  
-0.5214886998  
0.2331650793  
0.04159070884  
0.01709802542  
-0.268091357  
-0.4798246354  
-0.605110571  
-0.4734345099  
-0.1455536028  
-0.1451032799  
-0.07575580558  
0.2245788131  
0.07028380878  
0.1420610677  
0.2986325783  
0.9015234354  
0.6504334081  
0.2922202473  
0.6052740259  
0.3796427826  
0.3956630123  
-0.1306715233  
-0.2889308457  
-0.1615906687  
0.3999861777  
0.03198966199  
-0.2172186925  
-0.3525793196  
-0.2075760628  
-0.3987671117  
-0.3762266907  
-0.230119855  
-0.04330857136  
-0.05503503863  
-0.1555912749  
-0.3110600263  
0.2710992353  
0.3278508539  
-0.1769614835  
0.3556505982  
-0.03150405706  
0.3207227793  
0.144980664  
0.1207117539  
-0.2054837833  
-0.4500085263  
-0.4195154691  
-0.2535397744  
-0.3157708091  
-0.9792388474  
-0.6464047481  
-0.5471829778  
-0.4157772703  
-0.3978706783  
-0.3546285573  
0.2202558994  
0.2435445537  
0.4690205261  
0.8147990646  
0.6403008238  
-0.3731883076  
-0.3577458585  
-0.3126320576  
0.5852060187  
0.147970068  
0.732106099  
0.00096796183  
-0.3797591934  
0.7568631611  
1.246178695  
1.24504251  
1.574124008  
0.5125574059  
0.04872107057  
0.2334029888  
0.5736786353  
-1.209095364  
-0.3400176871  
-0.5324777521  
-0.4253731966  
-1.241574503  
-1.361923567  
-0.6333582093  
-0.1664432277  
0.2024609602  
-0.002765856546  
0.6216823145  
0.04221846281  
0.0804483147  
0.506043122  
0.1331208166  
0.472032486  
0.2202844765  
-0.2867386586  
-0.6019177178  
-0.5894545193  
-0.4009104149  
-0.3464294799  
-0.7051967085  
-0.05213001901  
-0.6252709304  
-0.8169832309  
-0.3339304362  
-0.4566124766  
-0.01969759503  
-0.5022616654  
-0.326650489  
-0.1273916201  
-0.4234460058  
-0.7418695916  
-0.938596043  
-0.4788486584  
-0.1852743444  
0.1072547518  
-0.1883243987  
-0.4363779483  
0.2930936949  
-0.03152309677  
-0.2998428442  
-0.2318040533  
-0.2212978858  
-0.1771472509  
-0.3882903268  
-0.3456090695  
-0.5032164051  
-0.7363833834  
-0.9710851197  
-0.8147004882  
-0.6505236491  
-0.9452035401  
-0.808900231  
-0.5250332624  
-0.6497113448  
-0.7358183565  
0.0792038455  
-0.3969052914  
-0.4334034111  
-0.3493089657  
-0.461967307  
0.06591533527  
-0.5174115101  
0.2016230402  
0.5247757723  
0.3811569278  
-0.2224649443  
-0.3650362434  
-0.03913638329  
-0.2343396625  
-0.287373802  
-0.7923485252  
-1.281444275  
0.4019968459  
1.038464849  
1.355136888  
0.6485908154  
0.8659587321  
1.352196987  
0.09653780953  
-0.07389522787  
-1.309715404  
-0.8218787984  
-0.6758603842  
-1.34720873  
-1.296581894  
-1.360748697  
-1.445099357  
-1.052222055  
-1.277301556  
-0.3832606896  
-0.8621106142  
-0.4839465241  
-0.4035237607  
-0.08791088645  
-0.4564623257  
0.1705072422  
0.1693996034  
0.5683362168  
0.3643895741  
0.7550008103  
0.1056346826  
0.4868920858  
1.046918614  
0.7780322399  
0.2831952287  
0.7505394764  
-0.1099172943  
0.02437982095  
0.8675559891  
-0.2000903596  
-0.2647559626  
-0.9281834257  
0.0238198828  
0.210400202  
0.0269162107  
-0.6814794753  
-0.7096037383  
-0.6062134476  
0.5610671538  
0.04753351375  
0.487079781  
0.03536695429  
-0.6838084683  
-0.7861907934  
-0.6277465542  
0.0063338461  
-0.3125168555  
-0.4897720177  
0.125799452  
0.1153589908  
0.06255250328  
-0.2444632606  
0.08869932722  
0.4034515059  
-0.3676395146  
-0.06820437199  
0.06759355595  
-0.07006080346  
-0.1111130831  
-0.6417748495  
-0.1274994817  
-0.123279286  
0.1193667224  
0.237165566  
0.2762217172  
0.481996215  
0.2465699945  
-0.3830874259  
-0.3722297552  
-0.2794278858  
-0.4819080185  
0.003535096915  
0.02839171632  
0.02027316967  
0.2730391669  
-0.1650893275  
0.3685815943  
-0.1802239546  
-0.0992870618  
-0.195274625  
-0.4127955701  
-0.3337728127  
-0.6842046866  
-0.7780225901  
-0.7549650545  
-0.4966056677  
-0.3409101437  
-0.8158420643  
-0.5008345004  
-0.8391979518  
-0.7199839219  
-1.09142896  
-1.272709335  
-0.9455949283  
-0.9598384673  
-1.028313058  
-0.7174366328  
-0.9867935083  
-0.3643007169  
0.09325297992  
-0.2051227759  
-0.3475501178  
-0.1789739824  
-0.05685383758  
-0.04429143647  
-0.2504699809  
-0.4138174399  
-0.2719398661  
-0.4442928089  
-0.4164977784  
-0.5772291806  
-0.8768868672  
-0.0459761742  
-0.2598317401  
-0.4524852235  
-0.6955157925  
0.3605369004  
-0.0380211759  
-0.01307403082  
-0.8092854837  
-0.1321730482  
-0.358199321  
0.2223726815  
-0.1339780442  
-0.4444640123  
-0.655923844  
-0.5560159902  
-0.8275309675  
-0.9179676013  
-1.368721572  
-0.9165149331  
-0.4423438576  
-0.3580180042  
0.6545119761  
0.8953553982  
-0.1177626279  
0.1664281432  
0.1641689943  
-0.05127141683  
-0.4293613022  
-0.3045586316  
-0.3875667821  
0.2240613908  
0.6136423553  
0.8352024679  
1.478159624  
0.6837434574  
1.096738777  
1.474192939  
1.445703354  
0.4996307205  
1.918855728  
0.948767422  
0.1605998763  
0.0669615214  
-0.7349666074  
-1.329522663  
-0.9993961888  
-0.611764333  
-0.4944343699  
-0.4456567121  
-0.6410885049  
-0.3312642598  
0.5194116994  
0.04276708547  
0.483011141  
0.4773115508  
1.039332412  
0.4748142154  
-0.178544807  
-0.2881025718  
0.2806597627  
0.5439958087  
0.5775791743  
0.3472665803  
0.5505012807  
0.8757331562  
1.325780786  
0.9565256906  
0.2298173744  
0.2245325849  
0.6058618861  
0.2066977444  
0.3585086428  
-0.01736362683  
-0.05329675386  
-0.7348190467  
-0.2597644354  
-0.1386277219  
-0.5256014384  
-0.111989369  
-0.4778396861  
0.06479150557  
0.04864425323  
-0.1388701403  
-0.2725862007  
0.1964394437  
-0.2218768526  
0.295820229  
-0.2160808703  
-0.1580631897  
-0.6197254477  
-0.2853397917  
-0.3089501006  
-0.2597372938  
-0.4454057369  
-0.5151623584  
-0.2036706121  
-0.5119384107  
-0.8488674598  
-0.002047868625  
0.8271731717  
-0.04049333508  
0.8241240254  
1.782098347  
1.976058237  
0.8518288243  
1.290869311  
0.2679597228  
1.244776172  
0.1587576477  
1.191950981  
1.629587943  
1.347990249  
0.9734495034  
0.9000374141  
0.8567795397  
0.7615352443  
1.162848158  
0.5556337613  
0.4908577831  
0.09537941293  
0.6338139104  
0.2519016035  
-0.03971944523  
0.2818818391  
0.2824846941  
0.4070526296  
0.7191647243  
0.4075431073  
0.6411176975  
0.6971071674  
0.2531820908  
0.6161363632  
0.1612088448  
-0.1232028228  
0.2166477127  
0.609344027  
-0.1614857754  
0.183505565  
0.2706340991  
0.3970927932  
1.393396259  
1.089264261  
0.965855299  
0.6433683493  
1.0768247  
0.8198542975  
0.233875569  
0.5848198752  
0.00495066733  
-0.2575909992  
-0.4861388777  
-0.5535691764  
-0.1737579944  
0.3532010416  
0.2319151039  
-0.09112774296  
0.2150745238  
0.6790117853  
0.9876262809  
1.793318048  
1.723114366  
1.10394718  
1.316826228  
1.330676779  
1.541254569  
1.667735502  
2.071537164  
1.306935815  
1.884365675  
2.006204818  
1.582787111  
1.513310812  
1.268618643  
1.690616182  
2.248704014  
1.875577386  
1.565014597  
0.9967885683  
1.769253322  
1.691761771  
0.7787446839  
-0.01594343784  
0.2228833348  
0.320320708  
0.01201194112  
-0.09182285748  
0.4237600681  
-0.0711506201  
0.04783623542  
-0.0798258668  
-0.4738030883  
-0.06124582196  
-0.07571741158  
0.8630588202  
-0.3162789788  
-0.1688304118  
-0.1106014893  
0.7628224742  
0.4355813389  
0.6588822238  
0.4471559505  
-0.2247934764  
-0.6576967353  
-0.4971117144  
-0.7464332773  
-0.2720031824  
-0.6691294658  
-1.669403044  
-1.284760228  
-0.09663237918  
-0.2852414847  
-0.6183085764  
-0.8059345488  
-0.4564646438  
-0.06970706633  
0.02782940063  
0.9698496435  
1.009297799  
0.8802510823  
0.2053471786  
-0.5218001994  
-0.3950906084  
-1.233316933  
-0.3737705332  
-0.3886136685  
-0.218390781  
-0.7019494266  
-0.3328234094  
-0.9850318078  
-0.8783553013  
-1.694267272  
-1.807701221  
-1.247167583  
-0.9681873794  
-0.8616275317  
-1.238681524  
-0.8684885559  
-0.5524958666  
-0.3732519849  
-0.1680525864  
-0.4041432828  
-0.2210346731  
-1.471310752  
-0.7482888949  
-0.7601813732  
-0.0492227692  
0.4615407475  
0.7537941578  
1.129121218  
0.5981169945  
0.4473276132  
1.350215639  
1.484387979  
