4459.222782  
4471.017034  
4436.498728  
4443.923616  
4457.578866  
4437.804332  
4446.975099  
4450.654139  
4433.802767  
4442.539901  
4448.954603  
4442.659263  
4455.453321  
4446.090438  
4448.894422  
4444.192207  
4450.862749  
4455.822706  
4453.31984  
4459.024885  
4448.527983  
4454.779263  
4448.028361  
4459.304979  
4445.221355  
4467.366407  
4477.650322  
4462.352185  
4473.155225  
4463.506589  
4464.680903  
4469.564857  
4465.602526  
4468.223201  
4473.161425  
4452.889106  
4462.81582  
4465.29634  
4451.988014  
4436.920187  
4443.683818  
4456.472997  
4444.625841  
4458.611873  
4461.352864  
4446.393998  
4460.224552  
4439.388786  
4460.940952  
4449.167056  
4444.297018  
4440.152357  
4428.134753  
4427.882013  
4435.178377  
4436.866486  
4449.451768  
4437.043422  
4435.363737  
4446.158694  
4459.175173  
4455.814106  
4462.88495  
4453.91583  
4450.749625  
4437.128953  
4443.805418  
4442.602383  
4453.80362  
4462.773411  
4445.323409  
4457.503016  
4459.58614  
4457.367415  
4476.00278  
4462.933706  
4472.939979  
4464.613276  
4476.599326  
4474.545811  
4458.648182  
4457.771571  
4453.911493  
4454.993453  
4431.240248  
4445.630555  
4463.458649  
4459.677131  
4460.26005  
4463.73607  
4460.667598  
4468.398698  
4472.663975  
4472.842003  
4470.958407  
4486.14623  
4477.407526  
4471.317677  
4458.451985  
4465.692274  
4451.38049  
4452.905696  
4453.345491  
4451.420278  
4460.769725  
4460.566844  
4457.013582  
4462.321593  
4472.347647  
4450.12091  
4461.884251  
4463.516474  
4471.877976  
4471.803182  
4477.991334  
4468.78852  
4471.985338  
4466.074367  
4467.311722  
4453.875072  
4451.024829  
4464.299303  
4459.568803  
4466.184063  
4455.019203  
4460.1896  
4468.554041  
4458.321413  
4455.649896  
4447.074589  
4453.433069  
4434.974107  
4432.110063  
4435.056124  
4466.308311  
4462.434878  
4409.941579  
4407.626657  
4403.97938  
4425.815863  
4413.5188  
4432.938834  
4382.556545  
4413.560849  
4422.216116  
4431.418628  
4477.722562  
4451.651969  
4453.018541  
4450.126295  
4448.188212  
4490.983829  
4461.756563  
4468.409245  
4473.665316  
4447.618816  
4449.938453  
4453.174352  
4442.004086  
4439.73698  
4449.248805  
4444.167045  
4465.265285  
4458.977559  
4473.78935  
4480.044877  
4477.228965  
4490.305516  
4493.10671  
4493.848878  
4475.221275  
4478.203053  
4476.385893  
4478.460763  
4475.400982  
4462.172581  
4474.077399  
4464.281589  
4474.371353  
4459.665698  
4457.030138  
4454.151953  
4434.964579  
4453.714819  
4464.214332  
4460.447224  
4459.769927  
4471.136475  
4467.453329  
4471.256859  
4466.611206  
4477.424556  
4481.062448  
4484.811807  
4475.460227  
4468.234183  
4475.610399  
4484.158938  
4477.225492  
4488.161911  
4475.063668  
4473.636093  
4482.224933  
4479.222062  
4487.228453  
4496.632479  
4476.148714  
4481.166928  
4480.104759  
4483.427478  
4483.773928  
4494.775396  
4483.543617  
4496.860442  
4487.501087  
4482.793331  
4477.16928  
4481.822566  
4468.55681  
4474.542269  
4487.783863  
4468.264212  
4465.18377  
4456.627936  
4465.138922  
4447.837264  
4416.47986  
4447.078855  
4469.594985  
4471.621541  
4490.798647  
4486.369465  
4510.470267  
4483.264302  
4470.234535  
4464.623326  
4463.851483  
4461.206651  
4451.73657  
4447.995905  
4438.934494  
4425.867198  
4454.72402  
4455.596896  
4475.616248  
4421.936453  
4454.96894  
4435.878494  
4445.37346  
4437.108076  
4444.814867  
4447.066959  
4458.816364  
4462.035649  
4482.458853  
4459.257075  
4461.711526  
4467.228651  
4496.205695  
4470.027162  
4503.425133  
4447.914964  
4463.866582  
4479.591579  
4466.829869  
4475.610964  
4445.878896  
4459.98424  
4467.399611  
4475.911056  
4450.424486  
4448.132466  
4435.803438  
4475.700954  
4456.007327  
4457.467167  
4470.788076  
4461.506494  
4455.129207  
4444.69667  
4480.924804  
4490.838554  
4477.338067  
4477.673335  
4479.996093  
4482.308876  
4481.432628  
4477.997439  
4467.543869  
4476.845189  
4460.665274  
4460.207603  
4471.369659  
4463.630681  
4454.87119  
4458.79185  
4462.640143  
4460.466824  
4448.976569  
4468.640339  
4468.685787  
4460.784183  
4470.876171  
4488.042945  
4473.858439  
4466.128353  
4477.57529  
4497.360114  
4482.034997  
4485.751159  
4479.600533  
4494.312598  
4486.174883  
4481.191497  
4473.706799  
4486.43875  
4484.225429  
4477.244742  
4483.14805  
4492.186118  
4480.544303  
4488.240345  
4494.585459  
4486.497888  
4493.002047  
4488.448254  
4483.24685  
4483.460506  
4477.882554  
4488.042617  
4473.482776  
4481.792048  
4485.456698  
4473.443214  
4471.767474  
4503.270091  
4477.104377  
4489.267104  
4493.520467  
4496.946044  
4480.95752  
4484.995318  
4499.280507  
4498.543712  
4491.647277  
4488.042532  
4488.191819  
4482.412045  
4481.970934  
4500.856049  
4477.747103  
4471.983496  
4448.30201  
4463.702703  
4433.57906  
4433.81313  
4422.393413  
4436.835184  
4440.738507  
4425.547454  
4413.517831  
4426.081477  
4423.378358  
4427.528255  
4416.430566  
4423.700697  
4444.101815  
4443.738889  
4458.200798  
4460.912387  
4454.801475  
4455.666524  
4444.862158  
4452.328139  
4418.487493  
4425.561979  
4432.529679  
4438.324906  
4452.04731  
4473.285611  
4512.193628  
4475.397917  
4482.464723  
4524.153175  
4497.952705  
4517.451483  
4547.639765  
4513.04234  
4494.596554  
4471.782143  
4499.872097  
4464.621983  
4476.981482  
4469.140923  
4476.765091  
4472.149486  
4470.166317  
4483.364041  
4493.862893  
4498.082025  
4506.090876  
4500.303246  
4502.08706  
4495.06545  
4488.044122  
4484.839826  
4487.677992  
4482.046884  
4509.914671  
4508.996202  
4501.662347  
4504.581808  
4519.171376  
4506.19865  
4505.79054  
4506.716111  
4503.773347  
4504.195647  
4491.714878  
4503.3644  
4511.688744  
4519.80058  
4515.004468  
4498.550975  
4490.175267  
4487.353772  
4461.964181  
4480.760697  
4462.456179  
4460.210061  
4462.88127  
4466.709976  
4466.966565  
4465.643708  
4483.651641  
4501.06812  
4490.734705  
4484.635362  
4482.113823  
4480.335004  
4479.754825  
4477.851662  
4488.992009  
4496.992006  
4485.877731  
4501.400685  
4498.887709  
4484.52482  
4500.553469  
4578.213277  
4511.429802  
4492.792882  
4542.004999  
4480.753696  
4515.070205  
4460.964  
4489.652685  
4471.536666  
4485.448448  
4471.493618  
4484.256727  
4492.878405  
4509.752284  
4489.465548  
4511.673104  
4481.756412  
4488.624962  
4463.354646  
4484.641557  
4492.970475  
4498.472728  
4514.582085  
4517.014166  
4525.752859  
4527.989431  
4530.962775  
4550.260537  
4534.639715  
4540.27872  
4544.582219  
4547.342669  
4541.23206  
4534.190938  
4522.073491  
4510.209233  
4475.594743  
4491.252462  
4527.355268  
4505.641971  
4493.221036  
4477.5892  
4482.955999  
4470.156405  
4480.259857  
4487.330734  
4493.781956  
4505.075037  
4493.41784  
4481.024105  
4474.586616  
4514.20316  
4503.106524  
4479.039479  
4473.05945  
4457.138901  
4480.08639  
4482.66255  
4509.979391  
4492.462401  
4483.161284  
4494.600458  
4498.068058  
4500.70806  
4516.017344  
4504.136481  
4522.020182  
4522.704672  
4520.068931  
4532.720539  
4508.199539  
4509.738883  
4506.943396  
4525.016371  
4516.455284  
4505.542787  
4517.736068  
4514.883416  
4503.190194  
4497.088021  
4491.223554  
4490.216002  
4486.313997  
4487.485881  
4489.652319  
4469.64175  
4463.716265  
4471.271408  
4474.592805  
4479.370121  
4490.254675  
4505.916729  
4452.673657  
4458.625909  
4448.8854  
4434.393094  
4449.38386  
4444.821916  
4432.721853  
4434.454724  
4447.630856  
4424.481062  
4439.289642  
4452.667134  
4451.248173  
4431.783263  
4453.384211  
4482.00833  
4488.065979  
4475.651871  
4455.793213  
4459.027854  
4469.638747  
4469.945079  
4493.535747  
4488.742484  
4482.714743  
4479.127321  
4452.036247  
4449.97495  
4419.408244  
4435.060215  
4427.446546  
4429.565975  
4432.2825  
4435.575278  
4405.138521  
4428.328334  
4394.204908  
4438.663724  
4431.229094  
4456.128747  
4472.982614  
4471.393983  
4467.072385  
4471.988476  
4447.269033  
4455.863852  
4449.552782  
4470.936176  
4438.022855  
4472.807268  
4476.758841  
4472.331167  
4498.210852  
4502.37524  
4506.185228  
4481.653883  
4495.572414  
4517.841143  
4503.703898  
