2983.437498  
2997.024582  
2980.454085  
2980.479356  
2975.88648  
2984.605236  
2984.699871  
2984.72271  
2977.118386  
2984.333919  
2979.674529  
2975.550982  
2962.213054  
2981.046543  
2979.857203  
2967.545583  
2974.877295  
2972.096927  
2969.043636  
2968.663315  
2977.71465  
2978.63104  
2969.985089  
2977.87163  
2989.413977  
2981.224578  
2974.366996  
2987.450359  
2980.846256  
2978.455494  
2977.103246  
2977.027185  
2989.304487  
2982.128566  
2983.109319  
2973.964748  
2985.289957  
2978.343196  
2975.949228  
2969.916992  
2975.179431  
2970.745622  
2973.495464  
2981.25818  
2981.109993  
2973.969586  
2986.568769  
2983.699232  
2981.008173  
2969.129158  
2965.340175  
2968.216074  
2963.081808  
2964.213755  
2969.660488  
2975.044909  
2974.221552  
2972.129709  
2972.35127  
2974.843665  
2971.481329  
2964.652298  
2986.201293  
2974.896299  
2979.406166  
2972.679364  
2976.1501  
2972.511061  
2974.516241  
2988.015744  
2987.040109  
2977.99093  
2987.222013  
2980.133736  
2982.274053  
2980.543777  
2990.806838  
2976.69032  
2979.589024  
2979.989942  
2982.628594  
2989.362923  
2989.081808  
2985.252419  
2976.315829  
2981.728035  
2976.424504  
2975.138133  
2976.351759  
2974.320156  
2978.648549  
2970.747264  
2975.934768  
2967.662734  
2969.86715  
2971.601077  
2967.96089  
2964.759552  
2968.652861  
2976.065268  
2968.16418  
2985.61619  
3001.721108  
3005.882509  
3008.796792  
3020.690508  
3022.067744  
3024.826364  
3006.907016  
3015.027898  
3018.527524  
3024.34697  
3016.190144  
3013.116076  
3011.124398  
3000.698164  
2997.895565  
2995.722737  
2997.503557  
2997.754074  
2996.528535  
3002.067549  
2999.969758  
3015.105735  
3009.862647  
2995.282112  
2991.068198  
3002.824151  
2999.265042  
3003.526755  
3007.411297  
3010.519147  
3004.181977  
2986.48155  
2999.731484  
2996.392537  
2982.613012  
2983.264266  
2998.30907  
2980.652046  
2976.102184  
2969.644215  
2984.209906  
2991.799905  
2996.61127  
2999.843857  
2993.5248  
2975.061108  
2982.725695  
2983.160317  
2991.043274  
2964.444686  
2988.661661  
2980.291616  
2971.996842  
2981.327223  
2995.630769  
2986.439665  
2991.995185  
2978.559127  
2987.313106  
2987.12363  
2976.424816  
2985.699227  
2993.92458  
2973.984505  
2982.612711  
2982.799938  
2985.43929  
2983.334117  
2996.548469  
2984.47548  
2990.908301  
2989.382483  
2992.419432  
2992.472332  
2987.98681  
2999.836416  
3010.088954  
2994.767792  
2992.472206  
3004.193075  
2994.001357  
3000.153897  
3007.848832  
2998.81344  
2999.955843  
2995.06656  
3000.635976  
3000.725695  
2983.609084  
2999.609254  
2998.104042  
2996.84418  
2994.873138  
2997.29289  
2993.01168  
3000.102524  
2998.848458  
2996.829566  
2988.235311  
2989.629621  
2995.043796  
2991.128986  
2990.386329  
2999.153837  
3000.078188  
2986.672231  
2984.010074  
2993.664844  
2990.229153  
2971.953746  
2983.030934  
2989.870306  
2992.576249  
2974.394047  
2986.133019  
2979.475364  
2966.694634  
2970.678398  
2983.018655  
2975.487835  
2973.108663  
2992.236668  
2993.132961  
2974.019514  
2976.786202  
2985.723134  
2996.134402  
2976.492516  
2976.062678  
2993.724007  
2994.852048  
2988.877864  
2995.569477  
2988.238926  
2989.330247  
2979.583827  
2983.06858  
2975.462149  
2963.461536  
2972.213735  
2963.312962  
2962.042737  
2967.808947  
2977.523723  
2963.237015  
2966.382675  
2966.263443  
2973.847756  
2980.487521  
2973.714  
2973.386945  
2984.592629  
2970.258291  
2979.628353  
2976.554347  
2985.402779  
2992.699775  
2988.477036  
2985.014314  
2980.837151  
2979.004633  
2982.595358  
2982.040053  
2984.77092  
2975.277423  
2978.799502  
2977.97096  
2981.595935  
2971.434399  
2980.475065  
2984.73959  
2973.870192  
2972.958746  
2972.41636  
2973.388169  
2972.62638  
2962.923063  
2972.626068  
2969.69401  
2976.859826  
2969.652976  
2974.596221  
2967.657474  
2984.342986  
2981.576793  
2981.890091  
2983.629683  
2980.493298  
2973.839198  
2979.56698  
2985.985577  
2975.860746  
2984.036691  
2979.652862  
2973.514578  
2981.867037  
2982.747947  
2986.973044  
2978.531985  
2978.148876  
2980.742957  
2978.527086  
2975.380766  
2987.078585  
2979.434927  
2981.601146  
2993.268898  
2991.549827  
2985.4703  
2991.165545  
2993.810907  
2984.232759  
2991.746702  
2978.985313  
2987.4695  
2985.07416  
2975.349554  
2964.727708  
2988.558832  
2996.099608  
2988.065133  
2981.016981  
2988.697592  
2973.295067  
2973.37569  
2969.571569  
2967.457059  
2957.678707  
2976.272443  
2981.773804  
2976.669017  
2987.766561  
2984.561041  
2984.466356  
2981.289664  
2981.189393  
2984.510158  
2971.641878  
2967.372376  
2968.111902  
2983.419219  
2974.939443  
2978.861695  
2967.318672  
2980.653005  
2978.784653  
2965.847903  
2959.068746  
2964.394992  
2966.409386  
2959.485274  
2973.254296  
2973.501487  
2976.45058  
2966.437931  
2975.453767  
2964.842623  
2971.305184  
2975.400847  
2987.372368  
2981.741034  
2979.444572  
2986.269622  
2983.09554  
2986.182132  
2985.816733  
2983.085407  
2987.355792  
2973.802047  
2962.002752  
2985.713099  
2976.871245  
2974.803368  
2969.678034  
2970.774407  
2967.798301  
2975.228973  
2957.443073  
2967.554727  
2986.414673  
2971.275333  
2977.622938  
2996.67799  
2992.939783  
2981.85849  
2993.467624  
2995.567085  
2987.12114  
2990.76073  
2996.1195  
3005.765033  
2980.262958  
2980.911007  
2981.621229  
2983.650837  
2980.731962  
2990.768833  
2986.297027  
2968.546712  
2970.392606  
2978.571251  
2979.312909  
2974.797592  
2968.891802  
2976.205766  
2981.255121  
2974.720979  
2981.818129  
2987.901969  
2987.806023  
2987.427924  
2975.228276  
2981.65168  
2994.11649  
2989.510928  
3006.169053  
2999.141592  
2994.995612  
2984.625183  
2995.60722  
3004.213592  
2998.245938  
2993.860453  
2966.653518  
2967.705588  
2969.12588  
2969.190583  
2953.982963  
2960.095345  
2972.046529  
2970.999327  
2991.28222  
2987.082163  
2991.074441  
2990.060683  
2990.974293  
2994.953141  
2988.942733  
2988.193705  
3014.791196  
3012.279267  
3007.008831  
3015.650283  
3020.045491  
3026.171527  
3012.310564  
3022.827775  
3015.995584  
3016.153973  
3003.801602  
3007.795478  
3000.055378  
2999.046234  
2994.99164  
2988.870461  
2994.384907  
2999.506976  
2988.721306  
2994.782204  
2977.276357  
2993.931025  
2986.348981  
2981.773984  
2993.986569  
2996.698509  
2994.95858  
2996.465744  
2999.560146  
3001.492517  
3002.082807  
2990.709502  
2993.370225  
2995.181353  
2989.165161  
2989.582383  
2985.333356  
2980.964081  
2969.435706  
2981.686651  
2983.596534  
2988.442808  
2988.417749  
2987.564118  
2980.05603  
2987.97831  
2981.921697  
2977.030718  
2987.033014  
2980.186195  
2975.007658  
2975.466797  
2978.954677  
2983.356528  
2992.176282  
2992.56399  
2977.616807  
2976.650614  
2959.646839  
2959.232857  
2965.940877  
2964.677875  
2966.798381  
2973.616934  
2974.511944  
2964.811453  
2962.832835  
2965.505883  
2973.746935  
2972.201227  
2960.343048  
2974.951129  
2973.43334  
2960.310159  
2978.489753  
2983.787567  
2982.874181  
2977.188457  
2991.077026  
2990.116619  
3004.750908  
2989.670313  
2986.203088  
2985.72588  
2982.228658  
2976.365327  
2976.764584  
2986.970409  
2975.138177  
2970.518481  
2975.080527  
2971.1059  
2959.012432  
2970.455766  
2971.668977  
2960.332766  
2967.420808  
2982.014848  
2979.61399  
2983.769282  
2974.563121  
2962.485628  
2982.315856  
2996.56444  
2991.81533  
2987.612876  
2992.59828  
2989.356069  
2987.055796  
2994.348963  
2983.227369  
2993.656625  
2978.816007  
2997.212614  
2996.350966  
2982.863032  
2987.021778  
3000.553021  
2997.396683  
2989.751542  
3001.166373  
3002.147718  
2999.074526  
2981.785631  
2998.283416  
2985.045884  
2988.440476  
2982.044061  
2990.895586  
2992.352516  
2983.814725  
2976.032834  
2979.013618  
2981.56674  
2996.831957  
3005.346068  
3001.92151  
3005.471752  
3022.973304  
3000.940084  
2999.887089  
3000.182159  
2995.780459  
2990.876567  
2995.587996  
3001.688353  
2997.549559  
2992.205058  
2985.627824  
2991.245424  
2988.650653  
2996.034961  
2988.121156  
2982.958217  
2977.166928  
2983.520314  
2977.355813  
2976.803705  
2996.267872  
