0.02730687056  
-0.3998330423  
-0.324557198  
0.2525019952  
0.5081178351  
1.227374623  
1.073446568  
0.3087302402  
0.375655449  
-0.6160230762  
-0.591775699  
-1.141817489  
-1.282710318  
-1.594755589  
-1.356261354  
-1.774406243  
-1.027556149  
-0.9009007993  
-1.067246868  
0.05720509852  
-0.1085839175  
0.0472458193  
-0.2985412059  
0.2209662548  
0.1278352988  
0.02310020731  
-0.4441914647  
-0.727677383  
-0.4481870782  
-1.045071385  
-0.7332918865  
-0.7733408753  
-0.8333913082  
-0.6278079255  
-0.8253264334  
-1.005944303  
-0.4740641415  
-0.7988893761  
-0.4123999327  
-0.3592498812  
-0.3115966548  
-0.2690288077  
-0.2895017326  
0.2817611189  
-0.5872360527  
-0.314428625  
-1.039029505  
-0.5961816278  
-0.5301949704  
-0.7013946661  
-0.8492184118  
-0.6651255845  
-0.09255469334  
-0.1284449414  
-0.4780627944  
-0.01430208715  
0.1811367101  
0.04433318063  
-0.5834629982  
-0.3277690084  
-0.6973324684  
-0.5535847198  
-0.8196439458  
-0.7157542885  
-1.480900533  
-0.6803924157  
-0.5705477993  
-0.3669521275  
-1.054421128  
-0.6946542304  
0.01920545237  
-0.6809462765  
-0.5973395561  
-0.1806780905  
-0.00962716205  
-0.5371307905  
-0.3642204502  
-0.1096337753  
-0.5125691137  
-0.1780132669  
-0.1683848898  
-0.3814151453  
0.7083035505  
0.3094650893  
0.8492837786  
0.48558651  
0.6303625401  
0.2839354466  
-0.6883180059  
-0.6716312754  
-1.261576468  
-1.438487505  
-1.927536435  
-1.193563656  
-1.569577433  
-1.180063283  
-1.213621861  
-0.8427890321  
-0.917941238  
-0.2627569043  
-0.4882418244  
-0.9039918851  
-0.6609429958  
-0.4947204462  
-0.241135207  
-0.771239203  
-0.6145109378  
-0.3593883275  
-0.3527520038  
-0.395649927  
0.27805981  
-0.7177440795  
-0.2686496486  
-0.4910127766  
-0.4036472073  
-0.2643534643  
-0.3037171296  
0.1755146066  
-0.3994507387  
0.0853494926  
-0.1482758748  
-0.1925853809  
-0.6809715287  
-0.1943384965  
-0.1173112974  
0.1101871539  
0.7101735236  
0.4810712319  
0.5438478128  
0.5321212868  
0.6094379346  
-0.5592658373  
-0.5718637658  
-0.04321616093  
0.06773987996  
-0.7166437424  
-0.3867227629  
-0.2102809678  
0.09036059768  
-0.2588857686  
-0.3605791933  
-0.01207193376  
0.08948221003  
0.4092168043  
0.1018441937  
0.5196856973  
0.1841714523  
0.5115563052  
0.1172276985  
-0.3699979691  
0.1985601947  
-0.03568735167  
0.1516820036  
-0.4106221256  
-0.5200117315  
-0.1846851488  
0.283585823  
-0.2398662803  
-0.9033437179  
-0.006734934877  
-0.3788729412  
-0.6804611884  
-0.4342067027  
0.0007367885266  
-0.08093964522  
-0.396320817  
-0.5291335753  
-0.2831056763  
-1.051412111  
-0.8062596453  
-0.7455195139  
-0.4785210993  
-0.1552406398  
-0.3367947022  
-0.365476579  
-0.7852058998  
-0.3647435688  
-0.826294849  
0.07492893903  
-0.4042983334  
-0.332662311  
-0.5296206492  
-0.09454397485  
-0.3785356397  
-0.02703548989  
-0.4153372195  
-0.6507071873  
-0.9958997303  
-0.2257110455  
-0.2878236627  
-0.7081383367  
-0.1016467097  
-0.04094143238  
-0.2771975052  
0.003887086685  
-0.02937248354  
0.4685001535  
0.4090984497  
-0.4282976709  
-0.2450561652  
-0.1730999003  
0.1516166351  
0.1243479999  
-0.6040019593  
-0.5452982164  
-0.1442055444  
0.163242818  
-0.4361357416  
-0.4313131703  
0.3353485687  
0.3652618777  
0.3533824428  
-0.5727824086  
-0.144629307  
-0.5042676834  
0.06907016799  
-0.6116328374  
-0.2583822294  
-0.1436370357  
-0.2774805116  
-0.1927086687  
0.05699072024  
-0.1276781523  
-0.01602492046  
0.5915667304  
0.1792816694  
0.09585151158  
0.2521788982  
-0.06063249491  
-0.1654079859  
-0.5603823444  
-0.05568477735  
-0.7747574805  
-0.1062195535  
-0.3017940394  
-0.3938524708  
-0.5384926102  
-0.1112943452  
-0.3048077965  
-0.04957449252  
-0.5205034582  
0.1180058725  
-0.5226778769  
-0.4811209216  
-0.1360866619  
-0.5577238064  
-0.7822353756  
-0.6221870256  
-0.6318367705  
-0.886580934  
-0.8008571715  
-0.2926891962  
-0.1703585191  
-0.2803086974  
-0.2101497644  
-0.2797188623  
-0.6066118657  
-0.2203203684  
-0.2597162415  
-0.9480775218  
-0.5645974004  
-0.997290851  
-1.222644552  
-0.362577351  
-0.8152638406  
-0.1359157613  
-0.140242302  
-0.03490606825  
-0.5235055039  
-0.3324390942  
0.1479432727  
0.2035768399  
-0.5227556307  
0.2361511284  
0.3891402381  
0.2696677068  
0.5409422741  
0.1237785936  
0.5135435988  
0.4518790812  
0.2656445331  
0.1481690722  
0.1084533192  
-0.2066194106  
-0.1086093417  
0.4153874411  
0.6349137017  
1.266824481  
0.9382124749  
0.7868804389  
1.110194201  
1.214705729  
1.249138673  
0.8363153049  
0.7788811275  
0.3599137203  
0.6014168572  
0.2062572899  
0.1487871035  
-0.08638856119  
0.4815220125  
0.2984869019  
0.2538579286  
0.5522954252  
0.5219672131  
-0.03453723506  
0.1656637548  
0.6385760494  
0.2255284119  
0.4816539303  
0.50081104  
0.3535588733  
0.1643110227  
0.2534429336  
0.1539585877  
0.2248729307  
0.1997637412  
0.06661802801  
0.02704164668  
0.381031258  
0.06823131338  
-0.04083877956  
-0.2734745031  
-0.1531732977  
-0.3608981816  
-0.6894406244  
-0.162848897  
-0.2221983732  
-0.04656293124  
-0.3171664591  
-0.2254787764  
-0.4721628034  
0.2984013365  
-0.6169566918  
-0.414297622  
-0.5250247549  
0.4386626437  
-0.2375723559  
0.09086962127  
-0.01953590478  
0.1631450644  
0.03001186477  
0.2509798634  
-0.4567793141  
0.232297214  
-0.1705416305  
-0.2549492039  
-0.3899594901  
0.188621064  
-0.1598859254  
-0.3481059589  
0.2011693956  
-0.2090166066  
-0.4118809712  
0.03071013009  
0.3153531327  
0.2938528111  
0.1357480881  
0.4735078758  
0.3034203897  
0.6128252019  
0.2480493919  
0.457418226  
0.2924299342  
-0.7548088399  
-0.17866372  
-0.2384776181  
-0.04674437753  
-0.2100627532  
-0.09253273622  
-0.2909978982  
-0.578627594  
-0.589949561  
0.4463436734  
-0.3603581949  
0.1287558591  
-0.1551320664  
-0.2293555228  
-0.2290870519  
-0.1110427631  
-0.02153466842  
0.1484985423  
0.3850664232  
0.07381961834  
0.2334075559  
-0.008505105593  
0.2848418084  
-0.06238943619  
-0.4553056472  
-0.4946783256  
-0.187185791  
-0.5952281812  
-0.5731862959  
-0.5594830298  
-0.5429964712  
-0.5969672931  
-0.04474663913  
-0.1763436591  
0.3432104164  
0.3987315524  
-0.04543424532  
-0.1294324036  
-0.5330297485  
-0.6148680715  
-0.8134707919  
-0.8193032935  
-0.3292136028  
-0.4265689398  
-0.5444713096  
-0.2526544741  
0.4543276962  
-0.006714372201  
0.4073996246  
0.1891815228  
0.5466085383  
-0.04693000469  
0.1933315788  
-0.3311673594  
-0.4498540681  
-0.7832125386  
0.05381052895  
0.08351663298  
0.03007233145  
0.5600957619  
0.4180017744  
1.067868021  
0.7655441806  
0.5039896594  
0.3412646337  
0.547363939  
0.1751283067  
0.5068509483  
-0.004554821647  
-0.3415169209  
-0.1669519943  
-0.1845699  
0.1176519012  
-0.4930801435  
-0.6119254996  
-0.02166604339  
0.297914496  
0.2647292315  
0.08145640157  
0.7227500788  
1.282229612  
0.6143658977  
0.6143251516  
0.7058250128  
-0.03516972089  
0.2359618691  
0.496377792  
0.07806100213  
0.4800492388  
0.006811856163  
-0.3389594458  
-0.4005863993  
-0.1733253022  
-0.4730095857  
-0.5403466799  
-0.1249579663  
0.2979805155  
0.3859544033  
0.4327094326  
-0.2237011529  
0.02416609317  
0.31917212  
0.2138502114  
0.08391414504  
-0.2445007901  
0.5570033485  
0.4216424099  
0.3085047939  
0.529204216  
0.5484786519  
0.2749536577  
0.2165626659  
0.5308633076  
0.5445174207  
1.333626852  
0.5253178432  
0.4154961968  
0.8129567844  
1.376697864  
1.25456511  
0.8831844018  
0.8479429596  
0.201597188  
0.3566690295  
0.7436634905  
0.3087178122  
0.4373322685  
0.5014542398  
0.2692959625  
0.4585352528  
0.108782237  
0.1781458319  
-0.08206668262  
0.5190667048  
0.3499775106  
0.7959189411  
0.8209650462  
0.3700620267  
0.5541558766  
0.4062537753  
0.4131722122  
0.3732911174  
0.1316248214  
1.001513222  
0.04634296371  
0.112386186  
0.08129557297  
0.9869378983  
0.5516859491  
0.6684437202  
0.1413832116  
0.6156414357  
0.3372134355  
0.5606981061  
0.3232422021  
0.1066613504  
0.4283521178  
0.6372754462  
0.377429231  
0.01591381905  
-0.5768414912  
-0.08149995912  
0.1544031938  
-0.2453708866  
-0.1550204903  
-0.03159948  
-0.3218605038  
0.2993291603  
0.3259519103  
0.1977023073  
0.6479643892  
0.735549572  
0.9014281292  
1.210790583  
0.8104160171  
0.4047060878  
0.5103732128  
0.08408779512  
0.1232740058  
0.4068116571  
0.4818348288  
0.3386741367  
0.1544197281  
0.4551964122  
0.2029241628  
0.588841466  
0.6074529924  
0.7860417382  
1.107148384  
1.399268391  
0.9524995262  
1.246684417  
0.8359038578  
0.6286993815  
0.3140086103  
-0.2035915591  
0.9009569229  
0.6664812081  
0.9697301016  
0.8076894465  
0.8176595391  
1.487884083  
0.9124012411  
1.178871189  
1.081387479  
0.8718688797  
0.4346798894  
0.9149190537  
0.6271727409  
0.7777216713  
0.4932605774  
1.165892288  
0.5780434744  
0.9438789329  
0.8284174757  
0.02840839877  
0.08724730432  
0.2743520692  
0.03666766239  
0.5389183147  
1.323994924  
0.5840741119  
1.18110262  
0.8808178562  
1.407261031  
1.052689134  
1.288311634  
0.9420335533  
1.016258547  
0.9205217448  
1.192383132  
0.7591701926  
0.6984196878  
1.280403958  
0.299603361  
0.0859985902  
-0.3887272491  
-0.4480499852  
-0.0003190593293  
0.2458885101  
0.4579166143  
0.2163129642  
0.3504397123  
0.5233573224  
0.9477132422  
0.5991755075  
0.42646023  
0.5446873426  
1.287489453  
0.9924640195  
1.111978021  
0.8716629683  
0.8116540172  
0.8947844675  
0.7624862812  
0.1085204908  
0.4694521045  
0.3550205587  
0.4837929917  
0.7155213322  
0.314549488  
0.6394033849  
1.105499983  
0.07992418868  
1.150907049  
0.5601680265  
0.69045143  
0.1591736164  
0.3877596974  
0.213868671  
0.5235223409  
0.5149721789  
0.5430045986  
0.2385380644  
0.4756803303  
1.066411502  
0.6141215397  
0.6539152012  
0.4956634409  
0.1045059567  
-0.1901913369  
0.1451130559  
0.2994041885  
0.4361587109  
0.1090821181  
0.3763991494  
-0.06515614294  
-0.1292411683  
0.5428550787  
0.3476715058  
0.1382363851  
-0.2171758558  
0.4601502631  
0.2048677455  
0.02881971278  
0.5533483204  
0.4627607948  
0.9105178223  
0.9281179048  
1.105492432  
1.719123138  
0.7256283872  
0.4312362822  
1.137481032  
0.8197999186  
0.5816972049  
0.007665458013  
0.4175365963  
0.5319769098  
0.5942428161  
-0.07286800994  
0.0214868557  
0.4043916255  
0.3644399746  
0.3416414544  
0.7215600393  
0.5042236196  
0.4691856139  
0.8403404632  
1.191316021  
0.663293725  
0.3582418922  
0.1459735228  
0.4405564778  
0.1747602278  
-0.01186170427  
-0.2261632142  
0.1780920875  
0.3880968563  
0.4252164444  
0.03869715569  
0.4801622587  
-0.3601338923  
0.4528535048  
0.2341315151  
0.1715248559  
-0.125312634  
0.2182165907  
0.487338494  
0.4207342387  
0.7651383191  
0.7772113059  
0.6647080606  
0.5771012709  
0.6799127684  
0.1283012697  
0.5194629908  
-0.2117236233  
-0.7057445253  
-0.5949313414  
-0.6679566123  
-0.5454389067  
0.5349264567  
0.8182754786  
0.6386329952  
0.6960269869  
0.2359459238  
0.8753623395  
0.4943346361  
0.2737357175  
0.2749886328  
0.3030433279  
0.1826661589  
0.09913133491  
0.3404857267  
0.5510172119  
0.0852329262  
0.4851831687  
0.3848952933  
0.8056823158  
0.8499246807  
0.9338359807  
0.8564685572  
1.02189304  
0.2324615622  
0.4358519426  
0.340846461  
0.1491892216  
0.0487053653  
-0.7208240803  
0.0003871509228  
-0.3601718345  
-0.1547007368  
-0.2661391559  
-0.2465834649  
-0.7290238681  
-0.4007159715  
-0.490961225  
-0.1372626261  
0.2000613244  
-0.01726956062  
0.2886787203  
-0.3973935003  
-0.2733310274  
0.170926168  
0.6244492064  
0.4927555656  
0.3739095137  
0.3757904876  
0.3243585655  
0.2670396553  
0.1631577917  
-0.009932577791  
-0.04500436386  
-0.2199257895  
0.0009778919834  
0.1538996432  
0.3005810381  
0.5583132467  
1.002852405  
1.320470409  
0.7285180916  
1.13233417  
0.6038196256  
0.6870888597  
0.8309569748  
0.2816151959  
0.7729671304  
0.1796205318  
-0.01403277027  
-0.08283805995  
-0.1963808581  
-0.00991372113  
0.02757544943  
0.4247625581  
0.4263817297  
0.5844448687  
0.3766410679  
0.03460926332  
0.1411173833  
0.2514743549  
0.3440721079  
-0.1128650928  
-0.1560602152  
0.5490381894  
-0.1639569366  
0.08546355483  
-0.04728221471  
0.1792796958  
-0.440954316  
-0.03093236648  
-0.2840137026  
-0.124541757  
-0.4217294151  
-0.1357171696  
-0.3688026432  
-0.08355565494  
0.07930195807  
-0.001680079322  
-0.04759467004  
0.4298784654  
0.4328613962  
0.5155886605  
0.4007068762  
0.39869069  
0.1926515181  
0.6094918232  
0.3879245687  
0.7262558338  
1.136248773  
0.9939927469  
0.9641696609  
1.059541971  
0.571515603  
0.615508082  
0.5049547124  
0.6477055722  
0.3252968969  
0.3298632075  
0.4881074103  
0.5307048075  
0.5510321411  
1.163559781  
1.321377168  
0.8597451956  
0.8100000701  
0.5748503737  
0.1847882869  
0.5164983192  
0.8722817547  
0.288619594  
0.5472623533  
0.3351098991  
0.1688146789  
0.1787758352  
0.09496368792  
0.1133882246  
0.3195926509  
-0.3633513429  
0.1094078658  
-0.1439048158  
0.2257347607  
0.1335190036  
-0.004575983738  
-0.06604580409  
-0.3764307431  
0.158667721  
0.397740686  
0.07186972418  
-0.08768208012  
0.2233090804  
0.5569767909  
-0.1284301866  
-0.8030972634  
0.011773801  
0.02509503099  
-0.2936512272  
-0.5193537553  
-0.117321305  
0.1115508349  
0.3060652683  
0.04471808613  
-0.0650624472  
-0.02993479234  
-0.1451483557  
0.4467962432  
0.0654428239  
-0.0326993734  
-0.365672788  
0.5271141805  
0.009760651168  
-0.2354982151  
0.02356271049  
0.3920509192  
-0.137462938  
0.3040588936  
0.3018415996  
-0.1411422754  
0.002952317148  
0.004656392091  
-0.3075273929  
-0.4146461103  
-0.3368737863  
-0.1291780975  
-0.4792136062  
0.04970323161  
0.1645189786  
0.04511809566  
0.5344862252  
1.005031343  
0.9528299019  
1.424757902  
1.269719262  
1.44397435  
1.370098226  
1.575548119  
1.084087106  
0.478943879  
0.9872357989  
1.169316347  
0.8485851035  
0.3453601399  
0.7862782396  
0.5101170596  
0.1900571814  
0.4049830282  
0.6244034791  
0.744268866  
0.1747490883  
0.2884973283  
-0.3053354736  
-0.2140224382  
0.8001383871  
0.06195824952  
-0.3858166832  
-1.233597746  
-0.9694952497  
-1.114405481  
-0.8410620916  
-0.0345858455  
0.005430087463  
0.03899525957  
-1.06235271  
0.127112709  
-0.4127917743  
-0.6980186597  
-1.704705478  
-1.672681523  
-2.467174379  
-2.515645509  
-2.448790997  
-2.436840826  
-1.900905722  
-1.2830427  
-0.9334568553  
-1.118287085  
-1.03209499  
-0.5184032989  
-0.4298699283  
0.06038217228  
-0.4316457144  
-0.7989056175  
-0.9939277499  
-0.03133504121  
-0.03455237218  
0.2050828476  
0.1076374478  
0.2828892714  
-0.5364729819  
-0.2904352459  
-0.9494365981  
-1.332366567  
-1.720793  
-1.801444053  
-1.678276413  
-1.369550552  
-1.428853938  
-1.299339209  
-1.094493714  
-1.070988255  
-0.6782377403  
0.2221936479  
-0.4112872847  
0.05661931214  
0.328891264  
0.4531750357  
0.03063497388  
-0.002402520686  
-0.3412788978  
-0.4190367373  
-0.6594211042  
-0.3701117135  
-0.540095593  
-0.737356052  
-0.2507190583  
-0.09407001591  
0.01816537096  
0.1983678808  
0.3719346437  
0.6818922717  
0.6751534707  
0.6931804704  
1.007757136  
0.9827532647  
0.6246601536  
0.4762023498  
0.8927497519  
0.5553234358  
0.1227450093  
-0.5080347851  
-0.1813661069  
0.2763511704  
0.3693925947  
0.3201819519  
0.2574021971  
0.01412482983  
0.3954582835  
0.3813306546  
0.5214449597  
0.2596951348  
0.09144941463  
0.09228480211  
-0.1717801771  
-0.4268940367  
-0.7739731848  
-0.631207058  
-0.832057159  
-0.795223168  
-0.5867812957  
-0.4545071372  
-1.22801652  
-1.358370693  
-0.7491762922  
-0.5190484714  
-0.2024316959  
-0.2467244367  
-0.5910644589  
-0.2803720205  
-0.03242302646  
0.4294997598  
-0.01950725077  
0.006786682263  
-0.3952873609  
0.1207704304  
-0.4314467866  
-0.368242735  
-0.855940891  
-0.7421002745  
0.06346520155  
-0.04687824725  
-0.03087567403  
-0.4090123074  
-0.4698471775  
-0.5458012191  
-0.6606897225  
-0.2172123614  
-0.3150112239  
-0.02720698592  
0.113745544  
0.1637957354  
-0.1233192927  
-0.3849027289  
-0.6912006428  
-0.7901584542  
-1.463159252  
-1.383661647  
-1.45853367  
-1.257054131  
-0.9339537638  
-0.1345092663  
-0.3719001263  
-0.5126346242  
-0.7966256875  
-0.614308009  
-0.1748958286  
-0.408147121  
-1.140612843  
-1.06205865  
-1.073183339  
-1.943621678  
-2.467244778  
-1.791993251  
-1.662663775  
-1.63017764  
-1.334535819  
-1.243128972  
-1.603158273  
-1.402257572  
-1.25542037  
-1.00326017  
-0.987839639  
-0.9733614191  
-0.6950203888  
-0.4250268345  
0.1653390545  
-0.4385604161  
-0.3314932017  
-0.1984821099  
-0.8102759116  
-1.055573935  
-0.546677025  
-1.028472402  
-0.6507466823  
-0.903347917  
-0.4177759371  
0.1258287092  
0.1402305041  
0.42860849  
-0.08139532672  
0.08666986096  
-0.6450101009  
-0.5825891607  
-0.6024180088  
-0.6518279632  
-1.096296416  
-0.5596464433  
-0.7061377239  
-0.9233191519  
-0.480448941  
-0.6489570996  
-0.6453348775  
-0.07280466379  
-0.07676148546  
0.3201993396  
0.5447311946  
0.0273135805  
0.2268943129  
-0.01404038885  
0.5989802992  
0.2939719348  
0.3021951423  
0.5934107717  
0.4170335938  
0.316566261  
-0.1798908706  
0.1228885468  
-0.4159140102  
-0.3203809171  
0.1308539401  
-0.5104793545  
-0.1464073744  
-0.4353126342  
-0.4472150043  
-0.03500399968  
-0.145699579  
-0.2375397106  
-0.2243949329  
-0.3013130981  
-0.1010228322  
0.05414278925  
-0.09471149872  
-0.4519452626  
-0.9757262007  
-0.9773139457  
-0.6694993433  
-0.1596495471  
0.1533769048  
-0.02717509124  
-0.07961369176  
0.1778609735  
0.193013511  
-0.353845465  
0.1317696205  
-0.2906290882  
-0.406223311  
-0.4650492016  
-0.4161516127  
-0.5248176903  
-0.6979029133  
-0.7631007259  
-0.432332602  
-0.236093643  
-0.4828685913  
-0.2964383577  
-0.2637347462  
-0.2395186922  
-0.1999676603  
-0.6830170695  
0.1812491863  
-0.08498147679  
0.0382938916  
0.02974067106  
0.08428416867  
-0.0916680415  
-0.06469962874  
-0.1322494187  
0.2773298099  
0.5461469088  
0.5498706527  
0.307806826  
0.7584009903  
0.6466865792  
0.5244224151  
-0.1968177521  
0.2497433795  
-0.2225020321  
0.4315452905  
-0.1946678999  
-0.719867841  
-0.08461567377  
-0.1385388908  
-0.2104606537  
-0.2693423913  
-0.4007537651  
0.03945727043  
0.4160515515  
