1.064165493  
0.6421694417  
-0.006456262688  
0.1194863419  
0.06082089939  
0.2740813202  
0.00791058255  
-0.5422166736  
-1.03696615  
-1.030712553  
-1.033250225  
-1.324292475  
-1.7342354  
-1.861952269  
-1.778058665  
-2.107877775  
-1.516971409  
-1.454312406  
-1.205617508  
-1.159924691  
-0.5415893964  
-1.118086422  
-0.8185726092  
-1.093825127  
-0.6486580509  
-1.05372953  
-0.8269205325  
-1.205679357  
-0.7064055644  
-1.064311947  
-0.8556638635  
-1.061553602  
-0.7552792618  
-1.174543785  
-0.9185992224  
-1.12737483  
-1.034648648  
-1.001534004  
-0.7572990965  
-0.9239081811  
-0.4842191093  
-0.6592475036  
-0.7734737202  
-0.9590300641  
-0.8680662775  
-1.032679016  
-0.9321207947  
-0.9594741576  
-1.214663997  
-1.182424558  
-0.9903274471  
-1.174527112  
-0.4631593873  
-0.5354268046  
-0.6072447602  
-0.5142431064  
-0.6644932126  
-0.6217939576  
-0.6823764554  
-0.5205274639  
-0.6713472783  
-0.626493572  
-0.8224329274  
-0.8413936308  
-1.113498607  
-1.249295938  
-0.9378411581  
-0.9918993114  
-0.8605418847  
-0.4570352342  
-0.635507064  
-0.4634271238  
-0.3123336968  
-0.3959911756  
-0.2375811346  
-0.345810149  
-0.4789460033  
0.04453879235  
-0.9363115198  
-1.204143532  
-0.562497196  
0.2177141394  
0.1556989461  
-0.06666544523  
-0.5359641684  
-0.699375106  
-0.573181566  
-0.9272654096  
-1.078104819  
-1.083444545  
-1.503077183  
-1.655670651  
-2.098965019  
-1.931448473  
-2.114854659  
-2.342684617  
-2.081970471  
-1.852694789  
-1.540974679  
-1.648296528  
-1.744769152  
-1.215314558  
-1.40268664  
-1.428179701  
-0.9360890129  
-1.124352097  
-1.163467411  
-1.054847516  
-1.063679781  
-0.9239793813  
-0.9024711178  
-0.5280358799  
-0.4831295518  
-0.6192324933  
-0.5373282657  
-0.7058054102  
-0.7358897501  
-0.5542567685  
-0.793976366  
-0.6876301841  
-0.5457229738  
-0.6259598138  
-0.45413547  
-0.4603229275  
-0.53781338  
-0.3560264086  
-0.3564538755  
-0.136715466  
-0.02782971886  
-0.3812337858  
-0.2011237259  
-0.6352628292  
-0.8104342906  
-0.8801333028  
-1.13783448  
-1.246606733  
-0.8264831759  
-0.7842672019  
-0.9502733922  
-1.056224762  
-1.037503655  
-0.9054189707  
-0.5712646858  
-0.7559448154  
-0.7039390356  
-0.6228222675  
-0.5393631667  
-0.4942465402  
-0.6664118686  
-0.6797141008  
-0.763013093  
-0.8879750939  
-0.4454254844  
-0.3204030192  
-0.5155438602  
-0.529753231  
-0.4943569172  
-0.5186656663  
-0.5663978014  
-0.6379080831  
-0.5117591237  
-0.4530601125  
-0.4236085305  
-0.3328985162  
-0.6636291372  
-0.7014636343  
-0.9743461057  
-0.5183025691  
-0.6635883684  
-0.829742012  
-0.8960218055  
-0.7944854017  
-0.9530669077  
-0.5772398818  
-0.26244334  
-0.6493426892  
-0.2722873282  
-0.5735906659  
-0.659621601  
-0.9184833173  
-0.7245101234  
-1.355367783  
-1.229073809  
-0.7052779129  
-0.7658498877  
-0.8383750807  
-0.7945438495  
-0.7062476249  
-0.7095045553  
-0.6111757235  
-0.7376533807  
-0.8685349156  
-0.6342418319  
-0.7723167189  
-0.5044077398  
-0.5289567454  
-0.3118927299  
-0.6109584878  
-0.5477037509  
-0.8444900215  
-1.192532534  
-0.7642475377  
-0.8940030572  
-0.756319554  
-0.7927050078  
-0.8317808496  
-0.3330358949  
-0.3636213048  
-0.09334525423  
-0.3283471172  
-0.2149278604  
-0.5467865933  
-0.9469000836  
-0.7613317904  
-0.9248439027  
-0.5693656052  
-0.9589538836  
-0.6527140467  
-0.6571353593  
-0.4871769095  
-0.7328326325  
-0.79409827  
-0.59551379  
-0.4556954952  
-0.5036018603  
-0.3280511723  
-0.5962584917  
-0.4394810963  
-0.4792596181  
-0.6827056824  
-0.9764283428  
-0.8434150599  
-0.9587360267  
-0.6925637967  
-0.6057219697  
-0.7670263739  
-0.6577724806  
-0.2600365996  
-0.4152953442  
-0.5602846501  
-0.6019554337  
-0.7141388336  
-0.5144587609  
-0.6118910526  
-0.3662736406  
-0.4754707995  
-0.4904832664  
-0.6453320451  
-0.3318523299  
-0.4438269443  
-0.5788926612  
-0.2779817189  
-0.2283066676  
0.04590247078  
-0.4756890885  
-0.428136287  
-0.2876294514  
-0.666975425  
-0.5741718029  
-0.7818122725  
-0.8998885059  
-0.6074276334  
-0.4984346322  
-0.8622824254  
-0.4598346142  
-0.3609478348  
0.0801059515  
-0.08833300101  
0.1444350563  
0.2651433268  
0.3613283224  
0.2216988904  
0.3482991174  
0.3500036823  
0.3867695862  
0.5131215896  
0.7673334878  
0.6814614615  
0.3015137904  
0.4959580193  
0.3377315395  
-0.1506566206  
-0.3362496071  
-0.1478160831  
-0.07550796693  
-0.05948010005  
1.576808888  
1.271256135  
0.8373678123  
1.013143572  
1.253698163  
1.780931031  
1.684169675  
1.712664772  
1.762956015  
1.309110016  
1.385755376  
1.035065264  
0.8949066554  
0.7536318479  
1.193858708  
0.9806532128  
0.9261975059  
1.278018016  
0.8137173438  
0.913816489  
0.8003925263  
0.7691246378  
0.7681240449  
0.9141789139  
0.776197602  
0.8063368177  
0.7671555977  
0.7045060659  
0.6332965219  
0.8689095937  
1.135107843  
0.9068221309  
0.9388943669  
1.206891111  
1.220583681  
0.4921484705  
0.7151271092  
0.3300895817  
0.3531691601  
0.439485004  
0.4411546892  
0.6170814067  
1.156109027  
0.7497694758  
0.9250821458  
0.7314204979  
1.277258714  
1.317515901  
1.20710816  
0.7108429849  
1.013920107  
0.6083820353  
0.8714720243  
0.4496994694  
0.8954436692  
1.112303113  
0.830398728  
0.4860394061  
0.5592400064  
0.5683669798  
0.1952308821  
-0.0851672686  
-0.0847234885  
0.06548257037  
0.2453181233  
0.1781870906  
0.05019106618  
0.3758120895  
0.2725060317  
0.4190363417  
0.3310367756  
0.4173321905  
0.6377453442  
0.409114056  
0.2780075321  
0.2571747443  
0.5856524142  
0.5385028738  
0.434837176  
0.2586349079  
0.3865794608  
0.05537210696  
0.06886572651  
0.08895437961  
0.4818337305  
0.5772869053  
0.3631847925  
0.9077734447  
0.8938916545  
1.118677802  
0.5936359156  
0.6747981222  
0.6301702927  
0.3492829231  
0.3542951886  
0.5273592661  
0.7697537001  
0.6107846719  
0.5065522023  
0.3380383483  
0.5854835145  
0.2633583626  
0.0808176168  
0.09855183069  
0.5923390198  
0.5961788403  
0.4189548723  
0.7914121273  
0.9430720768  
0.8667880547  
0.6201013115  
0.6701387674  
0.5904551947  
0.5484703663  
0.5552322145  
0.5056420407  
0.1279728824  
0.4205762987  
0.1878862531  
0.6396607117  
0.2617890755  
0.4772235669  
0.3414477654  
0.2557704838  
0.5167215546  
0.6429492533  
0.558749273  
0.3884551021  
0.5344100956  
0.04825554489  
0.2287772358  
0.01227258706  
0.2994802923  
-0.1742271358  
0.6091399627  
0.2625820404  
0.7600263974  
0.7476679277  
1.796311755  
1.828458444  
1.635077094  
1.549792774  
1.332283476  
1.293856481  
0.7842230692  
0.6609439082  
0.1023843453  
0.07187754863  
0.1843215882  
-0.1243409392  
-0.349383727  
-0.1737102395  
0.00903448345  
0.06237990698  
0.5038921191  
0.6572700367  
0.4087106729  
0.2800884608  
0.5579761432  
0.5854280803  
1.154376228  
1.04172441  
1.033348577  
0.4014033521  
0.3814626458  
0.9354456338  
0.4629536832  
0.2568927815  
0.2899358669  
1.396990532  
0.871667178  
0.989355989  
0.7204194799  
0.7187702839  
0.8236403071  
0.4865975666  
0.5843395503  
0.8158574897  
0.5726490004  
0.700648621  
0.700840062  
0.4271804143  
0.659123508  
0.7915255418  
0.5319989467  
0.4518799438  
0.5590097817  
0.4372011239  
0.4624401109  
0.5733364887  
0.6184084999  
0.4341283557  
1.165254357  
0.8941023644  
0.5791675504  
0.457850616  
0.8088119261  
0.4102840766  
0.5987853794  
0.3266235099  
0.3427472687  
0.48321948  
0.4461758341  
0.3636438868  
0.4637846321  
0.3978773488  
0.4482885833  
0.4334314126  
0.2794044435  
-0.06933015909  
0.3061209255  
0.3476316707  
-0.1176755159  
0.07762184119  
0.1632286601  
0.08768910158  
0.2034032019  
0.0846791162  
0.327392015  
0.3988040387  
0.2001562109  
0.5100174726  
0.3766828625  
0.3996424218  
0.2773018855  
0.7855228491  
0.6732075452  
0.6921043708  
0.4821739757  
0.8331799967  
0.6807273636  
0.3230944415  
0.7149882664  
0.3567706027  
0.1866660371  
0.1531300522  
0.2565606182  
0.1454927503  
0.1934449078  
0.1511236204  
-0.04650198394  
-0.02445135583  
0.320845971  
0.0325343793  
0.0271392505  
0.1684566348  
0.3926362835  
0.2354964232  
0.533568171  
0.3632702819  
0.6442865501  
0.7171177547  
0.9348674855  
0.7194489225  
0.4992818014  
0.1756941378  
0.2090609482  
0.04713629434  
0.1995058915  
0.5610825501  
0.6711773633  
0.6256947227  
0.7749480807  
0.7316113315  
0.9223152277  
0.800184582  
0.6754987765  
0.8024650158  
0.8205115995  
0.7955063192  
0.6289604646  
0.3515191678  
0.2764348706  
0.184864419  
0.3844177794  
0.6205182391  
0.4202844922  
0.5407163982  
0.3955405188  
1.16312499  
1.177983571  
0.8357249349  
1.506480362  
1.355772045  
1.06447755  
1.44872238  
1.257645967  
1.17856696  
1.08898865  
1.094685421  
0.7622461534  
0.9524191993  
0.8103509484  
0.7329168468  
0.6388493543  
0.6620027558  
0.3992142705  
0.6959819544  
0.939772092  
0.9187554297  
1.238215722  
0.9083583049  
1.163751849  
1.163128924  
0.5212683291  
0.3638428897  
0.5896257725  
0.8769165116  
0.6965501404  
0.4643371851  
0.7987507302  
0.7538493089  
0.6438129201  
0.4227559331  
1.024110544  
0.9116536306  
0.8539450394  
0.9086198419  
0.4872400216  
0.393026143  
0.435529366  
0.611318913  
0.4550339187  
0.8175249203  
0.6353323114  
0.7641162949  
0.6927569011  
1.165615034  
1.031758444  
0.7498387081  
0.7456729438  
0.8699547159  
1.278616522  
1.007756285  
0.7305288192  
0.443002472  
0.4814900724  
0.6482930688  
0.5535189972  
0.53241176  
0.9049440248  
0.4172006871  
1.033224101  
1.408437888  
1.073392648  
0.9028608497  
0.7308291877  
0.9078293887  
1.043960044  
0.9327152583  
0.8565695407  
1.258917505  
0.7058583221  
1.394207529  
1.324919734  
1.171849539  
1.224962326  
0.9581256574  
0.8926548277  
0.5878133652  
0.6962866255  
0.5774923226  
0.5574585594  
0.6967305368  
0.3587203624  
0.1941438578  
0.8724570504  
0.594707503  
0.2969986724  
0.3735878114  
0.8273030944  
0.6129348446  
0.5572839094  
0.5910023713  
0.6212061631  
0.8940832018  
1.239880169  
0.9497334899  
1.115288329  
0.6579406478  
0.3440383  
0.760376749  
1.182634317  
0.7864021018  
0.6114089272  
0.7634446246  
0.7591672353  
0.7104043878  
0.8092718965  
0.8465733369  
0.4706706763  
0.3078101301  
0.3107451051  
0.2502896957  
0.3111630844  
0.300658489  
0.7298557788  
0.6797968075  
0.935663595  
0.5696725459  
0.656499023  
0.1842703325  
0.2304329134  
0.2941670816  
0.07687078484  
0.1217759618  
0.428863372  
0.645929  
0.1665199772  
0.05650846972  
-0.2430537359  
0.377279467  
0.1678066713  
0.7301686618  
0.4842403614  
0.8457580732  
0.754133999  
0.8921485536  
1.423583059  
1.20819461  
0.9592316616  
1.084559936  
0.9749901766  
0.6908155929  
0.7053391146  
0.2910084323  
-0.1741342123  
-0.1745439359  
-0.2263358593  
0.3147492972  
0.5904707809  
0.8260271612  
0.9793662958  
1.174122514  
1.06012362  
1.084102739  
0.7785615165  
0.629007202  
0.7762354332  
0.4061854537  
0.4031264369  
0.2631747651  
0.8185939731  
0.8515486818  
0.7557579753  
0.8182942781  
0.7516734378  
0.8058037885  
1.050872452  
0.7780377998  
1.0522623  
0.6138614347  
0.6676222255  
0.2805689183  
0.4103388717  
0.2728677155  
0.2929251906  
-0.2850911019  
-0.33852864  
-0.04872265285  
0.2684106391  
-0.08512266864  
0.3913095036  
0.3803096759  
0.6138639337  
0.7433882592  
0.6055069151  
0.4724973998  
-0.03220244085  
0.1509562826  
0.1326710139  
0.1884372241  
0.4132847891  
0.7446602672  
0.8259780299  
0.8697315181  
0.6716773733  
0.6747709622  
0.3307076674  
0.3108385806  
0.01559651991  
0.359533542  
-0.02727320371  
0.1240533951  
0.1047171786  
0.3245627068  
0.3146335018  
1.041722169  
0.7832252044  
1.133024398  
0.7141831022  
0.6990607086  
0.5034904043  
0.5400814214  
0.1940663464  
0.3558873986  
0.2688939332  
0.5565316209  
0.09756144191  
0.2831467827  
0.4739856713  
0.4923976331  
0.3307598464  
0.3655522284  
0.2312501544  
0.1740408769  
0.08909268601  
-0.1196089113  
0.2234206043  
0.1861294353  
0.08407314151  
-0.009453856854  
0.3729821493  
0.1080163473  
0.3618894141  
0.2137778776  
0.1268520156  
-0.009062904859  
0.09404851642  
0.09879563788  
0.2408754289  
0.1274475283  
0.2087563897  
0.2552898094  
0.2198502161  
0.1281915814  
0.2682050196  
0.3802912794  
0.6684907568  
1.036832874  
0.6519577578  
0.6388997755  
1.264218117  
1.144470737  
0.9586813203  
0.7274182438  
0.727493724  
0.4907267191  
0.7426629909  
0.4725827238  
0.8466216213  
0.4824758138  
0.810164402  
0.7727975058  
0.6786292381  
0.6600194805  
0.2904656081  
0.4254143837  
1.016773506  
0.5405991081  
0.8989926483  
0.9248819651  
1.05897669  
0.6889902114  
0.459097756  
0.7184365705  
0.4488765874  
0.3046703097  
0.3248865429  
0.3712848916  
0.3467173287  
0.09512690948  
0.2739893966  
-0.1811067546  
-0.1270452714  
-0.2096771184  
-0.09300860139  
-0.0009692841896  
0.01201229342  
0.09380023723  
0.03834449742  
0.1492929965  
-0.01058114522  
0.1745094339  
0.385004414  
0.2811347273  
0.2139316104  
-0.08893490023  
0.3363940474  
0.3098288849  
0.3513587502  
0.3071083666  
0.3099313029  
0.5399080921  
0.6534693984  
0.7365140495  
0.5470222097  
0.1157189841  
0.2804622811  
0.3154346548  
0.03742830851  
-0.0261282339  
0.1707438465  
0.5658472741  
0.3145880404  
0.205838246  
0.3525101481  
0.3259147789  
0.2756549982  
0.1755890299  
0.4941211549  
-0.157733605  
0.0591428381  
0.09640968186  
0.1994325185  
0.007340609141  
0.1193187864  
0.1179804147  
-0.02346473477  
-0.09152961808  
0.01341307143  
-0.1366192562  
0.1443626941  
0.08294404319  
0.371842404  
0.3413339456  
0.1979492967  
0.2611029232  
0.578688077  
0.5968111296  
0.730940791  
0.848744853  
1.23996225  
1.093036223  
1.066201342  
0.9171409164  
0.8304943684  
1.007418451  
0.7574351767  
0.3686631892  
0.6971983454  
0.6999731633  
0.8675417397  
1.089612695  
1.055842734  
1.275336232  
0.8637306658  
0.6419532649  
0.4602012779  
0.2989743887  
1.273949475  
0.6865135359  
0.07729689381  
-1.421154263  
-2.494465742  
-2.26029893  
-1.505093195  
-0.7224667357  
-0.6013072388  
-0.3461140499  
-0.02681229936  
0.2305895439  
-0.6570638245  
-1.260967941  
-1.455652007  
-1.557935898  
-2.229093356  
-1.712769648  
-1.583894692  
-0.8479411098  
-1.444592589  
-1.220486665  
-1.344798467  
-1.336535203  
-1.135476577  
-1.11280576  
-1.161871968  
-1.054707799  
-0.5841151454  
-1.052883635  
-1.746117191  
-1.893346247  
-1.894957946  
-1.481224029  
-1.184101866  
-1.244143891  
-1.603132735  
-1.042624307  
-0.2120134728  
-0.2698646581  
-1.008251014  
-1.141475176  
-1.131376365  
-0.9564227375  
-0.9567118151  
-0.8430394428  
-0.3268007918  
-0.04895490558  
0.566004318  
0.2511693781  
0.3842100454  
0.6443854414  
0.2333046382  
0.01679473795  
0.2987822846  
0.09949514828  
-0.02976253814  
-0.2706122763  
-0.06675789855  
-0.1554024766  
-0.2819715685  
-0.2356280954  
-0.1395626728  
-0.0437884849  
0.1551258155  
0.1412584628  
0.2854277211  
0.836486653  
0.8125414891  
0.9764417434  
1.21769882  
0.8685186228  
0.8744463376  
0.8607128241  
0.6335830508  
0.2509524811  
0.1812971174  
0.2967495556  
0.2266499018  
0.6652061393  
0.8512268231  
0.8969473064  
0.2225731417  
0.09802391388  
0.06799061097  
0.1711880997  
0.1922350193  
0.6980687972  
0.1468885074  
-0.6393828628  
-0.5514821462  
-1.44219225  
-2.303264124  
-1.80543457  
-1.170619572  
-1.22792065  
-1.302185423  
-1.358800039  
-1.774487662  
-1.417622947  
-1.256628333  
-1.071092445  
-0.8259723363  
-0.7996553368  
-0.9304684677  
-0.6444746857  
-0.5938403049  
-0.3551125898  
-0.9823795371  
-1.003333565  
-0.8238138664  
-0.7522958776  
-0.6339941681  
-0.4260448828  
-0.5688150446  
-0.560970327  
-0.4346507264  
-0.2318508433  
0.1986859417  
-0.190931316  
-0.6102628002  
-0.5880516997  
-0.7254643497  
-0.5251150434  
-0.9103359092  
-0.5179471511  
-0.4087667048  
0.2692158054  
-0.2432295181  
-0.03950478518  
-0.4826310331  
-0.3622832494  
-0.4953254053  
-1.359973948  
-3.017146626  
-3.058510642  
-2.695586428  
-2.348599851  
-1.879522989  
-2.083511369  
-2.387837779  
-1.642558804  
-0.5605550003  
-0.6812915858  
-1.071553291  
-1.55696421  
-2.092538977  
-2.460334781  
-2.645490856  
-2.732256777  
-2.180147063  
-1.960617778  
-2.181183983  
-2.45560446  
-2.056215579  
-1.808700807  
-1.339777254  
-0.9940728875  
-0.753127337  
-1.414378687  
-0.7282167157  
-0.5921155463  
-0.5960021893  
-1.127059814  
-1.146312782  
-1.257875206  
-1.025429375  
-1.201796636  
-1.053813699  
-0.9159798108  
0.2924390668  
0.9184095911  
0.6996143026  
1.063196514  
0.1142954835  
-0.4973431018  
-0.8514612531  
-0.4449290347  
-0.7258417986  
-0.6655794387  
-0.9155780885  
-1.225527901  
-1.194085108  
-1.124432848  
-1.387102818  
-1.185040087  
-0.2851033221  
-0.6692863847  
-0.4665380464  
-0.6401320931  
-0.5311913242  
-0.4722373062  
-0.2693213523  
-0.425963519  
-0.4466329499  
-0.03999679105  
-0.1398091513  
0.0194957374  
-0.1824104923  
-0.26033072  
0.08056771698  
-0.006526888328  
-0.2797425412  
-0.00648918567  
-0.1058256846  
-0.3852250479  
-0.2610107051  
-0.5240760755  
-0.5371447459  
-0.2391240281  
-0.305585317  
-0.1783254004  
-0.431029862  
-0.1333686348  
-0.4563572228  
-0.5549232507  
-0.4182992136  
-0.5073389521  
-0.7302290718  
-0.879260818  
-1.352475068  
-1.282597438  
-1.131509611  
-0.5872324577  
-0.5624193071  
-0.4092424439  
-0.5438860984  
-0.7755011428  
-0.5146207233  
-0.3579349044  
-0.3857025803  
-0.3767859678  
-0.1446431211  
-0.4133402867  
-0.6320390559  
-0.9398806017  
-0.8656226241  
-0.8137601249  
-0.6716530847  
-0.5372011469  
-0.3674982263  
-0.3779953845  
-0.4679456039  
-0.5398477498  
-0.4580235828  
-0.7260642968  
-0.6011416785  
-0.4096989306  
-0.1684237372  
-0.2801797296  
-0.3269240225  
-0.4372520602  
-0.4726993633  
-0.3491873225  
-0.356245463  
-0.1706785658  
0.04146716652  
-0.01844011435  
0.2043356617  
0.2676693063  
0.1388943721  
-0.1629003894  
-0.2380706171  
-0.1860514772  
-0.2256315004  
-0.3426538474  
-0.4304343003  
-0.3186405173  
-0.4683858065  
-0.396099541  
-0.3482718012  
-0.1566144456  
-0.0715384159  
0.03615779867  
