3476.712728  
3468.406717  
3466.465218  
3468.998665  
3464.57411  
3451.957425  
3461.134273  
3459.761597  
3453.097091  
3459.10236  
3445.42123  
3447.308156  
3451.952167  
3442.252028  
3455.46326  
3455.443193  
3471.130966  
3466.646297  
3467.811653  
3462.671572  
3451.736725  
3458.726336  
3463.697049  
3464.018177  
3464.683895  
3454.56617  
3455.018679  
3454.068854  
3447.82362  
3458.716485  
3451.735514  
3438.886223  
3466.337031  
3460.476922  
3456.91796  
3469.111545  
3467.551323  
3464.339781  
3459.545775  
3449.003944  
3459.819963  
3453.425145  
3448.30846  
3452.764705  
3449.839242  
3443.730665  
3449.38357  
3459.188886  
3444.655658  
3454.621035  
3457.574563  
3459.475093  
3465.601745  
3462.84726  
3458.698481  
3459.552851  
3457.883885  
3463.441708  
3459.884731  
3451.897873  
3450.465207  
3456.365443  
3447.684908  
3454.329399  
3461.600058  
3446.530107  
3451.522579  
3453.111728  
3461.405305  
3457.9724  
3463.442745  
3448.911564  
3465.173209  
3457.618637  
3459.062185  
3454.097968  
3458.639994  
3447.636841  
3450.611914  
3447.351858  
3456.148153  
3452.047109  
3466.975341  
3449.672359  
3446.23083  
3448.613947  
3446.652136  
3447.643627  
3451.47908  
3460.479731  
3452.042466  
3467.490492  
3466.38978  
3461.472361  
3460.472546  
3451.856882  
3458.26562  
3463.455098  
3457.518822  
3467.416017  
3466.058508  
3455.516877  
3447.175128  
3450.478215  
3460.212007  
3460.247757  
3466.378029  
3478.468417  
3471.528849  
3472.923033  
3473.82283  
3472.994939  
3467.039014  
3462.481348  
3437.451009  
3440.273152  
3438.578982  
3440.117877  
3450.826162  
3457.322436  
3451.185517  
3465.124008  
3449.866265  
3442.732991  
3477.949254  
3483.756931  
3474.903381  
3468.588472  
3467.337856  
3447.492649  
3459.896073  
3455.221401  
3457.758803  
3446.921942  
3443.880833  
3438.446406  
3446.200135  
3451.44321  
3458.197468  
3463.138035  
3456.195088  
3450.875356  
3457.096603  
3454.877916  
3464.372488  
3468.995405  
3454.320614  
3446.797773  
3445.397005  
3438.958412  
3438.08763  
3446.902249  
3427.633545  
3437.488604  
3446.12171  
3443.535272  
3444.187012  
3447.559646  
3448.875965  
3448.699673  
3445.810327  
3452.155512  
3457.481425  
3468.739997  
3458.115942  
3460.885173  
3472.63312  
3455.053148  
3454.488551  
3451.512088  
3446.675021  
3449.395982  
3462.068022  
3462.173728  
3454.417118  
3462.532253  
3462.571802  
3449.587838  
3457.352661  
3449.610598  
3452.262044  
3459.271075  
3469.898059  
3478.506658  
3476.221078  
3471.377921  
3468.425385  
3472.094109  
3468.872309  
3476.651279  
3475.138442  
3475.738028  
3458.128338  
3457.882758  
3462.402535  
3445.66431  
3440.221346  
3446.783086  
3441.935803  
3443.972263  
3453.456521  
3456.91125  
3466.070384  
3471.166209  
3460.067093  
3463.575343  
3466.465261  
3456.082063  
3459.251892  
3461.771588  
3454.861047  
3438.872789  
3455.797228  
3443.915123  
3463.240049  
3461.81516  
3462.776943  
3460.607729  
3464.033164  
3464.829783  
3459.488603  
3447.253367  
3445.277522  
3456.075499  
3448.436874  
3456.42792  
3458.254539  
3451.857145  
3456.858731  
3452.483546  
3451.191874  
3458.234534  
3451.237012  
3447.919221  
3447.350831  
3457.164868  
3461.597527  
3467.957295  
3460.434365  
3452.522606  
3457.495986  
3452.230141  
3468.828824  
3462.587303  
3466.080847  
3456.909044  
3462.702238  
3463.40129  
3462.008566  
3458.280027  
3458.941503  
3459.204669  
3457.023088  
3445.509465  
3455.826036  
3487.208248  
3498.891232  
3496.220369  
3495.432344  
3487.930036  
3481.1857  
3471.721196  
3463.853293  
3466.712424  
3459.684615  
3438.08413  
3447.408325  
3453.451853  
3455.423801  
3458.984684  
3461.990283  
3457.397565  
3451.500311  
3465.570685  
3461.076983  
3463.215035  
3456.895266  
3452.479203  
3444.683655  
3459.298873  
3467.732762  
3455.660004  
3468.575301  
3452.21695  
3456.886575  
3448.832242  
3448.063704  
3448.451716  
3450.023644  
3437.13601  
3436.335342  
3443.539625  
3435.509391  
3445.821313  
3455.228403  
3449.848613  
3444.637697  
3463.60224  
3464.047119  
3468.150068  
3461.455697  
3459.938453  
3451.346755  
3456.840501  
3449.983546  
3456.041518  
3458.786455  
3438.944571  
3438.526811  
3444.702927  
3452.706938  
3451.374399  
3461.242352  
3451.254923  
3461.413789  
3453.991922  
3459.260441  
3457.23892  
3450.428931  
3450.952002  
3461.86951  
3453.159102  
3535.048981  
3573.041701  
3598.73428  
3602.743732  
3602.508826  
3598.810003  
3594.780096  
3587.854851  
3584.324771  
3574.840403  
3576.660035  
3580.835779  
3573.384879  
3570.567461  
3576.775038  
3580.236787  
3585.660575  
3589.536782  
3586.157348  
3586.121447  
3587.30856  
3587.72601  
3475.073073  
3441.662214  
3471.287125  
3505.291141  
3501.948791  
3491.039784  
3496.417157  
3510.122105  
3517.835496  
3509.007583  
3497.123659  
3503.786127  
3491.005146  
3486.14556  
3481.599995  
3490.57701  
3487.274169  
3472.959087  
3469.692234  
3468.450805  
3471.294256  
3480.642335  
3476.407397  
3466.28458  
3468.327323  
3471.505051  
3481.007658  
3489.351596  
3480.120834  
3488.331401  
3496.404898  
3496.573352  
3494.461844  
3503.301932  
3497.700297  
3495.853616  
3502.277174  
3501.951515  
3507.778568  
3492.673267  
3495.585506  
3499.667322  
3498.358002  
3500.416272  
3497.645872  
3497.796863  
3486.112661  
3492.45346  
3492.844486  
3493.707011  
3500.346629  
3485.92756  
3489.146648  
3479.076804  
3491.75956  
3490.361895  
3492.402179  
3494.992895  
3491.691244  
3502.005449  
3499.751398  
3500.382346  
3500.623419  
3499.7226  
3495.184783  
3496.248065  
3487.359262  
3484.352258  
3492.336297  
3489.116442  
3491.892858  
3498.589787  
3498.383155  
3491.436124  
3495.529506  
3497.341034  
3490.593464  
3494.74827  
3499.318719  
3486.847666  
3503.746471  
3500.264395  
3498.518593  
3514.927086  
3506.350584  
3505.918575  
3501.488835  
3480.879207  
3490.410998  
3484.473431  
3494.475394  
3484.108141  
3486.738746  
3488.187118  
3493.647125  
3482.106686  
3497.404185  
3489.062811  
3492.222191  
3505.646997  
3499.547689  
3500.526571  
3501.080964  
3493.292247  
3490.792026  
3495.722468  
3503.768223  
3505.049612  
3504.712486  
3504.829298  
3490.205533  
3490.886468  
3488.63545  
3481.19871  
3488.548453  
3499.225527  
3489.32145  
3491.00741  
3490.84837  
3486.145207  
3498.02286  
3499.350876  
3490.884212  
3436.8784  
3440.302361  
3467.940055  
3501.734766  
3520.125137  
3505.76512  
3497.590697  
3479.784383  
3468.138064  
3451.411126  
3454.063861  
3461.174224  
3472.558501  
3459.376473  
3461.037496  
3459.71089  
3469.811829  
3466.607338  
3466.917758  
3455.104945  
3449.742126  
3459.438213  
3466.757063  
3464.642233  
3466.981765  
3448.579786  
3454.025097  
3454.264586  
3452.271569  
3456.336592  
3457.301643  
3450.940272  
3455.785585  
3454.876692  
3460.648662  
3467.816373  
3466.866499  
3451.793335  
3455.759906  
3452.48489  
3454.120802  
3449.465004  
3451.592091  
3456.620653  
3455.505668  
3445.097922  
3453.767659  
3446.309034  
3462.092391  
3453.555747  
3463.436357  
3468.719521  
3460.197623  
3469.470982  
3470.74569  
3464.269205  
3461.530498  
3445.56735  
3387.796007  
3408.553219  
3417.82575  
3435.456458  
3447.329997  
3436.124141  
3435.552514  
3422.888303  
3409.727272  
3412.097554  
3411.309119  
3402.192281  
3406.459079  
3402.612644  
3416.398553  
3415.027081  
3412.944041  
3418.728586  
3417.716025  
3416.730741  
3412.641203  
3409.768739  
3417.865226  
3409.215823  
3410.927854  
3420.142456  
3430.715125  
3439.91606  
3434.628152  
3438.846265  
3431.818743  
3431.851207  
3429.159673  
3427.884658  
3442.417524  
3442.206328  
3444.823322  
3425.500632  
3474.820096  
3472.794534  
3509.809069  
3464.382505  
3480.571711  
3499.004415  
3500.388543  
3510.706126  
3498.667446  
3489.388445  
3455.14075  
3451.102783  
3444.151276  
3450.223196  
3443.976986  
3430.08923  
3433.117182  
3437.681969  
3435.933627  
3447.944351  
3441.184979  
3435.904395  
3454.31508  
3458.321946  
3446.422728  
3458.262399  
3447.381686  
3460.884797  
3461.231127  
3452.157663  
3447.024082  
3455.901488  
3438.494964  
3450.949462  
3451.935549  
3447.70505  
3455.716822  
