3606.961081  
3607.812781  
3605.435566  
3600.113683  
3595.729725  
3583.73699  
3594.589428  
3590.681119  
3587.332737  
3588.380106  
3580.679829  
3579.44439  
3583.458314  
3581.007193  
3594.141918  
3599.027513  
3611.939213  
3599.375448  
3610.842999  
3601.775443  
3590.967952  
3593.890512  
3602.561974  
3604.411704  
3591.848788  
3586.988661  
3590.140746  
3592.726413  
3589.95733  
3595.989766  
3587.75236  
3585.892056  
3594.044888  
3596.891138  
3599.527741  
3604.541383  
3603.456151  
3601.138323  
3598.426331  
3589.73985  
3593.078163  
3594.824647  
3582.631635  
3586.821268  
3595.259452  
3586.067597  
3590.331636  
3591.672743  
3581.424782  
3586.501427  
3595.287828  
3590.940058  
3604.758748  
3606.263757  
3591.485781  
3595.411434  
3595.486032  
3598.38037  
3593.427499  
3581.854671  
3585.689982  
3590.178827  
3588.313601  
3592.820973  
3599.507191  
3589.990318  
3596.146638  
3598.186417  
3605.144515  
3606.246836  
3606.82651  
3593.761888  
3603.557576  
3601.206148  
3595.867752  
3595.853792  
3598.714139  
3586.780262  
3587.080865  
3587.552307  
3599.735521  
3598.033307  
3604.981651  
3589.183495  
3585.256719  
3587.991371  
3587.006369  
3595.978415  
3597.976717  
3601.278466  
3595.961835  
3604.261112  
3607.102979  
3605.101776  
3595.927548  
3593.127638  
3595.510854  
3597.3838  
3601.904789  
3608.563124  
3607.82793  
3598.038813  
3586.165615  
3601.010287  
3593.056164  
3600.268173  
3602.35604  
3612.098017  
3614.979979  
3608.509938  
3614.108326  
3611.559686  
3606.803828  
3601.843441  
3577.749029  
3582.750331  
3587.063677  
3585.614224  
3592.921755  
3604.180298  
3591.956733  
3607.912713  
3583.919536  
3581.434778  
3621.553289  
3613.201965  
3609.999005  
3595.241862  
3591.670629  
3579.229096  
3597.462687  
3586.597876  
3592.173796  
3593.247147  
3587.520041  
3579.783368  
3590.471141  
3597.228227  
3603.6925  
3608.955413  
3595.326913  
3587.064898  
3597.528246  
3591.463417  
3600.733905  
3607.514657  
3594.466962  
3577.650229  
3580.15028  
3576.646948  
3585.009919  
3582.777737  
3578.977317  
3575.698775  
3584.556934  
3581.391095  
3588.294196  
3593.866461  
3599.956704  
3589.084641  
3588.983586  
3588.156005  
3597.814494  
3604.528827  
3606.674417  
3608.095032  
3612.426714  
3604.46651  
3592.616278  
3590.984394  
3592.675249  
3586.863064  
3604.932928  
3609.621193  
3598.41189  
3604.363624  
3603.437566  
3594.730186  
3600.164421  
3598.662696  
3588.10921  
3597.38815  
3610.870918  
3610.562995  
3610.222401  
3607.747829  
3606.643726  
3611.009571  
3609.134621  
3615.189029  
3605.463437  
3618.20062  
3596.995607  
3597.33643  
3595.174042  
3589.51617  
3583.649431  
3583.460824  
3578.228054  
3584.429158  
3597.083591  
3599.520751  
3599.195569  
3607.42683  
3592.021919  
3602.82597  
3599.841765  
3599.301678  
3596.331527  
3600.977979  
3588.332289  
3585.264182  
3594.462879  
3593.015751  
3612.563054  
3602.513606  
3607.867899  
3603.366926  
3602.605643  
3599.586352  
3600.103395  
3590.083894  
3590.413589  
3600.681361  
3588.664623  
3595.125183  
3601.695126  
3593.376552  
3594.302051  
3592.852554  
3598.325968  
3597.317597  
3596.651986  
3589.070133  
3593.475862  
3600.095422  
3598.837944  
3601.963481  
3605.134077  
3597.649092  
3599.583695  
3596.508411  
3609.546625  
3599.441909  
3600.754659  
3595.904512  
3601.077656  
3600.107861  
3603.622573  
3603.090665  
3599.270877  
3596.409796  
3597.278402  
3579.197245  
3592.892041  
3621.40988  
3633.808993  
3630.415605  
3630.689602  
3620.429297  
3614.78955  
3614.152675  
3606.987887  
3606.553994  
3600.420343  
3581.372795  
3585.618868  
3600.053286  
3599.203281  
3600.1634  
3605.215761  
3597.523344  
3593.087306  
3605.099036  
3610.053196  
3599.932109  
3598.620492  
3594.745642  
3582.473636  
3603.944513  
3601.216983  
3594.62245  
3598.343782  
3604.299151  
3593.153649  
3591.409813  
3585.914839  
3585.734981  
3584.028064  
3573.926063  
3577.932087  
3581.924083  
3581.685201  
3586.880677  
3596.584759  
3592.324174  
3587.693026  
3600.44788  
3606.042985  
3600.464094  
3600.845101  
3601.655758  
3589.114319  
3594.058388  
3601.669412  
3601.153615  
3594.281781  
3583.596768  
3586.435019  
3598.391107  
3596.83707  
3601.593429  
3602.238165  
3589.624155  
3604.195066  
3587.699633  
3601.507688  
3593.946008  
3596.620414  
3586.12346  
3600.456897  
3578.821789  
3656.699966  
3720.590514  
3736.161112  
3742.487417  
3744.287765  
3742.348176  
3730.065701  
3731.78437  
3722.354725  
3715.659086  
3722.687044  
3722.560415  
3714.639234  
3721.025756  
3718.475056  
3723.401254  
3725.917627  
3736.269508  
3734.423169  
3733.192926  
3743.010433  
3740.00563  
3626.375814  
3583.418931  
3613.736199  
3637.888087  
3642.691545  
3628.889077  
3632.628483  
3647.053303  
3655.481582  
3649.64825  
3641.351864  
3642.434326  
3633.858595  
3633.218864  
3625.559796  
3628.016253  
3620.122062  
3612.847632  
3616.870609  
3609.191165  
3610.759597  
3621.365672  
3612.404983  
3610.9707  
3615.401115  
3620.035745  
3617.78642  
3625.827341  
3623.663669  
3632.466283  
3635.92031  
3634.129872  
3638.424973  
3643.257047  
3631.243123  
3636.614331  
3640.129678  
3634.322409  
3636.357605  
3634.078429  
3630.868133  
3638.980705  
3633.225421  
3641.091101  
3632.713973  
3634.61435  
3615.143469  
3631.889942  
3629.194119  
3626.10408  
3635.725943  
3623.83674  
3617.999623  
3619.283837  
3630.278138  
3633.317888  
3633.049038  
3640.187558  
3636.155908  
3642.590972  
3637.120516  
3633.647161  
3643.980242  
3633.301548  
3630.345178  
3630.858637  
3631.995257  
3619.900556  
3629.09928  
3626.756428  
3631.826543  
3630.756254  
3630.152706  
3631.165268  
3635.67388  
3636.358354  
3637.108124  
3636.899818  
3636.121405  
3627.376074  
3643.73555  
3641.555869  
3633.926189  
3649.398085  
3649.629392  
3636.134189  
3638.649655  
3623.109055  
3625.384843  
3618.153216  
3624.612922  
3616.495691  
3620.592623  
3621.122381  
3624.34977  
3627.011828  
3632.839486  
3634.369086  
3629.824845  
3640.006397  
3639.547624  
3639.272665  
3640.949111  
3634.469182  
3632.82763  
3636.809871  
3640.888919  
3640.916507  
3641.188772  
3648.13239  
3625.578249  
3634.190268  
3638.107904  
3630.048279  
3630.65295  
3629.535251  
3621.447048  
3623.149933  
3632.236533  
3632.768722  
3635.106523  
3630.083217  
3631.241274  
3577.673143  
3577.52987  
3600.438087  
3635.146746  
3653.237124  
3640.832642  
3625.001048  
3605.735217  
3601.961114  
3581.598988  
3581.699436  
3590.711606  
3602.608414  
3592.176436  
3585.225678  
3594.912746  
3597.865774  
3595.843178  
3599.96394  
3592.28578  
3594.393637  
3602.615483  
3600.714705  
3597.833154  
3594.697714  
3587.768033  
3589.903432  
3595.219979  
3591.418652  
3595.108944  
3593.98609  
3595.390032  
3598.035168  
3592.862652  
3603.982546  
3606.410373  
3597.585549  
3588.157759  
3591.27622  
3592.006023  
3586.931924  
3592.425065  
3587.768817  
3598.611024  
3588.39269  
3588.092252  
3585.533885  
3601.537575  
3598.696378  
3596.810024  
3605.93  
3607.955464  
3600.859814  
3609.315043  
3606.218415  
3599.832535  
3602.267666  
3584.301185  
3525.030282  
3536.707285  
3557.53391  
3568.60835  
3575.016605  
3570.666499  
3562.886935  
3558.165952  
3543.54431  
3551.070968  
3549.090888  
3548.04802  
3554.121601  
3546.863406  
3555.811901  
3552.72478  
3551.679903  
3559.965698  
3561.414935  
3551.368829  
3552.303904  
3548.185513  
3549.987783  
3540.132897  
3544.153489  
3559.805178  
3566.83699  
3570.471011  
3574.32889  
3565.14945  
3570.538013  
3562.829536  
3554.210207  
3562.916879  
3571.94392  
3579.141644  
3574.211615  
3554.006686  
3602.545472  
3600.232417  
3640.986535  
3592.729582  
3603.462089  
3624.512195  
3620.735623  
3641.05681  
3620.216082  
3611.700253  
3581.089484  
3571.036206  
3576.539  
3578.455689  
3567.63216  
3558.184678  
3565.145945  
3573.28397  
3567.305317  
3578.885564  
3579.658211  
3578.651785  
3588.18074  
3583.882542  
3577.960382  
3584.143278  
3576.572364  
3585.950993  
3592.434086  
3585.32023  
3586.04584  
3583.853782  
3567.172894  
3579.220959  
3572.601452  
3572.594155  
3585.310374  
