0.5026189972  
0.4930900837  
0.1552916456  
-0.0001023678472  
0.1945567094  
0.51193149  
-0.06261187818  
0.3794126864  
0.760347977  
0.4512462977  
0.4507651635  
0.4809963837  
0.7509787652  
0.7903201978  
0.8626118745  
0.6425611801  
0.2256924495  
0.1553832563  
0.2049904399  
-0.03623449649  
0.06648085136  
0.4112685981  
0.2480352001  
0.3586210519  
0.3652056059  
0.3545433631  
0.6310577884  
0.3030836416  
0.2619706947  
0.2154182854  
0.6573899815  
0.5047587863  
-0.01260881992  
0.1057099206  
0.03583138293  
-0.1349390045  
0.1565465212  
-0.07311469984  
-0.07810831028  
-0.01498300744  
0.2174264016  
0.4892860441  
0.1909843653  
-0.02418450523  
-0.05470753029  
0.2695115174  
0.5505009796  
0.03930184163  
0.2770220475  
0.1050371683  
-0.03133941826  
-0.3272543184  
0.03677571978  
0.002687255795  
0.1797703546  
0.1704577017  
0.4224670197  
0.4708566087  
0.3136596228  
0.2902573409  
0.4557916606  
0.1609149022  
0.05345303799  
-0.4712866051  
-0.2699669749  
0.3645877007  
0.4602015993  
0.1148990123  
0.2754657283  
-0.04856151231  
-0.008359773895  
-0.01981827742  
0.3594887782  
0.5821388927  
0.3326653552  
0.3961693201  
0.6424683889  
0.7024098488  
0.6292580392  
0.08189426137  
0.5743123692  
0.4823499548  
0.4389463194  
0.6361410062  
0.6911862311  
0.1910461891  
-0.1028979684  
-0.01725940984  
-0.2527965236  
0.2301507072  
0.3111706075  
0.298692303  
0.5203754274  
0.05166596865  
-0.1309599084  
-0.010964409  
0.1078025504  
0.33956943  
0.2567360581  
0.2148533066  
0.2201734851  
-0.2677329086  
-0.169581096  
-0.4313743033  
-0.3152177493  
-0.4983977778  
-0.339095616  
-0.5266262302  
-0.04104838862  
0.1307687539  
-0.02091339416  
0.08928258405  
0.09794990084  
-0.1474662988  
-0.2008777007  
0.1730560605  
-0.3365250304  
-0.2014865721  
-0.1141047378  
-0.4816155681  
-0.08553782226  
0.3262936433  
0.3424340278  
0.4085953078  
0.3428141329  
0.2583371121  
0.1242937329  
0.01934232998  
0.1961193866  
-0.2890388181  
-0.3384022715  
-0.4816004831  
-0.06131607232  
0.3378021196  
0.2805739197  
0.1031552589  
0.03648609183  
-0.1388308294  
-0.0462403643  
0.2026910033  
0.09216481398  
-0.03842586264  
0.3256785538  
0.07527565096  
-0.2386228953  
-0.004062338201  
-0.05763581088  
-0.1846714454  
-0.1180328086  
-0.1249393456  
-0.361387522  
0.1749616403  
0.1195011834  
0.0001903644078  
-0.0668286547  
0.0190663389  
0.2555471007  
-0.1330466583  
0.004161186236  
-0.3737948388  
-0.07222371845  
-0.3736315731  
-0.163841963  
0.0477758287  
-0.3223220887  
0.06302121683  
-0.3876175209  
0.105555785  
-0.1098901611  
0.04577585935  
0.1919146798  
0.03247189647  
0.01213040098  
0.1070646544  
-0.01528157116  
0.2388694541  
0.5018698264  
0.2717718661  
0.1342767861  
-0.1901749069  
0.4133043841  
0.06707542485  
-0.3655165286  
-0.2532806919  
-0.5590765926  
-0.3065897126  
-0.04523084539  
0.1304111996  
0.2823436285  
0.6118621428  
0.6670002352  
0.9590275623  
0.9226176193  
0.7576606072  
0.9553436605  
0.6188053948  
0.5495070625  
-0.1426806548  
-0.5341124248  
-0.6600419395  
-0.6182813386  
-0.06050332334  
-0.3222613259  
-0.1215790906  
-0.08123565497  
-0.147522667  
-0.1629879755  
-0.2744079552  
-0.08929192143  
0.111246429  
-0.2625835084  
-0.2789537059  
0.09733882187  
-0.06278052737  
-0.2881342922  
0.02237444686  
-0.4583333862  
-0.1367256238  
-0.5530154492  
-0.2254895942  
-0.5150422121  
-0.4749264243  
-0.6145842649  
-0.4171909917  
0.0663491346  
-0.2355550029  
-0.2033186377  
-0.006364647546  
0.3109513614  
-0.2729842523  
-0.01166407132  
-0.3983851221  
-0.1984826325  
-0.5328000578  
-0.6920799979  
-0.6857701047  
-0.8744217634  
-0.5820423087  
-0.5062163424  
-0.5277636727  
-0.2137018621  
-0.09005014222  
-0.4563559322  
-0.431753514  
0.1726173154  
-0.493262847  
-0.4292726945  
-0.4297034396  
-0.7016861118  
-0.8828419916  
-0.5346869187  
-0.6875301621  
-0.5619254482  
-0.2051310144  
0.3246168048  
0.1113155912  
0.03346056462  
-0.2501651281  
0.2419382048  
-0.2167289605  
0.5009656684  
-0.06431577175  
-0.1434939047  
-0.5054426694  
-0.4566823571  
-0.6085015213  
-0.3136348242  
-0.0411036736  
-0.1158700644  
0.4381858848  
-0.133501916  
0.1310762052  
-0.5019045702  
-0.1817333677  
-0.2490807057  
-0.3195493505  
-0.3550789049  
-0.2433077673  
-0.1701402591  
-0.2292544377  
-0.2672123873  
-0.8332384972  
-0.8615407435  
-0.2228107576  
-0.5510175248  
-0.407180651  
-0.4982658831  
-0.5923134412  
-0.5444784985  
-0.5751882527  
-0.7441287211  
-0.8514963757  
-0.9917903149  
-0.9586890153  
-1.27617935  
-1.133389164  
-1.078867046  
-0.9474086888  
-0.319571137  
-0.2705695839  
-0.7962829462  
-0.8282197218  
-0.7899438218  
-0.6390291419  
-0.8920720092  
-1.271908637  
-1.267564678  
-1.375751926  
-1.111936884  
-1.433123462  
-0.8798769579  
-0.7549984744  
-0.560225228  
-0.5100172099  
-0.5731429851  
-0.9760849973  
-0.5159227998  
-0.6489474802  
-0.1742927889  
0.04343502543  
-0.4652559189  
-0.0947642333  
0.01101932368  
-0.2184828706  
-0.1747873272  
-0.7566419705  
-0.557587567  
-0.4314779847  
-0.2421925688  
-0.2664860582  
-0.5475065161  
-0.5090348748  
-0.1130318618  
-0.5086876656  
-0.6285119822  
-0.3830200501  
-1.063210526  
-0.5757667131  
-0.2866034295  
-0.4672321315  
-0.7344453745  
-0.7517232301  
-1.072056436  
-0.8467194942  
-0.8325825117  
-0.4011456562  
-0.5325740898  
-0.4967962422  
-1.067965067  
0.8864754317  
0.4966625984  
1.48930974  
1.49223786  
0.697494045  
1.11501303  
0.6713517888  
0.6091181115  
0.3743850612  
0.8979365821  
0.7945439485  
1.12464354  
0.7219253738  
1.076083048  
0.5309009071  
1.161204669  
0.9878594912  
1.089970925  
1.477272124  
1.530195315  
0.983203645  
0.9442482196  
0.4610151456  
0.5165122521  
0.7145283917  
0.373664111  
0.5645850271  
0.372760178  
0.3118549563  
0.1516073879  
0.6988422806  
1.016593024  
1.394776901  
1.203056599  
1.450716299  
1.379075728  
1.086398059  
0.6843261675  
0.6059288925  
0.4460228136  
0.003683418344  
0.2653934039  
0.2419373963  
0.8307121291  
1.009667997  
1.136805282  
1.21757761  
0.9343379251  
0.9704590653  
0.8625726467  
0.6626559578  
0.6934004755  
0.4392970944  
0.7721946085  
0.6564429768  
0.5989804725  
0.5015933014  
0.6107202117  
0.5543088565  
0.8216999409  
0.7360028713  
1.392905468  
1.204639728  
0.906391504  
0.9592446033  
0.5771524511  
0.3282096016  
0.08547847425  
0.3115592913  
0.1424723487  
0.4642308903  
0.2511119623  
0.4572615566  
0.451102362  
0.4743541028  
0.6968062981  
0.8049519895  
0.6846933241  
0.6278691685  
0.8810829636  
0.4896270917  
0.278481468  
0.2953261903  
0.6775885716  
0.6571215389  
0.2015447784  
0.536275453  
0.4596324077  
0.3443104514  
0.6191087954  
0.2373536205  
0.2162206172  
0.4958053057  
0.432231792  
0.4937556203  
0.9482790154  
1.041391193  
0.925849703  
0.1760361681  
0.1239575905  
0.2818969604  
0.09747391398  
-0.2606993567  
0.3758746063  
0.4850402284  
0.1943412896  
0.8807998226  
0.523451817  
0.7726957165  
0.1894284927  
-0.4116106794  
0.4111426584  
0.4498184132  
0.7978021229  
0.4104266058  
0.2514016929  
0.5532231814  
0.267820363  
0.3245811576  
0.02511484643  
0.3820524247  
0.3711840028  
0.6660983986  
0.8849930075  
0.6800695801  
0.9501299872  
0.7265186883  
0.8409417304  
0.6551812918  
0.04572989377  
0.5272932817  
0.1988345483  
0.2009480387  
0.1447502449  
0.268742485  
-0.184556855  
-0.4050065794  
-0.3762709834  
-0.8146857781  
-0.6729592222  
-0.2883207471  
-0.1036071074  
0.2702479664  
0.2318421541  
0.8078888045  
0.7738587386  
0.5778755457  
0.2408270741  
0.2427971285  
-0.2791686136  
-0.5468233836  
-0.2045575278  
-0.4135908283  
-0.3654413875  
-0.1641768248  
-0.4357749796  
-0.2321736149  
-0.1290240214  
-0.3208964624  
0.09193246384  
0.3858431192  
0.4217896041  
0.2673284865  
0.4607691135  
0.5162298386  
0.3126542873  
0.2564443849  
0.2719628265  
0.3359892417  
-0.1204805403  
-0.6450915915  
-0.2044240052  
0.05692082648  
0.09088686141  
0.0173373196  
0.0534756695  
-0.4735024257  
-0.3865412083  
-0.1886121332  
0.277015128  
0.2830776471  
0.04192376117  
0.3193350879  
-0.2147410794  
0.03517233004  
-0.04379011994  
1.040837156  
0.5523275033  
0.2390259204  
0.3637088766  
0.3717302833  
0.2404281318  
0.2341590551  
0.591525607  
0.2118389118  
0.3981032316  
0.1114476029  
-0.141370249  
0.04388585137  
-0.2922402789  
0.03736238677  
-0.1121527624  
0.2820267268  
0.3182412796  
0.5624466069  
0.5075665143  
0.428337726  
0.4561804338  
0.4009695266  
0.2447080846  
-0.02970277252  
-0.07279420319  
0.09795239943  
0.1131573632  
0.09613545162  
0.03591109747  
0.4190025195  
-1.069464486  
-1.868361093  
-1.638725296  
-1.51354707  
-1.771551454  
-1.33835222  
-1.138938424  
-1.31944542  
-1.097494522  
-1.354437326  
-1.63284402  
-1.66456606  
-1.474582642  
-1.772575327  
-2.058333101  
-1.690943825  
-1.365054745  
-1.671586547  
-0.7608296389  
-0.9875385416  
-1.132294644  
-1.639436981  
-1.760103718  
-2.086001813  
-1.696820917  
-1.811889556  
-1.920117568  
-1.743990418  
-1.848049369  
-2.122094224  
-1.582569  
-1.829061363  
-1.550710149  
-1.636716302  
0.1160167931  
0.03581945428  
0.3759483429  
0.40113333  
0.5070351424  
0.5530220864  
-0.04225602999  
-0.2323781958  
-0.131692901  
-0.3087882821  
-0.5289516663  
0.476743746  
0.09446382572  
0.1724468605  
0.2459356702  
-0.07082360969  
0.3507039655  
0.2464613941  
0.2116200286  
0.4835073295  
0.221260756  
0.4879119344  
-0.0154288097  
0.1489244591  
-0.4570596596  
-0.3618266938  
-0.08528226121  
-0.2880642806  
-0.3606574207  
-0.105769718  
0.2101687747  
0.03425225152  
0.3212861577  
0.0994814355  
0.1924034809  
0.2219586265  
0.6918360489  
0.321440786  
0.4254471825  
0.5527441209  
-0.01237830607  
-0.6289831083  
-0.1720035908  
0.2330268299  
0.1439947771  
-0.4133801313  
-0.5830829666  
-0.2974383312  
-0.3113047306  
-0.3643341055  
0.01743978449  
0.0737352483  
0.4395950893  
-0.1231720365  
-0.1749281642  
-0.5715752167  
-0.3964391458  
-0.3563331319  
0.1229217888  
-0.6259372329  
-0.5964948707  
-0.3692911084  
-0.4254238175  
-0.4926299859  
-0.3572295652  
-0.4425501381  
-0.11592277  
0.06815231655  
-0.1014334533  
-0.2698618776  
0.1474841017  
-0.01320745469  
0.1156887018  
0.05146404903  
-0.1676088324  
0.008770525525  
-0.3308667451  
-0.2901620108  
0.09573479128  
0.08439857034  
0.3443099286  
0.1165898607  
0.190225666  
-0.3066887063  
-0.1096876492  
0.2992492535  
-0.2874338762  
0.1609145165  
-0.0558891645  
0.06942243851  
-0.5326251202  
0.2128566165  
0.3487732062  
0.1501519095  
0.1984670239  
0.01622582861  
0.02758269705  
-0.04896546827  
-0.09238070928  
0.07208143678  
0.2154555582  
0.26111738  
0.3718093463  
0.284345432  
0.6823334645  
1.003464411  
0.1188764807  
-0.07570181495  
-0.04734977351  
0.2614567355  
0.002400488533  
0.3340522494  
0.2652201069  
-0.1390514332  
0.1713811515  
-0.439375147  
-0.1113032435  
-0.2134052825  
0.1714881678  
-0.1350728331  
0.3567013632  
-0.1786720069  
-0.9145858176  
-0.4789815934  
0.00426776817  
-0.3840009091  
-0.5194919411  
-1.102697804  
0.0699836196  
-0.3259904521  
-0.944767151  
-0.6422736839  
-0.3315860181  
-0.03241906059  
-0.2923799896  
-0.09689856655  
-0.3943740731  
0.4953523542  
0.2965441653  
0.2529283724  
0.08208584544  
0.7368724035  
0.07057363191  
-0.1846223675  
-0.667487591  
-0.4091271545  
-0.1300474853  
-0.6363980477  
-0.189595471  
-0.5243916988  
-0.9348784432  
-0.5396321383  
-0.790499027  
-0.5652007391  
-0.3614635244  
-0.09033184196  
0.01509059795  
-0.2645219757  
0.02799285724  
0.1204670808  
-0.1037480002  
-0.305309754  
-0.2286941103  
0.05146799913  
-0.7628812523  
-0.734021904  
-0.0113100407  
-0.5239475844  
-0.7105867494  
0.003315085133  
-0.3747957658  
-0.1813945522  
0.07599935619  
0.2592993827  
-0.0423799537  
0.2381168701  
-0.06880821637  
-0.392523916  
-0.2763674191  
-0.06129839614  
-0.4517165224  
0.04285557082  
0.6306396651  
-0.3039029138  
0.4534936507  
0.4475441678  
0.4278330919  
0.5048977877  
0.8850243507  
0.81865524  
0.5706776528  
-0.1257121372  
0.08883931283  
-0.3071565208  
0.0912750072  
0.2783021673  
-0.3497624956  
-0.132115111  
-0.1256785261  
0.117282649  
0.07903830035  
0.05592915545  
-0.3262768695  
0.06861211061  
0.4411652922  
-0.2169665983  
0.5046823051  
-0.09760581565  
0.1363101949  
-0.2271881917  
-0.2982235644  
-0.6922380761  
-0.1705101275  
-0.1885524211  
0.1302639071  
0.1532823292  
0.2989828292  
0.147868256  
0.2519490775  
-0.3608563049  
0.08688401102  
-0.8793356111  
0.6510666054  
0.1670534902  
-0.06994712218  
-0.2718856181  
-0.3964919945  
-0.5444468794  
-0.5953539179  
-0.1055231019  
-0.007310225461  
0.008605396289  
-0.02244588649  
0.09222978373  
-0.0206505066  
-0.3314254905  
-0.1508730477  
-0.00943149602  
-0.4834545983  
-0.08809109223  
0.2631884005  
0.05797838899  
-0.1665247033  
-0.005745301629  
-0.4117218631  
-0.3734561228  
-0.487564246  
0.2862709062  
0.1258124111  
0.3293188319  
-0.3398677024  
-0.355401276  
0.02662747728  
-0.1879893607  
-0.5553276285  
0.3123305737  
0.84872989  
0.3209583149  
0.08885093226  
0.2029835323  
0.5776876031  
0.3433425892  
-0.419630262  
-0.001045357325  
-0.5885341796  
-0.6113233955  
-0.4169115479  
-0.1627279709  
-0.01339395272  
0.0779712808  
0.08273709585  
0.5039449159  
-0.0675218581  
0.7487038718  
0.7031863401  
0.5399845739  
0.06904586468  
-0.3285602716  
-0.7555550524  
-0.8554069087  
-0.0872198007  
0.1076024124  
-0.358308434  
-0.661340195  
-0.4917395697  
-0.9445539124  
-0.4612445319  
-0.8979951657  
-0.5885127389  
-0.8415204093  
-0.8918009521  
-0.830483155  
-0.2321817175  
-0.6497727882  
0.07578520936  
0.2650292541  
0.2288991099  
0.1773492885  
0.6269835913  
-0.4851206576  
0.1237680794  
0.2269174027  
-0.07254349485  
0.3942946638  
0.531595011  
0.1001244515  
0.1355289873  
0.1804072679  
-0.2722084132  
-0.4223043299  
-0.6373614793  
0.0752384666  
0.4598205638  
0.49220306  
0.4396751502  
0.5438542972  
0.6207247751  
0.1445189292  
-0.2249715649  
-0.2013028638  
-0.2445285426  
-1.124973923  
0.458270125  
1.814300247  
2.004852835  
2.383622957  
2.827028536  
1.926783609  
0.9798326658  
1.232216528  
1.435721182  
1.108116965  
1.56166809  
1.392057597  
2.005015951  
2.050640561  
2.054575152  
2.042146389  
2.336562438  
2.073147435  
2.353285834  
2.461647928  
2.109184125  
2.526353697  
0.4634132673  
0.1702184458  
0.1368027496  
0.7399426797  
0.5818807933  
0.2169182216  
0.2477802303  
0.1082448872  
0.3159641607  
0.524540952  
0.287570018  
0.1714444571  
0.1063891867  
0.2124592841  
-0.6024376179  
-0.1704047799  
0.2567175507  
0.07128829697  
-0.2642896805  
-0.5359045037  
-0.01800479839  
-0.2239052181  
-0.1459567526  
-0.1788480246  
-0.1581096713  
-0.1105219017  
0.2014349808  
0.2248006469  
0.6685354146  
0.7351568805  
0.721164502  
0.9282034265  
0.5747683409  
0.324997291  
0.7190652528  
0.6564852103  
0.03425673349  
0.1392138388  
0.1440404391  
0.04921512589  
0.3021780351  
0.2659907137  
0.1326661464  
0.3916504181  
0.3271895138  
0.2442196752  
0.3699311587  
0.03409215114  
0.6881654654  
0.6530352244  
0.368070792  
0.07888154426  
0.4852259847  
0.5539371147  
0.4003271547  
0.1704327808  
0.09432950306  
0.09748064917  
-0.3616924912  
0.05543478122  
0.3039910407  
0.6506863186  
1.268120542  
0.8690334513  
0.7702288722  
0.1264142262  
0.2607813128  
0.7273881454  
0.0776302823  
-0.006889932664  
0.3701826252  
0.0783637876  
-0.1301324956  
0.2536124384  
0.2740162006  
0.5752641437  
0.2798742933  
0.2750044303  
0.5252532727  
0.4470097521  
0.3542897849  
-0.1196687108  
0.448962141  
0.4560069971  
0.4980898697  
-0.3962307119  
-0.07680091246  
-0.1377147068  
-0.6567503053  
-0.2640332755  
0.1375870743  
-0.3381598182  
0.05750376696  
0.7139126768  
0.4714517644  
0.2788841369  
0.5145639052  
0.6221362663  
0.1211709841  
-0.1602449364  
0.3753349124  
0.442383626  
0.4215968093  
0.4426902982  
0.1843364133  
0.4394413002  
0.3897477923  
0.07879348037  
0.2539303464  
0.7280615046  
-0.4399923963  
-0.1854504207  
0.3822066261  
0.5664750436  
0.5667414436  
0.6223472513  
0.7046712295  
0.7246429527  
0.6892574237  
0.2922794467  
0.4616319602  
0.5449779255  
0.1791239564  
-0.2683476518  
-0.9645537427  
-0.2332550876  
0.6390231012  
0.4701635374  
0.1503446314  
0.02226444564  
-0.7131289755  
-0.6252615583  
-0.6886302846  
-1.13770513  
-0.5397054785  
-0.3278790249  
-0.006989311685  
-0.158466759  
0.01569432713  
0.3602291238  
0.3206555667  
0.7287411235  
0.420424364  
0.2606654613  
-0.00226638485  
-0.9085917064  
-0.7357740791  
-0.7618093779  
-0.1945116325  
-0.5489822985  
-0.2065091939  
-0.4211254067  
-0.4698445002  
-0.2198574044  
-1.166394827  
-0.9016861094  
-0.5454542801  
-0.4182582294  
-0.4221928244  
0.09061868618  
-0.03227225234  
0.003064136617  
-0.5957459597  
-0.6388054508  
-0.6488483238  
-0.2845134991  
-0.1237327957  
-0.8883420103  
-0.6534742424  
-0.6001228883  
-0.6918925094  
-0.5665411686  
-0.3709476728  
-0.03959269658  
0.1766152933  
-0.3679181566  
0.1525659082  
-0.7206683893  
-0.7805042432  
-0.2101257037  
0.04291349494  
-0.9209019244  
-0.8483626504  
-0.5806884787  
-0.9537441266  
-0.9463811835  
-1.153163233  
-0.8677576833  
-1.077320899  
-1.144786629  
-0.7803485316  
-1.103940714  
-0.9968134868  
-1.035848447  
-1.058472403  
-1.294680967  
-1.113363035  
-0.7595966859  
-0.8891437606  
-0.8215225608  
-1.005779924  
-1.142708712  
-1.557638439  
-1.332283989  
-0.9978897559  
-1.210619544  
-0.9957900821  
-0.6826896589  
-0.8152455818  
-0.5783101399  
-0.5313074691  
-0.6436972336  
-0.7328273227  
-0.08933222711  
-1.072618934  
-0.5525744188  
-1.182369514  
-0.7827633707  
-1.688279982  
0.6565157468  
-1.418869215  
0.6558154695  
0.9599209773  
-0.4649548362  
0.6236642093  
0.5348281497  
0.9769087729  
-0.2960816935  
-0.6137203956  
-0.4469797852  
-0.4987480366  
-0.02460512769  
-0.7667282222  
-0.4046539568  
0.02369733859  
-0.3726356417  
-0.5424611313  
-0.1244617736  
-0.07514920185  
0.3040334152  
-0.08863728653  
-0.2211460782  
0.4349558146  
0.4585930302  
-0.2142531478  
0.1381831895  
-0.1431924328  
-0.07382276657  
-0.4093485428  
-0.3329767879  
0.1421374697  
-0.2070621455  
0.009483235007  
0.009852976  
0.3541376134  
0.1170478503  
