2639.228877  
2661.720498  
2647.894665  
2642.172817  
2632.703526  
2635.217418  
2633.133442  
2635.92425  
2636.068898  
2634.587119  
2635.440112  
2635.590152  
2626.789217  
2625.801268  
2635.484211  
2638.731415  
2642.558551  
2644.333762  
2642.467784  
2640.585574  
2638.264845  
2640.567393  
2647.793285  
2644.088059  
2630.106949  
2624.528848  
2615.390408  
2626.60219  
2623.666594  
2635.341605  
2638.467774  
2629.596247  
2625.856045  
2631.781219  
2642.466278  
2630.704044  
2634.431964  
2628.94327  
2627.378163  
2623.634518  
2625.121844  
2630.885866  
2626.725876  
2622.431669  
2629.056641  
2624.938801  
2627.905111  
2623.450236  
2622.662977  
2622.605423  
2626.302831  
2638.377564  
2637.670115  
2623.412107  
2617.668753  
2626.858609  
2632.923768  
2626.633061  
2626.172123  
2613.598979  
2610.543621  
2629.803597  
2632.694926  
2623.025533  
2621.151321  
2620.847301  
2628.641978  
2635.489002  
2639.499192  
2641.895531  
2629.007273  
2627.713877  
2629.217076  
2622.407814  
2627.10392  
2629.024638  
2627.570824  
2619.926715  
2629.01006  
2635.641073  
2633.480387  
2630.425454  
2630.530337  
2609.619767  
2613.565774  
2619.774982  
2622.897549  
2633.393669  
2630.631952  
2618.098597  
2619.677161  
2625.838814  
2639.624922  
2637.176131  
2630.752283  
2627.506932  
2616.938778  
2628.976106  
2638.244861  
2635.446981  
2637.036742  
2631.341508  
2630.111526  
2637.666268  
2644.154197  
2633.67776  
2636.918188  
2635.312383  
2634.905473  
2628.552254  
2627.080321  
2632.47876  
2623.125542  
2624.216347  
2626.269076  
2618.677976  
2625.657937  
2625.60843  
2634.745087  
2637.052407  
2638.651443  
2619.208412  
2607.310245  
2605.709305  
2622.019453  
2625.173721  
2619.706419  
2619.689659  
2611.203448  
2612.516517  
2616.774818  
2616.173448  
2620.040366  
2621.54807  
2618.443613  
2621.323137  
2627.745609  
2633.538459  
2639.036264  
2646.849953  
2635.187334  
2618.534311  
2638.61734  
2635.824253  
2630.337106  
2632.19796  
2621.154859  
2622.070384  
2625.494761  
2625.074137  
2628.562942  
2622.568429  
2615.577579  
2624.726244  
2626.10607  
2635.378861  
2626.128196  
2628.036021  
2622.402918  
2615.466299  
2612.03694  
2613.400778  
2620.632556  
2629.245691  
2627.094584  
2627.029407  
2629.543583  
2616.780562  
2613.981069  
2613.419199  
2617.675175  
2630.965955  
2630.290428  
2630.133836  
2620.11066  
2627.861398  
2626.401329  
2627.319901  
2618.404008  
2623.70148  
2623.657822  
2632.60779  
2639.905936  
2635.499302  
2644.19236  
2639.930624  
2629.660166  
2640.24138  
2641.909366  
2649.700947  
2648.505013  
2633.778257  
2622.279683  
2626.350624  
2634.556943  
2643.392721  
2628.875996  
2626.74014  
2621.487464  
2621.458964  
2616.898673  
2629.158614  
2632.099406  
2634.008574  
2632.142514  
2622.335084  
2636.390605  
2627.63266  
2632.196137  
2630.877252  
2604.252273  
2628.366124  
2633.6091  
2649.825264  
2643.394518  
2643.023712  
2637.330504  
2635.870345  
2639.345631  
2628.469513  
2627.797206  
2604.920191  
2628.049912  
2626.502673  
2633.709653  
2637.118695  
2623.146806  
2619.079435  
2623.689104  
2624.477518  
2631.198955  
2637.140961  
2635.483613  
2622.703367  
2622.428972  
2622.560886  
2631.850004  
2636.3114  
2626.888738  
2629.43681  
2623.885466  
2634.547314  
2636.484115  
2633.199721  
2629.402807  
2628.681292  
2624.373715  
2632.439832  
2636.853704  
2629.64948  
2629.393721  
2625.971067  
2625.549754  
2619.800846  
2616.077736  
2631.776895  
2640.919168  
2635.036131  
2634.684799  
2620.57203  
2631.973759  
2637.562063  
2640.321526  
2635.637227  
2637.64274  
2614.661913  
2622.949051  
2627.111005  
2631.881918  
2639.409963  
2640.836627  
2638.207606  
2632.582295  
2642.741266  
2648.573394  
2647.477049  
2638.104331  
2617.893547  
2622.465342  
2619.764171  
2624.795022  
2639.883578  
2623.476584  
2611.718431  
2612.175244  
2611.407317  
2618.84681  
2624.904631  
2612.385841  
2605.607062  
2599.860031  
2602.571169  
2617.16866  
2629.387412  
2630.485414  
2615.990308  
2628.597982  
2631.058208  
2635.678175  
2641.680747  
2633.97285  
2626.087694  
2621.531606  
2631.705312  
2646.471998  
2642.760928  
2634.962282  
2624.795195  
2615.095214  
2626.48508  
2633.607547  
2633.848933  
2635.609631  
2628.867008  
2633.840807  
2631.545378  
2632.255105  
2636.847366  
2626.538046  
2618.964511  
2621.634304  
2613.778816  
2631.031851  
2678.534925  
2685.213646  
2693.118192  
2689.11248  
2681.165704  
2676.334476  
2682.173913  
2679.774883  
2681.078693  
2689.378354  
2684.063005  
2688.05026  
2692.887635  
2682.535492  
2685.59796  
2688.785384  
2688.17545  
2696.158  
2696.558454  
2697.205825  
2685.672674  
2620.617117  
2617.106343  
2634.521468  
2640.589252  
2647.117193  
2638.114596  
2626.98796  
2638.610126  
2637.940475  
2641.760664  
2636.336846  
2632.827702  
2637.74835  
2632.614797  
2638.831808  
2635.989189  
2632.804738  
2628.935778  
2621.812027  
2612.707691  
2634.193578  
2626.806478  
2618.889512  
2624.133204  
2631.982926  
2631.955589  
2638.731346  
2633.243044  
2624.20729  
2640.339315  
2644.825141  
2638.201007  
2639.330566  
2644.003005  
2635.211848  
2638.047726  
2638.737271  
2646.63575  
2625.638135  
2627.439109  
2630.821767  
2638.136512  
2644.684591  
2637.203448  
2644.878492  
2641.529121  
2635.353273  
2633.585052  
2646.404834  
2644.289098  
2651.954153  
2646.530153  
2641.967665  
2641.715494  
2636.019979  
2638.049722  
2638.918251  
2640.897198  
2632.819564  
2635.01498  
2637.34348  
2636.803819  
2642.813089  
2656.08588  
2650.72361  
2643.317611  
2640.660336  
2632.745766  
2637.885385  
2644.651804  
2640.433778  
2645.625475  
2635.697741  
2635.647065  
2621.517098  
2638.592078  
2636.620293  
2639.237352  
2634.846535  
2631.784782  
2646.219579  
2632.066202  
2634.744137  
2648.847078  
2634.022419  
2625.114876  
2635.491349  
2634.825579  
2631.378412  
2628.539613  
2631.749595  
2627.155716  
2635.352456  
2638.498384  
2630.959851  
2642.233658  
2638.854981  
2634.760652  
2636.216786  
2639.64464  
2649.409153  
2650.738396  
2643.414308  
2638.217352  
2644.085852  
2650.202522  
2648.084559  
2647.701665  
2645.772442  
2642.10777  
2634.807182  
2643.216513  
2642.705943  
2639.357548  
2654.1137  
2655.494046  
2644.644186  
2652.206558  
2636.970822  
2647.763623  
2641.560013  
2630.815838  
2631.076079  
2616.067366  
2612.184224  
2620.114858  
2632.792607  
2626.617299  
2628.259709  
2624.897184  
2607.116677  
2608.876958  
2622.481485  
2621.420525  
2611.545595  
2609.007525  
2611.671896  
2621.872123  
2623.952458  
2634.089883  
2647.903246  
2638.566929  
2636.427054  
2627.52483  
2634.219263  
2636.733033  
2630.920148  
2622.044614  
2621.825637  
2628.904472  
2629.65771  
2632.855803  
2618.306239  
2620.724585  
2620.618592  
2617.025018  
2632.210364  
2648.605648  
2633.087327  
2629.308651  
2625.074352  
2632.992424  
2624.482626  
2624.149983  
2625.579827  
2622.90317  
2621.946827  
2616.39806  
2615.75484  
2631.630109  
2624.680451  
2635.346206  
2615.846891  
2627.805642  
2622.370996  
2621.992001  
2625.194495  
2626.919797  
2622.144151  
2629.415808  
2618.268456  
2588.267247  
2600.793456  
2616.125937  
2616.699138  
2613.765196  
2614.930734  
2600.242251  
2587.612444  
2591.21075  
2598.775592  
2603.480533  
2607.372585  
2607.688097  
2608.652852  
2614.143401  
2604.437228  
2610.740141  
2619.25279  
2618.951141  
2611.570884  
2617.25461  
2599.720049  
2602.288637  
2601.379879  
2602.217241  
2621.634351  
2618.81114  
2622.087754  
2624.407193  
2632.583362  
2624.793571  
2610.965193  
2619.655226  
2610.412087  
2622.602293  
2623.229122  
2623.131598  
2608.055803  
2629.360923  
2618.212637  
2640.719719  
2646.894092  
2626.263487  
2639.18342  
2649.636768  
2650.852315  
2638.732738  
2626.160147  
2627.966763  
2641.032818  
2641.367301  
2649.644065  
2626.53146  
2623.251542  
2622.852419  
2631.876379  
2640.869523  
2633.510533  
2636.303355  
2642.857323  
2636.774793  
2649.683015  
2653.491033  
2649.017036  
2643.591592  
2637.861788  
2628.586029  
2637.82899  
2637.216977  
2644.75835  
2637.524645  
2630.46954  
2635.288373  
2640.071035  
2642.918766  
