2525.48388  
2529.723827  
2528.337642  
2524.606261  
2531.655842  
2523.627954  
2515.982303  
2517.633524  
2530.038027  
2525.624959  
2517.356988  
2528.93898  
2524.838145  
2514.578979  
2519.920737  
2525.773338  
2522.4477  
2525.42446  
2522.61557  
2516.340582  
2521.826198  
2522.086942  
2521.649963  
2519.424597  
2516.230421  
2521.003887  
2510.688673  
2516.316977  
2522.879167  
2524.168497  
2524.197998  
2528.093243  
2520.729695  
2529.258437  
2524.584877  
2530.854227  
2532.316388  
2526.96443  
2523.753128  
2524.897415  
2525.838501  
2522.554353  
2520.664343  
2519.058978  
2521.253617  
2515.650761  
2527.194152  
2519.614078  
2521.2602  
2514.493273  
2515.492693  
2521.778179  
2525.910422  
2516.14459  
2520.55334  
2518.744855  
2523.143131  
2520.092868  
2519.580394  
2518.538259  
2524.462569  
2520.869885  
2522.778384  
2523.839671  
2522.761992  
2517.733388  
2524.796702  
2513.09637  
2522.831625  
2519.455867  
2517.321606  
2511.398169  
2516.722739  
2515.989825  
2516.384848  
2518.89849  
2525.489098  
2524.638499  
2521.045536  
2521.766293  
2523.57175  
2520.493865  
2517.889092  
2520.485804  
2517.676806  
2524.201675  
2529.340637  
2529.303478  
2525.73304  
2525.20354  
2528.375155  
2523.487888  
2526.433528  
2528.369944  
2522.973593  
2517.95369  
2524.037467  
2525.969042  
2527.42127  
2526.309972  
2528.610415  
2524.502039  
2523.361237  
2528.805652  
2530.780633  
2527.599302  
2525.491057  
2522.233064  
2517.032475  
2520.015618  
2515.334136  
2521.103088  
2529.77297  
2525.500244  
2519.861418  
2512.730781  
2520.14758  
2512.470775  
2521.565614  
2524.487192  
2519.529166  
2524.89415  
2516.063897  
2504.215081  
2510.952738  
2514.843536  
2513.160278  
2514.577307  
2505.438458  
2507.595349  
2515.209638  
2511.975473  
2517.01405  
2511.159961  
2513.837754  
2514.798696  
2519.194741  
2529.507168  
2523.698853  
2522.830191  
2521.923135  
2524.638069  
2516.543725  
2522.878224  
2521.879023  
2519.560426  
2512.216638  
2514.108718  
2517.492681  
2518.532318  
2516.757417  
2516.187045  
2520.975881  
2520.258919  
2518.249963  
2517.541037  
2520.021959  
2516.660283  
2520.96412  
2512.531857  
2520.062913  
2519.764304  
2520.481215  
2518.734373  
2522.387903  
2517.729424  
2526.832549  
2519.565543  
2512.97962  
2516.98164  
2516.697586  
2523.188679  
2527.453433  
2526.197627  
2527.105346  
2531.473231  
2533.412666  
2527.900691  
2523.131979  
2524.479934  
2527.401024  
2522.806664  
2525.06461  
2526.334931  
2519.099671  
2516.227446  
2509.107936  
2509.463683  
2518.593354  
2519.509866  
2523.963614  
2514.440363  
2519.655526  
2513.633626  
2520.652336  
2520.206269  
2519.942611  
2521.733114  
2512.538252  
2515.17724  
2516.953497  
2516.53704  
2521.212155  
2518.415981  
2522.78614  
2512.876597  
2522.490221  
2520.125022  
2525.807645  
2522.299386  
2517.627452  
2518.986061  
2518.602204  
2514.051808  
2525.545133  
2510.981992  
2517.000047  
2512.68016  
2510.836954  
2513.534466  
2516.911275  
2514.899352  
2513.253567  
2523.123918  
2517.295157  
2514.721257  
2521.648281  
2518.274656  
2514.449653  
2520.602217  
2518.523689  
2518.908677  
2514.443588  
2513.10609  
2515.103421  
2526.687602  
2517.632101  
2520.142836  
2521.479302  
2524.579507  
2519.217011  
2512.8715  
2517.434974  
2520.578459  
2515.88193  
2514.376351  
2519.819358  
2518.677004  
2529.227705  
2525.332007  
2533.282356  
2527.515458  
2528.422561  
2519.372584  
2517.759404  
2528.754132  
2526.929226  
2525.518106  
2521.250065  
2518.784726  
2521.731463  
2528.264623  
2528.336347  
2523.228162  
2533.769246  
2524.47384  
2528.284679  
2535.877558  
2537.707139  
2531.806169  
2538.610485  
2532.163832  
2528.46391  
2516.916302  
2531.336125  
2530.209481  
2520.511301  
2524.439335  
2517.953453  
2518.668447  
2519.970117  
2524.759674  
2520.564365  
2524.874389  
2516.168915  
2513.423809  
2518.587765  
2522.974404  
2512.58528  
2512.735928  
2511.601659  
2516.747963  
2517.578083  
2521.791044  
2517.168839  
2519.197169  
2513.608354  
2516.652871  
2522.897385  
2527.07543  
2520.355165  
2517.210405  
2511.27574  
2514.734912  
2515.306133  
2513.332535  
2512.912569  
2515.110817  
2505.649934  
2513.828826  
2514.41207  
2513.274237  
2510.840232  
2508.05064  
2517.987712  
2514.234185  
2518.818384  
2513.957762  
2508.419739  
2510.657826  
2519.443302  
2528.769844  
2543.756302  
2559.659982  
2568.334418  
2563.066778  
2564.900262  
2559.853016  
2555.475033  
2552.303425  
2550.442776  
2556.284699  
2555.405641  
2555.87457  
2557.061225  
2562.931013  
2554.044235  
2549.191564  
2561.002463  
2545.271695  
2552.770539  
2549.991333  
2557.653872  
2550.668661  
2507.169621  
2529.945195  
2510.423766  
2520.709699  
2529.136353  
2516.492762  
2520.621872  
2521.502368  
2520.542212  
2513.229772  
2525.029013  
2522.135643  
2527.839558  
2535.529508  
2529.811015  
2528.783318  
2530.005461  
2526.602512  
2526.98364  
2525.74123  
2528.462898  
2525.014947  
2525.510846  
2535.180797  
2529.421656  
2532.991866  
2539.811243  
2540.200794  
2537.086413  
2534.20113  
2533.269318  
2544.816493  
2535.375413  
2533.46964  
2532.680142  
2531.360797  
2534.731546  
2536.879526  
2530.999408  
2527.602441  
2530.485992  
2535.566293  
2533.79278  
2534.455971  
2538.812187  
2529.399903  
2529.517495  
2531.488603  
2531.794937  
2535.191919  
2540.531413  
2537.071752  
2527.598699  
2528.515296  
2528.6776  
2537.132593  
2531.870734  
2536.591466  
2536.219696  
2529.386099  
2529.908541  
2526.658631  
2528.742886  
2535.725  
2531.535219  
2531.58733  
2534.089065  
2535.874952  
2536.92697  
2543.121086  
2537.848442  
2542.310962  
2539.668677  
2534.604061  
2537.096482  
2539.684538  
2540.490154  
2541.336966  
2538.25562  
2530.138452  
2531.555664  
2534.782538  
2533.153095  
2537.682398  
2524.25456  
2524.660636  
2522.207562  
2529.85032  
2518.170025  
2526.850824  
2525.406453  
2529.813975  
2528.736358  
2544.558714  
2544.933985  
2541.136782  
2540.313485  
2535.265181  
2537.048671  
2543.025955  
2536.066686  
2542.22145  
2535.963456  
2534.372578  
2537.311637  
2543.466492  
2537.480348  
2529.782451  
2537.545487  
2534.335393  
2529.72843  
2532.571922  
2536.838986  
2532.672433  
2532.137441  
2535.467309  
2534.094075  
2543.335514  
2541.977833  
2541.706986  
2536.601732  
2528.303754  
2521.768233  
2499.730643  
2515.867311  
2516.320137  
2524.899525  
2524.034585  
2516.439445  
2521.282306  
2514.194392  
2521.384352  
2514.952289  
2519.432896  
2526.45465  
2522.752415  
2518.891374  
2530.107309  
2524.712404  
2525.268706  
2525.579126  
2527.610654  
2528.634271  
2518.21183  
2523.784047  
2530.755633  
2519.557033  
2519.22228  
2519.837741  
2521.079029  
2530.107885  
2521.695077  
2518.703707  
2508.615991  
2510.106176  
2523.695743  
2527.419397  
2528.736035  
2527.880679  
2521.809064  
2520.799432  
2511.680196  
2517.891641  
2517.767839  
2519.25718  
2525.619747  
2518.069707  
2523.555368  
2520.606489  
2532.343757  
2526.895024  
2531.345826  
2529.579397  
2523.842326  
2517.524829  
2519.404822  
2511.721252  
2515.777308  
2516.674717  
2525.891937  
2506.346884  
2486.054884  
2494.220757  
2491.656311  
2493.683552  
2502.139233  
2499.354826  
2493.494895  
2492.414665  
2496.839723  
2489.847947  
2491.142004  
2495.676789  
2494.738658  
2494.990909  
2497.22555  
2491.871419  
2495.202462  
2492.596041  
2501.110281  
2500.460134  
2503.735958  
2508.638596  
2503.042318  
2503.262914  
2504.033616  
2506.360119  
2506.066798  
2504.300411  
2505.994389  
2498.930396  
2514.33595  
2505.306742  
2505.748831  
2501.464984  
2508.505822  
2515.660841  
2513.784333  
2493.978359  
2537.399526  
2533.837359  
2542.13706  
2510.590623  
2515.09266  
2528.013984  
2524.374752  
2527.310427  
2517.529195  
2512.816777  
2513.39475  
2514.056178  
2510.703761  
2516.564833  
2509.483701  
2518.63982  
2509.3437  
2520.736027  
2518.303241  
2520.92044  
2512.562719  
2519.432148  
2514.022729  
2520.094631  
2513.113093  
2518.082328  
2506.828952  
2502.227627  
2508.952341  
2510.921175  
2514.933034  
2512.136901  
2508.910907  
2507.740095  
2510.910262  
2513.742032  
2509.78408  
