3494.360066  
3485.316189  
3476.449234  
3468.845198  
3471.794307  
3468.425304  
3466.235543  
3463.051473  
3468.621368  
3447.585755  
3462.40605  
3466.617613  
3473.693431  
3486.436356  
3477.09078  
3467.546321  
3460.511514  
3460.226601  
3457.06376  
3464.010569  
3449.972774  
3455.804882  
3457.574646  
3457.447315  
3467.35209  
3461.448531  
3450.229835  
3463.849964  
3474.339125  
3462.077163  
3477.826774  
3463.218726  
3458.326911  
3447.35892  
3447.364403  
3447.149225  
3446.404658  
3437.653011  
3430.32371  
3441.1316  
3445.262264  
3444.1929  
3446.758399  
3438.607489  
3438.953905  
3443.732778  
3453.855998  
3456.737133  
3450.580023  
3451.509909  
3449.469875  
3442.700987  
3440.692944  
3447.371908  
3439.574335  
3450.64791  
3450.982743  
3443.791892  
3459.354479  
3460.470046  
3464.834221  
3459.416361  
3455.491832  
3452.64253  
3459.047521  
3475.655548  
3491.354184  
3467.567656  
3460.285561  
3460.8598  
3460.893141  
3450.709637  
3449.632317  
3441.651304  
3444.301281  
3459.898605  
3459.02584  
3470.232893  
3471.523783  
3477.290048  
3473.656848  
3460.627905  
3465.568051  
3462.388509  
3459.125979  
3465.244566  
3459.645558  
3457.108446  
3458.796706  
3452.357591  
3450.373063  
3457.786228  
3460.900142  
3465.393753  
3466.592271  
3451.631493  
3458.881555  
3444.345604  
3443.37566  
3459.207825  
3456.29625  
3458.126009  
3453.472394  
3446.419292  
3429.649017  
3444.149532  
3444.563633  
3444.095854  
3445.162827  
3445.672684  
3452.465767  
3462.342375  
3462.458822  
3453.629222  
3446.344186  
3438.745902  
3447.042632  
3434.987448  
3442.866169  
3441.034165  
3445.1608  
3445.652347  
3447.471907  
3461.334974  
3462.202141  
3459.735195  
3459.2463  
3453.704355  
3451.444808  
3443.598593  
3438.464112  
3447.311625  
3447.204481  
3450.537008  
3452.517328  
3446.337114  
3451.577902  
3450.983089  
3456.891943  
3446.324333  
3450.255147  
3448.517707  
3452.537477  
3454.839941  
3462.935871  
3452.586223  
3452.196699  
3449.561642  
3440.736287  
3435.580842  
3437.134462  
3438.318269  
3448.024032  
3453.188304  
3450.058635  
3449.034024  
3459.161827  
3457.734405  
3451.403138  
3459.886827  
3462.804988  
3451.959803  
3456.14993  
3455.423631  
3452.760645  
3448.344338  
3450.267073  
3450.433363  
3447.128725  
3446.563759  
3452.27359  
3458.231599  
3466.160075  
3472.097338  
3468.655268  
3477.068956  
3467.05664  
3464.622844  
3477.659675  
3472.011082  
3471.790604  
3469.608351  
3455.945697  
3433.233702  
3431.799132  
3435.705186  
3432.033272  
3437.86805  
3442.27103  
3455.699449  
3462.23337  
3466.199579  
3467.513331  
3466.169461  
3464.209151  
3471.906533  
3476.834756  
3481.911353  
3473.2013  
3467.0176  
3448.729814  
3453.232191  
3446.796399  
3438.133082  
3448.824827  
3437.279934  
3446.778132  
3446.3264  
3446.098828  
3450.753575  
3454.050928  
3443.26271  
3430.747085  
3440.460463  
3439.945753  
3440.795404  
3446.819054  
3433.279331  
3426.777593  
3431.172138  
3423.720883  
3434.870961  
3433.498437  
3430.116999  
3433.991924  
3452.575597  
3451.972317  
3462.896705  
3466.604001  
3462.262177  
3460.264928  
3457.431299  
3451.16671  
3434.070345  
3429.552914  
3422.195977  
3432.77698  
3417.777938  
3427.692885  
3440.728937  
3441.964445  
3443.060931  
3439.04276  
3435.567734  
3429.305777  
3422.774668  
3426.02448  
3433.354601  
3440.440144  
3436.335761  
3434.631965  
3435.898128  
3431.993888  
3449.275104  
3454.475656  
3453.672927  
3467.862922  
3442.705156  
3452.456661  
3449.748813  
3447.329286  
3460.229045  
3451.242897  
3450.137154  
3453.206441  
3455.454903  
3459.618141  
3451.33355  
3466.090145  
3465.988551  
3478.695058  
3473.980563  
3471.760092  
3470.192085  
3467.127252  
3465.17508  
3460.822737  
3456.012538  
3443.144105  
3467.211698  
3446.881376  
3401.789789  
3414.601507  
3463.5914  
3471.188663  
3456.275358  
3460.375841  
3458.769232  
3473.413801  
3464.84388  
3447.842677  
3434.783811  
3444.199557  
3437.099733  
3445.962188  
3443.572038  
3431.294153  
3441.155041  
3456.655368  
3451.046012  
3436.256139  
3445.45482  
3450.982226  
3458.415065  
3452.119739  
3439.103405  
3442.926252  
3414.225332  
3428.415847  
3427.546032  
3433.449161  
3430.558778  
3428.627992  
3440.799009  
3439.043615  
3440.129584  
3444.756303  
3450.193444  
3452.393984  
3454.93141  
3451.112045  
3447.693254  
3448.883166  
3454.354266  
3447.85155  
3445.146752  
3438.801938  
3432.245101  
3446.67406  
3446.200901  
3446.821599  
3456.819277  
3453.037372  
3446.609298  
3449.498006  
3450.781159  
3446.762414  
3439.801346  
3447.764025  
3448.785024  
3448.861064  
3453.161777  
3445.437848  
3449.551158  
3438.143839  
3446.543268  
3439.481524  
3461.377098  
3461.869975  
3557.48349  
3565.114705  
3601.036394  
3588.167691  
3577.329794  
3607.314554  
3586.283638  
3586.449242  
3577.258381  
3566.914749  
3550.04397  
3539.60226  
3539.428432  
3533.797306  
3535.138461  
3543.24597  
3521.411107  
3535.183951  
3526.487591  
3540.529946  
3538.952131  
3527.514132  
3519.359785  
3519.5947  
3503.041899  
3522.745394  
3520.051488  
3526.301704  
3525.68773  
3517.821861  
3522.139605  
3525.149343  
3531.542038  
3542.059979  
3542.14136  
3546.55473  
3541.939121  
3519.475792  
3510.874763  
3506.25089  
3511.930243  
3513.804332  
3517.729256  
3521.335979  
3526.133392  
3531.756133  
3528.382077  
3526.629822  
3528.096799  
3516.839197  
3519.306791  
3524.000055  
3531.489724  
3518.491548  
3522.556324  
3525.328683  
3512.341612  
3522.370438  
3519.087778  
3522.970006  
3529.175562  
3522.474281  
3521.951965  
3531.064939  
3527.107724  
3525.291243  
3529.933306  
3510.720196  
3503.276428  
3517.351715  
3506.552673  
3514.366339  
3506.675427  
3517.161247  
3509.976851  
3519.814098  
3535.678003  
3531.115451  
3529.651168  
3519.743533  
3517.89107  
3505.57823  
3507.763377  
3514.862488  
3518.083887  
3515.710094  
3526.561685  
3509.611369  
3515.795686  
3515.899231  
3516.767538  
3517.631134  
3519.681751  
3516.772808  
3519.703038  
3520.384877  
3521.847862  
3526.699776  
3508.298185  
3507.307848  
3510.735942  
3509.139346  
3512.144103  
3518.584994  
3513.78151  
3506.922315  
3517.66621  
3512.949961  
3523.986719  
3512.618916  
3498.936829  
3521.593432  
3537.573402  
3542.604464  
3539.411985  
3518.599942  
3513.506886  
3511.653564  
3502.646714  
3497.894421  
3485.026095  
3486.430807  
3484.88256  
3504.045834  
3515.387271  
3518.334276  
3529.098569  
3515.718303  
3511.36902  
3507.116912  
3507.37864  
3501.122068  
3499.748934  
3488.699857  
3482.355738  
3494.252788  
3491.345302  
3500.113695  
3500.640175  
3494.046458  
3494.194973  
3512.820636  
3515.16803  
3528.711043  
3530.767642  
3516.739102  
3510.249266  
3505.993222  
3502.710986  
3494.364072  
3489.516461  
3489.390504  
3479.164157  
3484.512575  
3480.311744  
3480.104726  
3481.739211  
3487.325331  
3485.180104  
3496.442208  
3505.724962  
3511.978939  
3512.257392  
3515.55442  
3506.429368  
3499.848347  
3507.041917  
3503.131827  
3499.680234  
3500.628257  
3481.949351  
3480.269044  
3487.407571  
3493.433287  
3496.151786  
3496.412912  
3497.853203  
3488.853396  
3494.771504  
3500.43227  
3504.945567  
3499.894187  
3500.008692  
3498.127776  
3509.083217  
3492.067932  
3500.35288  
3510.298971  
3510.14505  
3516.414282  
3509.095268  
3501.460131  
3502.790166  
3498.875372  
3498.908349  
3500.891822  
3493.086829  
3494.426264  
3490.950329  
3499.113076  
3488.936013  
3485.763993  
3497.897743  
3500.870765  
3512.482094  
3506.03013  
3510.513175  
3517.293512  
3511.01126  
3500.670754  
3497.582466  
3496.841445  
3484.890066  
3485.093967  
3493.084541  
3487.829709  
3505.277311  
3464.023667  
3446.175622  
3468.678106  
3474.347614  
3496.455966  
3510.089013  
3503.515104  
3497.662863  
3489.823177  
3451.458813  
3447.295305  
3447.298493  
3452.994751  
3447.123854  
3440.536027  
3423.818517  
3443.881604  
3436.715621  
3454.313458  
3443.988257  
3450.576265  
3423.525877  
3432.437691  
3431.86847  
3436.779983  
3433.354052  
3420.028153  
3404.682061  
3412.813704  
3417.442206  
3419.879719  
3432.881453  
3425.100791  
3423.78029  
