2386.296328  
2390.408987  
2383.391809  
2375.405411  
2377.364337  
2375.692071  
2370.636158  
2372.196442  
2388.309644  
2385.346737  
2384.025845  
2387.739335  
2392.975298  
2394.249458  
2374.870095  
2382.438939  
2381.144097  
2377.70518  
2367.933744  
2374.948733  
2364.396355  
2379.457349  
2382.218214  
2377.35112  
2375.891246  
2381.162848  
2382.353137  
2374.315797  
2383.860104  
2386.220761  
2382.288615  
2375.98407  
2371.01657  
2372.120579  
2375.390963  
2374.39776  
2369.437108  
2364.734825  
2365.396478  
2374.648353  
2373.281927  
2372.953224  
2375.664364  
2364.907298  
2365.562026  
2375.54792  
2383.761977  
2369.246047  
2373.485088  
2382.30912  
2363.225636  
2363.646826  
2370.771197  
2371.680218  
2376.863696  
2370.684077  
2378.299526  
2369.083264  
2380.385483  
2375.344226  
2375.439848  
2371.785724  
2368.317055  
2362.294872  
2366.046806  
2377.8537  
2376.414301  
2368.974807  
2378.359754  
2377.625963  
2381.644284  
2371.619819  
2373.581796  
2376.690421  
2374.330381  
2386.214805  
2392.666836  
2396.187353  
2393.998482  
2384.928568  
2390.917316  
2376.387689  
2374.367655  
2383.494386  
2380.535412  
2375.128736  
2374.870255  
2371.907243  
2376.095375  
2377.868155  
2381.480674  
2376.140659  
2386.970928  
2371.85669  
2366.874169  
2374.388561  
2373.048322  
2369.321126  
2370.371563  
2375.347849  
2365.29119  
2367.600871  
2364.133386  
2356.683088  
2358.912374  
2357.448796  
2361.819557  
2363.072399  
2370.411827  
2371.568776  
2363.300049  
2375.706269  
2375.726934  
2366.047612  
2368.101681  
2370.683761  
2366.94189  
2371.219673  
2366.626631  
2368.86749  
2367.169129  
2367.780107  
2373.011907  
2374.852868  
2381.391957  
2381.180852  
2372.546343  
2360.791487  
2370.601768  
2360.46023  
2359.026603  
2361.49565  
2370.73343  
2360.979571  
2371.834775  
2375.948238  
2367.256634  
2366.636334  
2363.505947  
2366.747127  
2364.593127  
2373.346992  
2375.786759  
2373.906627  
2369.968502  
2361.08402  
2363.483416  
2366.161655  
2370.965529  
2364.239785  
2360.516836  
2362.14403  
2368.295698  
2369.058962  
2367.516778  
2380.691178  
2375.317521  
2369.285867  
2359.766212  
2362.213758  
2367.876952  
2380.04085  
2370.976466  
2369.954062  
2368.438495  
2369.698601  
2364.165668  
2364.290386  
2363.006849  
2368.997919  
2361.806838  
2374.28363  
2374.888155  
2375.843961  
2372.098185  
2378.537044  
2381.591479  
2382.584728  
2364.420384  
2370.617942  
2381.561617  
2370.13304  
2355.609803  
2351.125352  
2356.009449  
2364.656434  
2366.350503  
2364.144177  
2371.604036  
2379.183528  
2389.795489  
2393.197884  
2378.587926  
2385.795082  
2380.691552  
2386.44643  
2377.672339  
2375.192545  
2367.409341  
2356.051334  
2354.362777  
2363.91877  
2364.970196  
2369.16871  
2369.783315  
2355.208158  
2361.966655  
2361.227799  
2355.554346  
2365.045212  
2358.490481  
2363.175797  
2357.85339  
2360.651227  
2357.745403  
2355.738525  
2359.778293  
2359.604649  
2358.088194  
2359.22021  
2346.873763  
2353.239079  
2354.369735  
2359.56843  
2359.423454  
2357.540883  
2363.102925  
2374.552167  
2370.151133  
2357.395087  
2359.630608  
2348.312668  
2361.140074  
2358.10221  
2349.110929  
2360.108047  
2351.133391  
2348.846354  
2341.262096  
2354.060395  
2356.571961  
2357.141933  
2356.870585  
2357.638285  
2356.509614  
2348.088898  
2343.296057  
2353.301303  
2354.056122  
2354.695004  
2351.87626  
2352.677889  
2355.000022  
2359.928494  
2369.848413  
2366.201096  
2364.786415  
2369.049795  
2364.566798  
2363.14892  
2367.393531  
2357.784562  
2355.46321  
2361.906338  
2363.648566  
2356.646158  
2361.458169  
2367.118304  
2358.050037  
2373.952146  
2360.314421  
2367.828055  
2358.162487  
2355.778265  
2359.788048  
2364.267406  
2359.786697  
2368.316151  
2352.14865  
2364.381882  
2357.882503  
2331.588797  
2335.67939  
2360.125692  
2353.21176  
2358.838012  
2346.695398  
2341.932953  
2338.600601  
2342.660396  
2340.600344  
2346.993579  
2349.469597  
2340.199063  
2342.051513  
2339.949848  
2335.415463  
2330.763527  
2346.848386  
2352.83988  
2339.305076  
2336.457215  
2349.637007  
2349.682143  
2344.629815  
2338.133682  
2329.104418  
2322.131018  
2333.632657  
2330.529508  
2338.634581  
2339.963001  
2336.401427  
2339.693892  
2344.958755  
2348.446385  
2350.354621  
2348.459645  
2345.391905  
2357.988956  
2349.645184  
2359.575492  
2356.240674  
2350.696265  
2348.165342  
2342.038713  
2345.941528  
2352.137786  
2354.326349  
2351.105461  
2352.292831  
2350.758411  
2368.896419  
2349.257265  
2354.090152  
2353.041888  
2344.164589  
2350.333785  
2346.278838  
2342.320303  
2338.527337  
2349.625741  
2345.960747  
2339.921242  
2346.83927  
2345.066027  
2347.057137  
2350.074938  
2311.881134  
2365.024289  
2368.39261  
2373.168466  
2378.812257  
2362.983672  
2386.972934  
2384.687377  
2384.634283  
2385.29638  
2387.719518  
2375.74542  
2381.300678  
2373.548737  
2382.321648  
2386.339111  
2394.510885  
2388.316914  
2399.140528  
2394.476186  
2400.80482  
2396.521926  
2398.796592  
2375.088654  
2377.885041  
2374.093256  
2372.742266  
2372.982787  
2376.075353  
2371.550598  
2378.000087  
2379.003995  
2388.819972  
2393.458786  
2396.016986  
2391.137451  
2398.179216  
2385.333248  
2390.165656  
2380.015289  
2370.4738  
2373.885642  
2369.653625  
2376.508271  
2376.270342  
2378.101084  
2382.791548  
2389.537749  
2389.655004  
2380.491337  
2375.612959  
2374.389023  
2376.051291  
2373.846706  
2381.035159  
2383.457187  
2380.068762  
2375.89193  
2380.559882  
2379.223156  
2382.17788  
2386.146189  
2393.704148  
2381.702812  
2387.32559  
2383.871767  
2383.091032  
2369.608056  
2370.019632  
2370.484773  
2368.015278  
2373.434548  
2373.296667  
2371.172247  
2373.42347  
2376.219064  
2375.160936  
2376.3764  
2387.037383  
2385.698555  
2373.819241  
2379.905871  
2371.578862  
2369.736614  
2372.19734  
2373.100005  
2378.494676  
2380.762392  
2367.144535  
2370.683982  
2375.674047  
2366.733705  
2366.536716  
2377.759888  
2376.253921  
2370.091022  
2380.419793  
2378.277273  
2371.262943  
2372.597902  
2369.643259  
2364.908707  
2372.300815  
2369.970929  
2380.327088  
2369.151458  
2367.307374  
2383.291713  
2368.285227  
2376.31341  
2369.074433  
2349.658107  
2367.663848  
2371.446486  
2378.086325  
2367.63701  
2355.946004  
2362.488112  
2371.452651  
2365.745299  
2366.662711  
2351.852819  
2368.220512  
2361.582957  
2371.605318  
2381.684203  
2379.571473  
2385.641785  
2390.882776  
2381.079753  
2374.084851  
2368.430235  
2363.562145  
2367.147308  
2358.407515  
2362.339491  
2359.003833  
2356.15089  
2356.895403  
2345.945488  
2350.994985  
2357.628069  
2360.428441  
2369.740968  
2371.44587  
2383.480609  
2369.123224  
2375.097323  
2364.045237  
2360.963803  
2349.220971  
2353.102626  
2353.501033  
2352.20959  
2351.703963  
2350.931585  
2349.043519  
2351.978629  
2352.265397  
2351.332553  
2360.333486  
2371.289964  
2364.872153  
2364.75713  
2376.251609  
2376.901003  
2373.573993  
2368.379174  
2373.431659  
2365.567277  
2364.391843  
2367.657419  
2360.415577  
2358.862607  
2360.725695  
2362.707412  
2356.361766  
2350.031475  
2355.001336  
2350.303136  
2358.406467  
2361.748615  
2372.975263  
2362.802333  
2357.750374  
2364.121447  
2358.858997  
2372.260609  
2368.365941  
2364.716639  
2369.623458  
2374.974786  
2365.796029  
2364.166269  
2370.270545  
2363.457284  
2367.381918  
2365.09439  
2355.558934  
2352.990695  
2351.98224  
2357.938959  
2354.291015  
2368.419991  
2367.016728  
2372.215515  
2373.704339  
2376.188936  
2364.099491  
2369.210409  
2367.139125  
2357.310242  
2352.305744  
2352.482711  
2352.850522  
2357.184059  
2359.082223  
2355.776673  
2301.518577  
2295.079191  
2301.428482  
2311.403363  
2296.201531  
2318.887534  
2323.794518  
2324.90124  
2326.034616  
2314.896505  
2318.158036  
2328.919721  
2328.156671  
2321.173792  
2320.681122  
2312.868126  
2318.25218  
2322.513435  
2331.197674  
2322.174533  
2335.414777  
2317.271717  
2312.687925  
2312.296637  
2314.374729  
2313.987691  
2316.849748  
2316.323143  
2310.227952  
2310.159286  
2319.784126  
2319.114371  
2316.714216  
2309.775151  
