2367.572297  
2351.284303  
2356.684821  
2363.610982  
2362.486455  
2359.303156  
2345.316591  
2347.219835  
2343.173309  
2345.063041  
2342.745355  
2348.690697  
2342.401033  
2350.683063  
2350.465345  
2348.99603  
2357.76496  
2361.064371  
2361.168185  
2357.448022  
2358.010606  
2358.507434  
2359.169289  
2358.55877  
2348.42774  
2345.721863  
2349.716022  
2342.670715  
2346.580618  
2349.067484  
2340.458201  
2353.774633  
2349.575082  
2358.769049  
2354.470614  
2364.841732  
2358.965376  
2357.111556  
2359.038034  
2356.376276  
2351.027557  
2339.881632  
2341.703548  
2346.460871  
2344.334815  
2340.358904  
2336.345387  
2345.112547  
2348.760634  
2342.205866  
2347.748974  
2349.752207  
2355.247826  
2351.664653  
2348.787117  
2350.195486  
2343.729471  
2340.371588  
2345.933532  
2344.103782  
2339.703796  
2346.536201  
2346.354442  
2345.977641  
2352.247452  
2356.80024  
2355.974382  
2355.27922  
2360.359163  
2349.971921  
2351.364006  
2355.16007  
2358.841808  
2352.458428  
2353.551807  
2346.828323  
2347.509042  
2341.350324  
2348.503112  
2343.823394  
2360.578979  
2354.18588  
2349.277011  
2351.223518  
2343.937349  
2356.059733  
2343.481686  
2348.705655  
2348.04144  
2360.094674  
2354.658515  
2353.767252  
2358.043134  
2354.967302  
2354.799921  
2345.278091  
2355.464007  
2351.75562  
2352.513258  
2353.439181  
2347.598246  
2351.278242  
2357.199185  
2354.235468  
2359.807341  
2373.181869  
2361.517712  
2355.661372  
2349.799442  
2358.660555  
2357.175481  
2354.410177  
2351.53024  
2352.523961  
2343.51117  
2350.102224  
2346.594677  
2342.274703  
2348.084481  
2348.251098  
2354.629546  
2352.848612  
2345.436325  
2349.310458  
2369.047782  
2367.756915  
2365.14629  
2349.531443  
2358.539589  
2350.5022  
2344.408405  
2331.597621  
2352.279383  
2343.932071  
2344.742317  
2354.946276  
2347.773843  
2364.387221  
2354.351887  
2360.813325  
2352.914027  
2356.80938  
2360.959147  
2352.251497  
2350.117663  
2352.766193  
2353.137892  
2341.682437  
2339.734322  
2340.878293  
2342.868109  
2341.238048  
2339.888735  
2341.073445  
2336.672676  
2345.756668  
2341.91784  
2348.485802  
2350.843929  
2355.888207  
2346.329581  
2352.522068  
2353.070389  
2349.630547  
2332.227663  
2344.26539  
2339.628269  
2348.737065  
2347.347002  
2343.224202  
2344.585865  
2348.729641  
2348.912307  
2356.831905  
2355.392787  
2360.451336  
2355.063167  
2353.968023  
2344.574768  
2352.189693  
2349.58467  
2353.228496  
2359.255821  
2350.844197  
2357.774481  
2360.879513  
2354.026279  
2363.481245  
2364.544085  
2367.123404  
2362.66347  
2359.285318  
2356.486736  
2351.014383  
2356.291976  
2351.298887  
2334.5426  
2351.822343  
2338.324967  
2343.550276  
2344.74623  
2354.098987  
2357.079602  
2359.053161  
2361.93787  
2364.406323  
2365.474788  
2352.866388  
2351.03555  
2350.095217  
2344.713614  
2331.035568  
2348.460204  
2358.061109  
2353.690409  
2360.685014  
2364.551073  
2355.004574  
2363.209367  
2347.241985  
2349.630121  
2344.626974  
2355.143085  
2356.94615  
2351.147557  
2349.950952  
2348.252803  
2339.306825  
2348.544221  
2346.37022  
2347.391029  
2363.503137  
2352.846312  
2345.191296  
2348.626974  
2346.136066  
2351.934995  
2349.633858  
2353.62236  
2352.639664  
2359.848738  
2356.061571  
2356.702356  
2351.202432  
2355.144402  
2351.046197  
2351.765465  
2355.094741  
2358.359005  
2347.352908  
2357.778609  
2351.643679  
2352.400486  
2343.898001  
2343.617824  
2375.796253  
2380.329448  
2383.534724  
2368.716599  
2366.399338  
2365.139408  
2363.929788  
2361.728977  
2352.883185  
2348.423482  
2347.130452  
2339.546476  
2335.41521  
2348.534286  
2346.168007  
2360.050364  
2363.357523  
2365.405799  
2356.150786  
2372.697559  
2358.801873  
2358.67574  
2356.09245  
2349.899717  
2333.145221  
2350.372763  
2358.989243  
2344.902707  
2350.719609  
2352.72432  
2346.115531  
2339.801564  
2338.593774  
2343.728953  
2340.343412  
2332.925227  
2339.493546  
2347.292208  
2345.098216  
2351.338208  
2350.688417  
2358.590726  
2355.799447  
2355.536912  
2347.691081  
2355.611235  
2355.067164  
2353.103763  
2351.713056  
2353.629443  
2344.463469  
2355.077948  
2356.360145  
2351.610785  
2350.159015  
2346.623294  
2350.244168  
2365.888652  
2354.197496  
2358.312923  
2351.902943  
2361.950594  
2343.186004  
2351.722626  
2330.473264  
2362.069989  
2301.24417  
2357.605049  
2392.400593  
2390.756728  
2411.585659  
2407.637411  
2407.78027  
2393.34257  
2394.513337  
2393.19412  
2389.400373  
2394.610894  
2386.275003  
2390.224653  
2386.337052  
2401.989408  
2402.432088  
2408.872575  
2408.332816  
2402.178028  
2405.235973  
2404.985589  
2409.63747  
2381.64188  
2360.437748  
2372.823162  
2381.62665  
2382.724043  
2378.532337  
2366.695614  
2379.725794  
2379.212888  
2386.874472  
2374.194614  
2383.195716  
2380.321354  
2368.836262  
2359.023185  
2362.444569  
2363.07111  
2348.407372  
2358.280418  
2361.672005  
2365.847288  
2366.346539  
2355.63044  
2353.917927  
2360.482875  
2370.785258  
2365.723281  
2374.524461  
2363.101204  
2375.861647  
2376.038631  
2383.097921  
2380.062411  
2374.708361  
2370.319527  
2369.762861  
2372.868461  
2369.526664  
2368.310183  
2371.015803  
2367.733358  
2360.3874  
2366.485365  
2368.334309  
2367.191953  
2375.907716  
2371.403391  
2372.383043  
2375.494294  
2369.212769  
2378.906858  
2365.095754  
2369.709123  
2362.419968  
2367.846103  
2360.502872  
2358.870208  
2379.642792  
2365.723898  
2364.459513  
2367.134341  
2366.450158  
2370.016835  
2371.924131  
2374.170284  
2364.693774  
2360.169964  
2369.346119  
2367.900274  
2371.090122  
2363.197382  
2364.98469  
2364.019272  
2362.824706  
2355.869819  
2363.2927  
2376.199343  
2365.4533  
2368.832939  
2367.229536  
2368.644734  
2364.994191  
2372.594978  
2381.621532  
2375.697686  
2372.504882  
2370.932675  
2364.770455  
2357.496694  
2363.28673  
2370.305282  
2365.757121  
2366.298496  
2363.97899  
2369.361396  
2364.345032  
2378.065718  
2371.367833  
2367.130146  
2365.201065  
2374.207819  
2361.967534  
2367.229634  
2378.493497  
2368.522583  
2372.597663  
2368.681531  
2369.777735  
2372.239035  
2365.042223  
2364.821829  
2359.98539  
2375.161152  
2372.839182  
2375.887851  
2370.043678  
2374.689642  
2385.114413  
2368.161728  
2366.322217  
2369.654528  
2368.126143  
2372.38504  
2361.946446  
2351.52918  
2362.738663  
2386.558612  
2382.633444  
2380.861006  
2371.954606  
2360.494715  
2354.301452  
2357.641006  
2351.813833  
2350.365277  
2352.650034  
2348.606333  
2358.435285  
2364.643902  
2369.126884  
2364.148154  
2370.697119  
2378.75934  
2374.771951  
2373.184737  
2358.111076  
2346.503867  
2352.218224  
2361.961715  
2348.103824  
2361.085596  
2353.667355  
2360.560745  
2346.359439  
2359.973322  
2353.633924  
2349.69135  
2350.327514  
2358.246784  
2357.746383  
2357.235338  
2352.165473  
2352.260418  
2356.530753  
2347.95794  
2341.115879  
2348.045025  
2350.069547  
2339.18048  
2356.555434  
2357.869654  
2357.690775  
2363.431523  
2353.855759  
2364.942335  
2359.024103  
2353.805998  
2344.44811  
2349.902107  
2355.053674  
2356.093085  
2339.261518  
2336.236084  
2343.807591  
2348.801434  
2350.400567  
2350.816674  
2340.405639  
2348.745803  
2345.56381  
2349.230218  
2346.571102  
2351.874391  
2348.766754  
2345.964145  
2336.337612  
2339.208507  
2337.723001  
2358.598878  
2357.990946  
2343.903535  
2342.878085  
2337.635918  
2339.398425  
2340.684803  
2337.546738  
2354.059332  
2354.670287  
2362.565172  
2355.504801  
2351.396381  
2353.384217  
2352.288023  
2358.098352  
2350.308579  
2351.773937  
2346.577132  
2340.870882  
2342.944727  
2356.112948  
2342.289938  
2350.977545  
2372.687686  
2355.698127  
2380.206989  
2387.653919  
2387.945296  
2370.656507  
2369.782489  
2361.694639  
2360.962172  
2362.91579  
2355.270959  
2354.30279  
2354.853159  
2347.830995  
2359.329102  
2359.824052  
2368.530691  
2364.129296  
2364.287924  
2369.442397  
2374.441535  
2365.50296  
2375.092925  
2365.532788  
2366.312924  
2366.786271  
2367.376919  
2366.665229  
2361.000363  
2355.585342  
2362.848607  
2361.627388  
2364.059817  
2369.498601  
