2877.096368  
2877.218917  
2875.094263  
2868.931942  
2884.018375  
2879.220398  
2871.558631  
2873.60273  
2868.051837  
2861.350618  
2878.479391  
2875.1941  
2875.985392  
2873.496591  
2879.227037  
2864.432498  
2876.824482  
2874.792645  
2887.58429  
2883.626256  
2888.66201  
2886.526182  
2878.165359  
2873.654634  
2868.949378  
2862.232044  
2849.605487  
2853.267006  
2865.147959  
2863.254323  
2871.181973  
2868.911596  
2865.300983  
2861.22111  
2868.898164  
2865.028278  
2885.042125  
2880.070555  
2868.138967  
2871.901585  
2852.123163  
2859.554685  
2873.137327  
2860.044848  
2868.248152  
2862.446259  
2864.370319  
2866.729328  
2869.385648  
2858.16339  
2863.939539  
2865.021314  
2868.532557  
2869.96941  
2854.570651  
2866.944923  
2859.935798  
2861.563919  
2862.039703  
2865.445662  
2860.847036  
2858.951691  
2856.903468  
2856.064509  
2861.870637  
2861.463875  
2852.123125  
2866.995624  
2872.242444  
2861.708319  
2872.174336  
2860.81569  
2868.319137  
2861.212868  
2876.164694  
2854.882014  
2867.373856  
2859.327067  
2865.984898  
2862.17542  
2866.079706  
2869.013477  
2872.117623  
2865.273303  
2871.163785  
2876.038763  
2868.843348  
2863.84617  
2870.184633  
2871.268374  
2870.349642  
2876.924089  
2875.689636  
2873.231124  
2863.665112  
2864.865049  
2860.287942  
2870.388055  
2865.570997  
2872.896061  
2868.204179  
2867.317719  
2879.700308  
2883.305596  
2880.275781  
2875.343325  
2876.460866  
2878.272753  
2867.880486  
2865.062607  
2870.343369  
2869.074154  
2859.037726  
2856.663485  
2861.733239  
2853.732537  
2858.660883  
2861.846665  
2862.031203  
2869.540693  
2860.796024  
2881.856691  
2848.784224  
2844.058741  
2870.493411  
2850.738925  
2852.551698  
2838.184581  
2849.629194  
2851.203524  
2856.241797  
2857.323896  
2857.853776  
2856.068114  
2858.770866  
2856.743463  
2860.869057  
2868.985709  
2864.776308  
2862.649798  
2866.034172  
2866.400513  
2873.539108  
2861.630808  
2860.555966  
2858.551358  
2865.268053  
2845.379205  
2851.817162  
2851.312075  
2837.213431  
2851.521692  
2844.563235  
2847.646444  
2850.520744  
2855.888127  
2855.083258  
2847.370755  
2857.478576  
2858.819011  
2859.436608  
2857.046091  
2864.579801  
2852.437299  
2855.804211  
2851.784098  
2850.725611  
2859.84309  
2852.036467  
2856.039038  
2854.628131  
2857.385802  
2867.931743  
2867.732664  
2864.665398  
2856.349711  
2863.642545  
2855.312216  
2853.914472  
2871.781933  
2864.950823  
2873.594614  
2870.447259  
2874.230045  
2866.502773  
2877.615864  
2876.415284  
2874.775284  
2872.895233  
2878.871958  
2874.153402  
2874.702114  
2868.011775  
2870.988129  
2854.587295  
2860.18673  
2857.705055  
2861.850006  
2862.534692  
2866.133387  
2862.727507  
2862.199569  
2866.154649  
2866.199181  
2869.607305  
2879.619446  
2869.837712  
2880.605289  
2866.286347  
2866.560254  
2858.331419  
2859.940502  
2863.233984  
2859.058111  
2876.720438  
2877.177197  
2873.037752  
2872.692138  
2867.083372  
2872.225165  
2864.048013  
2865.551092  
2857.57477  
2855.594554  
2861.200159  
2864.646094  
2862.829259  
2866.138637  
2861.124441  
2869.410222  
2856.29568  
2856.245471  
2861.809818  
2866.628897  
2864.011518  
2858.544513  
2870.250204  
2863.634165  
2870.910469  
2873.79985  
2860.772472  
2860.898145  
2861.767825  
2865.179219  
2868.762239  
2872.571289  
2863.150909  
2864.210104  
2867.138044  
2867.590276  
2866.98124  
2868.829267  
2883.293405  
2863.963531  
2853.58612  
2873.26513  
2867.831787  
2886.80647  
2875.493113  
2873.484823  
2881.947724  
2883.680972  
2872.08996  
2870.432294  
2854.636684  
2860.708735  
2857.594313  
2861.52248  
2863.163787  
2873.694024  
2863.151919  
2870.658427  
2874.291341  
2875.77798  
2876.616119  
2870.890516  
2868.183185  
2862.517318  
2856.827647  
2847.894571  
2864.880762  
2863.951095  
2856.513548  
2851.07208  
2851.227053  
2851.093827  
2855.284802  
2851.384807  
2851.237083  
2839.429511  
2837.032438  
2835.208702  
2849.678946  
2845.849627  
2863.43966  
2866.934181  
2871.706238  
2870.049982  
2871.236313  
2865.984291  
2874.906225  
2869.488777  
2865.769886  
2855.260104  
2866.285234  
2868.431105  
2869.928739  
2865.487416  
2859.469111  
2858.642986  
2854.472102  
2864.111541  
2863.468193  
2863.258778  
2868.647603  
2859.148474  
2871.126264  
2855.01203  
2866.462231  
2858.562187  
2870.827381  
2858.836008  
2858.084296  
2877.587698  
2874.473844  
2884.88073  
2888.406767  
2884.375207  
2875.139261  
2871.031658  
2869.584431  
2871.019905  
2860.573029  
2864.305711  
2873.611643  
2873.705745  
2869.177882  
2896.906171  
2891.317554  
2884.897111  
2884.40096  
2889.96244  
2880.60005  
2907.78515  
2873.605548  
2852.385624  
2861.086362  
2874.377663  
2872.801383  
2857.956321  
2857.075324  
2879.039786  
2868.513689  
2868.673308  
2873.473419  
2869.544968  
2852.319144  
2854.756757  
2840.873099  
2841.955112  
2848.409639  
2858.501124  
2858.347438  
2847.852137  
2850.95298  
2844.12701  
2854.049191  
2853.472341  
2850.17865  
2863.98325  
2858.492101  
2854.281177  
2867.336947  
2872.583194  
2871.003857  
2863.969141  
2862.064283  
2866.971571  
2863.539456  
2865.38246  
2866.341727  
2864.883355  
2861.964133  
2859.098384  
2863.968293  
2850.993936  
2859.724946  
2864.015089  
2859.678048  
2855.432915  
2869.995702  
2853.387036  
2866.453186  
2863.662057  
2868.414139  
2864.049695  
2867.03438  
2873.219574  
2866.689991  
2867.011918  
2865.81668  
2865.904863  
2844.862128  
2862.839437  
2871.485602  
2871.028894  
2872.908058  
2878.103602  
2859.22277  
2864.69164  
2872.027576  
2865.690488  
2859.404484  
2859.369053  
2861.213889  
2860.683522  
2871.190639  
2862.500634  
2878.790434  
2859.590975  
2868.576068  
2871.314524  
2872.948269  
2864.693212  
2864.834829  
2862.61356  
2859.881943  
2869.11125  
2867.212265  
2854.476824  
2863.534538  
2847.534119  
2851.85326  
2843.627848  
2860.60611  
2867.214555  
2862.295017  
2866.204256  
2865.715299  
2859.580652  
2867.177561  
2871.122903  
2862.513646  
2872.424229  
2860.120507  
2858.085082  
2863.373676  
2886.489304  
2873.951992  
2871.57492  
2863.696379  
2861.470991  
2865.540011  
2876.863576  
2866.640858  
2862.27481  
2857.389988  
2860.905579  
2873.465352  
2871.644138  
2862.24487  
2879.832629  
2885.867385  
2856.310079  
2872.062175  
2873.563468  
2875.860388  
2865.533592  
2839.67529  
2851.27577  
2872.197421  
2868.216973  
2873.041874  
2870.853663  
2854.554511  
2842.666353  
2841.533131  
2844.34636  
2840.782168  
2854.874634  
2863.599404  
2861.717933  
2860.599491  
2879.018726  
2870.050633  
2883.042933  
2879.391063  
2876.003383  
2862.564436  
2858.550004  
2847.789265  
2856.098003  
2861.013846  
2859.989374  
2860.183413  
2846.64806  
2849.077257  
2856.459891  
2854.891041  
2861.944232  
2853.768847  
2856.957486  
2862.269125  
2872.069001  
2858.85647  
2852.898827  
2863.257698  
2852.549832  
2855.93501  
2848.531734  
2856.843515  
2857.251117  
2857.511532  
2848.853394  
2849.586033  
2847.975943  
2862.53155  
2857.494026  
2868.994909  
2861.828647  
2862.319368  
2861.821914  
2856.257417  
2855.48699  
2871.248598  
2855.011116  
2846.408278  
2864.686575  
2864.767097  
2869.507866  
2856.394024  
2847.269075  
2850.032399  
2840.547135  
2847.237668  
2854.17323  
2853.627349  
2849.358783  
2851.951839  
2844.6412  
2851.357173  
2847.561233  
2850.815623  
2858.63228  
2846.511963  
2853.351068  
2839.638323  
2845.491585  
2851.853698  
2848.031534  
2845.629453  
2854.542259  
2855.955444  
2858.082396  
2857.868516  
2865.831403  
2857.268646  
2872.829578  
2856.848788  
2861.346427  
2856.778708  
2850.27287  
2851.077533  
2889.231155  
2848.468397  
2867.762639  
2877.731859  
2837.988925  
2869.098801  
2860.995391  
2852.132932  
2836.180269  
2836.690946  
2831.409825  
2824.536495  
2824.521894  
2829.845752  
2822.115994  
2825.23541  
2822.850937  
2826.705994  
2839.302563  
2832.980438  
2834.84865  
2832.948186  
2845.49983  
2843.862097  
2828.668895  
2837.679618  
2831.747499  
2837.336278  
2831.450672  
2834.012766  
2828.405175  
2827.233864  
2831.303463  
2828.695247  
2823.621043  
2836.241964  
2839.291284  
