1.740648815  
1.430432336  
1.296656761  
0.7709650548  
0.4657218446  
0.3266959482  
-0.01667556468  
-0.4144639435  
-0.6315897862  
-1.285768224  
-1.176906361  
-0.8072684401  
-0.3856435666  
0.03358464501  
-0.2852981956  
-0.06503998071  
-0.3351371638  
-0.2630181819  
0.2273059446  
0.06187462955  
0.2349997422  
0.008068795753  
0.2060983572  
0.3169053922  
0.469789564  
0.6593185516  
0.3775912951  
0.3920761575  
0.5414830149  
0.8749072981  
0.8931108039  
-0.3363781112  
-0.978617399  
-0.8008743834  
-0.9734725904  
-0.7571217355  
-0.304150837  
-0.1901042334  
-0.2000400703  
-0.4283698489  
0.01664025018  
-0.03916567926  
-0.4279614137  
-0.5645831354  
-0.2105147813  
-0.6653996305  
-0.2264901396  
-0.5063530438  
-0.9336309769  
-0.7329109516  
-0.7066369064  
-0.1120521795  
0.06612117015  
0.1390557887  
0.2422955581  
0.1276857886  
0.06873792551  
-0.6644479114  
-0.4777051294  
-0.5028152838  
-0.2214873225  
-0.888431248  
-0.5414362205  
-0.9126559777  
-1.108299973  
-0.8160751803  
-0.3566931214  
-0.4506328887  
-0.2151018796  
0.451675258  
-0.283095763  
-0.08596710857  
0.2611312101  
0.2413374918  
0.09999461491  
0.2872517414  
0.2750906686  
0.1063075469  
0.355782831  
0.6640663448  
0.3823444919  
0.8490377209  
0.7865911536  
0.7911467605  
0.4380424298  
0.1824384735  
-0.6302247789  
-0.8862406141  
-0.8700534749  
-0.9618680684  
-0.5119472242  
-0.4215102129  
-0.8403051726  
-0.4661943067  
-0.3199123381  
-0.7523784923  
-1.17273742  
-1.474348892  
-1.393926232  
-1.562480632  
-1.332571638  
-0.7110281721  
-0.4417717849  
-0.2141008902  
0.1459145436  
-0.3317954076  
0.05445305107  
-0.2613894307  
-0.4525171451  
-0.2428282851  
-0.211660664  
0.06182658626  
-0.4397332408  
-0.004576685731  
0.5327544683  
-0.1325554495  
0.4471078802  
0.2646873451  
0.2731088647  
0.8179144591  
0.598508284  
0.5079430826  
0.492094662  
0.0149272773  
-0.483420207  
-0.9860789341  
-0.8729207405  
-1.70707554  
-1.183222434  
-1.259053442  
-1.202226274  
-0.8537574094  
-0.5783755446  
-0.8841834262  
-0.224857018  
-0.07315694054  
-0.6492102335  
-0.4528376671  
-0.50921039  
-1.041393142  
-1.028366717  
-0.9884588731  
-1.007256983  
-0.8189691216  
-0.3828377117  
0.01014878195  
0.124600201  
-0.1915435107  
-0.005389574746  
0.0858018888  
0.2154953571  
0.3611411003  
0.246341579  
0.3773482485  
-0.06954386544  
0.1872491825  
0.66826039  
0.2555304542  
0.464799838  
0.7025120575  
0.484789684  
0.1044835515  
-0.05540476476  
-0.09237485099  
-0.3604104639  
-0.4689866446  
-0.3067274203  
-0.1607759728  
-0.5363032536  
-0.4235293293  
0.1692102032  
0.0378033666  
0.5731121716  
1.053848216  
1.204821151  
1.196840282  
1.581295381  
1.838364128  
1.497894566  
1.720505905  
1.443523649  
1.176235349  
1.322100527  
1.506490059  
1.411173388  
1.276700783  
1.165521741  
1.040945522  
1.129438454  
1.139950437  
1.423285855  
1.393609699  
1.220288055  
0.7259874669  
0.2874029611  
-0.003227560522  
-0.3632828966  
-0.4845821869  
-0.4680352879  
-0.620315246  
-0.4107453482  
-0.6090648372  
-1.142783613  
-0.9360147846  
-1.017084716  
-0.7193684219  
-0.3803541196  
0.1866418243  
-0.303207807  
-0.4128820439  
-0.3287113631  
-0.07742517888  
-0.2425768528  
0.01250491564  
-0.3187604597  
0.101552903  
0.8709243823  
0.6833952752  
0.890573184  
0.632382116  
-0.4382867914  
-0.3592846368  
-0.883576155  
-1.734187978  
-2.228273157  
-1.620280049  
-1.387783361  
-1.494482083  
-1.063856943  
-0.5286905508  
-0.440834813  
-0.07255053916  
0.03938472507  
-0.4767273013  
-0.3661640558  
-0.2697455566  
-0.3383235498  
-0.8378632383  
-0.8679016261  
-1.078915112  
-0.7608574098  
-0.7010262568  
-0.5479471704  
-0.9871789469  
-0.9038925236  
-0.7421726215  
0.0673725374  
-0.1966063956  
-0.3336341149  
-0.5026331569  
-0.1045721215  
-0.1249305792  
0.1195710647  
0.5221506401  
0.7970896801  
0.8084293772  
1.075860007  
0.761947887  
0.5905736468  
0.6392494072  
1.174410185  
1.3372036  
0.9985204763  
0.7794870432  
0.666202804  
0.7641788946  
0.6841927093  
0.8610181824  
0.9757080583  
0.5914901079  
0.1770136739  
0.6853780434  
0.09485696641  
0.4494746759  
0.9145791191  
0.4899921373  
0.04147935666  
0.06167181672  
0.761393294  
0.9787423897  
0.9352784905  
1.255303498  
1.508694969  
0.7081867353  
0.3241263185  
0.45865704  
-0.2921663593  
-0.6213509005  
-0.4567070787  
-0.9094549167  
-1.346805295  
-1.262995515  
-0.7074419822  
-0.3499693287  
-1.105978688  
-0.7988043397  
-0.8948286166  
-0.7737338206  
-0.6745870368  
-0.2800805413  
-0.2878928074  
-0.6898076591  
-0.8506291688  
-0.4677525942  
-0.1005805362  
-0.3150373644  
-0.4207220683  
-0.6380067647  
-0.544088473  
-0.3193115045  
-0.1300933968  
-0.2363911544  
0.1918580419  
0.1621044144  
-0.2520982274  
-0.1621602047  
-0.2333171473  
-0.3655140457  
-0.2928822137  
-0.732052336  
-0.4767727646  
-0.5479765214  
-0.8995902768  
-0.6278903818  
-0.2551538039  
-0.02812566218  
0.5555442107  
0.358549281  
0.332348544  
0.5937085281  
0.6985950176  
0.3112276184  
0.4584921319  
0.5629280967  
0.6018135206  
0.04033936924  
-0.03252406511  
-0.1955626866  
0.08925258723  
-0.04361701128  
-0.1780540957  
-0.5301038033  
-0.683587428  
-0.4255143541  
-0.5881080816  
-0.8047951936  
-0.5699416517  
-0.3620985023  
-0.4343604297  
-0.1055010416  
-0.1712807902  
-0.02858308202  
-0.3709510571  
-0.1079287098  
-0.3980666444  
-0.5583693474  
-0.2204680587  
-0.7302311388  
-0.9720331733  
-0.60153951  
-0.6712651763  
-0.4301960784  
-0.1760838923  
0.314170144  
0.2087804929  
-0.1096035305  
-0.1962034411  
0.1152679177  
0.353405151  
0.021189951  
0.1435654501  
-0.3246240678  
-0.7511454956  
-0.5535697797  
-0.5504871776  
-0.5405196957  
-0.613791531  
-0.106039644  
-0.08692379649  
-0.2164962936  
0.0615884162  
-0.2570065997  
0.2402730904  
0.5554501599  
-0.03928546263  
-0.156863283  
-0.333633302  
-0.7109129372  
-0.8588653277  
-0.9763578526  
-0.5775914376  
-0.4476903428  
-0.429069894  
0.1384706253  
-0.06923245698  
-0.3814857434  
-0.316661432  
-0.6420748025  
-0.7453676198  
-1.368645612  
-0.7817856309  
-0.9562341961  
-0.6058459954  
-0.4017626493  
-0.2254310458  
-0.2845847988  
0.1066905415  
0.2665072472  
0.2665237416  
0.4672545582  
0.7315193131  
0.8381764792  
0.2433659583  
0.8115417734  
0.3982786676  
0.6306165284  
0.7170834468  
0.8342417794  
0.3135468553  
-0.02737611691  
0.4143594715  
-0.2464111429  
0.09669877987  
0.0995520155  
-0.2761660005  
-0.02816375605  
0.3783604615  
0.1825632786  
0.1534073556  
0.4451760391  
0.2898182645  
0.2581927636  
0.4686221903  
0.4045547948  
0.7116816975  
0.5666460956  
-0.1611471573  
0.0007289632714  
0.4319128589  
0.504234279  
0.9533356663  
1.074556843  
0.376911267  
0.6926478707  
0.7613084451  
0.4634050032  
0.2314977778  
0.5453759913  
0.6878455609  
0.09229190607  
-0.1123037098  
-0.05880229017  
-0.2126830297  
0.8466530102  
0.46156414  
0.5587832213  
0.194112183  
0.1633596241  
0.4950104092  
0.4383906788  
1.010052135  
0.9191631822  
0.8272494054  
0.4790722491  
0.8391012837  
0.4103520472  
0.6189655862  
0.5230722122  
0.9072125207  
0.4703657983  
0.4126822872  
0.2696850952  
0.09865119498  
0.3433746371  
0.3838763015  
0.8456534569  
0.07270253172  
0.4580402841  
0.2001508466  
0.0664663995  
-0.7037303066  
-0.9853609212  
-0.9003940034  
-0.6856583682  
-0.3374487848  
-0.6042332702  
-0.7134941721  
-0.7287787086  
-0.562554131  
-0.3373219401  
0.04767292281  
0.2682016188  
0.7293306828  
0.1998139651  
0.2299562696  
0.1219020976  
0.3689646591  
0.2395959789  
0.468078015  
-0.07897780525  
-0.09225622625  
0.1192319323  
0.1136580991  
-0.4222993067  
-0.7661174741  
-1.028198206  
-0.9679350713  
-1.266040264  
-0.8826733631  
-0.2437683501  
-0.802564087  
-0.1755135412  
0.6223219818  
-0.06152753944  
0.3550456481  
0.4989548241  
0.6241533886  
0.7099756911  
0.4581680056  
0.7921986854  
0.7573753389  
0.50813452  
0.7228200245  
0.9530160864  
1.115859243  
0.6820396037  
0.4078865497  
0.1717268588  
0.03783055948  
-0.2262480313  
-0.1562288127  
-0.5943133459  
0.1188931537  
0.358256743  
0.04620406751  
-0.2173289867  
-0.3370080616  
-0.27852378  
-0.3962930569  
-0.2882883873  
0.1702495742  
0.5680549989  
0.1820134672  
0.01257789779  
0.6547101787  
0.3448336138  
0.2371636797  
0.7261824941  
1.325960841  
1.267375747  
0.6625949597  
1.02968434  
0.6769888611  
0.3432692102  
1.523401665  
1.161721628  
0.5608315562  
0.5428927375  
0.2234587804  
0.07189317227  
0.2581200166  
-0.01364073462  
0.2207701183  
-0.1803380449  
-0.396365022  
0.1001613774  
-0.02591377387  
-0.1191099201  
0.7150519312  
0.4031841769  
-0.06245479882  
0.2591250957  
0.3484905688  
0.6399836924  
0.6109233896  
0.6413717775  
0.04197945098  
0.3042167611  
0.03797031928  
0.09025321088  
-0.1254447391  
-0.5084524454  
-0.7709915919  
-0.693972441  
-0.7323526826  
-0.96669439  
-0.2637534019  
-0.4886272976  
-0.2380832044  
0.02864047761  
0.3690291411  
0.3409598086  
0.2848823703  
0.6309027196  
1.121917341  
1.320511679  
0.8419155638  
1.203903172  
2.003468007  
1.363784409  
1.930822675  
1.755065868  
1.120327089  
1.489824246  
1.014019767  
0.8609875298  
0.8034693949  
0.6237262187  
0.825733438  
1.303616326  
1.056025051  
1.01899546  
0.7130373026  
0.5669281806  
0.4528626428  
0.04641820225  
-0.2589371866  
-0.1966103815  
-0.812650779  
-0.8840656297  
-0.4831426329  
-0.2552807043  
-0.218849438  
0.1230649104  
0.07204562085  
0.3535060482  
0.6558395556  
1.108976525  
0.8081337375  
1.028982128  
1.485344699  
0.9503684498  
0.7525281314  
0.70179612  
1.090792096  
0.9194452226  
1.067042904  
0.7029702339  
1.002353351  
0.5747857993  
0.7061205103  
0.726812231  
0.8726193283  
0.8774558332  
0.4028415336  
-0.2202594601  
-0.3060041639  
-0.4227179908  
-0.7920928566  
-0.4792241582  
-0.227517191  
0.3583871073  
-0.08386644425  
-0.2619599062  
-0.06693807781  
-0.1669974572  
-0.4804178679  
0.6168745702  
0.01385885274  
-0.2385758501  
-0.0105706016  
0.3841049782  
0.2836675181  
-0.08898611922  
-0.1081359872  
-0.4216017597  
-0.1261399729  
-0.06142441441  
-0.2490848707  
-0.3678227416  
-0.6024737237  
-1.063597537  
-1.297747755  
-1.385363787  
-1.192988659  
-1.250395361  
-0.9059272518  
-1.233581845  
-0.8459459213  
-0.8451505601  
-0.4999445251  
-0.906931487  
-0.2924067747  
-0.1402051942  
-0.03532162031  
-0.3623884571  
-0.4177214635  
-0.3014473709  
-0.02262483251  
0.2706074391  
0.007589081169  
0.3361905709  
-0.2042504293  
-0.2534627101  
-0.1548961507  
-0.4239012068  
-0.4273070028  
-0.7372163214  
-0.6899452272  
-0.4615592649  
-0.4590503806  
0.07783527775  
0.230609712  
0.05617969548  
-0.1007627771  
-0.08999452159  
-0.03722352476  
-0.3085501295  
0.6641935006  
0.6205973347  
0.2783722995  
0.4701373972  
-0.01033823649  
0.7324159179  
0.2610567305  
0.1511477026  
-0.4874293112  
-0.642747104  
-0.981309283  
-0.6744877062  
-0.469797775  
-0.8671149107  
-0.483141258  
-0.4942926869  
-0.4195685492  
-0.4413419879  
-0.5495213811  
-0.2826376523  
-0.6531534764  
-0.2754172744  
-0.3236388636  
0.1271952889  
0.1859706263  
-0.1516937922  
0.0445802578  
-0.1714819257  
-0.2390030579  
-0.2834235225  
-0.7320518563  
-0.9324908997  
-1.399172257  
-1.799217644  
-1.55534482  
-1.018443609  
-1.101699776  
-0.3757466754  
-0.2395504826  
-0.05665815322  
0.1021366668  
0.687364381  
0.2848673488  
0.09683385339  
0.2880785484  
-0.1137350569  
-0.685255849  
-0.6816509107  
-0.8010660834  
-0.4762250079  
-1.127349097  
-0.6712170174  
-0.9680957111  
-0.2137181145  
0.2056380318  
0.711934607  
0.5942740241  
0.6960068199  
0.4238953481  
0.1827268336  
1.015560816  
1.277183858  
1.128113368  
0.5181105413  
0.2045565744  
0.03142574626  
-0.01402954307  
-0.1824849424  
0.5687101311  
0.6738326871  
0.2132808308  
0.2990038829  
0.0779345197  
0.4777816382  
0.9494909021  
0.6060416564  
0.9700182686  
0.6006463371  
0.9677149692  
0.9862570207  
1.044855376  
0.789646689  
0.5384227826  
-0.008789198933  
0.007713926852  
0.03542920097  
-0.2539589356  
-0.1901971543  
-0.5478897191  
-0.3036574961  
-0.6860323077  
-0.6567921233  
-0.9530104918  
-1.035916668  
-1.0601744  
-0.9026832484  
-0.3230857397  
-0.2228690924  
-0.2526843266  
-0.1557861609  
0.288630576  
0.2333663545  
0.05337819368  
0.1746027627  
0.2511750794  
0.3546946586  
0.2076427515  
-0.2741546656  
-0.097364132  
-0.2466540335  
0.144173601  
-0.1728502321  
-0.2857017861  
0.004414615232  
-0.1482890952  
0.3713876578  
-0.02440626087  
0.2007962856  
-0.0739919588  
-0.2952878942  
-0.119750612  
-0.00141739616  
0.2652429836  
-0.2083582015  
-0.1991090513  
-0.4726776579  
-0.353835647  
-0.4727247731  
-0.7009755574  
-0.2686926563  
-0.3449469172  
-0.5475168525  
-0.6507964206  
-0.2656395896  
-0.6174859141  
0.5227685944  
0.4481549589  
0.7013859009  
0.3076647306  
1.181408772  
0.7864902354  
0.9807945154  
0.8417572241  
1.144254615  
0.7961413265  
0.3729802636  
0.5425058158  
0.5191643882  
0.5080588343  
0.6052474306  
0.5493338033  
0.7805249324  
0.4390699552  
0.7806535731  
0.4190739004  
0.5162984758  
1.624242733  
1.316232827  
1.290105541  
0.7193975736  
1.074044904  
1.562773745  
0.929041454  
0.9642175253  
0.7079954734  
0.7631636919  
0.7954459653  
1.040382061  
0.69562515  
1.033316084  
1.308933316  
0.999347936  
0.7969504661  
0.5384128796  
0.3404362681  
0.4191106017  
0.4597620061  
-0.193295243  
0.2806432102  
-0.08234841777  
0.2712918544  
-0.4715185182  
-0.1333380347  
-0.3213128502  
-0.1614263335  
-0.4651597124  
-0.01891292971  
0.1085446398  
0.46531578  
0.05540940094  
0.4092533307  
0.2710545418  
0.02113054022  
0.2265722431  
0.5355105256  
0.3977880941  
0.1794763934  
0.1379961871  
0.5584320731  
0.1472732083  
0.1207329509  
0.6142988892  
0.0610203958  
0.1781831582  
0.2621389101  
0.5597381087  
0.3929121967  
0.2426545795  
0.3061527428  
0.2240074176  
0.4924005012  
0.5463810307  
0.5082553126  
0.1147514887  
0.4393550773  
1.055588553  
0.8419289427  
0.6496758515  
0.7097845208  
0.9965736201  
0.4749082156  
0.4520264918  
0.2432573427  
0.0715024979  
-0.1252597768  
-0.02518971959  
0.1164426143  
0.2125654976  
0.5440699925  
0.3278503658  
0.129020908  
0.4674456987  
0.6611247498  
0.6143714749  
0.5388787365  
0.2820177684  
-0.2296366871  
-0.2591762992  
0.07405953746  
0.09737271433  
0.4151296538  
0.3963999718  
0.316375478  
0.668589756  
0.8088376758  
0.7862140564  
0.5665272131  
0.58297336  
0.5008428753  
0.6266957275  
0.7426925854  
0.6724565271  
1.077879325  
1.433374611  
1.530038713  
1.362089464  
1.777899252  
1.123046413  
1.012254457  
1.556394864  
0.7387371878  
0.8140466685  
0.9138244558  
0.6687908179  
0.6298862951  
0.5084432049  
0.2317859524  
-0.1134767754  
0.08827359955  
0.04244138311  
-0.5485573031  
-0.7414572011  
-0.9208041046  
-1.486918362  
-1.422241027  
-1.089237838  
-0.7748988071  
-0.6010458773  
-0.05184381483  
0.4085885541  
-0.0463803037  
-0.3428791768  
-0.1449911014  
-0.02809547586  
-0.2606699868  
-0.3912689398  
-0.3784099559  
-0.331386589  
-0.3982531616  
-0.1230072235  
0.2486142898  
0.5408545933  
1.010751662  
0.7252712623  
0.8810944847  
0.7015890434  
0.7673198031  
1.103659823  
1.209148839  
0.9581634062  
0.901048153  
1.071385328  
1.003919244  
0.6121794652  
1.403586151  
1.488153916  
1.083241665  
1.026443755  
0.4996016207  
-0.4237069542  
-0.8507031454  
-0.9285350234  
-0.8594823413  
-1.243434696  
-1.1689577  
-1.136006229  
-1.106604755  
-0.8744993123  
-0.698010576  
-0.8411950371  
-0.3140052474  
-0.4564703162  
-0.2626880862  
-0.1452270242  
-0.4878644501  
-0.5571716338  
-0.4184492502  
-0.2076148902  
-0.05367754838  
-0.3772438122  
-0.8913571741  
-0.8269226176  
-0.552756971  
-0.6976675466  
-0.7804647482  
-0.5588724831  
-0.8808728448  
-0.3344560333  
-0.4802454768  
-0.3156306648  
-0.4194133112  
4.588028471e-05  
-0.2193061364  
-0.8390651702  
-1.024240862  
-0.7136503152  
-0.7227716555  
-1.039171206  
-0.7449807131  
-1.292565922  
-1.21287153  
-1.282643737  
-1.059221037  
-0.8593784817  
-0.81068212  
-0.6097220331  
-0.4976558714  
-0.5188564268  
-1.060060039  
-0.9295776676  
-0.5935796124  
-0.5826432818  
-0.9052043762  
-1.314759387  
-1.302854158  
-1.255947466  
-0.8752868814  
-0.8807817978  
-0.7585115648  
-0.8611274028  
-0.3967830152  
-0.4026610797  
0.049283268  
-0.1307432788  
0.3194487283  
0.2155767756  
0.8460434458  
0.3582063397  
0.03888180824  
0.9851672169  
0.3461342196  
0.3116444621  
0.01266164257  
-0.1949007745  
-1.12601464  
-0.875132662  
-1.155093876  
-0.6688100425  
-0.8424544111  
-1.017893187  
-1.013213024  
-1.43257032  
-1.103655196  
-1.280312971  
-1.41435593  
-1.68319982  
-1.650808417  
-1.603520079  
-1.190582088  
-0.9458047119  
-0.8433251489  
-0.6387544795  
-0.937467979  
-1.1879631  
-0.8841791583  
-1.058746298  
-0.1202415991  
-0.683071915  
-0.5378441102  
-0.6540575589  
-1.068753267  
-0.4472778474  
-0.3515018096  
-0.5230207428  
-0.6950280535  
-1.143055386  
-1.363170017  
-1.080765282  
-0.5816659485  
-0.5737642776  
-0.07523032334  
0.17431049  
0.6655119607  
0.5079045341  
0.5927737972  
0.6395088593  
0.7926352965  
1.219337583  
1.583436096  
1.733626585  
1.558793477  
1.583485676  
1.313314975  
0.8906147233  
1.036532543  
0.08082846114  
0.06885412934  
-0.3590758311  
-0.4145158589  
-0.7380352827  
-0.6494549841  
-0.6995005591  
-0.7371814559  
-0.9282978788  
-0.9553840555  
-0.7623350648  
-1.235392108  
-0.7029600688  
-0.4814644622  
-0.2044236559  
-0.2177468425  
-0.5502846316  
-0.1505160541  
-0.2505281248  
-0.6854360768  
-0.5146573171  
-0.3020128409  
-0.4502003195  
-0.3959866621  
-0.7410780062  
-0.8770666951  
-0.7518922139  
-1.037265351  
-0.75250538  
-0.653089934  
-0.6602296681  
-0.1293938948  
-0.122421882  
-0.2374750344  
-0.1412221357  
-0.2129276077  
-0.3375016212  
-0.2972702769  
-0.6182665269  
-0.2714263725  
-0.09360285354  
0.1618757232  
-0.1502300576  
-0.1196742587  
0.09667922963  
0.3321792739  
0.4641239206  
0.2698500579  
0.4968278377  
0.6674413019  
0.8170506865  
0.8677523396  
1.065793621  
0.9319883841  
0.6799672365  
1.250862394  
0.8318295139  
