1.430558328  
0.7018226184  
0.3046660735  
-0.3030607028  
0.05360691057  
-0.3284386988  
-0.3423065472  
-0.443741058  
-0.5089672223  
-0.4366318129  
0.04535054155  
-0.1299426638  
-0.3573901067  
-0.1538040426  
-0.5107525144  
-0.5181415985  
-0.3535496971  
-0.7094409965  
-1.229696282  
-0.9076159348  
-0.7025801012  
-0.8850850684  
-0.6854874488  
-0.3709586096  
-0.01402576662  
0.1545743548  
-0.02386747308  
-0.01610162711  
-0.3166999694  
-0.3196774231  
-0.6004712822  
-0.7249140139  
-0.7432056769  
-1.146484645  
-1.297960829  
-1.457204272  
-0.9697453518  
-1.099400511  
-0.8027300974  
-0.8276433271  
-0.8356113951  
-0.6334843423  
-0.5828818844  
-0.5585438672  
-0.6482102238  
-1.063786171  
-0.9059707157  
-0.9152927342  
-0.7387901021  
-0.731256717  
-0.8940329706  
-1.384247269  
-1.142463872  
-0.8000235413  
-0.8548146276  
-0.8689206329  
-1.092884995  
-1.124039064  
-0.6651892707  
-0.5603175009  
-0.3501575932  
-0.6188167548  
-0.2190300328  
-0.4919205603  
-0.352933182  
-0.8296477956  
-0.4632567148  
-0.9436523916  
-0.6573548476  
-0.740676945  
-0.6933255336  
-0.4815006193  
-0.4642673957  
-0.6443069717  
-0.8269662815  
-0.5760062606  
-0.5151674558  
-0.1960282361  
-0.2039260296  
-0.3411872498  
-0.2904883031  
-0.5549523158  
-0.4379133558  
-0.02050458867  
-0.2734429884  
-0.5050841573  
-0.5299409478  
-0.3922135448  
-0.2019322637  
0.1183509936  
0.07359855787  
0.02160586534  
-0.6290914113  
-0.5601865177  
-0.4433608945  
-0.8443556517  
-0.6273791451  
-0.5091900463  
-0.6241989761  
-0.682945217  
-0.9950339007  
-0.6471931778  
-0.733424776  
-0.7442169916  
-0.6149792954  
-0.7401696473  
-0.6863361261  
-0.7549887559  
-0.5029386479  
-0.6940275833  
-0.2439469479  
-0.2543686203  
0.1539785343  
-0.04085378294  
0.0619173891  
0.328490484  
-0.07680802871  
-0.1983833841  
0.2615486743  
0.1072483338  
-0.06474776449  
-0.1611838249  
-0.2673129032  
-0.4697637407  
-0.416654829  
-0.2805743117  
-0.5134571789  
-0.8355725482  
-0.7590494708  
-0.2898133973  
-0.3345697116  
-0.2098731494  
0.140701673  
-0.403016512  
-0.1644157402  
-0.5189690727  
0.03919903654  
-0.3075541379  
-0.5937484749  
-0.6363945774  
-0.7525410355  
-0.6378881101  
-0.1075905299  
-0.4343535505  
-0.3140032703  
-0.350833336  
-0.8218556352  
-0.5114516854  
-0.2306641313  
0.08469551916  
-0.09948373694  
-0.4187306249  
-0.296380021  
-0.5054355639  
-0.3149258331  
-0.279899536  
-0.07785533902  
-0.2223354571  
-0.04201654696  
0.01678089116  
0.3461462434  
0.5318900435  
-0.01567883209  
0.06900683735  
-0.1793124313  
-0.01309250527  
-0.1635813628  
-0.3194344639  
-0.4080751016  
-0.0371672678  
-0.4669800019  
-0.7777466247  
-0.5728375333  
-0.4383582443  
-0.3173298985  
0.2826916125  
-0.2096696138  
-0.1417029433  
-0.3654332674  
-0.5948447918  
-0.1599434273  
-0.09669546888  
-0.41912157  
-0.7455050671  
-0.8863417756  
-0.3558503474  
-0.4582126487  
-0.1657428549  
0.4610909015  
0.5669321467  
0.1283935111  
0.06848776584  
0.2886104078  
0.2416063234  
0.6340861167  
0.3446689319  
-0.1989335327  
-0.343289987  
-0.7098076258  
-0.04301089202  
-0.1315527082  
0.2260308526  
0.6993288509  
0.2728693558  
0.6457850974  
0.4954117747  
0.5500045815  
0.6052863061  
0.6412470197  
0.7207748178  
0.2086534828  
0.3119601966  
-0.2371333481  
-0.6695485416  
-0.261845577  
0.5219045287  
0.06695826383  
-0.2409970094  
-0.1811431653  
-0.22919358  
0.09402137127  
-0.1309851149  
-0.2667789953  
0.07084954594  
-0.2978098117  
-0.4522100935  
-0.30873367  
-0.1330169007  
-0.2033736843  
-0.1901559342  
-0.8812652068  
-0.4450569697  
-0.01168069665  
-0.1091160953  
-0.1524319482  
0.1255190818  
0.04036874845  
-0.1412913314  
0.01329201886  
0.1048992345  
-0.04556778736  
-0.3538581079  
-0.4654223362  
-0.1814939029  
-0.4994627405  
-0.6826687813  
-0.5017809978  
-0.4983562179  
-0.7244870084  
-0.04837707641  
0.2293514168  
0.1091750998  
0.08513153959  
-0.1849451188  
0.1873627042  
-0.3878869336  
-0.1127327171  
0.1225164579  
-0.1252575825  
-0.4595204849  
-0.3632675193  
-0.393750771  
-0.5473569984  
-0.1453105233  
-0.1718413246  
-0.4405733154  
-0.4377377821  
-0.5092858276  
-0.5265482141  
-0.3447760504  
0.01083290008  
-0.5369971706  
-0.2698353462  
-0.6595792244  
-0.2425629386  
-0.3405908178  
0.03590063862  
-0.287411506  
-0.1879259698  
-0.1916537409  
-0.1222151609  
0.01849109833  
0.284589454  
0.4135849541  
0.2046294804  
0.3042616117  
0.3845651569  
0.4171995881  
0.497058222  
0.5943993107  
1.034507634  
0.8917038316  
1.252117246  
1.32592812  
1.428881527  
1.540788677  
2.346690367  
2.114127352  
2.195399752  
2.099635747  
1.518030863  
1.917625841  
1.400250668  
1.065007169  
0.6466053749  
-0.01952443477  
-0.1733413866  
-0.1559758296  
-0.05454526737  
-0.2219254164  
0.2555483054  
-0.1042869839  
-0.1627152101  
-0.4670551366  
-0.2804277043  
-0.7581514173  
-0.1869507642  
-0.4665819709  
-0.4307935967  
-0.43372728  
-0.3184667691  
0.1877514159  
0.03365976145  
-0.3105839583  
-0.7720904016  
-0.8801093005  
-0.5873570912  
-0.3033771424  
-0.2039035499  
-0.424757419  
0.2853701782  
0.2095739105  
-0.1847362325  
0.1053341855  
0.3070982243  
0.3585336478  
0.0487485885  
0.273826112  
-0.2066028421  
-0.3258148957  
-0.3106022557  
-0.1068399514  
-0.2887529951  
-0.03807904324  
0.577698947  
-0.1893219121  
-0.1586667988  
-0.2998224589  
-0.321227231  
-0.402076195  
-0.2315670479  
-0.2445456779  
-0.3663783014  
-0.3934542704  
-0.1782796895  
0.018778493  
-0.112153859  
0.011600774  
0.06846960287  
0.1893081412  
0.1719950521  
0.1367252358  
0.2920517552  
0.6256376638  
1.044665941  
1.151832835  
1.065557858  
0.9625875049  
0.9275065681  
0.87810636  
0.6980228897  
0.4235949885  
0.7721758491  
0.5274620632  
0.2768744206  
0.6818878986  
0.6948155173  
0.6108212027  
0.9310156737  
0.8348857653  
0.4077068199  
0.8069464479  
0.7579266222  
0.6785231177  
0.2313920719  
0.5415777721  
0.3846953142  
-0.4597730768  
-0.1271900393  
0.006559184153  
0.3027002704  
0.107997296  
0.8968047422  
0.6848535353  
0.2220585  
-0.1329945877  
0.1430919716  
0.2408877677  
-0.183739487  
-0.1027910412  
-0.1949797061  
-0.6430252243  
-0.3882231613  
-0.2068566185  
0.01376824694  
0.3638770131  
0.05191012455  
0.7484453103  
0.7336377135  
-0.001322573279  
0.6187033986  
-0.09269352261  
0.07399775582  
-0.5630727592  
-0.4703057138  
-0.9723095957  
-0.7576832844  
-0.8224493243  
-0.3789730159  
-0.7665229518  
-0.8790545965  
-0.9123281864  
-0.7684061275  
-0.9391282992  
-0.4632101246  
-0.09812111474  
-0.3090808641  
0.210785391  
-0.3607504576  
0.1699467628  
-0.03845124288  
-0.2482239361  
-0.3390668706  
-0.5630364974  
-0.9410841417  
-0.8064221693  
-0.3984238929  
-0.213299574  
0.06825075658  
-0.6193699297  
-0.479516247  
0.1677084676  
0.1452455245  
0.2058286676  
0.4089316603  
0.2368760399  
-0.2551672603  
0.3389250755  
-0.03450018119  
0.5320086927  
0.1619614539  
-0.483581152  
-0.09477799118  
0.007020505306  
-0.01453260139  
-0.08543853122  
0.2974849063  
0.5723644243  
0.0792008688  
0.2308973891  
0.1979686619  
0.3475572438  
0.1428893577  
0.6252315657  
0.1240961733  
0.06996560937  
0.007652115884  
0.02972454766  
0.2204915208  
0.2783830535  
0.82380451  
1.097218738  
0.626288614  
1.234996248  
0.9379516025  
1.775799114  
1.453589059  
1.776489799  
1.491360407  
1.610227302  
1.110353798  
1.209209114  
1.0143775  
0.4011448362  
0.367305526  
0.1294797081  
0.5098982015  
0.4966186369  
0.4057284918  
0.714105429  
0.4634357294  
0.5727063608  
0.6286446653  
1.250512228  
0.6801083491  
1.029847121  
0.3022948683  
0.5406715187  
0.2507338404  
0.5641042174  
0.5583811275  
0.2027603305  
0.7569585838  
0.484065556  
0.8106106372  
1.543281097  
1.268308243  
1.510362499  
1.790032052  
1.276224863  
0.6626042863  
0.8427489466  
0.6822060321  
0.5733409642  
0.4349688497  
0.04748977859  
0.4901801854  
0.6292038221  
0.7659074795  
1.094691023  
0.6131751253  
1.089145336  
1.124718532  
1.221443956  
1.155640437  
1.281757004  
1.863673729  
0.9928931737  
1.146621568  
0.4705640012  
0.4875523488  
0.4428067483  
0.1851214473  
0.3368196914  
0.09341479046  
-0.56242144  
-0.07027905298  
-0.3839056527  
-1.041953812  
-0.663414298  
-0.7083563088  
-0.5396480253  
-0.8681795172  
0.08405464458  
0.1185243796  
-0.1708740013  
0.2698585626  
0.2043435075  
0.5669680562  
0.5411284069  
1.235631993  
1.404948749  
1.35819359  
1.499354209  
1.598535608  
1.448304224  
1.498710969  
1.105388141  
1.095903722  
0.8294435599  
1.055091631  
0.9479543231  
1.055127638  
0.57059919  
0.6886905044  
0.9673647318  
0.2566372851  
1.275023861  
1.047271948  
0.8655333698  
1.01650879  
1.134826065  
0.6457591006  
1.194477269  
0.7314932245  
0.7849482484  
1.2211922  
0.7989065457  
0.5861762053  
0.462832795  
0.01657545661  
-0.4813901228  
-0.291819684  
-0.6675528285  
-0.9539284745  
-0.9936559549  
-1.268781013  
-1.048038471  
-1.15794097  
-1.219359996  
-1.212201243  
-1.27487783  
-1.08333381  
-0.8311516281  
-1.43455861  
-1.075381894  
-1.104866861  
-1.416980687  
-1.339585749  
-0.9014781368  
0.878394218  
0.5603668898  
-0.07424923585  
-0.2591174744  
-0.2624840729  
-0.2661410312  
-0.837778545  
-0.4379869915  
-0.4783687577  
-0.2190315454  
0.04394776567  
0.1907032354  
-0.1802359521  
-0.2176570583  
-0.1668889224  
-0.1384879686  
0.3644418952  
-0.06463223835  
0.2235540982  
-0.03137980512  
0.07526651818  
0.3292933768  
0.439428611  
0.7373747292  
0.8912851031  
0.3324018055  
0.5659114004  
0.7636142345  
1.008594818  
0.9695054089  
1.120844092  
1.09230927  
1.022048391  
0.9738857562  
1.120301566  
1.037514037  
0.9947395331  
1.03491897  
1.223102546  
1.341910698  
1.0463896  
0.9949156663  
1.422881437  
1.333473959  
1.452450859  
1.487455147  
0.849659981  
0.8175609444  
0.4806719863  
0.2844999483  
0.5095896754  
0.2555674435  
0.5138341368  
0.4020448785  
0.1547181913  
0.4563313615  
0.3084130187  
0.6189990643  
0.4606783358  
1.174510885  
0.8726490397  
1.028353416  
1.235105557  
1.131486348  
0.8599885991  
1.035978937  
0.6276307908  
0.5473680368  
0.7499735181  
0.4875491996  
0.6717658941  
0.6294248503  
0.3524125689  
0.4857941006  
0.6119901617  
0.6042317001  
0.1639902684  
0.3045036621  
0.1398676787  
-0.2472864035  
0.06251327082  
-0.1251983457  
-0.01273440506  
0.5207534133  
0.2594203556  
-0.311180471  
-0.4112045031  
0.1159952119  
0.3649720699  
0.09932919317  
0.5007753289  
0.4672657782  
0.1093892332  
-0.1962045772  
0.03464382249  
-0.2974351308  
-0.1635787494  
-0.08673839619  
-0.5843372577  
0.06224640781  
-0.02860921111  
0.1061726975  
0.005330685242  
0.1422393212  
0.3438743585  
-0.5785325334  
0.3182807146  
0.1324683386  
0.8890792105  
0.26419854  
0.8004169989  
0.6650198386  
0.1925608349  
0.4476009346  
0.3988986903  
0.4999970894  
0.2080310802  
0.2057870608  
-0.2817034226  
-0.6866165684  
-0.4587780148  
-0.6738175266  
-0.3968563139  
-0.3704911243  
0.09338013632  
-0.2450163867  
-0.9074472178  
-0.8313868172  
-0.4865321953  
-0.4200675285  
-0.1174728711  
-0.2630569659  
-0.4373780414  
-0.2678973153  
-0.09682027649  
-0.1029315682  
-0.2276988181  
-0.2514410512  
-1.02300736  
-0.7611167999  
-0.9809024324  
-1.136171787  
-0.9695820747  
-0.831379223  
-0.7436818801  
-0.8349122253  
-0.2393144026  
-0.0440203243  
0.468728937  
0.4919783941  
1.059812519  
0.9020681782  
0.160184784  
0.5449248607  
0.1585703677  
0.5421174723  
0.5374254669  
0.9053668558  
0.2983440387  
0.4028412374  
0.1447478246  
0.6317144143  
0.9760056544  
1.120693783  
1.136034543  
1.235045108  
0.7654467249  
0.2958106701  
0.9795441665  
1.612366817  
0.9700924788  
1.065169521  
0.7928056738  
0.1874969279  
0.3080354796  
0.6756900144  
1.505224458  
1.061809494  
1.423949232  
0.5680581033  
0.6068615417  
0.9594285778  
1.358430313  
0.9397494538  
1.319114079  
0.6836345068  
0.694706722  
0.8309296571  
1.214086747  
1.01229127  
1.090120505  
0.9075254677  
-0.04420025404  
0.4311792604  
0.1159614567  
0.09193178553  
0.2037364729  
-0.1955181255  
-0.3347348333  
-0.4796787508  
-0.8138500427  
-0.8061263175  
-0.7181350631  
-0.8110715078  
-1.186722699  
-0.8848852611  
-0.6376783254  
-0.4318590807  
0.1670335412  
0.3027942533  
-0.5317690722  
-0.262534617  
-0.2342548296  
0.006964094978  
-0.08156509257  
-0.1328602977  
-0.6598634985  
-0.213575061  
0.4460403601  
0.4013013851  
0.6445121469  
0.8593933701  
0.468299168  
0.8255339115  
1.118355489  
1.253904307  
0.7137055717  
0.66102278  
1.19190958  
0.5621588561  
0.6147049454  
0.396569769  
0.5595012706  
0.2495329652  
0.07822155938  
-0.05323217895  
-0.6133075986  
-0.3416837683  
-0.3190057377  
-0.5117051128  
-0.7048184179  
-0.8173991387  
-1.052860956  
-0.3400558595  
-0.1402140278  
-0.06316812687  
0.1466148005  
0.4462992884  
-0.03219991729  
0.3291250864  
0.6239577261  
0.2699348466  
0.3396949641  
-0.01011154252  
-0.2918545243  
-0.2429759731  
-0.1218268653  
-0.01422726869  
0.3050193889  
0.7771288878  
0.4397773673  
0.8581995939  
1.277676303  
0.9662298952  
0.9499265045  
0.8338841694  
0.1593538751  
-0.3537069827  
0.06894586923  
0.326848513  
0.2748061815  
0.2261862803  
0.338650239  
0.4387354136  
0.2880534519  
0.5331871369  
1.185283448  
1.331288923  
1.238024055  
0.7550151146  
0.1775439354  
-0.5434285611  
-0.8066915012  
-1.313049796  
-1.527461217  
-1.392218825  
-1.840943146  
-2.29345536  
-2.02568581  
-1.811806883  
-1.767541744  
-1.335228654  
-1.830959556  
-1.559960478  
-1.683271279  
-1.730762779  
-1.513283328  
-1.589645433  
-1.642901497  
-1.820721218  
-1.778002713  
-1.763930996  
-1.395743377  
-1.363956781  
-0.9708765368  
-1.414215351  
-1.320698389  
-0.990907116  
-0.7512739742  
-1.084463342  
-0.6500490033  
-0.5767147503  
-0.7583876504  
-0.546006649  
-0.5364068366  
-0.6583637341  
-0.3582899107  
-0.5445361465  
-0.71223275  
-0.4930970506  
-0.5316358035  
-0.7461442931  
-0.48873231  
-0.5001779731  
-1.003368589  
-0.9290772688  
-0.9103518936  
-0.6916476219  
-0.617720948  
-0.7340023294  
-0.7608652856  
-0.7524918319  
-0.6551365242  
-0.3844346183  
-0.3803290783  
-0.2834224745  
-0.7678707955  
-0.4199048671  
-0.4858268025  
-0.2579324605  
-0.3715323085  
-0.2020662727  
-0.7094098692  
-0.3655607816  
-0.4660904868  
-0.5103753879  
-0.2197931749  
0.04919021246  
-0.4592142631  
-0.03751419105  
-0.4794942745  
-0.06185149975  
-0.1969077101  
0.1745208131  
-0.2938942775  
-0.1819617712  
0.0676840489  
-0.02268941125  
-0.1508386715  
0.2630190526  
-0.1130683925  
0.2388403631  
-0.007406623935  
-0.0499415782  
-0.2257850598  
0.05503886988  
-0.1425347933  
-0.5601234171  
-0.4084178384  
-0.4433968151  
-0.8233227713  
-0.506753543  
-0.2548608444  
-0.7413581757  
-0.41755551  
-0.336419354  
-0.3551544807  
-0.1334199444  
-0.1874362432  
0.06895876961  
-0.3066011581  
0.1103944771  
0.1229111713  
0.2587401169  
0.4267988424  
0.2729680199  
0.4554185661  
0.193539278  
-0.5203331109  
-0.1814022211  
-0.7215070385  
-0.2671017213  
-0.5789708477  
0.1236231204  
-0.002218822562  
-0.1613870092  
0.01489459175  
0.05411523128  
0.3468578459  
0.5063760144  
0.6567726145  
1.263617074  
0.6642485324  
0.8964398252  
1.123908101  
1.195369718  
1.388795195  
1.77149796  
1.868080551  
1.444736214  
1.244492976  
1.648129353  
1.670206026  
1.835143064  
1.790276189  
1.348344743  
0.7437799277  
1.078835302  
1.127238516  
1.307001252  
0.9127926264  
1.251694239  
0.7450228905  
0.850452923  
0.7426006382  
1.092077838  
1.288113308  
1.216853129  
0.8200517803  
0.2182576473  
0.4992430915  
0.6930169942  
0.5904841338  
0.7075652629  
0.7164118816  
0.8757604409  
0.2136837724  
-0.08356868389  
-0.08232951945  
0.06788071932  
-0.1732056338  
-0.08166811229  
-0.4429893222  
-0.4001363181  
-0.2645498599  
-0.2222070336  
-0.3412578079  
0.1495089453  
-0.1402910394  
-0.0396843547  
0.0008210983531  
-0.3022986751  
-0.5465130712  
-0.4623877843  
-0.1483199411  
-0.8856342994  
-0.8431643423  
-0.5547583565  
-0.3539554564  
-0.3325196016  
0.02751042788  
0.3646213435  
0.231061108  
0.4814423559  
0.3389612663  
0.4764183778  
0.1946701474  
-0.1545034745  
-0.3571785367  
-0.8733051019  
-0.2136265466  
-0.6980628998  
-0.4944077612  
0.1577275752  
-0.07977985359  
0.2318232037  
0.01149494805  
-0.4028902075  
-0.1687510924  
0.5904413543  
0.7256555008  
0.9161863999  
0.6775237701  
0.2923665291  
-0.2068059472  
0.4069271137  
0.6916932612  
0.6308838007  
0.6400452596  
0.641175659  
0.2506643561  
0.05055923531  
0.673361659  
0.9980612249  
1.114340671  
1.37481622  
1.150841871  
0.7271489317  
0.4330897563  
-0.1480645021  
-0.4684273898  
-0.5354435052  
-1.562004523  
-1.90102654  
-1.649538784  
-1.953589722  
-1.500490982  
-1.516616244  
-1.897853909  
-2.172557715  
-1.64714635  
-1.033051522  
-0.8293287271  
-0.6826019071  
-0.6285285617  
-1.015090946  
-0.9391592934  
-1.090748445  
-0.9797294981  
-0.5673029556  
-0.458135084  
-0.9277737005  
-0.6769560099  
-0.8320105493  
-0.7771881274  
-0.9787694255  
-0.5055888933  
-1.297119518  
-1.2058734  
-0.8863643141  
-0.5577542815  
-0.6066470718  
-0.6175284767  
-1.013027899  
-0.7859553694  
-0.8044823208  
0.1925412733  
0.3197493254  
0.2773929533  
0.7871409649  
0.3451367539  
-0.05425935221  
0.3142139213  
0.1185668016  
0.0730765927  
-0.1412497541  
-0.3521891119  
-0.5123138602  
-0.6426075393  
-1.016383185  
-1.049676116  
-1.09453753  
-1.948475715  
-1.603934134  
-1.679471427  
-1.332325526  
-1.496650728  
-1.172865901  
-1.240552915  
-1.961036992  
-1.459303878  
-1.081235572  
-1.144307211  
-0.6919386625  
-0.4129697137  
0.1184391776  
-0.07980907335  
0.2468643529  
0.5156352059  
0.4749010484  
0.0005483124047  
0.559286011  
0.3836398506  
-0.3099134378  
-0.1655259687  
-0.2414949755  
-0.3099999342  
-0.2149146955  
0.1337303461  
-0.6918138237  
-0.7700278732  
-0.5653860498  
-0.5610480727  
-0.4819719567  
-0.6620692359  
-0.473380096  
-0.17727028  
-0.815543873  
-0.5780624094  
-0.05416597903  
0.3615685728  
0.3259745576  
0.9140520117  
0.7382284574  
0.1982749699  
0.3420154145  
0.8919884796  
0.4962636093  
0.9660606833  
0.5194241222  
