3.624498762  
2.097625219  
1.408916088  
0.909358792  
1.140953669  
0.6822369371  
0.7054768717  
0.5579647777  
0.7081063011  
0.6867914197  
0.7581269505  
0.3401001719  
0.6642556943  
0.3878280999  
0.5350488286  
0.3610287906  
0.1715377227  
-0.2192471493  
-0.5795647412  
-0.6467769495  
-0.7234586576  
-0.05315208751  
0.0818427278  
0.2212774674  
0.7053003213  
0.745508496  
1.254223247  
0.7023281484  
0.5811135362  
0.1608888618  
-0.03669903704  
0.09980024522  
0.2760278204  
-0.1919861062  
-0.0253196118  
-0.3973207436  
-0.1661060995  
0.2516999404  
-0.3448035621  
-0.2003954152  
0.07784851611  
0.006568911658  
0.3473956638  
0.1493864893  
0.2945721895  
-0.1947424568  
0.0631068751  
0.1228968563  
0.1437271586  
-0.1071357447  
0.1866732995  
-0.1910435814  
0.00472224589  
0.07540570418  
-0.07267011648  
-0.246224561  
-0.3385964414  
-0.08209037047  
0.08724519261  
0.3807766255  
0.1708132433  
0.4701551139  
0.3772773712  
0.5487290055  
0.8397998933  
0.4406987807  
0.3939985053  
0.0194341079  
0.2104902083  
0.3494017807  
0.05475993052  
0.3793018511  
0.01693818084  
-0.2658805106  
-0.578928703  
-0.4250565982  
-0.4630344047  
0.2426017721  
0.07876369964  
-0.2664035241  
-0.5232893525  
-0.520206658  
-0.7430138198  
-0.3130452124  
-0.4898647499  
-0.6253766527  
-0.553138348  
-0.6875064539  
-0.00194667448  
0.2327927493  
0.9932072909  
1.070880703  
0.5319336821  
0.4470448635  
0.5276597941  
0.2979014412  
0.7614106017  
0.3758876452  
-0.01529980379  
-0.01986633861  
0.05421712483  
0.100995169  
0.2110139925  
0.1431115256  
0.3553586076  
0.4166562182  
0.7697059561  
0.09567142213  
0.292203726  
0.3292576905  
0.8071127841  
0.7017098702  
0.8796734592  
1.169700319  
0.7900084637  
0.5052923201  
0.8835387611  
0.4755351061  
1.062016647  
1.200939502  
0.7859395112  
0.7313647562  
0.5434848567  
0.6266653323  
1.079465532  
1.303348508  
1.015778074  
0.8867440795  
1.06669355  
1.136808672  
1.961810598  
1.71341296  
1.346088995  
1.139676517  
0.9959744351  
1.19139158  
1.164803194  
0.8321758383  
-0.07217904747  
0.1799229951  
0.02241715782  
-0.05530721321  
0.696953208  
0.6516858223  
0.5912992638  
0.9432313005  
1.014085116  
1.174865571  
1.732786953  
1.349687587  
1.144738182  
1.052086299  
0.7060515211  
1.053192449  
1.017360916  
1.085578836  
1.007027635  
0.8418464026  
1.15227331  
1.295988204  
1.769953991  
2.284434481  
1.040236303  
1.12029156  
0.5461303905  
0.1607772492  
-0.2678202333  
-0.4562415995  
-0.5109720723  
-0.7256566081  
-1.091062951  
-0.6110958886  
-0.4323261538  
-0.1560418131  
-0.3210013053  
0.5876656941  
0.1090892815  
0.1229880957  
-0.2612544685  
-0.07755505744  
0.05132213844  
0.3170337502  
-0.1868440249  
-0.2381305663  
-0.1686807663  
-0.005029550814  
-0.1354940021  
0.1219974254  
0.1359718919  
-0.4431937842  
-0.6549684452  
-0.6133128143  
0.02023636858  
-0.1283010927  
0.4602743653  
-0.127439468  
-0.07941592223  
-0.08120135751  
-0.211529915  
-0.4411584748  
-0.497626161  
0.2179839678  
0.7804566652  
0.359677606  
0.478032553  
0.8060927011  
1.068970915  
0.9920297849  
1.145797647  
1.368524141  
0.785250135  
0.6230930332  
-0.2003795173  
-0.451089495  
0.2889219836  
0.4259729815  
-0.2075937241  
0.180493341  
0.09861957951  
0.5515061877  
0.9246361534  
0.4155978677  
0.6439269242  
0.8137254677  
0.6663430013  
0.7928919144  
0.4220624048  
1.07866678  
0.7110106746  
1.067162134  
1.160761785  
1.255151648  
1.59202871  
2.013799667  
1.49902904  
1.518222022  
1.621633624  
1.501250784  
1.984279173  
1.70646733  
1.41871497  
1.599458876  
0.9847618117  
0.9230850228  
1.272057664  
0.5129583612  
0.4354611188  
0.478745565  
0.07795685437  
-0.08757189062  
-0.2601398246  
-0.9493155766  
-0.6405906532  
-0.8525266684  
-0.3925411408  
0.04376597327  
0.1265134058  
0.8863350885  
-0.01086070739  
0.447960581  
0.01829782598  
0.5153669  
0.5084176676  
0.7412362939  
0.5346406346  
-0.07022464108  
0.05356393675  
-0.2738719241  
-0.004618200165  
0.3833688641  
0.1814794062  
-0.3624119915  
-0.1652310429  
-0.3138170258  
-0.08782997087  
0.1322073527  
0.5133936807  
0.2450244044  
0.2992646479  
0.3980440226  
0.4177259168  
0.5187924737  
0.6178439311  
0.851940773  
0.4926711459  
-0.1296245262  
0.03349339961  
-0.74773843  
-0.3525493772  
-0.8160890644  
-0.3447677756  
-0.5216051174  
-0.6678366326  
-0.4202813948  
-0.6562998887  
-0.3468008137  
0.1855770271  
-0.353278493  
-0.03932848412  
0.07964337741  
0.04839825125  
0.2871072881  
0.7827535911  
0.3345808462  
0.4939693591  
0.4072701488  
0.2303547055  
0.2217804536  
0.7500231781  
-0.08930425321  
-0.03356858704  
-0.2627471216  
-0.1554340949  
-0.002925508493  
0.4966173649  
0.2430739918  
-0.2487594103  
-0.007854187665  
-0.5173729178  
-0.1258098847  
-0.5477529213  
0.1230449989  
0.1271240537  
-0.5614259745  
-0.2233031143  
-0.07361003488  
0.5203262903  
0.3242902577  
1.156037567  
0.5522884793  
0.9310639459  
0.7426545257  
0.6070932613  
0.7720238363  
0.2741054222  
0.2025101125  
0.7706218595  
0.2033242203  
-0.1113198998  
-0.09315840115  
0.1345776335  
0.5778021617  
1.049784849  
0.7210109068  
0.7740995736  
0.686222074  
0.466994083  
1.003279422  
0.8497253129  
0.01872156933  
0.1954255467  
-0.2079757882  
-0.6051059025  
-0.8981212105  
-0.957399465  
-0.8112246866  
-0.942082111  
-0.8548945147  
0.01442840254  
-0.5690233248  
-0.4572610584  
0.1305864092  
0.2003928809  
0.3271501247  
0.7637829667  
0.1967267127  
0.9058674747  
0.823022061  
0.4079778911  
0.2931978497  
0.2084997605  
-0.1620542684  
0.3365670988  
-0.01862401181  
-0.7177395914  
-0.3122772429  
-0.4896346381  
-0.9013388066  
-0.1873045726  
0.09367868942  
-0.6859125121  
-0.2087017271  
-0.3702428774  
0.1702021878  
-0.2446178073  
-0.07542742085  
-0.1198844681  
-0.7633269764  
-0.6080242702  
-0.5521556718  
-0.7496973293  
-0.6525651031  
-0.485724368  
-1.409395997  
-1.331863483  
-1.075412315  
-1.499993451  
-1.018181885  
-0.8063755778  
-0.7893457513  
-0.73995443  
-1.10340832  
-0.7669248763  
-1.071266383  
-0.8327487807  
-0.1822875463  
-0.4989283467  
-0.4367156749  
-0.2080437222  
-0.1918255193  
-0.3260894327  
-0.4624875145  
0.01235911356  
-0.2138587208  
-0.6510057628  
-0.5184944459  
-0.4875717656  
-0.6919175445  
-0.3709793496  
-0.5107380718  
-0.8090213726  
-0.2361051693  
-0.1134966885  
-0.08082515055  
0.7114416145  
0.671885709  
0.1812654996  
0.8530550046  
0.4125310102  
0.29481423  
0.4349593574  
0.1901084677  
-0.1331949351  
-0.4384314999  
-0.2300056939  
-0.4628674853  
0.01690483474  
-0.2066000132  
-0.1302928405  
-0.1472807157  
-0.3999568299  
-0.4029455109  
-0.07156653392  
-0.06659900003  
-0.5988576484  
-0.2396292127  
-0.5629117127  
-0.3576488022  
-0.3819295933  
-0.1451772457  
-0.5623267015  
-1.262784189  
-0.719455122  
-1.094737028  
-0.7381208632  
-0.9994917429  
-0.7673698624  
-0.1751019027  
-0.387137881  
-0.488399095  
-0.193527  
0.08094101357  
0.09601464823  
0.4871080436  
-0.2634561528  
-0.2497850154  
-0.5490771434  
-0.8114977204  
-1.106204596  
-1.093004775  
-0.5063084957  
-1.398938746  
-1.317023971  
-0.8722004322  
-1.107236152  
-0.1914780255  
-0.5950314801  
-0.5487059169  
-0.903252137  
-1.065886151  
-1.146652367  
-0.893982341  
-1.609029272  
-1.707947513  
-1.651140345  
-2.144914812  
-1.787887181  
-1.515074924  
-1.952369738  
-1.707186671  
-1.689307318  
-1.912080482  
-1.398835616  
-1.386459067  
-1.811116055  
-1.90275276  
-2.10038426  
-2.272881814  
-2.28370555  
-0.9284271024  
-1.635874003  
-1.815094496  
-1.623200405  
-1.173538114  
-0.9498176593  
-0.002472053541  
-0.2029226335  
0.1029313096  
-0.1192288989  
-0.2533409136  
-0.55819042  
-0.09888804804  
-0.8491980458  
-1.131370662  
-0.6035920871  
-0.7103372659  
-0.8851789463  
-0.8975613437  
-0.3890800671  
-0.009196893027  
-0.923526589  
-0.2996973606  
-0.3256306869  
-0.08905810221  
-0.3180225421  
0.2941081577  
0.3538475236  
-0.9479792925  
-0.3707997542  
-1.051458797  
-0.6650797679  
-0.2909156252  
-0.9395204249  
-0.9466758203  
-1.128982084  
-1.43960876  
-0.7130285926  
-0.5791735119  
-1.191477559  
-0.7822194386  
-0.6804581851  
-0.5043291535  
-0.6318642379  
0.1424126222  
0.230795658  
-0.3300472667  
0.2610237012  
0.1080965618  
0.5404982355  
0.5492353421  
1.033386454  
0.7883500202  
0.8817786384  
0.9959111797  
0.7832063324  
0.876113205  
0.9834423872  
0.07564244331  
-0.150371031  
0.248203612  
0.09432326261  
-0.03651939556  
-0.09381026902  
-0.5731489403  
0.2522597474  
-0.04263896667  
-0.4429871886  
0.02992166355  
0.4113068733  
0.319951996  
0.2697154553  
0.1142062798  
-0.5811254876  
-0.2137362825  
-0.5676379398  
-1.11073075  
-0.5652220349  
-0.9689709277  
-1.198219545  
-0.3444979866  
-0.8781232069  
-1.026992056  
-0.6730866347  
-1.136561742  
-0.970438495  
-0.9149527893  
-1.125546578  
-0.8498832828  
-0.7295501605  
-1.157776293  
-1.000572467  
-0.8012339385  
-0.6266987538  
-0.217336932  
-0.4376524618  
-1.10660571  
-0.575605874  
-0.8557933145  
-0.7700749806  
-0.8128627928  
2.872236069  
1.413280098  
0.7123193357  
-0.4241678384  
-0.7274461618  
-0.659558612  
-0.8888092105  
-1.268570061  
-0.8694059162  
-0.4909446834  
0.005178252449  
0.08214137357  
-0.001330106233  
-0.3633171149  
-0.0873571171  
-0.318114876  
-0.2020257844  
-0.3024074931  
-0.5300244847  
-0.6589428407  
-1.321905235  
-1.391356434  
-1.467750935  
-1.096040761  
-0.5485095108  
-0.8116943043  
-0.5638415631  
-0.4904574186  
-0.1607158891  
-0.4168553884  
-0.1385924432  
0.1124815589  
-0.2794440581  
-0.8155037045  
-0.5336829397  
-0.4236698505  
-0.2358726775  
0.1420165311  
0.6312587672  
0.2745024812  
0.2308846718  
0.200635138  
0.5374784115  
0.72152538  
0.7837660801  
0.9126526819  
0.08132571531  
-0.2241776994  
-0.1639193628  
-0.02534076888  
0.04786004331  
-0.02756051581  
-0.05402282761  
-0.2376478181  
-0.6876154183  
-0.7356700649  
-0.6453922064  
-0.3329612486  
-0.007922520026  
0.6190022704  
0.4614336787  
0.2864117693  
0.460908812  
0.7898690373  
0.2635230263  
0.6678769214  
0.4071456834  
0.2056742149  
-0.1359826555  
-0.169220561  
-0.04256229194  
0.2607675436  
0.2944141929  
-0.333337973  
-0.4171708986  
-0.2624048329  
-0.5617272498  
-0.1813081706  
-0.3880027705  
-0.7810638098  
-0.5163329225  
-0.3008074922  
0.2843177248  
-0.04988236896  
0.5109147446  
0.1233843426  
-0.03829535291  
-0.03065004983  
0.3838865614  
0.3027126694  
0.8534626256  
0.64864129  
-0.1161935844  
-0.09991947873  
-0.3074080403  
-0.06641180495  
-0.1848091095  
0.04642385832  
-0.2493356834  
0.06864080323  
-0.122042763  
-0.1609912723  
-0.2832744997  
-0.09209801835  
-0.3175726843  
-0.7352397458  
-0.5269179213  
-0.1462604257  
0.2050195001  
0.6441336142  
0.4785509466  
0.5254552574  
0.08038000717  
0.116460911  
0.3975675542  
0.4681807728  
0.08943094112  
0.0489811498  
-0.2868074094  
-0.6637249283  
-0.761528959  
-0.7370664511  
-0.3009074661  
-0.3796016589  
0.2003824606  
0.2231011239  
0.03716078679  
-0.03077514331  
-0.3146633506  
-0.135316833  
0.407763425  
0.1748442086  
0.08457166476  
-0.0240248892  
-0.06157807525  
-0.3485885926  
-0.7232283992  
-0.7431522488  
-1.07727777  
-0.6564230617  
-0.3668760995  
-0.3574141478  
-0.4110661827  
0.1089162808  
0.1160585118  
-0.1303278848  
0.01394318612  
-0.07862818716  
0.03629688527  
0.195461011  
0.4322147673  
0.1581350225  
-0.1792394921  
-0.07288732793  
-0.01694243807  
0.04184242867  
-0.1448555061  
0.4919715552  
-0.1321843446  
0.07278959194  
-0.5875231889  
-0.7105429035  
-0.3517358597  
-0.1196447819  
0.06209369454  
0.4968659559  
0.2353021414  
0.004773349119  
0.3962679672  
0.5738243274  
0.9350276509  
0.3110830075  
0.577044934  
0.2934158399  
-0.01358248481  
-0.1001834698  
0.8915316635  
0.572497179  
0.4997879302  
0.3409701501  
0.3727333989  
0.2243367637  
0.6334723173  
0.818522172  
1.036782224  
1.010972683  
0.5644358818  
0.5991649195  
0.8864038251  
0.8425466  
0.9119370413  
0.2880206936  
-0.5470546758  
-0.7150444546  
-0.7755079774  
-0.8750979345  
-0.7913132574  
-1.147410969  
-1.010659699  
-0.7693905523  
-0.8732779581  
-0.7869840199  
-0.2686014692  
-0.7691342608  
-1.391096326  
-1.297541413  
-1.310012656  
-0.9398422609  
-0.2150161715  
-0.6049843486  
-0.2181307016  
-0.363343327  
0.2052226503  
0.1186546506  
0.0008060523567  
0.2534995297  
-0.2806901337  
-0.4597678899  
0.09080661565  
-0.002147789067  
-0.06990923704  
0.4266600574  
-0.1750982347  
0.08697597032  
0.5043175942  
0.9336166849  
0.7243751464  
0.7859945766  
0.7549270934  
0.1036342593  
0.1389095372  
-0.243574842  
0.3783469925  
-0.3244603383  
-0.0877562167  
-0.955521157  
-0.991792006  
-0.7162201276  
-0.7737882065  
-0.7577788631  
-1.015515826  
-0.6549430032  
-0.5768752432  
-0.07319743879  
-0.04502323192  
0.3293172967  
0.6262141817  
1.045375469  
0.6334073254  
1.1794799  
1.339224267  
1.566759079  
1.674441007  
1.44656254  
1.372102604  
0.9358245581  
0.9187296661  
1.080270878  
0.7614496787  
0.9361603145  
0.388796378  
0.3920046751  
0.08138878728  
0.1003303845  
-0.03188980071  
-0.02233008667  
-0.2821957924  
-0.7539183059  
-0.6036550609  
0.5685941144  
0.9785340938  
0.4199952387  
0.5424368483  
0.5658960327  
0.552662685  
0.6156232725  
0.8833965052  
1.360321175  
1.757029044  
1.585361806  
1.542797136  
1.019694689  
0.9165678171  
0.5207795158  
0.6659838069  
0.6397108816  
0.04475864903  
-0.3007687099  
-0.3035650389  
-0.2956338951  
-0.4197765529  
-0.231470567  
-0.4432454082  
-0.5476616992  
-0.6515281917  
-0.2794451915  
-0.2707807738  
-0.3724724873  
0.3579965281  
-0.3930333043  
-0.6333636496  
-0.4817993432  
-0.3918758279  
-0.1302657556  
0.3338070138  
0.2070363246  
0.2405825598  
-0.0435105831  
0.623189476  
1.098297151  
1.0981946  
1.457056688  
0.6494928816  
0.4202893894  
0.6951280529  
0.6222766073  
0.5676206585  
0.5031048564  
-0.08596616351  
-0.160398953  
0.07188743798  
0.2525590231  
0.8421346931  
1.281975415  
0.6715292783  
0.6326945987  
0.8844486723  
0.5962342199  
1.027108129  
0.6902760352  
0.4264293701  
0.1814095031  
0.6733661781  
0.9742173746  
1.078404256  
1.278785361  
0.5704473521  
-0.02383022497  
0.07384890458  
0.2954210863  
-0.1800285315  
0.4658716934  
-0.3311465783  
-0.4014588845  
-0.1635896096  
0.04464376449  
0.3827772155  
0.6121558312  
0.1523953598  
0.5168813713  
0.4888007949  
0.9394041139  
0.916427694  
1.158974921  
0.7517435481  
0.7393981773  
0.4213634237  
0.2493556486  
0.2927077169  
0.3265332154  
-0.1920903359  
-0.3583289974  
-0.413336364  
-0.01609721012  
0.1543247568  
0.6928378929  
0.5341794307  
0.06623239884  
-0.1755244758  
0.3381262606  
0.3388828263  
0.5779326408  
0.6475199848  
-0.2463286252  
-0.09968335435  
-0.2285947046  
-0.4078504237  
-0.4276712378  
0.03497785194  
0.2450329106  
-0.1988227944  
-0.2581468159  
0.07665054838  
0.3848299858  
0.6412088946  
0.8802044917  
1.024639617  
0.8938689178  
0.4119208008  
0.246502138  
0.4630514683  
0.2730562073  
0.5887020246  
1.052511702  
0.6681953466  
0.5694956231  
0.7383408956  
0.8052050668  
0.9728357437  
0.7366736886  
0.9774327671  
0.9493810952  
-0.08553721801  
-0.1979478956  
-0.1413116481  
0.1509664799  
0.02097635972  
0.1488895549  
0.3276856751  
-0.1212365133  
-0.07658119467  
0.144393232  
0.2341359589  
0.4063405568  
0.8713544867  
0.7577876932  
0.5002381326  
1.220434086  
1.375916006  
1.288227753  
1.634297017  
1.362014252  
0.9629742839  
0.4646791983  
0.8534147152  
0.496603425  
0.5996180607  
0.3846116635  
0.2188641123  
-0.5301953836  
-0.3846663082  
-0.2007130838  
0.006923302181  
0.08037478049  
0.3377202145  
0.06419394374  
-0.5002164502  
-0.315600509  
-0.3084191016  
-0.1553054656  
-0.1522042153  
-0.1128542322  
-0.699037359  
-0.4472798201  
-0.3758788853  
-0.343975457  
0.01613495486  
0.1994090917  
-0.2415266271  
-0.04919656456  
-0.0334055141  
-0.3227132109  
-0.9193225402  
-0.928331812  
-1.1042698  
-1.733013557  
-1.402449345  
-1.365417626  
-0.8106429526  
-1.021358992  
-0.4389322854  
-0.5238993493  
-0.8684679664  
-0.8751380627  
-0.6339090798  
-0.1652030594  
-0.2627735691  
-0.3334461418  
-0.5464436489  
-0.8033966368  
-0.9541972356  
-0.6047708509  
-0.2126120054  
-0.09460387459  
0.1961290048  
-0.05935811377  
-0.280835263  
-0.4650152693  
-0.3853903973  
0.306554196  
0.8723402206  
0.8157472667  
0.5609244117  
0.9709164624  
0.358742415  
0.7698683268  
1.215724618  
1.453534258  
0.9010205341  
1.103737043  
0.3702843467  
0.3539837427  
0.7080395108  
1.140712541  
1.236559108  
1.463791393  
1.03600281  
0.7128402246  
0.4247598473  
0.1996381504  
0.1222797404  
-0.4787979724  
-0.8136236583  
-1.330008691  
-0.5940501521  
-0.3269666367  
-0.6875563157  
-0.5880389943  
-0.6801936926  
-1.062008533  
-0.5162957101  
-0.2853304403  
0.04585935562  
-0.0515548929  
-0.2384877963  
-0.2046664838  
-0.2611423828  
0.07619476285  
-0.06850160919  
-0.08499344648  
-0.2946668322  
-0.3982381032  
-0.2669065727  
-0.3745160329  
-0.3462117315  
-0.5809733246  
-0.8027153273  
-1.294910519  
-0.8653017247  
-1.122790646  
-0.5656779172  
-0.6318571899  
-1.126948753  
-1.341200048  
-1.187471625  
-0.7398561378  
-0.1916213218  
-0.2140809374  
0.1363709427  
0.02537415697  
-0.4567676537  
-0.6817035002  
-0.385865024  
-0.690190591  
-0.4303344666  
-0.8495083741  
-1.320301277  
-0.790035988  
-1.08113188  
-0.8544178245  
-0.9015675177  
-0.9903411717  
-1.217062302  
-1.325730125  
-1.201893768  
-0.7632194605  
-0.4979108226  
-0.5385698452  
-0.9237979709  
-1.165647664  
-1.226899309  
-1.492068837  
-0.4113464482  
-0.5408709669  
-0.6060025994  
-0.7984573676  
-0.8263477081  
-0.7124532987  
-0.807412133  
-0.706864748  
-0.325062662  
-0.6591367601  
-1.041935773  
-0.8799032324  
-0.8317095054  
-0.4519827365  
-0.4492926195  
-0.1358751614  
-0.1992397108  
-0.375390276  
-0.4577766557  
-0.2521482399  
0.03356358025  
0.3772366192  
0.2305072386  
-0.3998502106  
-0.544221866  
-1.229310015  
-1.492239913  
-0.9234129389  
-0.4492156072  
-0.3300683671  
-0.1157037108  
-0.4520687134  
-0.1375296156  
0.1239296022  
0.2075398554  
0.6352773856  
0.5517020091  
0.8141793313  
