0.960033986  
0.2886742558  
0.1114408067  
0.1112645491  
0.2433328193  
0.07289581385  
-0.05048505992  
-0.3379610098  
-0.5027877837  
-0.3492505958  
0.1954070248  
-0.07459925191  
-0.1740431486  
0.225679134  
-0.04572441333  
-0.05257596823  
0.03863154908  
0.3849222049  
0.06153812793  
-0.1774879271  
-0.2446509102  
0.03036411412  
0.05836550754  
0.1344508617  
0.133244146  
0.4521196828  
0.7952408255  
0.9152135381  
0.7728162285  
0.6320996609  
0.2297345521  
-0.0935290689  
-0.3195505369  
-0.1479315046  
-0.5591527407  
-0.6396633628  
-0.4597195379  
-0.07637895016  
-0.2838934853  
-0.7496062938  
-0.3414185236  
-0.4910660969  
-0.06749983097  
0.1218623815  
0.02033343915  
-0.284486598  
-0.1424608087  
0.2061233966  
-0.09926049939  
-0.469174692  
0.09675579123  
-0.0869685558  
-0.3607303087  
-0.2175896901  
-0.08318773869  
-0.4798746552  
-0.3038593729  
-0.5826505825  
-0.2019972311  
0.6907354695  
0.4970515569  
-0.01974722601  
0.3352004592  
0.548632252  
-0.6118167265  
-0.03586720312  
-0.7198600942  
-0.7129604968  
-0.8589836782  
-0.8105640702  
-0.7757181713  
-1.053609298  
-0.56053339  
-0.6844539287  
-0.7414474585  
-0.08823922009  
0.3775720213  
0.3399536289  
0.8777395057  
0.1925933505  
-0.1971868382  
-0.03165509395  
-0.5086460161  
-0.4073646667  
-0.210756453  
-0.06307863474  
-0.09769311475  
-0.1450366552  
-0.2961245461  
-0.3613981385  
0.4981006268  
-0.04479237257  
-0.4485617013  
-0.3580257343  
-0.4252831825  
-0.3019144258  
-0.0396854278  
0.2632507507  
0.3528601422  
-0.3886964909  
-0.1177678053  
-0.4581485238  
-0.2242240124  
0.5068833408  
0.2653327969  
0.4063439459  
0.03157478205  
-0.06594791056  
0.6169033143  
0.7146842908  
0.8632824999  
0.6145948921  
1.034269761  
0.3964462201  
0.3456569589  
0.5644550081  
0.1119771435  
0.2653769129  
0.2894344587  
0.4586336358  
0.4103624381  
-0.2702322434  
0.2443487609  
-0.3025350007  
-0.1415221415  
-0.2122983035  
-0.05044456573  
-0.3534506363  
-0.5029918662  
0.001742742198  
0.2955117626  
0.6651569167  
0.2912206065  
-0.2104776935  
-0.06468526275  
0.09367747041  
-0.2075363929  
-0.05143049877  
-0.2753382777  
-0.0719413919  
-0.05703902415  
-0.04930186142  
0.568225043  
0.0002804489616  
0.7338004307  
-0.07273414093  
-0.2663049207  
0.3221236977  
0.7834252486  
0.1909708606  
0.5738668304  
-0.02794417086  
0.2269804274  
0.01353590182  
0.4669573136  
0.5256564089  
0.4057260146  
0.1332444684  
0.8029918256  
1.253171766  
1.062073018  
0.9810191829  
0.6557988433  
0.8112332753  
0.1345151661  
-0.1401540059  
-0.4931711773  
-0.714460809  
-0.5723303541  
0.1150365412  
-0.1800633317  
-0.4668420945  
-0.1634833849  
0.003543299957  
0.3285504709  
0.5537982874  
0.04073100363  
0.1101760672  
0.5914171468  
-0.2009605806  
-0.04506381024  
-0.08267592201  
-0.02620797707  
-0.9337883046  
-0.5126006708  
-0.2129976452  
-0.2789032333  
0.1558127636  
0.3604901997  
0.1819967618  
0.1995513262  
0.3537354401  
0.002062328414  
0.6686425127  
0.04681165638  
0.1882861224  
-0.2116173471  
-0.3745141853  
-0.1878497892  
-0.06691075203  
-0.06058148067  
-0.03379183146  
0.8096354262  
0.3452738198  
0.4404542722  
0.6081718372  
0.4485071158  
0.3284190159  
0.8847122832  
0.5117295598  
0.8158312159  
0.2077639484  
0.3897033728  
0.03320012922  
-0.1216618591  
0.3622363251  
0.3011638631  
-0.07332048263  
-0.01338054233  
0.1361812821  
-0.04468479059  
0.6230818484  
0.2458573305  
0.5133812274  
0.6035487767  
0.266927811  
0.5641486295  
0.4342752054  
0.2153993479  
0.01051196304  
0.03935669303  
0.2493312848  
0.3835568775  
0.3411915031  
0.265326574  
0.1544824604  
0.1666589008  
0.2612655595  
0.6061548796  
0.5413907764  
0.3038680246  
0.3340348357  
0.06607222538  
-0.2899068285  
0.2614854329  
-0.3791879817  
-0.3444311456  
-0.9565727492  
-1.243184814  
-0.5753462216  
-0.1489147133  
-0.5011530392  
-0.1344417432  
-0.3042969663  
-0.2247880901  
0.02782807573  
0.06343497019  
0.3754210767  
-0.09980813802  
-0.1844521  
0.07725476996  
-0.1356805892  
-0.04063106351  
0.1253640838  
-0.3166951374  
-0.2544850457  
-0.3641055303  
-0.07957106108  
-0.698659277  
0.01444133079  
0.09645792375  
-0.525094254  
-0.5872951571  
-0.6153633836  
-0.1046699117  
0.4827783068  
0.5164478207  
0.1403537578  
0.08759693486  
-0.3609939744  
0.199034633  
0.1998376365  
-0.2246448427  
0.3403728843  
0.7970795822  
0.05989661976  
-0.1028934074  
-0.3019095821  
-0.2293468175  
-0.04777435602  
0.1830345952  
0.0709172069  
-0.070428309  
0.2018241362  
-0.08404449104  
0.8975898846  
1.112268484  
0.565678773  
0.9144455903  
1.183310927  
0.8610034752  
1.182899689  
1.344830198  
0.8615272903  
0.2351337956  
-0.3001461905  
-0.3112501966  
-0.3456890312  
-0.04176862397  
-0.3425766703  
-0.368916651  
-0.1137276407  
0.01228552667  
0.02209666273  
0.06967455647  
-0.4528648766  
0.2669288298  
-0.5354960352  
-0.3693254808  
-0.571163795  
-0.7034915527  
0.03534048242  
0.09946450198  
-0.3913140986  
-0.2966482457  
-0.877980299  
-0.4284365199  
-0.1137584062  
0.4013360957  
0.1754051529  
0.2119409787  
-0.03293124901  
-0.06509909661  
0.4602844872  
-0.1839964775  
0.1338339846  
0.6296023689  
0.572900338  
0.9072088777  
0.1148577378  
0.5420195984  
1.069517937  
0.7492370218  
1.073917914  
0.2430535709  
0.119404628  
0.1560126865  
-0.09043379247  
-0.09306654576  
-0.04765981091  
-0.2033567545  
-0.4687306327  
-0.09258252516  
-0.4035972854  
0.1824137082  
-0.4849232268  
-0.6218797387  
-0.09533346196  
-0.5047934333  
-0.5889423578  
-0.3849441079  
-0.3797700625  
0.03370468029  
-0.2185327531  
0.2283705066  
0.2045997266  
-0.04293865351  
0.7725599446  
0.1909698921  
-0.2273804827  
-0.1047333173  
-0.5644584559  
-0.2712099634  
0.1689090004  
-0.6598435526  
-0.390245336  
-0.433062806  
0.05406884649  
0.2606524851  
0.4212408116  
-0.1640565431  
-0.5358658632  
0.3285587947  
0.03052250898  
-0.2570262814  
-0.2870917903  
0.04996204263  
-0.3438981337  
-1.120743555  
-0.6611943377  
-0.534316667  
0.0349614981  
0.2632506164  
-0.4079853422  
0.2311149939  
0.3242575903  
-0.2200679283  
-0.04781642658  
-0.5009021491  
0.07552730154  
-0.163969321  
-0.9306086083  
-0.5227310399  
-0.8050299161  
-0.4327210172  
-0.1620638969  
0.03588627871  
0.02729223452  
-0.2003490673  
0.3573265512  
0.4369965813  
-0.1120987158  
0.4012667509  
-0.003121216346  
0.01330854446  
0.04368947277  
-0.1277096328  
0.2234298418  
-0.1292646837  
-0.3156598866  
-0.001510633753  
-0.5350074992  
-0.3187644484  
-0.4183978402  
-0.2469265861  
-0.2650720359  
-0.1064087011  
-0.03545970234  
-0.05753224231  
-0.4364800977  
-0.04267685653  
0.05724099517  
0.1995212772  
-0.1973808172  
-0.2243108054  
0.03503149121  
-0.05047475586  
0.2464979234  
-0.3478264538  
-0.06005448298  
-0.5252914869  
-0.08480566664  
-0.08828045322  
0.6425927414  
-0.0671229446  
-0.09092540831  
0.2051138307  
0.5882320534  
-0.03951144021  
-0.2569095929  
0.1289370348  
0.0002617893575  
-0.6157716079  
-0.9064123821  
-0.5769272392  
-0.5130196324  
-0.1678691709  
0.4161834752  
-0.007336219461  
-0.04322608783  
-0.1281052031  
0.3922037281  
0.01908279463  
0.3210257019  
0.2219539729  
0.01968486542  
-0.1800052842  
-0.2168914373  
-0.2501755499  
-0.09563255104  
0.06823707288  
-0.1220604543  
-0.3598354587  
-0.461276703  
0.09415151577  
0.06878584156  
0.5185864513  
0.1319762244  
0.08042091896  
0.2045160995  
0.5341392156  
0.4351220509  
0.1418583477  
-0.1634642126  
-0.4943501259  
-0.2937760801  
-0.5602741714  
0.101017608  
-0.006252737326  
-0.4200994908  
-0.3433278672  
-0.05135493691  
-0.5015483211  
0.4295724019  
0.003247496764  
0.0492371681  
-0.6086076694  
-0.3284642979  
-0.6727170669  
0.3570717604  
-0.376172374  
-0.7660165143  
-0.7953971121  
0.05937258545  
0.3397182546  
0.8327923636  
1.175104518  
0.9259927166  
0.4782395786  
0.5869099593  
0.3269024204  
0.9669928317  
0.02892080206  
0.2724207121  
-0.2181090782  
-0.4303054437  
-0.4918788979  
-0.260591288  
-0.5033597304  
-0.2333395957  
-0.2137498015  
-0.3780766003  
-0.4385008812  
0.4556531865  
0.1207583791  
0.662974152  
0.599967496  
0.4720264736  
0.675566293  
1.138683167  
0.7630041095  
0.6180706264  
0.373604985  
0.4310226112  
0.05031730446  
-0.1520543214  
-0.2176796163  
0.1013373144  
-0.6618763609  
-0.4399125261  
-0.4484034751  
-0.3957696424  
-0.5047833235  
0.556029288  
-0.00993071195  
-0.2537835042  
-0.3436298269  
-0.2488778179  
-0.4236278611  
-0.7594651271  
-0.01493512214  
-0.03972096997  
-0.1024423437  
-0.04205901653  
-0.4592138596  
-0.7275123674  
-0.4426504083  
-0.479610798  
-0.62005048  
-0.6562279707  
-0.5765784902  
-0.6128089974  
-0.6755840272  
-0.9647439523  
-0.2154118384  
-0.1420820748  
-0.4166746818  
-0.1022792097  
-0.1910596182  
-0.624161157  
-0.2614606955  
0.0307225539  
-0.06596382047  
0.2688767021  
0.1622869863  
0.1074425305  
0.6225637163  
1.200647169  
0.7142388622  
0.8229876117  
0.2995179636  
-0.06217147119  
-0.001218599915  
-0.1584877199  
-0.179620322  
-0.3903072498  
-0.2931661851  
-0.3398011837  
-0.04463818509  
-0.03269400393  
0.002994732376  
-0.05256993871  
-0.5229644568  
-0.3442093592  
0.2289342584  
-0.1225427666  
-0.1394110405  
-0.3230636795  
-0.5340130699  
-0.1605151116  
0.9105431361  
0.7325639723  
0.5768611167  
0.2892453827  
0.0001665228538  
0.3773410807  
0.008383112408  
0.3150276355  
0.239174459  
0.4505815839  
0.566092617  
0.7873299022  
0.5756594138  
0.760247715  
0.9191250565  
0.09880424589  
0.4991328686  
-0.1255017397  
0.8701466446  
0.436026385  
-0.05605382383  
0.03048960061  
-0.044164887  
-0.2445508459  
0.9671153027  
0.2482080557  
0.6283178263  
0.3555740366  
0.4169268845  
0.007674468077  
0.2096905406  
0.5507936908  
0.6495599444  
-0.1276446718  
0.1760532127  
0.6042956198  
0.3736898694  
0.3122725928  
0.8621218996  
0.4094180138  
0.1509409149  
0.2970613305  
0.3570720447  
0.4568768024  
0.2437616785  
0.4802168018  
0.2803927256  
-0.09751351591  
0.2330851667  
-0.1879606658  
0.4051639108  
-0.3565900248  
0.3880977762  
0.1831664866  
-0.6195310248  
-0.01429507623  
0.1591047658  
0.1482713728  
0.05532780088  
0.9262927306  
0.8424168056  
0.6914892759  
0.9418843251  
0.4100601021  
0.5422579038  
0.9278440983  
0.4133929648  
-0.3201510894  
-0.08657978012  
-0.3219574714  
-0.02667165864  
0.335794231  
0.07237124178  
0.1515839305  
0.4225831125  
0.7026437773  
0.252854945  
0.4020746426  
0.5401085986  
-0.3507517916  
0.481294872  
-0.1591503567  
0.03846558345  
-0.135243646  
0.2690886735  
-0.1280223726  
-0.5592120335  
-0.4453695211  
-0.4124220448  
-0.4631166825  
0.3075546222  
0.532656431  
-0.2040809318  
-0.1326523275  
0.09537078915  
-0.03030009504  
-0.2402687565  
0.2717945044  
-0.2628616691  
0.1533845503  
0.000204173585  
-0.04816149461  
-0.74360945  
0.03894245474  
0.3065467217  
-0.4479006824  
-0.4874719411  
-0.2157631805  
0.09388233927  
0.05615783977  
0.239758843  
0.3559495641  
-0.2254659659  
0.3493607311  
0.2158529624  
0.6224641489  
0.2709588924  
0.436345895  
0.3498306585  
-0.3413349201  
0.3296767522  
0.1639675981  
-0.1099035231  
-0.2383910208  
0.4028434435  
0.08961303733  
-0.3729464333  
-0.5754244852  
-0.3248891706  
-0.6320051993  
-0.01786288722  
-0.04207276154  
-0.4067031824  
-0.3942689038  
0.08884190341  
0.2098238791  
0.4032514876  
0.8035190155  
-0.1144077426  
0.2503588897  
0.3443235815  
0.4119753939  
0.5730672963  
0.8631997571  
0.8268411693  
-0.123443031  
0.01003034673  
-0.1996212632  
0.6318628742  
0.2416662026  
0.7261921404  
0.4272374402  
-0.2889906557  
-0.6416521262  
0.01616439648  
-0.6218492248  
-0.647422516  
-0.6079290713  
-0.5482682133  
-0.2613993952  
-0.9934055627  
-0.3166734273  
-0.2859397092  
-0.8294876976  
-0.4272560884  
0.1712919674  
-0.3379599687  
-0.3916757903  
-0.1337793134  
-0.2879831198  
-0.2862638177  
-0.3107358003  
0.5109319486  
-0.7745407509  
-0.4663513671  
-0.5424903834  
-0.4412347782  
-0.9463168227  
0.108209812  
-0.3210748414  
-0.8552862502  
-0.4960952047  
0.1228085204  
-0.1277441172  
0.8551349791  
-0.07575356644  
-0.2400605773  
0.09887154004  
0.5288608403  
0.0992845112  
0.4338642352  
0.1264218364  
0.14019129  
0.4206871734  
0.5462046679  
0.3141984132  
0.6336848824  
0.1838657595  
0.1438798853  
0.1990570514  
-0.183791841  
-0.1810255693  
0.2807642745  
0.1475233723  
-0.172649181  
-0.3760831458  
-0.4599440098  
-0.1262826308  
0.943065077  
0.989209509  
0.5406644515  
0.8976292092  
0.4120155029  
0.07753102023  
0.1587006761  
0.4419626374  
-0.1775939546  
-0.3736042157  
-0.2699984227  
-0.8348948506  
-0.6162309984  
0.22689023  
-0.9574438888  
-0.396448939  
-0.147653903  
0.05179697431  
-0.4179516198  
-0.1413870348  
0.5083845824  
0.000108230024  
0.09308628812  
-0.2135247956  
-0.2464913083  
-0.4868367192  
0.562539144  
0.09473643533  
-0.2686725426  
-0.254616217  
-0.3877562794  
-0.5152701496  
0.2234135941  
-0.1582736972  
-1.001247615  
-0.5160155821  
-0.9905727117  
-0.9041532389  
-0.4758229089  
-0.08749019543  
-1.075539196  
-0.5406568452  
-0.3042678101  
-0.4732441555  
-0.2128859104  
-0.2099503427  
-0.6197657404  
-0.9850797886  
-0.484639977  
-0.3799034704  
-0.4442948193  
0.3306650954  
-0.1202323948  
-0.003682958108  
0.3309335637  
0.6028004128  
0.4298518487  
0.3545251305  
0.2201450161  
-0.5283524804  
0.02434763396  
-0.1778498365  
-0.3427086906  
0.1296202193  
-0.3338804476  
-0.06948242376  
0.1694276858  
0.36975549  
0.681640547  
0.8902539006  
1.649524004  
1.452592441  
0.9115699671  
0.8937909629  
0.6472162183  
0.2431136563  
0.04231813621  
0.4575759334  
-0.1629188766  
-0.5535294922  
-0.3768290963  
-0.6408381855  
-0.842983522  
-0.2678306884  
-0.470735932  
-0.5381652509  
-1.244819705  
-0.438098011  
-0.5617440313  
-0.4198140914  
-0.4590492827  
-0.4046332486  
-0.4161367323  
-0.5550007014  
-0.2128836534  
0.1344664637  
0.7013122553  
0.3824486402  
0.7247155958  
0.6912356038  
1.013373402  
0.845300908  
1.154718513  
1.008267215  
0.3956393533  
0.1793482882  
0.3454020223  
0.445310366  
0.2657635293  
0.3288093755  
0.192300533  
0.4915867547  
0.4648156514  
0.3548370816  
1.01236546  
0.7124157694  
0.6070449702  
0.4609234242  
0.2409707058  
0.4198942663  
0.03807970489  
0.6926087404  
0.2672682857  
0.3904334135  
0.754400712  
0.9006143275  
0.7721856115  
1.415597715  
0.6198185252  
0.7250680917  
0.6885219165  
0.5036796645  
0.5302466623  
0.3851637435  
0.05718549127  
-0.08088759686  
-0.1617001234  
-0.01127857545  
0.3861980555  
0.5762890621  
0.1340431692  
0.2620640438  
0.2362496014  
0.7181607244  
0.233692584  
0.8542140532  
0.5626022544  
0.4867516662  
0.4566498923  
0.2786499158  
0.6964097235  
0.8278354701  
0.8968253798  
0.3641264323  
0.2458754007  
0.4176552086  
0.7557341059  
0.7976678877  
1.173168887  
0.3245653728  
-0.1329976248  
0.6263762851  
0.2205333783  
0.3446548162  
0.6622378952  
0.2032489495  
0.2557606557  
-0.1429061993  
-0.2094635828  
-0.03248180834  
-0.3983531972  
0.3397571703  
-0.3951144262  
-0.1488556149  
0.2162388537  
-0.1251241484  
0.3547231524  
0.339100143  
0.3913160049  
0.3732287899  
-0.1089272445  
0.1295442946  
-0.270323413  
-0.0280145437  
-0.1726744071  
0.4842416503  
0.7248624108  
0.1894736267  
-0.1869645668  
-0.1585211422  
0.1666687626  
-0.1143070517  
-0.02494334649  
0.9447181167  
0.4383646996  
0.1547274438  
0.1169074136  
0.05398514539  
-0.3598292065  
-0.2477406069  
0.1921359775  
-0.7039766192  
-1.066277629  
-0.674373522  
-0.4997949801  
-0.3375091266  
0.2947387849  
0.6326756371  
-0.07595395804  
0.3582197128  
0.5520645353  
-0.005840603488  
0.02894511204  
0.6629441257  
0.09160354867  
-0.878535283  
-0.8654756625  
-0.6654903273  
-1.005769739  
-0.4729515412  
-0.1979036718  
-0.7179118146  
-0.008511961103  
-0.2344459013  
-0.380071458  
-0.09131419454  
0.3642552123  
0.2878035374  
-0.5819525132  
-0.4173432067  
-0.3816449533  
-0.735324786  
-0.3605141205  
0.1909797527  
-0.5308209761  
-0.8003810649  
-0.7988246765  
-0.7361416974  
-0.8720533241  
0.1247444829  
-0.07598971  
-0.07100892307  
-0.1943020728  
0.1444092851  
-0.287534324  
0.3915660612  
0.9492764516  
-0.1349034267  
-0.2120334962  
-0.3698697525  
-0.5586909524  
-0.4370244319  
-0.4384314923  
0.6665964512  
-0.121236786  
0.05236829952  
-0.1967114084  
-0.06409896789  
-0.008584462424  
0.6252077003  
0.1808207705  
-0.06868144042  
0.07728729048  
0.1494083796  
-0.6703365942  
0.02882409146  
-0.5780092141  
0.05738849047  
-0.3036759368  
-0.7342811589  
-0.6012648  
-0.3029369184  
-0.3430897806  
0.1562476594  
0.3137712659  
0.2756614248  
-0.173722359  
0.07155743481  
0.04979763172  
-0.1833179469  
-0.8752803842  
0.4000221049  
-0.43625118  
-1.056562699  
-0.1772791169  
0.2426017582  
-0.419732092  
0.6724850801  
0.6535355181  
0.244083819  
0.4564215073  
0.8850866769  
0.1789490967  
0.5454739093  
-0.3161887034  
-0.5934193536  
-0.6548559097  
-0.5316784  
-1.014611525  
-0.09503435012  
-0.9136780434  
-1.221546927  
-0.8655084002  
-0.6488943221  
-1.061364846  
-0.6287616952  
-0.1660784129  
-0.6188255699  
-0.3015454083  
-0.9329862871  
-0.8375744898  
-0.382133538  
-0.4270811838  
-0.1479803413  
-0.4176008758  
-0.8985572533  
-0.7253099353  
-0.6402150995  
-0.2318284571  
-1.147480318  
-0.8428839121  
-1.12570902  
-1.363297598  
-1.427932344  
-0.7100175717  
-0.759587059  
-1.150377098  
-0.5456318606  
-0.5918961233  
-0.4846797182  
0.09658417228  
0.5244651139  
0.1713387726  
-0.5339448051  
-0.0427436592  
-0.1602224987  
0.1264664319  
-0.03181898341  
-0.9651206809  
-0.4775588711  
-0.3276029556  
-0.6998580104  
-0.121120303  
-0.1649608514  
-0.6277202812  
-0.4344126678  
-0.5517661279  
-0.1517658056  
0.1214108347  
0.2911382399  
0.01790872755  
-0.4660211774  
-0.03161975146  
-0.3718917039  
-0.4220331272  
-0.1807481425  
0.02621002061  
0.6151846464  
0.075841773  
-0.08506721715  
0.0001234571274  
-0.1834690253  
-0.4628712072  
0.5225800748  
-0.007751882848  
-0.4866536909  
-0.2872467008  
-0.2769034233  
-0.3104030228  
-0.3750920146  
0.3734957663  
-0.8162035108  
-0.7213717431  
-0.2497644867  
-0.6491477954  
-0.3008532107  
-0.8192162548  
-0.1111194216  
-0.2862416182  
-0.8820347885  
-0.8582666798  
-0.5053842434  
-0.4902831041  
-0.3111443414  
0.2196429758  
0.6154842864  
-0.2154259279  
0.3776215347  
0.3608061229  
0.1553675895  
0.1389828654  
0.6538977186  
