2876.546233  
2881.799328  
2869.424123  
2872.277395  
2884.062046  
2888.54325  
2892.183284  
2884.905548  
2890.834025  
2869.194857  
2878.233728  
2878.41098  
2872.112636  
2882.036582  
2882.167506  
2881.302291  
2881.47757  
2890.83661  
2881.242023  
2896.776659  
2887.521269  
2887.701638  
2886.382958  
2886.897244  
2876.184209  
2882.442693  
2890.194247  
2876.789247  
2892.424924  
2891.217014  
2890.345244  
2885.302155  
2881.963467  
2887.375314  
2879.156808  
2876.638163  
2869.466787  
2879.166352  
2878.907343  
2873.636398  
2887.515414  
2885.648387  
2885.946444  
2880.574224  
2886.081514  
2884.346247  
2888.78361  
2890.347728  
2888.230199  
2897.554228  
2899.227706  
2899.821541  
2904.985906  
2904.988336  
2893.592661  
2886.286885  
2879.230076  
2875.944298  
2884.92944  
2882.370758  
2885.376536  
2881.2042  
2894.159252  
2885.278464  
2887.858421  
2877.689544  
2882.518537  
2882.187625  
2889.35121  
2897.313176  
2883.105806  
2881.243121  
2878.575721  
2878.003532  
2874.138433  
2884.022285  
2884.378556  
2885.720995  
2891.798711  
2888.699177  
2891.757147  
2894.362379  
2887.388237  
2891.307986  
2904.674912  
2916.482006  
2923.205437  
2917.827024  
2901.205537  
2888.668127  
2884.091857  
2871.524648  
2858.476479  
2860.321631  
2861.867496  
2867.244085  
2880.385522  
2876.955215  
2874.520103  
2877.15653  
2874.514553  
2883.883134  
2890.936219  
2887.02917  
2892.810146  
2896.098537  
2900.526921  
2898.707344  
2891.474243  
2890.20616  
2892.89714  
2894.603495  
2891.760317  
2883.433415  
2866.829427  
2878.327438  
2879.902943  
2867.447058  
2876.012705  
2872.982018  
2885.009338  
2875.056796  
2865.129532  
2871.748843  
2875.828009  
2876.018632  
2874.876118  
2875.371312  
2873.634484  
2875.135873  
2877.655302  
2883.80483  
2869.298311  
2879.914572  
2880.180426  
2886.301259  
2893.662193  
2890.098268  
2894.737781  
2888.91824  
2876.123608  
2862.599337  
2864.54085  
2868.083277  
2873.496968  
2863.703423  
2865.943382  
2880.266778  
2895.762749  
2913.601959  
2906.742151  
2902.972013  
2900.360919  
2890.184629  
2866.827711  
2861.913352  
2863.378122  
2862.828977  
2862.252317  
2851.323973  
2864.697653  
2856.997068  
2872.315186  
2873.581698  
2880.304638  
2872.386584  
2868.663486  
2878.212023  
2867.902599  
2865.512448  
2873.661779  
2877.514744  
2887.374945  
2898.422586  
2897.272557  
2893.457637  
2900.01122  
2902.964553  
2901.742349  
2899.110698  
2895.258443  
2876.872004  
2878.021354  
2876.371284  
2878.815459  
2879.741522  
2867.552929  
2890.897711  
2893.005128  
2883.76575  
2893.336256  
2889.264244  
2894.922883  
2894.345928  
2880.392906  
2881.97798  
2870.000664  
2873.145013  
2868.951341  
2864.031316  
2863.388038  
2855.831612  
2859.675504  
2858.576318  
2872.230694  
2861.87247  
2867.593174  
2868.610281  
2869.323799  
2865.352826  
2877.8984  
2870.045765  
2878.282631  
2872.934124  
2877.39395  
2873.668005  
2883.739629  
2890.219905  
2894.585928  
2872.980599  
2869.375093  
2866.861974  
2864.569564  
2860.342754  
2850.255718  
2849.602909  
2864.057704  
2878.50434  
2876.24027  
2869.311912  
2864.661709  
2868.031479  
2868.270462  
2874.287662  
2859.854392  
2877.339996  
2877.581278  
2885.445748  
2886.495247  
2882.55874  
2876.150584  
2881.6982  
2870.999772  
2866.89521  
2863.499204  
2870.146783  
2875.854203  
2874.55467  
2885.353067  
2890.911091  
2883.93718  
2881.007755  
2873.325843  
2879.319163  
2878.647885  
2891.7895  
2888.8839  
2888.390211  
2892.198677  
2888.7731  
2879.077142  
2879.640817  
2871.174814  
2855.931277  
2857.208185  
2856.999855  
2860.781666  
2866.887689  
2868.16008  
2866.207632  
2861.28544  
2867.33025  
2856.809821  
2876.527065  
2877.071855  
2873.894058  
2884.716242  
2876.650372  
2873.599404  
2887.420073  
2879.853109  
2884.908606  
2892.111279  
2896.659657  
2891.068447  
2896.337744  
2894.852971  
2896.24428  
2886.489728  
2877.282789  
2873.443312  
2884.661561  
2877.829061  
2903.711569  
2889.367078  
2889.408316  
2894.735317  
2877.273607  
2886.084794  
2878.012335  
2875.888193  
2891.581922  
2882.554637  
2879.013643  
2873.344786  
2872.317771  
2883.45407  
2885.726912  
2886.003247  
2885.812305  
2890.897861  
2899.120316  
2889.834806  
2889.620223  
2888.414912  
2880.921772  
2889.62223  
2886.174789  
2890.750075  
2893.135631  
2899.951806  
2889.753743  
2876.654686  
2869.448958  
2866.724296  
2864.954318  
2869.709796  
2871.256803  
2876.623067  
2885.534227  
2882.417847  
2897.385916  
2897.705047  
2891.636456  
2894.986086  
2887.152775  
2884.457709  
2871.20263  
2868.245558  
2875.098748  
2875.558184  
2877.042344  
2873.315835  
2877.110938  
2869.456678  
2877.892533  
2883.948574  
2872.427845  
2865.738553  
2882.364549  
2878.004839  
2877.183309  
2872.672567  
2875.592934  
2891.129431  
2888.116729  
2883.318433  
2896.729597  
2899.011747  
2897.281194  
2896.122177  
2899.628906  
2887.946579  
2895.178252  
2879.240266  
2884.692503  
2888.03318  
2889.598322  
2882.690415  
2876.083553  
2888.810368  
2885.220563  
2890.612503  
2885.14867  
2888.904238  
2884.658721  
2883.392697  
2876.096729  
2874.653072  
2864.241008  
2869.449731  
2877.331647  
2872.125321  
2871.103068  
2871.018351  
2868.00117  
2871.424321  
2876.023682  
2869.892196  
2863.197517  
2878.12825  
2880.599688  
2889.126047  
2880.193975  
2896.204091  
2884.475187  
2894.23075  
2887.886986  
2889.817264  
2884.083756  
2893.688274  
2887.671593  
2882.268638  
2880.961992  
2887.742433  
2879.497612  
2868.406043  
2866.290189  
2866.67762  
2878.863348  
2864.553673  
2872.556113  
2874.267988  
2868.747978  
2888.974032  
2879.167968  
2868.232522  
2869.644623  
2874.903242  
2862.484263  
2865.60444  
2866.223141  
2862.501572  
2870.595417  
2875.781992  
2871.543085  
2869.199404  
2873.842152  
2862.737608  
2882.588548  
2887.785797  
2889.239515  
2879.260432  
2882.31083  
2878.192082  
2872.755826  
2878.520267  
2873.477061  
2872.14539  
2875.376549  
2867.788988  
2875.087814  
2879.800579  
2883.248954  
2879.904179  
2875.002148  
2867.402982  
2860.143003  
2871.504491  
2866.242337  
2869.030588  
2873.587062  
2879.987763  
2872.607149  
2877.698092  
2883.286759  
2887.67657  
2896.30184  
2893.077069  
2898.861432  
2885.019063  
2899.553923  
2889.443333  
2883.737335  
2887.23361  
2887.79683  
2893.327378  
2884.811399  
2897.620373  
2876.710725  
2875.411599  
2872.264732  
2882.670979  
2881.093936  
2883.004072  
2868.622457  
2877.727018  
2874.028076  
2884.222879  
2877.781995  
2861.663003  
2868.420997  
2877.575206  
2890.782412  
2893.032989  
2882.701474  
2886.33098  
2886.450461  
2884.600479  
2881.131616  
2888.151316  
2872.411436  
2885.58186  
2878.215107  
2881.349095  
2910.225501  
2912.314932  
2899.940173  
2904.635263  
2902.63641  
2893.508546  
2896.481503  
2884.349144  
2875.538627  
2864.028973  
2870.027229  
2879.57487  
2868.048019  
2874.216122  
2867.267824  
2866.113009  
2869.968441  
2870.146873  
2861.76027  
2860.912344  
2871.089336  
2866.790044  
2874.830921  
2876.646473  
2873.979754  
2879.237221  
2874.160346  
2869.849225  
2868.823345  
2872.803234  
2875.3054  
2872.287858  
2877.097553  
2863.98964  
2875.882166  
2863.039284  
2877.560505  
2879.563929  
2873.925576  
2878.089825  
2870.813821  
2874.075026  
2879.116117  
2872.140239  
2879.097644  
2876.516658  
2875.191347  
2885.607126  
2891.038767  
2891.642971  
2901.285737  
2893.824007  
2901.495637  
2891.641333  
2905.032897  
2903.991873  
2888.339328  
2893.482364  
2887.503238  
2877.24394  
2878.089523  
2878.832777  
2877.03012  
2875.145109  
2875.989293  
2873.168046  
2869.553904  
2876.284679  
2875.767208  
2872.049224  
2869.527237  
2866.802518  
2877.73723  
2876.338314  
2877.294334  
2878.869458  
2874.547405  
2879.035697  
2865.714981  
2873.964857  
2884.680604  
2873.19526  
2874.255454  
2875.236527  
2862.313956  
2876.068839  
2861.409852  
2862.488966  
2856.309591  
2859.121616  
2865.730933  
2860.867035  
2868.929297  
2883.665609  
2875.393821  
2876.526056  
2873.039485  
2873.443256  
2880.085577  
2876.974275  
2877.805247  
2875.526076  
2869.729374  
2875.023599  
2889.028656  
