4067.012958  
4058.750957  
4039.569074  
4027.935184  
4031.077455  
4009.728239  
4012.023289  
4008.185569  
4000.351757  
3995.406274  
3983.47426  
3976.410339  
3960.907089  
3990.103277  
3997.653955  
3996.557127  
4010.431107  
4035.489743  
4042.571192  
4009.657894  
4007.354004  
3974.858031  
3947.189992  
3948.070266  
3968.921492  
3963.826325  
3958.405697  
3943.046568  
3923.860521  
3931.818099  
3958.445883  
3977.566907  
3986.774518  
3984.207727  
3985.537563  
4016.255052  
4025.796469  
4013.232028  
4009.737222  
3993.347311  
4007.864156  
4002.792348  
4001.053255  
4006.112835  
4012.992627  
4001.944509  
4013.981823  
4008.472984  
3985.597079  
3986.936086  
3972.358609  
3982.500025  
3978.787292  
4003.692085  
4006.356129  
4003.926068  
4008.030526  
4012.619366  
4018.157297  
4036.151586  
4028.410858  
4011.877518  
4027.951448  
4042.61163  
4036.149288  
4020.014751  
3995.316847  
3975.0816  
3972.733214  
3971.490156  
3978.096762  
3977.83236  
3971.357443  
3958.583648  
3946.897249  
3968.86352  
3986.004821  
3985.180085  
3977.600224  
3990.066386  
4016.91928  
4021.439611  
4010.913058  
4012.86345  
4030.489547  
4033.4242  
4022.337996  
4028.503096  
4017.934421  
4021.258171  
4033.511723  
4071.744601  
4049.364644  
4051.881204  
4047.197846  
4060.627896  
4054.667245  
4020.533059  
4020.413115  
4006.882092  
4017.230945  
4015.875415  
4006.590808  
4014.471186  
4019.882154  
4033.78468  
4039.088275  
4045.951723  
4037.40342  
4051.032729  
4016.499046  
4032.01007  
4014.379532  
4024.193255  
4004.767426  
4006.341943  
4020.794125  
4030.081034  
4004.743107  
3983.757078  
3975.75203  
3979.123758  
4008.924449  
4023.395152  
4012.143613  
4020.741676  
4023.441931  
4011.994241  
3988.689689  
3978.426883  
3974.42432  
3989.286495  
3978.964683  
3962.518263  
3965.83671  
3976.175623  
3982.827356  
3982.324668  
3991.794102  
3963.345472  
3976.064325  
3979.407298  
3975.684373  
3977.722586  
3991.23204  
3994.854299  
3999.126359  
3981.147771  
3989.584449  
3980.99431  
3997.217227  
3996.222213  
3986.909029  
3995.896691  
3997.473555  
3997.275314  
3988.146319  
4003.25257  
3998.922459  
4002.02598  
3994.452655  
3994.367947  
3992.648869  
3989.219721  
4013.749463  
3999.574644  
3994.168166  
4004.823853  
4000.911456  
4010.146587  
4011.855512  
4000.193875  
3989.526122  
3988.073872  
3986.474412  
3976.924852  
3965.946336  
3965.632936  
3977.092143  
3978.685249  
3967.948322  
3964.276267  
3980.610694  
3985.359689  
3988.634875  
3972.271477  
3978.935014  
3982.552867  
3980.983292  
3975.843772  
3972.270656  
3979.238658  
3996.866741  
4010.243716  
3997.981886  
3999.146186  
3997.026102  
4010.145886  
4005.082951  
3993.269228  
4011.937287  
4000.350685  
4001.739271  
3988.842108  
3992.887109  
4002.725809  
4006.090078  
4015.400466  
3998.003625  
4001.76476  
4011.599207  
4015.073568  
4025.577811  
4030.698219  
4033.237074  
4043.633027  
4052.769785  
4064.976151  
4067.320349  
4060.835653  
4057.096819  
4044.80042  
4033.348231  
4021.30522  
4041.021768  
4047.571975  
4043.119778  
4038.898481  
4052.446358  
4059.673212  
4059.765271  
4041.474862  
4055.106366  
4047.550957  
4048.382733  
4049.748295  
4047.289645  
4045.800315  
4054.824199  
4048.979572  
4046.436211  
4050.367622  
4066.270532  
4064.180489  
4085.770202  
4081.528883  
4090.827998  
4069.619203  
4069.847038  
4052.487608  
4028.187402  
4010.412819  
3981.833318  
3994.996411  
4013.830363  
4025.948751  
4037.097696  
4036.432524  
4032.296577  
4033.126573  
4021.54616  
4024.714278  
4015.215488  
4003.830368  
4014.748531  
4023.978252  
4046.983129  
4044.005833  
4024.567295  
4041.645134  
4041.02154  
4044.106474  
4032.294313  
4030.699822  
4006.347142  
4010.571643  
3997.770568  
3980.275733  
3975.534102  
3979.042792  
3978.411119  
3985.616841  
3986.62226  
3986.544737  
3986.013726  
3990.508313  
3996.572824  
3993.403633  
3977.360063  
4000.297394  
4018.857591  
4025.591999  
4025.914202  
4031.996087  
4041.44545  
4058.50536  
4050.204993  
4048.582399  
4046.740852  
4039.404239  
4046.555536  
4028.343234  
4019.408226  
4018.37964  
4025.258351  
4031.306965  
4025.076383  
4023.776403  
4021.659707  
4039.347142  
4025.621763  
4020.740516  
4025.821798  
4029.797303  
4030.499676  
4026.588728  
4041.969236  
4036.476306  
4039.109898  
4033.985438  
4022.480942  
4035.614011  
4018.576642  
4020.276774  
4026.2467  
4023.213357  
4015.178732  
3997.165754  
4002.77627  
3989.893226  
3984.111052  
3974.52152  
3976.183796  
3989.501662  
3980.5045  
3961.180145  
3957.598859  
3962.795687  
3961.49449  
3954.942149  
3978.701313  
4003.078022  
4021.371668  
4030.959839  
4017.954717  
4006.734374  
3998.448194  
3987.918843  
3983.634237  
3971.760657  
3968.973041  
3982.210521  
3990.407045  
4001.28905  
3998.826809  
4017.563065  
4026.996319  
4025.042838  
4014.812279  
4011.700507  
4010.699069  
4020.544876  
4012.482984  
4011.87585  
4034.37486  
4017.783235  
4023.664531  
4023.796949  
4043.404605  
4032.04127  
4025.519769  
4024.369989  
4035.202793  
4027.73584  
4034.995994  
4025.451889  
4014.263164  
4013.383916  
4021.997214  
4033.278543  
4018.542841  
4021.184996  
3992.983535  
4004.914921  
4002.004536  
4005.427058  
4000.412144  
4007.600523  
4001.786768  
4004.469046  
4007.883741  
4015.998336  
4028.527706  
4023.526527  
4000.189183  
4003.606733  
4000.712711  
4006.623191  
3998.85037  
3995.031423  
3989.749268  
4002.547009  
4010.869644  
4001.958043  
3995.476858  
4003.115981  
4013.34065  
4006.99133  
3992.317017  
4003.301004  
3986.881963  
4002.26225  
4001.661803  
4011.909867  
4025.492435  
4035.342087  
4035.151511  
4013.733074  
3998.848897  
3989.626167  
4001.25387  
3985.157866  
3978.727349  
3975.028131  
3982.457588  
3981.780311  
3976.060502  
3993.829521  
4003.692242  
4014.204874  
4011.442136  
4012.862771  
4004.487191  
4009.70676  
4011.312212  
4011.52653  
4003.497298  
4012.503337  
4021.811814  
4016.613049  
4013.992078  
4012.793244  
4019.269689  
4013.429447  
4006.786782  
4017.38963  
4032.645658  
4033.168946  
4035.801567  
4041.582402  
4054.329078  
4055.746454  
4047.872851  
4039.384381  
4039.018489  
4052.224239  
4038.862655  
4028.104987  
4013.764516  
3987.951875  
3987.803953  
3999.988255  
4002.004244  
4042.284358  
4058.663148  
4052.083181  
4048.423404  
4048.91729  
4053.769599  
4060.243741  
4056.351556  
4032.786174  
4027.347902  
4009.426254  
4006.988712  
4000.455088  
3997.387948  
3993.808793  
3988.655154  
3988.122288  
3991.755994  
3990.804348  
3998.92343  
4005.10887  
3990.044497  
3996.743744  
3982.186457  
4009.360372  
4009.938816  
4006.100778  
4006.03341  
4003.831317  
4001.066176  
3991.084768  
3995.902686  
4014.465916  
4010.806481  
3991.698052  
4012.648277  
4010.324631  
4009.924395  
3993.537878  
3992.039344  
3986.413488  
3984.714059  
3984.777278  
3981.608977  
4000.666254  
4018.984745  
4019.017212  
4018.56815  
4023.522325  
4053.754235  
4039.50148  
4047.100476  
4061.286786  
4027.452081  
4070.435465  
4086.05379  
4045.216883  
4033.395708  
4022.139082  
4028.598598  
4017.651695  
4027.885866  
4028.823447  
4040.61538  
4040.770781  
4046.501993  
4034.000621  
4031.010202  
4032.739703  
4044.075841  
4045.729947  
4046.751683  
4044.040548  
4036.140363  
4032.598597  
4011.652844  
3995.702905  
3996.428823  
4001.601937  
4006.509252  
3994.362331  
4015.529177  
4018.029176  
4007.956995  
4008.641076  
3980.293655  
3968.674931  
3969.610273  
3979.793327  
3983.310143  
4008.191466  
4005.317644  
3999.041561  
4010.613772  
4029.394664  
4035.001113  
4033.136886  
4031.933791  
4030.530941  
4015.515548  
4011.854485  
4001.988864  
4002.551319  
4022.514212  
4014.377959  
4013.325195  
4012.875708  
4012.040095  
4003.532839  
3997.481025  
4014.308455  
4030.87448  
4012.876359  
4002.163916  
3988.213908  
3994.548192  
3994.435147  
4008.909726  
4015.802717  
4007.770655  
4017.581533  
3997.482223  
4000.560637  
3994.802027  
3973.255512  
3964.385911  
3982.713467  
3991.138968  
3993.242864  
3994.709335  
3997.525975  
4001.729044  
3997.047811  
4012.094083  
4006.312193  
4004.819866  
3996.564464  
