0.2599580364  
-0.03500287134  
0.3456536413  
0.655999015  
0.5445854202  
-0.4094085475  
-0.01619579785  
-0.006061632891  
-0.7550638457  
-0.8842640502  
-1.285530143  
-1.039394275  
-1.607568901  
-1.276628016  
-1.094322229  
-0.8004257729  
-0.6029623541  
-0.1438246539  
-0.6611770932  
-0.5357464029  
-1.124493951  
-0.7269460299  
-1.291729676  
-1.311736392  
-1.306778144  
-1.41567243  
-1.196997214  
-0.8705846388  
-1.346550995  
-1.187551851  
-0.9768013731  
-0.6962916202  
-0.9893434485  
-1.162745896  
-1.038610808  
-1.009729241  
-0.7598864858  
-0.28429251  
-0.02992551821  
-0.1324957878  
0.06932875671  
0.09927355619  
0.05414619779  
-0.7270721389  
-0.366265308  
-0.3296922229  
-0.3949499343  
-0.1904067814  
-0.5548215215  
0.09160240642  
-0.1542491515  
0.1359121619  
0.379245667  
0.683300856  
0.6100838083  
0.4319715685  
-0.1055681409  
0.04353040875  
-0.2135416294  
0.4205353581  
0.4366481538  
-0.5365670229  
0.02846945146  
-0.2394357086  
-0.3622490997  
-0.2391804954  
-0.7274465815  
-0.6511603105  
-1.209008888  
-0.5297301618  
-0.2240735147  
-0.52477224  
-0.7681182142  
-0.7179032511  
-1.164166944  
-0.6935261692  
-0.81762657  
-0.9158129809  
-0.6265371027  
-0.5509124669  
0.2746837068  
-0.1351512671  
0.2210818147  
0.1592879086  
0.02939023543  
-0.467525221  
-0.1983904549  
-0.1163615591  
0.009482117761  
-0.1872724822  
0.06330838098  
0.9009280472  
0.261766943  
0.1562098171  
0.7874249442  
0.7995022889  
-0.03975196114  
-0.001676157853  
-0.6807784068  
-1.535561011  
-1.133611604  
-0.6742048359  
-0.8183507831  
-0.4845494246  
-0.2295912243  
-0.2114510062  
0.8537320212  
0.8814575955  
0.3630314889  
0.4297628024  
-0.2169375074  
-0.6992323927  
0.04964245223  
0.1378719897  
-0.001363604045  
-0.3282422634  
-0.3468668664  
-0.2177044286  
-1.220173586  
-0.8534153425  
-0.8836849232  
-0.9077897585  
-0.6320485501  
-0.2330445277  
-0.7585453669  
-0.2750219104  
-0.7090448979  
0.01994388873  
0.09495816773  
-0.2372595385  
-0.4669667512  
0.05952827337  
-0.213226236  
-0.1103058374  
0.4651386046  
0.5467080528  
1.053474325  
1.227295125  
0.8922519073  
0.1208393884  
0.8424475627  
0.7268735765  
0.5210189105  
0.4744195598  
0.2047208238  
0.5410647484  
0.2913958052  
0.4262511617  
0.1411065282  
0.567285575  
0.3221049727  
0.1467870415  
-0.4063297331  
-0.3987592561  
-0.4194973648  
-0.5198837889  
-0.5062393124  
-0.3393262776  
-0.4224200584  
-0.09333770233  
-0.1884177829  
-0.529476296  
0.2960189038  
-0.09740446296  
0.1768264698  
0.4868024123  
-0.03745292644  
0.548569139  
-0.08684759359  
0.1883165249  
0.6648322734  
0.3534154272  
0.529147197  
0.4856720246  
0.5529082856  
0.3172202002  
0.12549812  
0.3790610316  
0.3001981207  
0.3927883158  
-0.05866869119  
0.0411674296  
0.01738407601  
-0.06485604824  
-0.1413178022  
0.1354773562  
-0.005215279385  
0.132819518  
0.1784640383  
0.2120497259  
-0.3263320371  
-0.4626832773  
0.01219577224  
0.4051220514  
0.006396596983  
0.3422184346  
0.06392982488  
1.138172871  
0.5297144493  
0.5671974764  
0.7113086465  
0.8039163281  
0.89007732  
0.7263931859  
0.7442165893  
0.477712623  
1.098006581  
1.197133046  
0.9400402409  
0.7355325449  
0.6280264992  
0.7695386361  
0.9693151299  
0.0653341524  
0.5266904124  
0.2402265388  
-0.008116525765  
0.1856035475  
0.1703258433  
0.4339062929  
0.8879089652  
0.2804569806  
0.1389036636  
-0.2228715983  
0.04845986303  
0.05412608542  
-0.1035084695  
-0.4246141235  
-0.4134112066  
0.06896687007  
0.5514394419  
0.009325884777  
0.02852142716  
0.1297174973  
-0.008548203815  
-0.005285985195  
0.3213393694  
0.142022099  
0.9664121226  
0.6849573097  
1.011287819  
0.9400669827  
0.7140412395  
0.7337354885  
0.6676908689  
1.386353215  
0.6964142833  
1.049880575  
0.3933048295  
0.4745345164  
0.2181136329  
-0.1327482222  
-0.5579405254  
-0.8651716114  
-0.4176261576  
-0.01373315304  
0.1140909034  
-0.08447045826  
0.1202983396  
0.004847915658  
0.4340738565  
-0.03100062687  
-0.3264013235  
-0.1928338472  
-0.3653686801  
-0.5809988785  
-0.5373309403  
-0.4665101015  
-0.4149650761  
-0.05879164502  
0.01447075423  
-0.3278881765  
-0.3178013005  
-0.1817401829  
0.09182146845  
-0.2343491983  
-0.05841440623  
0.5572592458  
0.4438578459  
0.6296057804  
1.151768608  
1.032386535  
0.7772564749  
1.071874596  
1.301636471  
1.418396544  
1.328768966  
0.924506086  
0.9763826832  
0.5195352525  
0.7237738798  
0.2496517254  
-0.02534965103  
-0.380074902  
0.06471458819  
0.1533850875  
-0.01938332675  
0.5033674859  
0.195020025  
0.05125439908  
-0.1238660736  
0.03958764069  
0.3375821384  
-0.007312277623  
-0.2240971063  
0.5370784447  
-0.02136157548  
0.2361818916  
-0.07997426155  
0.4227621163  
0.05353745261  
-0.6123967335  
-0.4939116852  
-0.185582806  
-0.9435507624  
-0.8911053384  
-0.4291414798  
-0.5982615119  
-0.2401980914  
-0.3718380208  
-0.2848700553  
-0.1896618447  
-0.05861414678  
0.3082030042  
0.7641827468  
0.2047281213  
-0.3043383207  
-0.4553791371  
-0.7828594649  
-0.7694362614  
-0.8598015437  
-1.042266288  
-0.9549465173  
-0.8202231686  
-0.6635291955  
-1.176843648  
-0.3343364398  
-0.6523235528  
-0.3031313393  
-0.8105398563  
-0.7263857389  
0.3328128945  
-0.0657988463  
-0.2370815538  
0.05153321073  
0.1751087801  
-0.4765879748  
-0.8021582268  
-0.6458696713  
-0.6511787875  
-0.6451810574  
-0.7612737093  
-0.6511408942  
-0.634028644  
-0.4859833727  
-0.1521662249  
-0.1040901564  
0.2842111913  
-0.1177101201  
-0.1624193495  
-0.2937699534  
-0.2423505768  
-0.5924157605  
-0.3699697365  
0.162256037  
0.1010026928  
-0.3451863273  
-0.1562683941  
-0.06448361697  
-0.2840213755  
-0.3045036627  
-0.6014526991  
-0.1683972587  
-0.4537479465  
-0.4286082286  
0.01746721249  
-0.1199649912  
-0.1059046843  
-0.2299814672  
0.1247415891  
-0.2638668456  
0.1529133168  
0.2000989342  
0.146301894  
0.8338919316  
1.342930964  
1.11388353  
1.202798928  
1.1394266  
1.202880384  
0.55402442  
0.9624988581  
1.0868096  
0.6978056744  
1.329689541  
1.052376944  
0.8275261267  
0.7185547365  
0.4169067713  
0.5888038594  
0.4661141906  
0.8275265343  
0.6568181603  
0.3901742359  
0.6385413825  
0.725800055  
0.6397133475  
0.4139691908  
0.2999325348  
-0.1545337805  
0.1777844243  
0.3261190922  
0.04981047447  
-0.456408223  
0.1210089302  
-0.05812481236  
0.4437899527  
0.4430715017  
0.497942707  
0.4347345845  
0.547878185  
0.6952261626  
0.5344656808  
0.7069371311  
0.5212423401  
1.047614088  
0.4108476992  
0.6681495235  
0.8040681041  
0.9348740206  
0.7238884231  
1.032214251  
0.5047933367  
1.033768253  
0.9491754213  
0.9156796955  
0.6714895082  
0.6302566223  
0.3417124481  
0.8550302582  
0.3405146056  
0.403796011  
0.6036458723  
0.4038702269  
0.2832860651  
0.6675308959  
0.396206465  
0.4512874039  
0.3535374332  
0.2348153775  
0.4636502764  
0.1620915725  
0.9662602967  
0.3353061759  
0.2926249238  
0.6579909868  
0.6221624475  
0.117594526  
0.02399356049  
-0.03375692933  
-0.2209075606  
0.05055029472  
-0.3175200323  
-0.01734312316  
0.5331518758  
0.2329393183  
0.02508006842  
-0.2683897315  
-0.1815594822  
-0.2974813165  
0.3877601358  
-0.4307048481  
-0.4492548689  
-0.5295584111  
-0.538079938  
-0.3083415773  
-0.5732669555  
-0.4814424661  
-0.629674253  
-0.5750914491  
0.05706297305  
-0.1139607062  
-0.04525520129  
0.2365469831  
-0.3854730283  
-0.6382729112  
-0.5954681327  
-0.05073278762  
-0.2292308317  
-0.3169620325  
-0.5320031624  
-0.3662089019  
0.2043554519  
-0.2249656215  
-0.03739028712  
0.00616764282  
-0.2699568373  
-0.3078064563  
-0.5164236162  
-0.324705103  
0.497585616  
-0.002666917278  
-0.2372842996  
-0.2496859314  
-0.7923500771  
-0.390553168  
-0.6809795181  
-0.6919514969  
-0.7011031847  
-0.6207168355  
-0.5073732689  
-0.02327601457  
0.2118764904  
-0.3549352899  
0.3763975731  
0.7694612845  
-0.0002389769742  
0.3607794965  
0.4977758084  
0.09870961808  
0.4887353208  
0.3937522739  
-0.08811321723  
0.1251938785  
-0.05930041005  
0.507777865  
0.2102455703  
-0.00599932994  
0.5394775892  
-0.1247082925  
0.09457158779  
-0.548054171  
-0.3620656113  
-0.4455380246  
-0.674493487  
-0.6785787159  
-0.9273453504  
-0.481651138  
-0.7674259226  
-0.6903823351  
-1.133969691  
-0.3998593477  
-0.3032300068  
-0.328128142  
-0.8162426396  
-0.3728008201  
-0.1229618771  
0.1057702162  
0.4426343846  
0.4328756169  
0.1719339993  
0.1336834776  
0.4340308345  
-0.1221764708  
0.345887493  
0.2764528686  
0.8940274283  
0.951849192  
0.6285100117  
0.7968130745  
0.7048802355  
0.5974217673  
1.133587537  
0.3423527519  
1.05773418  
1.010156059  
0.7503625198  
0.6829518022  
0.4158765363  
-0.3034234771  
0.2665808358  
-0.6967824357  
0.2285581591  
0.006618430416  
0.8172993418  
0.1266393318  
0.5378280085  
0.5039980246  
-0.5103848216  
-0.8806655454  
-0.01127817733  
-0.05392087205  
-0.6394559354  
-0.4257533408  
-0.3452212886  
-0.5185715151  
-0.8404885703  
-0.735609974  
-0.9481270788  
-0.6736991363  
-1.01222737  
-0.8824132901  
-0.3934565932  
-0.886243503  
-0.895066057  
-0.6406886705  
-0.3527087965  
-0.5400294362  
-0.6153169864  
-0.3198384134  
1.383455256  
0.3289673363  
0.01009015715  
0.07001508103  
-0.09022654705  
0.2527001363  
-0.007927897115  
0.07760826118  
-0.1661010673  
0.6747566212  
0.1081171323  
0.02293633012  
-0.1179727115  
0.5043610001  
0.6745383156  
0.3450414972  
0.6340037069  
1.11397167  
1.025571628  
0.899334141  
1.444959678  
1.109390665  
1.122209739  
0.8206134974  
1.015796916  
1.508379686  
1.049383604  
0.8976668519  
1.035932481  
0.9212200692  
0.8971680438  
0.6884424613  
0.89988777  
0.6688386908  
0.8644649835  
0.8633484715  
1.242262936  
0.8360395018  
0.8241537217  
1.064955822  
0.1947969548  
0.7276294526  
1.10921557  
1.024386916  
1.042014395  
0.4472761859  
0.8551615441  
1.417223449  
0.6191123372  
0.9614836803  
0.8262840418  
0.6343050735  
0.383559903  
0.1280690239  
0.00868585455  
0.406160819  
0.2009459265  
0.4315722569  
0.07150576394  
-0.5005870514  
-0.1188507803  
-0.366522242  
-0.3903679011  
-0.2850418347  
-0.3165585841  
0.3105514454  
-0.02464965803  
0.1602723999  
0.5712375452  
0.1565039781  
0.1374737672  
0.5068776234  
0.179458786  
-0.07057302538  
0.4248837228  
0.2953701631  
0.6677365253  
0.7801286654  
0.5113685474  
0.350985653  
0.3344065763  
0.2206212261  
0.4363185044  
0.3675123199  
0.1972652418  
-0.2633404686  
-0.4064719562  
-0.07334158278  
-0.3038291367  
-0.2886220671  
-0.2917966137  
-0.6325972825  
0.001956929814  
0.2873221622  
0.2530952107  
0.1904579908  
0.03037306416  
-0.02681711206  
-0.21499458  
-0.388728664  
-0.6224595926  
-0.5857338439  
-0.1339265441  
-0.1315136356  
0.2092221951  
-0.02039457181  
0.08754835914  
-0.0463365279  
-0.3106544296  
0.1630466966  
-0.2170802785  
-0.2975114216  
-0.02730951979  
-0.434612482  
-0.3455917296  
-0.2930746249  
-0.4646748875  
-0.3813395664  
-0.5753717484  
-0.2766531273  
-0.3872060519  
-0.05473574389  
-0.4761023011  
-0.2241223163  
-0.3346530618  
-0.4162013295  
-0.4221134638  
-0.4253944695  
-0.6456149878  
-0.4354736137  
-0.3413821476  
-0.7130342859  
-0.606227619  
-0.5162634862  
-1.113054541  
-0.5083958907  
-0.5978233487  
-0.8047049531  
-0.2386610445  
-0.06698371322  
-0.2750205945  
-0.6831771348  
-0.6521475605  
-0.9303867619  
-0.8518628794  
-1.129013184  
-1.028993867  
-0.9719593688  
-0.1395835294  
-0.3928095865  
-0.01714447891  
0.6977648137  
0.3068382884  
0.9335962893  
0.880253314  
0.9261497984  
0.6425372052  
0.2527899482  
1.158691373  
0.4638996202  
1.027224637  
0.8455348924  
1.134957705  
1.265590988  
1.441103523  
0.8898282623  
0.5471894461  
0.1555058622  
0.4037676304  
0.7427898227  
0.1375384978  
0.0969135249  
0.1081971223  
-0.406814064  
0.46440471  
0.3378124184  
-0.2289754216  
-0.5687342997  
-0.6042565923  
-0.08905595481  
0.1897173066  
-0.2026483654  
-0.1957810454  
-0.3330472658  
-0.2111205192  
-0.63425019  
-0.1552488918  
0.02571853869  
0.2530886287  
-0.4237659187  
-0.1811252804  
-0.5536869934  
-0.2652468012  
0.6555703242  
0.01626932698  
0.05085883057  
0.09034780609  
0.04994991501  
0.5248549091  
0.4134026191  
0.4997017697  
0.7689690622  
0.4958344179  
0.3527725749  
0.5137741176  
0.1565641187  
0.6432902119  
0.04874342956  
0.03372932809  
-0.01364762523  
-0.1230339958  
-0.1751294237  
-0.2057507811  
0.01806859812  
0.03577542947  
0.382195213  
-0.5946891693  
-0.4702011519  
-0.1678122638  
-0.4730022948  
-0.2659537554  
0.1709622568  
0.09781202156  
0.6802485768  
0.2651750476  
-0.1483664185  
-0.1643117747  
0.03703907006  
0.09265837756  
0.3544852677  
0.4132305335  
0.4475052001  
0.4016015215  
0.1613577796  
-0.2712413771  
-0.1493430047  
0.5621750754  
0.1906866262  
0.4262474452  
0.6919352142  
0.3939701107  
0.6711167668  
0.7620420681  
0.7588275725  
-0.3150651123  
-0.2027293965  
-0.3007716192  
-0.2474557254  
-0.679824137  
-0.4384547763  
-0.1821012985  
0.3114358224  
0.09467185772  
-0.3126929595  
-0.171853616  
-0.6600276942  
-0.3955673108  
-0.5454063329  
0.2367628316  
-0.2689211541  
-0.01227915409  
-0.2284618659  
0.24542097  
-0.3514908589  
-0.7386722051  
-1.397849149  
-1.07952315  
-0.4362771427  
-0.6714424525  
0.05524612784  
-0.6317920206  
0.06655922568  
-0.0110770944  
-0.2672596445  
0.2520372316  
0.4848155565  
0.4014921986  
-0.3301425075  
-0.01958251964  
0.2130343516  
0.03565520325  
0.1715042277  
0.1856883888  
-0.510781119  
-0.5246065637  
-0.6178082227  
-0.5126379236  
-0.3213482633  
-0.4930207789  
-0.2745716316  
-0.7874634004  
0.08279629143  
-0.3362164495  
-0.6487501826  
-0.6476834667  
-0.1910579261  
-0.5086441752  
-0.6044258617  
-0.3527282844  
-0.6009244986  
-0.8398100349  
-0.1092402184  
-0.5816199743  
-0.2841517072  
0.124943888  
-0.1835284347  
-0.4221155329  
-0.1690074888  
-0.2559559576  
-0.8444771013  
-0.7089550854  
-0.41622103  
-0.5990198505  
-0.656635723  
-0.4765925644  
-0.1194264901  
-0.7379353634  
-0.08976578877  
0.242479322  
-0.7539986727  
-0.1183817782  
0.1597844533  
0.1397536928  
0.04008561675  
0.1768427438  
-0.08610267537  
0.4967311131  
0.5431939075  
0.15213094  
0.6212670706  
0.4003570899  
1.013273241  
1.448784993  
0.5633636443  
0.8743215419  
0.7659946596  
1.453795862  
1.400555842  
0.8447721143  
0.4431671026  
0.3417292751  
0.1924815545  
0.1063494639  
-0.1428779025  
-0.1483303258  
-0.2576464803  
-0.4718951272  
-0.3655567574  
-0.1981848322  
0.03211451423  
0.5125639945  
0.5438438561  
0.377376081  
0.1574423099  
0.6067980275  
0.04885145305  
0.1482220222  
0.08022521527  
0.3682470626  
0.2530706228  
0.4296394559  
0.01398027576  
-0.08749510917  
0.06926783107  
-0.3684587766  
-0.1735336571  
-0.4639791279  
-0.4356313757  
-0.5133222312  
-0.4339956047  
-0.5786286954  
-0.09685523142  
-0.5151645106  
-0.2644281444  
-0.4942152296  
-0.7083515124  
-0.6727260318  
-0.7603750398  
-0.6239555817  
-0.4863881293  
-0.9426984256  
-0.8065594727  
-0.4674416333  
-0.05791431466  
-0.08866107081  
-0.1565344085  
0.02998244784  
0.05024064772  
0.02849841078  
-0.8697989305  
-0.9031503264  
-0.4300335338  
-0.3186420344  
-0.5316903677  
-0.05571187006  
-0.3535302383  
-0.3267810797  
0.3835285236  
-0.06635178679  
-0.4488398031  
0.240339154  
-0.1212764578  
-0.5733693597  
-0.5921677072  
-1.054724682  
-1.151348765  
-1.27285275  
-1.264666824  
-1.018863598  
-0.5699668609  
-0.5343491018  
-0.2898977933  
0.07597694565  
0.1807282636  
0.6165333187  
-0.1074381814  
-0.6038934345  
-0.5145520471  
-0.6098341154  
-0.6889758765  
-0.6263474552  
-0.4565383869  
-0.2896117036  
-0.2988410412  
-0.06658757643  
-0.0704988183  
-0.08352874742  
0.2849318924  
0.7194301119  
0.3471859898  
-0.04915047419  
0.01433780461  
-0.1515934331  
-0.3022875298  
0.07250097843  
-0.1539460673  
0.03539545641  
-0.2726361041  
0.1973097857  
0.03083617528  
-0.0949736674  
0.00654872754  
0.4534438571  
-0.003047167996  
-0.2770459288  
-0.5607635736  
-0.2595321789  
-0.5015134251  
-0.1375459294  
-0.1464812884  
-0.1448086182  
-0.05936155725  
-0.5058478904  
-0.05482738056  
-0.2140282149  
-0.4749883512  
0.1094500105  
-0.2629997551  
0.2974952686  
0.1248142346  
0.161640506  
0.380446298  
0.2729917463  
-0.05126788418  
0.2910926388  
-0.1130908262  
-0.9172138217  
-0.9921060645  
-0.4654605636  
-0.7131033578  
-1.20921116  
-1.316310184  
-0.7861644237  
-1.150949626  
-0.3198804535  
-0.7000878575  
-1.059124788  
-0.9435024646  
-0.5404540384  
0.05711412708  
0.4849336203  
-0.0595240469  
-0.004748658951  
0.3393120173  
0.07004249392  
0.766918544  
-0.1500953392  
-0.08090724698  
0.1503993722  
0.3032889636  
0.3738746824  
1.115820683  
0.1866785949  
0.3038377231  
-0.3654289487  
-0.04065130055  
-0.9901662095  
-0.5417190416  
-0.7881153393  
-0.9569273878  
-0.9361630976  
-0.9086632471  
-0.678488054  
-0.7935415188  
-0.9690191416  
-1.599796032  
-1.396317711  
-1.096073474  
-0.92843393  
-0.8183247801  
-1.052271986  
-0.624896547  
-0.4548665905  
0.2523961296  
0.05306990157  
-0.2354801716  
-0.1919932874  
-0.0728583208  
-0.3449139194  
-0.7885840551  
-1.032962529  
-0.6819370252  
-0.3504594469  
-0.6022603686  
-0.7153110889  
-0.7030527477  
-0.5066763529  
-0.4984717218  
-0.3784847224  
0.1618895934  
-0.4385070746  
0.1590437229  
0.6097492292  
0.5089542119  
0.5754913542  
0.8059145899  
1.156079485  
1.240232354  
0.986522693  
0.922272615  
1.243343989  
1.124503109  
0.8239038296  
1.059433001  
0.1648249743  
0.7938692288  
0.7780211787  
0.7229187655  
0.335996224  
1.157184288  
0.7523844272  
0.7973895739  
0.2425985651  
0.839706314  
0.7352468131  
1.156715368  
0.8057246869  
1.056935307  
1.298845165  
0.5209233351  
0.8605106842  
0.8162872749  
0.598535809  
0.5064741299  
0.206262347  
0.6527470954  
0.6592905778  
0.7816480822  
0.7262072227  
0.3314889478  
0.4235333825  
0.5846927269  
0.3633722707  
0.289442884  
0.574704835  
0.6314885894  
0.3202952214  
0.02696348315  
-0.4751902718  
0.5286847942  
-0.379731751  
-0.2528740309  
-0.6788516746  
-0.7137773099  
-0.3583422399  
-0.2474445827  
-0.6323703413  
-0.6127210368  
-0.1791580146  
-0.2928212014  
-0.5313596741  
-0.2727677502  
-0.2561743024  
-0.1358630865  
0.3984766359  
-0.3936709408  
-0.2877635837  
-1.011484276  
-0.9275787092  
0.1505843219  
