2793.92399  
2786.405582  
2787.053067  
2785.730609  
2785.684368  
2789.764606  
2796.539486  
2790.204775  
2789.272763  
2790.676682  
2790.172924  
2786.39904  
2787.626687  
2785.773053  
2786.852134  
2791.036608  
2791.419145  
2797.970312  
2800.17975  
2794.053926  
2784.651544  
2785.209733  
2790.907142  
2786.993817  
2792.549604  
2791.727538  
2782.508355  
2791.636027  
2790.326826  
2779.871877  
2794.928861  
2794.817661  
2786.330259  
2782.824164  
2787.088851  
2782.185612  
2778.750179  
2777.998779  
2782.374857  
2782.987935  
2788.102642  
2794.319977  
2787.847329  
2778.918849  
2792.942293  
2784.653532  
2791.519643  
2779.563563  
2784.435903  
2797.043487  
2803.807364  
2809.023136  
2815.521481  
2814.524991  
2804.080469  
2799.591784  
2787.15637  
2780.452705  
2796.71308  
2793.261724  
2786.999353  
2779.793142  
2789.256982  
2781.597753  
2788.607085  
2793.276345  
2786.89928  
2786.171224  
2796.702073  
2797.587937  
2785.963553  
2785.231918  
2792.181312  
2794.369299  
2779.704877  
2786.14817  
2786.59019  
2790.871212  
2803.754685  
2790.332025  
2798.55815  
2798.705889  
2791.470155  
2801.84858  
2794.916818  
2813.921688  
2813.44909  
2813.511896  
2811.725501  
2811.381429  
2802.266468  
2790.017215  
2778.764598  
2784.729315  
2776.298979  
2777.773269  
2787.60492  
2788.120223  
2787.388454  
2778.177755  
2789.728011  
2795.278765  
2790.268276  
2793.195107  
2800.519666  
2811.885997  
2801.961  
2800.628577  
2801.103809  
2799.89386  
2798.89482  
2803.789624  
2805.578747  
2794.292156  
2778.657684  
2789.131223  
2780.488641  
2783.894707  
2789.513644  
2780.094387  
2791.163148  
2789.212093  
2779.723948  
2785.488443  
2775.039152  
2774.620894  
2772.033754  
2777.161962  
2778.408316  
2775.373091  
2783.136529  
2782.994485  
2782.248032  
2782.48892  
2785.490199  
2794.772001  
2808.440629  
2810.421837  
2804.023512  
2793.296983  
2780.353358  
2772.975467  
2755.445092  
2763.050211  
2772.404515  
2768.823122  
2756.531071  
2778.842616  
2793.297475  
2805.92524  
2810.157433  
2805.080172  
2803.679881  
2791.26648  
2784.073805  
2758.43318  
2751.301011  
2758.344218  
2762.760526  
2767.023609  
2777.299659  
2777.61015  
2772.140518  
2773.565593  
2780.198473  
2771.567274  
2771.54341  
2775.823694  
2771.15468  
2782.895278  
2780.651821  
2787.08578  
2804.464667  
2811.717523  
2806.580906  
2798.199992  
2819.509295  
2822.999336  
2813.590363  
2812.035573  
2806.081339  
2800.956286  
2791.371042  
2777.057413  
2777.660215  
2784.9065  
2776.260998  
2789.093094  
2783.150279  
2777.219139  
2798.54074  
2791.816278  
2805.804378  
2793.937795  
2792.551954  
2783.978369  
2784.396263  
2767.33291  
2771.560758  
2772.69016  
2783.450323  
2768.730525  
2762.29836  
2765.08931  
2771.399214  
2767.001783  
2775.149859  
2782.342057  
2781.411598  
2782.017388  
2793.971199  
2781.518768  
2787.761761  
2787.052113  
2792.974393  
2794.672626  
2804.519274  
2806.902187  
2796.209013  
2792.846198  
2785.463683  
2770.533836  
2770.740693  
2758.079719  
2759.697773  
2754.069287  
2768.535042  
2775.227529  
2779.165566  
2779.189358  
2760.906953  
2764.175267  
2771.993461  
2784.786717  
2772.340678  
2778.082541  
2791.304261  
2781.407173  
2784.777165  
2791.350139  
2781.57697  
2792.259362  
2784.481389  
2778.324004  
2785.330182  
2782.237859  
2792.36929  
2787.157676  
2799.068462  
2789.244952  
2787.84062  
2786.515709  
2786.258722  
2784.938544  
2784.892935  
2798.883112  
2795.997528  
2799.936027  
2806.245856  
2811.128311  
2806.827336  
2806.32244  
2784.013121  
2777.423794  
2755.754358  
2763.108776  
2757.492158  
2779.000358  
2770.630895  
2767.745236  
2764.206302  
2780.014948  
2779.997812  
2789.820689  
2784.786757  
2791.169758  
2794.130638  
2793.896097  
2791.560426  
2788.266727  
2789.031817  
2804.473208  
2791.197697  
2803.154414  
2804.190866  
2797.335795  
2796.701077  
2791.961064  
2791.999143  
2779.71591  
2779.245072  
2788.775251  
2788.214053  
2798.413376  
2798.366177  
2804.30761  
2809.647685  
2804.725365  
2797.7018  
2775.7248  
2775.464192  
2782.698108  
2772.317387  
2776.453139  
2778.061947  
2769.009707  
2783.339919  
2794.77415  
2796.574018  
2786.462508  
2792.991756  
2807.312934  
2804.124746  
2798.794827  
2810.602041  
2797.420501  
2807.326657  
2799.086576  
2803.9866  
2800.935805  
2794.555699  
2800.057729  
2797.684879  
2798.986  
2779.146709  
2786.075008  
2776.217868  
2786.124133  
2781.870539  
2786.335621  
2789.04454  
2807.544443  
2804.518593  
2788.461071  
2803.350416  
2802.051796  
2789.216422  
2783.951801  
2787.021043  
2782.675049  
2785.545807  
2784.847877  
2788.348774  
2800.621272  
2789.636001  
2790.439258  
2790.249953  
2780.387065  
2780.859695  
2785.46388  
2779.945611  
2778.536938  
2790.908137  
2786.625673  
2792.408615  
2793.440807  
2800.630781  
2799.035703  
2797.657249  
2799.369329  
2809.019621  
2804.005656  
2793.724515  
2794.159159  
2790.280202  
2794.115964  
2795.309097  
2795.426635  
2785.485835  
2789.313218  
2795.055276  
2790.943765  
2794.116272  
2796.242273  
2794.957557  
2784.44404  
2784.603481  
2775.59069  
2782.533532  
2772.436922  
2774.302714  
2779.600581  
2781.866106  
2786.50339  
2782.093188  
2774.962625  
2780.438557  
2776.586208  
2786.968583  
2775.779965  
2776.36727  
2782.695676  
2790.718842  
2784.697965  
2785.258888  
2782.84018  
2801.824099  
2799.322638  
2795.603535  
2799.439325  
2811.682607  
2807.374694  
2798.357099  
2787.151907  
2789.43544  
2774.010659  
2769.612491  
2757.467281  
2760.65235  
2774.599823  
2782.568921  
2783.867534  
2774.166833  
2776.402361  
2781.331731  
2778.616078  
2784.623325  
2781.435872  
2785.870187  
2774.22386  
2778.109511  
2773.99046  
2778.235306  
2771.471774  
2771.475966  
2778.572745  
2778.44622  
2785.17423  
2785.113759  
2779.519486  
2783.036125  
2785.76584  
2790.004734  
2788.87397  
2780.185067  
2780.429781  
2775.791082  
2775.97822  
2778.559314  
2777.487912  
2776.334679  
2774.799034  
2780.021136  
2784.188976  
2774.374248  
2781.870776  
2777.128193  
2765.238383  
2787.816067  
2775.313681  
2783.267806  
2766.432889  
2784.670749  
2777.362345  
2790.063413  
2777.617102  
2778.240895  
2784.210405  
2796.30445  
2797.519529  
2789.063047  
2789.92131  
2782.838869  
2777.935049  
2781.565224  
2779.642831  
2801.527876  
2792.288508  
2786.164375  
2790.677358  
2776.669663  
2776.423842  
2791.170459  
2785.712969  
2793.493273  
2786.120145  
2798.080412  
2789.547889  
2793.328191  
2779.682268  
2769.316582  
2774.769866  
2786.615938  
2801.41064  
2804.163654  
2796.744737  
2800.660993  
2790.351285  
2812.924084  
2790.999147  
2790.976625  
2795.32577  
2794.271201  
2790.634379  
2795.326716  
2813.768928  
2815.310877  
2805.000353  
2822.384075  
2802.662038  
2792.179206  
2797.75519  
2786.429599  
2768.725834  
2768.482505  
2766.888542  
2772.949964  
2781.026849  
2782.412432  
2768.826397  
2774.019053  
2774.753694  
2776.778945  
2776.332187  
2767.233182  
2764.256787  
2772.097244  
2774.780518  
2768.903109  
2780.574168  
2773.904269  
2768.496853  
2770.022578  
2783.810494  
2775.319486  
2773.405965  
2776.16152  
2789.226515  
2781.442945  
2778.047451  
2779.2951  
2777.198349  
2777.223213  
2782.575584  
2781.5747  
2776.529942  
2782.787394  
2776.700748  
2780.142602  
2780.967803  
2789.66436  
2788.241601  
2781.38328  
2797.08806  
2792.521415  
2798.625035  
2801.854281  
2797.331411  
2808.570183  
2804.16787  
2819.22101  
2803.198012  
2802.081111  
2793.908314  
2790.688872  
2792.89195  
2777.01016  
2785.776876  
2785.750169  
2775.183191  
2774.297064  
2789.775074  
2793.129725  
2781.88449  
2778.649613  
2781.949177  
2778.301475  
2774.742121  
2784.010391  
2771.966504  
2782.460005  
2795.092549  
2788.568051  
2782.372177  
2784.486553  
2801.004758  
2797.228043  
2798.324623  
2785.460965  
2782.738997  
2776.618706  
2774.432218  
2767.610819  
2766.336222  
2767.48234  
2754.668538  
2759.534743  
2768.375099  
2777.409412  
2779.078389  
2768.312606  
2776.498965  
2776.844822  
2786.561974  
2781.300123  
2779.849214  
2792.270176  
2774.844003  
2781.357875  
2798.114198  
