2905.028484  
2901.269  
2904.828606  
2905.400617  
2901.308268  
2895.939327  
2893.010074  
2895.305626  
2876.939588  
2884.260305  
2880.607109  
2883.682877  
2879.152881  
2893.214059  
2893.722065  
2888.101471  
2878.198616  
2882.905401  
2891.694122  
2886.24697  
2880.954181  
2877.692643  
2875.27704  
2874.043078  
2868.894083  
2870.6927  
2865.360433  
2857.022466  
2869.421256  
2876.401435  
2878.387375  
2884.025243  
2883.155478  
2890.534456  
2888.276234  
2896.000597  
2891.089598  
2897.428935  
2887.00974  
2898.767299  
2887.33519  
2891.013982  
2881.349597  
2888.435252  
2888.385572  
2888.081379  
2893.60083  
2892.78806  
2885.626899  
2881.824261  
2886.085437  
2888.279246  
2902.866424  
2903.148784  
2894.553516  
2902.013303  
2903.497402  
2902.385373  
2891.10053  
2898.406399  
2883.501541  
2887.418991  
2900.219758  
2899.955328  
2896.270883  
2894.114034  
2893.065059  
2888.30973  
2889.481005  
2891.409137  
2886.881237  
2885.506125  
2883.865064  
2883.005026  
2892.227043  
2887.327151  
2890.902487  
2887.415465  
2884.975614  
2895.411143  
2892.064095  
2886.852928  
2888.87166  
2889.865988  
2895.801443  
2893.332021  
2892.038296  
2893.383293  
2893.124794  
2888.041414  
2893.085193  
2905.38559  
2891.041488  
2908.942268  
2919.133322  
2913.280732  
2913.891991  
2909.007455  
2899.064064  
2895.75578  
2896.30865  
2883.55824  
2887.792397  
2889.270478  
2899.201682  
2910.537862  
2921.360094  
2913.380685  
2901.604163  
2907.394081  
2905.069878  
2897.551275  
2904.019692  
2893.440685  
2899.34537  
2894.657797  
2888.659592  
2897.866474  
2890.609318  
2888.323097  
2890.847398  
2894.088036  
2894.363347  
2895.302955  
2896.253192  
2906.031869  
2905.532957  
2896.074196  
2894.028297  
2895.827337  
2893.899715  
2891.327256  
2892.30008  
2892.131736  
2889.567726  
2892.154  
2894.115903  
2892.712692  
2902.567326  
2893.6611  
2901.014588  
2896.544235  
2903.853664  
2904.054728  
2899.524955  
2900.790332  
2898.054426  
2899.032874  
2899.199114  
2896.158409  
2890.603837  
2895.587262  
2889.954136  
2898.855494  
2889.859801  
2896.24109  
2893.491272  
2896.216445  
2897.390376  
2890.167559  
2889.637738  
2896.234559  
2905.286886  
2901.177664  
2893.608246  
2894.807492  
2895.489475  
2902.18215  
2903.092528  
2893.715588  
2887.304312  
2890.695546  
2892.602441  
2902.249379  
2890.115988  
2892.21147  
2887.023816  
2889.890049  
2885.771799  
2879.980988  
2880.955929  
2890.798149  
2887.207658  
2880.375306  
2884.082402  
2888.280245  
2890.850869  
2884.579516  
2888.63968  
2885.408077  
2891.133623  
2893.279152  
2892.521022  
2885.688175  
2893.421759  
2893.228165  
2889.849115  
2893.508341  
2891.844583  
2884.981642  
2891.929691  
2879.325249  
2880.075482  
2882.620031  
2886.98016  
2890.239089  
2889.921521  
2888.920939  
2895.530381  
2898.888117  
2904.380744  
2900.420732  
2905.03231  
2900.156324  
2902.503786  
2904.179391  
2907.506716  
2905.475296  
2901.804685  
2900.910482  
2902.007047  
2896.699258  
2894.371447  
2896.381737  
2899.786591  
2893.063477  
2886.40607  
2893.354383  
2889.701938  
2895.867481  
2887.835745  
2887.100844  
2890.314139  
2892.24382  
2894.319301  
2894.610434  
2897.902367  
2900.372368  
2894.428138  
2890.079204  
2900.474854  
2894.049162  
2904.426847  
2899.249412  
2899.8249  
2913.279434  
2905.096815  
2902.143769  
2906.70567  
2903.54577  
2902.590422  
2894.3326  
2897.885817  
2902.885637  
2896.071775  
2891.038143  
2892.374705  
2891.660597  
2897.321063  
2896.181063  
2894.2203  
2899.330473  
2888.771234  
2893.43844  
2897.067599  
2894.610816  
2893.994671  
2894.152791  
2891.620899  
2900.023567  
2898.391556  
2897.756506  
2899.954945  
2898.488765  
2897.731067  
2894.828826  
2896.334366  
2890.107176  
2892.479183  
2886.442873  
2894.399468  
2897.869186  
2889.674124  
2898.446428  
2880.574459  
2881.723357  
2882.127569  
2883.736828  
2886.216822  
2884.991385  
2887.544965  
2883.178405  
2880.596269  
2890.709216  
2895.816396  
2895.624108  
2889.761272  
2885.218123  
2893.533695  
2884.045253  
2881.544085  
2884.719341  
2888.782997  
2884.748899  
2888.016755  
2883.816134  
2890.80869  
2889.871327  
2885.303135  
2889.386302  
2892.442032  
2898.012441  
2897.426689  
2900.709084  
2908.875565  
2903.843831  
2895.323812  
2894.24542  
2900.431282  
2907.695699  
2897.122104  
2900.586739  
2900.645831  
2901.631578  
2899.359501  
2893.373512  
2883.095347  
2890.349068  
2894.310499  
2889.844783  
2886.683154  
2892.384227  
2894.432886  
2898.644655  
2901.028983  
2887.399938  
2895.920775  
2888.576518  
2887.657905  
2887.394564  
2884.029996  
2893.557517  
2892.64848  
2897.054577  
2901.472378  
2899.179971  
2895.760332  
2894.985313  
2888.862508  
2888.973533  
2884.675188  
2892.260843  
2890.69681  
2891.640028  
2893.923665  
2888.040362  
2900.958577  
2896.462392  
2902.911195  
2896.353791  
2886.656866  
2882.826857  
2890.612329  
2887.136799  
2885.455759  
2889.672632  
2892.510892  
2883.782531  
2896.996399  
2892.603031  
2895.332532  
2898.582673  
2900.188482  
2899.594368  
2888.447719  
2887.877228  
2885.668239  
2886.628214  
2879.502822  
2887.433382  
2884.352447  
2889.540971  
2891.988855  
2891.807163  
2887.922027  
2876.541387  
2885.71151  
2881.274158  
2879.992068  
2883.870675  
2894.605922  
2890.180011  
2895.683502  
2874.456873  
2891.125307  
2886.910075  
2884.152386  
2886.864641  
2884.193085  
2900.352739  
2897.588321  
2898.948105  
2899.126308  
2896.008445  
2905.012433  
2898.051562  
2896.634845  
2893.71554  
2892.636684  
2893.453576  
2894.602603  
2892.144796  
2891.249875  
2882.524243  
2899.53883  
2892.273131  
2887.096782  
2891.16974  
2886.294039  
2888.712683  
2887.253929  
2882.789955  
2887.343371  
2881.013002  
2889.073682  
2883.294513  
2883.596186  
2881.206766  
2888.535944  
2891.744836  
2892.465177  
2893.000922  
2894.281625  
2891.342127  
2897.196755  
2888.807022  
2891.342748  
2888.625563  
2892.790836  
2887.311321  
2895.522782  
2893.03069  
2886.869813  
2884.075278  
2883.468243  
2892.021354  
2888.162308  
2893.65812  
2879.833709  
2890.126353  
2897.8763  
2900.562598  
2905.242866  
2903.423261  
2907.325996  
2899.856396  
2899.171211  
2903.072693  
2902.274828  
2903.307279  
2896.939456  
2894.249931  
2894.733603  
2898.595647  
2897.437822  
2889.261422  
2898.910043  
2900.993898  
2896.306753  
2896.804274  
2887.950557  
2881.10802  
2880.446618  
2883.172142  
2888.265664  
2888.250848  
2887.990534  
2878.039821  
2887.455925  
2889.647329  
2886.377159  
2897.592526  
2884.845323  
2889.014361  
2886.904617  
2883.663165  
2885.35363  
2880.265472  
2885.654399  
2891.664579  
2890.658433  
2891.777501  
2888.244778  
2886.772716  
2888.399071  
2886.271181  
2878.890961  
2888.645957  
2887.988786  
2882.637723  
2885.179285  
2885.302734  
2886.275965  
2889.299848  
2880.090246  
2880.488936  
2879.996748  
2887.856838  
2888.343851  
2884.727195  
2892.507381  
2895.675506  
2900.871611  
2899.854895  
2901.408912  
2901.741353  
2897.577916  
2902.337519  
2905.891978  
2908.817392  
2900.761646  
2897.049782  
2900.331047  
2897.819393  
2897.419988  
2890.264753  
2887.868924  
2895.174643  
2890.623982  
2890.238178  
2892.090313  
2891.309168  
2892.848602  
2883.305812  
2897.486147  
2891.20415  
2888.73436  
2885.609746  
2888.098758  
2891.447084  
2888.421329  
2880.718474  
2882.810399  
2882.705685  
2888.761564  
2877.786234  
2893.383987  
2886.689548  
2885.525849  
2876.563567  
2878.283143  
2882.697585  
2874.509294  
2880.332941  
2871.516882  
2879.041518  
2884.374593  
2878.620237  
2884.588095  
2885.207624  
2890.577846  
2894.814298  
2887.79681  
2894.585996  
2897.557204  
2901.996165  
2884.945417  
2886.85148  
2889.291611  
2884.911241  
2887.913104  
2885.943867  
2881.132417  
2884.235815  
2887.222473  
2883.151949  
2886.138883  
2888.293712  
2892.293839  
2880.82571  
2881.945983  
2886.871125  
2889.565419  
2884.695557  
2892.950787  
2889.992545  
2895.543006  
2892.118267  
2879.293307  
2894.981355  
2890.970538  
2884.183985  
2890.867356  
2894.413059  
2896.291548  
2892.020332  
2898.081179  
2894.297996  
2885.478654  
2886.324437  
