0.09343753769  
0.9594448941  
1.282273905  
0.8539203069  
0.9154861374  
1.049392737  
0.6467279032  
-0.03639983153  
-0.09994274012  
0.1526729006  
0.04964846775  
0.6513953677  
0.4515212121  
0.9193872762  
0.7739594423  
0.329734189  
-0.729761293  
-1.120402822  
-0.6590604854  
-0.8171087546  
-0.4090405709  
-0.6171357884  
-1.380750566  
-2.436008822  
-2.352548301  
-1.905298382  
-2.513811061  
-1.670012364  
-1.450222867  
-1.267158412  
-1.112215893  
-0.4452704746  
-0.5078951091  
-0.4227185076  
0.04454834519  
0.10555455  
0.5601179963  
0.4052599511  
-0.1721443108  
0.2139941991  
0.3609558202  
-0.008338942151  
0.06361734857  
-0.2829545773  
-0.2045868945  
-0.5999384326  
-0.5673303318  
-0.6514395997  
-0.03420361516  
-0.2209057504  
0.692292715  
0.6655909015  
1.044589978  
0.978249854  
1.246242697  
1.801459712  
1.872789859  
1.425796593  
1.207513898  
0.4758566002  
0.3324147664  
0.3813769995  
0.6928007719  
-0.1159191284  
0.1675433294  
0.2113705451  
0.3677960869  
0.6098044012  
0.9432896774  
0.6987505049  
0.1433754708  
-0.0397611359  
-0.3193656276  
0.2502824725  
0.05553054643  
0.19468178  
0.4949816189  
-0.06673394381  
-0.2927320718  
-0.0851323294  
-0.6228037953  
0.1058246338  
-0.09194254909  
0.4659075055  
0.4925639198  
0.058076911  
0.3584962897  
0.6873347568  
-0.02449936415  
0.1258675732  
1.00361496  
1.953519418  
1.853250534  
3.414857891  
3.527878888  
3.18411183  
2.475040283  
1.990864699  
0.8536518733  
0.08360213282  
-0.3950677506  
-0.8912694484  
-0.2824117772  
0.708884948  
0.4807355989  
1.631336386  
1.75980852  
0.8236311571  
2.418639294  
1.693578024  
1.019195514  
0.4881218664  
0.6323460618  
0.4074795029  
0.5451855872  
0.08915191664  
0.3791387909  
0.7403334296  
-0.08933991134  
0.1386390586  
0.6698028004  
0.6563031756  
0.3869388926  
0.1760233413  
0.6417315626  
0.4514883805  
0.5290161711  
0.878733968  
0.2099510717  
0.4452230949  
0.08185322588  
0.5171320642  
-0.3435784983  
-0.1836905152  
-0.420783693  
-0.2711912318  
-0.1912944024  
0.2531346554  
0.3976049792  
0.2583165317  
0.3151286176  
0.3084403055  
0.5589850853  
1.025817735  
1.2611842  
0.2959236338  
0.889159316  
0.2699717382  
0.2922222272  
0.1647498383  
-0.05614689697  
0.3495299306  
-0.4192429797  
-0.4494087411  
-0.3092635279  
-0.2942598249  
-0.3501237516  
-0.3361673921  
-0.1230970131  
-0.2753274666  
0.01367194819  
0.2928456176  
0.519557379  
0.5678143132  
0.3284541412  
0.6823180827  
0.7906763258  
0.5473880378  
0.2968124015  
0.2367334274  
0.3674211283  
-0.1002606401  
-0.1932663179  
0.265731291  
-0.0115981127  
-0.101172318  
0.2476958305  
-0.01605959301  
-0.4946723443  
-0.2705465641  
0.005231253038  
-0.4353501732  
-0.633957773  
-0.2284187245  
0.1294528403  
-0.3042890786  
0.09204416555  
0.3185831711  
0.03388872245  
0.3259030317  
-0.1349890694  
0.6958039336  
-0.3935816573  
-0.5404523563  
-0.2350593378  
-1.016444086  
-0.7731448564  
-0.9298669215  
-0.708033818  
-0.9400350918  
-0.9356947451  
-1.287565331  
-0.6848161202  
0.05612563181  
-0.8650658761  
-0.321820955  
0.07084632983  
-0.09147905514  
0.1258723011  
0.7638928151  
0.4869504198  
0.3084692317  
0.7427961508  
0.1975917931  
0.1330421085  
0.1586262991  
-0.06494995805  
0.4378395439  
0.462883946  
0.0944072622  
0.3048605423  
-0.3562604837  
-0.09377387137  
-0.5424067004  
0.0574633215  
-0.05862816139  
-0.276554793  
-0.1729470856  
-0.4435124956  
-0.4616972012  
-0.1459294752  
-0.1694756685  
-0.5591800553  
-0.5192039707  
-0.5357686187  
-0.07034410972  
0.01701668932  
-0.2680279078  
0.1809349091  
-0.7358493399  
-0.4535589966  
-0.1516125235  
0.1671149631  
0.5710569579  
0.3878775986  
0.9245297275  
0.6291333343  
1.015318938  
0.6296651835  
0.4808827667  
0.68780701  
0.1120313597  
0.1521209952  
0.001589253697  
-0.09563435466  
-0.06687498863  
0.2818100466  
0.1410534945  
0.2073234785  
0.4795242974  
0.6419796594  
0.6016418878  
0.1788067108  
0.9333763098  
0.6559573037  
-0.1318043727  
-0.207499685  
0.301308094  
0.3566451487  
0.1448311139  
0.2738824646  
0.2263751494  
0.1075654296  
-0.06270520487  
0.3270812322  
0.5122441335  
0.669453556  
0.5562804443  
0.5857564225  
0.3472907362  
0.2102811457  
-0.161214316  
-0.01604052578  
-0.2731064628  
-0.346427308  
-0.5581706438  
-0.4051752448  
-0.6060259203  
-0.9554741535  
-0.2272583011  
-0.3152855651  
-0.3484369186  
-0.3066023833  
-0.5669470768  
-0.08250294757  
-0.4222965841  
0.08024731715  
-0.1843961463  
0.441335702  
0.1733157477  
-0.6097030702  
-0.144888932  
-0.1678860433  
-0.7895083166  
0.04116735592  
-0.1729542509  
0.1565014272  
-0.3004052339  
-0.7603007068  
-0.3706851549  
-0.3690219072  
-0.09296210246  
-0.2543026591  
-0.07337759618  
0.8306007737  
-0.1774083393  
0.3901189878  
-0.07823131165  
0.1924545346  
0.3834949236  
0.03823060572  
0.5544737023  
-0.04824681553  
0.06028153993  
-0.786747064  
-0.6278857495  
-0.3236446758  
-0.8375094457  
-0.6392901435  
-0.5760317993  
-0.02225082635  
-0.1701406441  
0.2595402493  
0.5229467798  
0.6619373492  
0.1440437825  
0.1926908793  
-0.02418699399  
-0.2943545176  
-1.003501443  
-0.555545612  
-1.015591925  
0.3113677559  
0.2117940331  
-0.1114080892  
0.6913227258  
0.3635886017  
0.3993381718  
0.2612096391  
-0.1661458785  
-0.2363017526  
-0.186411862  
-0.2694053379  
0.545439265  
0.5104554288  
-0.4412653762  
0.5858865861  
0.1724774234  
0.4527406172  
0.1525319973  
-0.3863055683  
0.3301014318  
0.06109107213  
-0.5827718995  
-0.5427257342  
-0.3520401004  
0.1136436869  
0.01625887527  
0.02428399316  
0.4254088628  
0.272331766  
1.341612167  
1.123243304  
0.4527547913  
0.2922146214  
-0.3710367208  
-0.8004158862  
-0.8126723984  
-1.107476408  
-0.6651986138  
-1.077158705  
0.1175449856  
-0.6248286502  
-0.3676444229  
0.02670264755  
-0.2061644301  
-0.3567028113  
-0.5961107988  
-0.3984153541  
-0.4079872434  
-0.1266987138  
-0.2750853169  
-0.5618152639  
-0.5838457152  
0.1046551002  
-0.3483567505  
-0.5933887746  
-0.5821834852  
-0.3827463665  
0.1939450165  
0.05035723707  
0.3934212305  
0.2896009407  
0.1115192167  
-0.2144008894  
0.09990451144  
-0.07677919832  
0.2973891089  
-0.2290712184  
-0.1391902143  
0.1469301858  
-0.3298499753  
0.07934574324  
-0.3243815556  
0.192507802  
-0.5452670215  
-0.2227270886  
0.1006800102  
-0.4380227883  
-0.4136936  
-0.3697378965  
-0.2537359015  
0.09628705786  
-0.361421983  
0.1138250443  
-0.1187522429  
-0.3521360852  
-0.5386502862  
0.01856858309  
-0.3116780276  
0.4437048656  
0.08889730794  
0.3837699955  
-0.3921728057  
0.2096979069  
0.01432826337  
-0.3703958025  
-0.2514422096  
-0.2110743206  
-0.2517321866  
-0.03747605781  
-0.5765713516  
-0.5078362522  
-0.3183455103  
-0.2386066458  
-0.4336659155  
-0.3924875049  
-0.3670065416  
-0.3278193838  
-0.4497103615  
-0.9103485889  
-0.01008793152  
-0.1093620192  
-0.2714830116  
0.2510773146  
0.1746102486  
1.155740799  
1.018694476  
0.2244135232  
0.1643749121  
-0.2624827623  
0.4863990353  
0.1895481957  
-0.007626160954  
-0.9117213089  
-1.044060545  
-0.2129081381  
-0.6190599197  
-0.3575276667  
-0.5103508992  
-0.3833806382  
-0.4032922847  
-0.7330913452  
-0.9777837409  
-0.2108845319  
-0.4542680935  
-0.310616672  
-0.6952460184  
0.002126241823  
-0.007553330645  
0.07472787785  
0.1837451963  
-0.5209441712  
0.08609178154  
0.05196002801  
0.165371219  
-0.4897180949  
-0.688105581  
-0.4722593804  
-0.5536168878  
-0.2526509122  
-0.2145761353  
-0.3534517127  
-0.3174090172  
-0.5054526884  
-0.4763723812  
-1.336011983  
-0.3712340947  
-1.262814091  
-0.9553819715  
-0.4949322083  
-0.7287525503  
-1.079840331  
-0.8441276595  
-0.8325296692  
-0.8621960363  
-0.9886613378  
-0.4688464942  
0.01609856751  
0.1955410049  
-0.09088303335  
-0.01467770881  
0.7902575915  
0.7726113217  
0.4931460876  
0.9834376799  
0.7205893378  
0.7484847259  
1.110247406  
1.007178262  
0.9507066444  
0.694105879  
0.8263785259  
0.6584258917  
-0.04209346053  
-0.0934160781  
-0.3380334302  
-0.410831147  
-0.8171190365  
-0.5825268243  
-0.3911267657  
-0.9884210974  
-0.5533621215  
-0.5358027934  
0.4006742818  
-0.3498398126  
-0.5282010519  
-0.01502457837  
-0.05049162839  
-0.2963407303  
-0.5293733001  
-0.441493373  
-0.6220568099  
-0.1572767884  
-1.172521252  
-0.5285299179  
-0.4290496991  
-0.5042647621  
-0.9067221445  
-0.5167509838  
-1.193234046  
-0.4361329364  
-1.424566042  
-0.9975681688  
-0.2465169182  
-0.6192455855  
-0.8676282403  
-0.5592148065  
-0.122774886  
-0.1936300501  
0.06141321693  
0.02390012892  
0.2212150381  
0.1159595585  
0.6802043736  
0.3512653489  
0.3327090178  
0.01626280585  
-0.3550639726  
-0.03038960029  
-0.4696106421  
-0.1613274098  
-0.8333130665  
-0.4809343488  
-0.3711735695  
-0.1726011585  
-0.08615686261  
-1.022439072  
-0.5804270675  
-0.3599864885  
-0.5808932585  
-0.07732489458  
-0.6915634341  
-0.4924270969  
0.4466218097  
0.6601369125  
0.4319148726  
-0.01587968608  
0.5042021408  
0.5346837963  
0.853770329  
1.143840357  
1.004243774  
0.8819032928  
0.9543589914  
0.5435356522  
-0.122044212  
-0.09246740553  
-0.8174201277  
-0.6079691835  
-0.1804983742  
0.09898399417  
-0.571042527  
-0.4352159709  
0.2549668199  
0.4533517903  
0.6881783418  
0.284719891  
0.6290539228  
-0.6048117684  
-0.08030426979  
-0.08218167652  
-0.4262692075  
0.1232202476  
0.1502904801  
0.1148449057  
0.0623835601  
0.5866574651  
0.07233066713  
0.9242705048  
0.411590522  
0.4118538193  
0.3438876623  
0.391363919  
-0.2175123148  
0.1310830502  
0.5611548782  
-0.173530611  
0.6798198753  
0.6085420865  
0.5649133191  
0.2871650954  
0.1072646747  
0.4096495456  
-0.04072598758  
-0.1739490826  
-0.5643945498  
-0.03206599864  
-0.04375425104  
-0.3260611912  
0.4014697659  
0.2806670721  
0.3411079063  
0.03480216159  
0.3283339307  
0.2387392711  
0.4649922367  
0.5762364051  
0.4648934418  
0.9501155252  
1.041270562  
1.068970163  
1.34481925  
1.35776117  
0.7387576821  
0.3310031126  
-0.04104948579  
-0.2179713792  
0.229679884  
0.1078201491  
0.2864072356  
0.08147028046  
0.7593457801  
0.2981020836  
0.4289711587  
-0.09271853147  
0.1349664947  
0.1010661689  
0.5008368794  
0.9217018643  
0.1281378043  
0.05914777702  
-0.09266417362  
-0.1360350951  
-0.3279369852  
0.2217396867  
0.2364525087  
0.3411650398  
0.6317156281  
0.4819755834  
0.6089005814  
0.7603167367  
0.403575526  
0.605729829  
1.350818625  
1.978029552  
2.33141572  
2.043081346  
1.141926973  
0.4527696219  
0.2725141086  
-0.4194532851  
-1.134769184  
-1.082393979  
-0.9646834588  
-0.7063967033  
-0.01288852879  
-0.1441062458  
-0.3149444861  
-0.173683738  
-0.3253548296  
0.1759314363  
0.5882582508  
0.365867702  
0.7298008728  
0.8541075617  
1.096007226  
1.021503855  
0.6385073392  
0.5594650168  
0.6890083074  
0.7909369451  
0.6480159092  
0.1936207085  
-0.6983434214  
-0.09268678787  
-0.01582263618  
-0.7160927861  
-0.2060725018  
-0.3676378271  
0.2677915387  
-0.2937527464  
-0.7992067561  
-0.4756048561  
-0.2476137262  
-0.2116823036  
-0.2521818738  
-0.2486987459  
-0.3621735728  
-0.2516339625  
-0.1338847361  
0.1934581184  
-0.5546754685  
0.003117290867  
0.02004559939  
0.3254042929  
0.7300797656  
0.5143247218  
0.8022952799  
0.4954328179  
-0.2157587745  
-0.9313319594  
-0.8345948895  
-0.6274905441  
-0.3440543337  
-0.8753189063  
-0.7224796529  
0.0117716954  
0.8573728144  
1.819671111  
1.405364797  
1.240319764  
1.115009693  
0.5620171834  
-0.683605728  
-0.9565803333  
-0.8891566939  
-0.9152251731  
-0.9344627802  
-1.571300896  
-0.8063780377  
-1.24667494  
-0.4174546751  
-0.3643259828  
-0.01421933752  
-0.4150931237  
-0.57778712  
-0.09812868223  
-0.6402308284  
-0.7641698514  
-0.3222328923  
-0.1143853286  
0.4073755427  
0.9931062951  
0.9528390846  
0.7540451017  
1.0500108  
1.231561243  
1.176827595  
1.02102507  
0.8300604572  
-0.181873102  
-0.08691313538  
-0.2001109394  
-0.04925381166  
-0.002957314232  
-0.6851136513  
0.6042780973  
0.6982435749  
0.2079270412  
0.7339574837  
0.5168371965  
0.7940165923  
0.7501247295  
0.001912196353  
0.07091256499  
-0.543456589  
-0.3799184715  
-0.6432107332  
-0.8527688959  
-0.8798961351  
-1.320469088  
-1.113704086  
-1.140555482  
-0.4291811415  
-0.9778730396  
-0.6720927921  
-0.6328694188  
-0.5842674533  
-0.8012266387  
-0.1404124683  
-0.5325276779  
-0.09829026793  
-0.3680309852  
-0.1221151459  
-0.3659565758  
0.1677345127  
0.5307552966  
0.770653255  
-0.3843216856  
-0.5945656697  
-0.6771520159  
-0.8053436075  
-1.062143256  
-1.583771403  
-1.63178727  
-0.8813602601  
-0.08119898286  
-0.2152134202  
-0.5758216793  
-0.8325043291  
-0.6366093437  
-0.6399883514  
-0.3185366067  
-1.078298936  
-0.1718922659  
-0.1381557291  
0.3104546723  
0.3809383497  
0.1264642518  
-0.1951089138  
0.06693314953  
-0.4951753068  
-0.7114152133  
-0.8944598475  
-0.5676697905  
-0.2275982041  
-0.2667457767  
0.2772321213  
0.5760528856  
0.2007490906  
0.07196602397  
-0.370281222  
-0.01460798355  
-0.07074660724  
0.6269549863  
0.4954887338  
0.4238578136  
0.635434407  
0.4705621754  
-0.07069224261  
-0.04829237678  
-0.4837615724  
-1.27932897  
-1.214624815  
-1.23703891  
-1.045543102  
-0.7083156258  
-0.656421404  
-0.7556112085  
-0.9899782681  
-0.6850563459  
-1.293964237  
-0.1990202371  
-0.2052386289  
-0.3592055148  
0.2174254407  
-0.1779012732  
-0.3931242222  
0.3508496044  
-0.04239618901  
0.2497160131  
0.6289496068  
0.9029145542  
0.5581057079  
0.8450940486  
0.8013406514  
0.8405693701  
0.3392478793  
-0.1302195563  
-0.3473608066  
0.2453549067  
-0.1374074756  
1.292663521  
0.5065439175  
0.5031912027  
0.7931298915  
-0.1442511115  
0.2987510239  
-0.1020235092  
-0.245888012  
0.6387323813  
0.1414706344  
-0.06974067698  
-0.3361565637  
-0.414549277  
0.1903097637  
0.3124992707  
0.3338535146  
0.3434215007  
0.6061762085  
1.057175818  
0.5370136066  
0.5618116918  
0.4769785758  
0.08487298971  
0.5093692644  
0.3477380548  
0.6047689933  
0.7177815767  
1.097123908  
0.5091591984  
-0.1701200703  
-0.5707334957  
-0.6801337544  
-0.79239912  
-0.5537703807  
-0.4470361957  
-0.1775750509  
0.2957782394  
0.1353056827  
0.9188936866  
0.9560367131  
0.6291807785  
0.8030552322  
0.3895329425  
0.2842390947  
-0.4681350469  
-0.6115031532  
-0.2400224364  
-0.2180598619  
-0.1654483364  
-0.3860269773  
-0.1685600668  
-0.5668731491  
-0.08461629632  
0.219467242  
-0.4022699127  
-0.7653130385  
0.1152229613  
-0.1145119828  
-0.1515571235  
-0.3932424905  
-0.2130650601  
0.6194856609  
0.4472318093  
0.1593684197  
0.8717943577  
1.043423085  
0.9534019034  
0.8893281266  
1.081530705  
0.4487348641  
0.843242357  
-0.05281779671  
0.2417949127  
0.451805575  
0.5305523336  
0.1464932614  
-0.1872675645  
0.4666912587  
0.3247936696  
0.5874625745  
0.2604429668  
0.4903474415  
0.2575566689  
0.1722862168  
-0.1946509012  
-0.2898187705  
-0.8351401909  
-0.556535413  
-0.1387843838  
-0.419678858  
-0.4754524547  
-0.5012771733  
-0.6483463201  
-0.4462703026  
-0.206112853  
-0.540546473  
-0.8757075816  
-0.09284362621  
0.06752533531  
0.5019030706  
0.006204939301  
0.9027027716  
0.2630335279  
0.7707824597  
0.4003963365  
0.5334553667  
0.2008589095  
0.7244601118  
0.365656038  
0.1221232498  
0.05734845694  
0.4298551701  
-0.01825313723  
-0.6180546738  
-0.7072643732  
-0.7023691956  
-0.06244540894  
-0.8553995393  
-0.4169393191  
-0.2880569665  
-0.6201169074  
0.5034053125  
-0.02592006897  
-0.6423945435  
-0.5729160181  
-0.2716392107  
-0.9610526872  
-0.7900847262  
-0.7484057379  
-0.9473764156  
-0.5237030899  
-0.2153332982  
-0.4657368267  
-0.6200054619  
-0.3369646451  
-0.9156877483  
0.14403667  
0.4439655998  
0.489171554  
-0.05602610877  
0.1389135501  
-0.1191631445  
-0.3862336249  
-0.05594462038  
-0.3406302522  
-0.4403738557  
-0.2213880704  
-0.6377171197  
-0.2420410977  
0.01054814466  
0.1942567599  
0.04169151503  
-0.27577289  
-0.6693981074  
-1.063742911  
-0.4336675784  
-0.7296086487  
-0.5855489963  
-0.3034937274  
-0.02101032034  
-0.3919293975  
-0.1080263347  
0.1974768695  
0.4179333612  
0.8559584574  
0.6942640223  
1.008787452  
0.2911649871  
1.089521634  
0.5744139611  
0.215920287  
0.3850603226  
0.4234166672  
0.701909929  
0.2749705216  
0.9388165393  
-0.1563653692  
-0.235350347  
-0.4108003854  
0.1583470948  
0.06951671551  
0.1668916899  
-0.6103713821  
-0.1186567343  
-0.3292742387  
0.2087056894  
-0.07657204034  
-0.9515529613  
-0.617401136  
-0.1013636165  
0.5869049723  
0.7051068763  
0.1609294259  
0.3674736351  
0.3383785021  
0.2314355914  
0.04757340293  
0.4596390645  
-0.4173670813  
0.3023671169  
-0.07821040565  
0.04946570925  
1.661578643  
1.747785984  
1.089229567  
1.348126221  
1.224062237  
0.7266746735  
0.8956588521  
0.2352850839  
-0.2185467695  
-0.8192177868  
-0.5288085241  
-0.02788489357  
-0.6402086572  
-0.3137163999  
-0.6751133234  
-0.747292799  
-0.5153193396  
-0.5486225559  
-0.9878210411  
-0.9967500819  
-0.485817433  
-0.6947574204  
-0.2990759313  
-0.1697863232  
-0.3354530753  
-0.05631600999  
-0.2993782342  
-0.5396159505  
-0.5979693976  
-0.3741919446  
-0.2305692845  
-0.4206411347  
-0.1237233127  
-0.8625813902  
-0.2205966869  
-0.9132312659  
-0.1031291413  
-0.01482840082  
-0.2916956054  
-0.1105533538  
-0.5064936655  
-0.3291693511  
-0.06837580116  
-0.4215854002  
-0.0425138052  
-0.2065158635  
-0.2596465943  
0.2973752073  
0.6071336472  
0.6245489088  
1.159690603  
0.7547875501  
1.158116509  
0.6090682622  
1.348861033  
1.263816244  
0.431255703  
0.7285760063  
0.4078940862  
-0.1579905853  
-0.06064962361  
-0.05040175614  
-0.1490657934  
-0.2695289104  
-0.235675231  
-0.362753625  
-0.5653338955  
-0.2125411841  
-0.2233989889  
-0.4076894037  
-0.5584149625  
-0.7030594239  
-0.1392354886  
-0.1763840322  
-0.1321216983  
-0.08218620324  
-0.2944748091  
-0.0676826322  
-0.7833146458  
-0.3406833701  
0.2179263007  
-0.3751205744  
-0.3016087312  
-0.2328968539  
-0.9550719298  
-0.2086070447  
-0.9866186151  
-0.9463115936  
-1.30169424  
-1.134117855  
-0.7832378949  
-1.031165927  
-0.6331296323  
0.1911348519  
-0.2653353259  
-0.1919384154  
-0.3597133245  
-0.3573308722  
0.01958009761  
-0.1974691476  
-0.07889513323  
-0.2250927365  
-0.5943602039  
-0.2929362164  
0.4680507177  
