4773.1368  
4754.675113  
4742.783631  
4741.141294  
4741.124866  
4735.451109  
4738.858803  
4747.884232  
4736.427586  
4717.870564  
4723.070489  
4729.813423  
4743.274446  
4752.374444  
4754.18917  
4754.890668  
4775.408197  
4770.486951  
4757.381443  
4755.103039  
4750.732638  
4736.997636  
4710.431809  
4687.508337  
4674.03152  
4664.709286  
4665.804398  
4675.361143  
4674.140148  
4687.826292  
4703.54256  
4722.533654  
4726.102112  
4729.615384  
4735.975944  
4747.664127  
4751.139144  
4740.860269  
4744.135662  
4745.123429  
4752.156344  
4747.318516  
4750.66755  
4755.268855  
4756.195787  
4753.24719  
4761.264034  
4745.560557  
4747.219311  
4746.289976  
4747.359837  
4757.243725  
4761.452069  
4754.368361  
4763.063741  
4747.576456  
4737.642891  
4745.437208  
4752.090821  
4749.094418  
4743.818474  
4732.309948  
4733.390797  
4732.812928  
4733.342604  
4727.19683  
4721.138593  
4727.939721  
4728.184361  
4724.077334  
4715.187862  
4708.57548  
4705.829188  
4698.785333  
4705.428016  
4707.192187  
4714.399488  
4707.146612  
4701.838314  
4699.469505  
4711.167566  
4710.668875  
4706.96753  
4705.669178  
4710.429632  
4709.446384  
4703.594195  
4701.950341  
4711.210037  
4712.497701  
4730.816123  
4745.921469  
4735.432154  
4740.639878  
4765.462374  
4778.735989  
4771.080863  
4767.078531  
4756.46158  
4749.544906  
4762.320851  
4766.556873  
4768.026381  
4761.104213  
4765.491467  
4779.292985  
4787.538391  
4787.015933  
4805.378861  
4791.24379  
4772.677251  
4773.618838  
4767.857814  
4769.784993  
4754.387843  
4742.205593  
4733.169943  
4726.891189  
4714.908764  
4706.252574  
4709.333083  
4715.887709  
4720.183068  
4721.372369  
4716.31872  
4729.162683  
4741.247557  
4749.427694  
4729.512431  
4720.056856  
4713.006014  
4723.426135  
4712.769115  
4698.417269  
4703.880757  
4707.928597  
4715.204505  
4719.506089  
4706.299766  
4710.761869  
4717.440096  
4725.68239  
4718.070372  
4713.477816  
4723.755567  
4726.51922  
4720.389606  
4714.911176  
4716.569191  
4718.429335  
4717.946698  
4715.425589  
4715.507582  
4721.291572  
4721.551786  
4715.031553  
4713.369223  
4714.227  
4721.359446  
4716.890693  
4719.337746  
4708.441623  
4719.030527  
4723.615597  
4726.845965  
4725.272142  
4717.442349  
4718.931078  
4728.411243  
4736.288696  
4723.477288  
4718.317543  
4716.083305  
4720.801765  
4716.756183  
4706.138071  
4704.873904  
4705.172333  
4705.947405  
4696.03414  
4689.93706  
4689.175751  
4691.057013  
4695.65181  
4692.704073  
4689.911938  
4701.160234  
4706.571007  
4716.630698  
4706.942851  
4703.212916  
4706.131425  
4716.483604  
4721.069265  
4701.728408  
4706.575475  
4709.805145  
4716.856041  
4701.134763  
4697.488868  
4691.326883  
4694.733865  
4703.513416  
4692.656822  
4693.856137  
4694.652991  
4699.208566  
4701.184782  
4694.704121  
4701.655119  
4713.673404  
4721.628647  
4729.934906  
4735.226918  
4740.272622  
4740.529351  
4740.251145  
4730.104943  
4723.194999  
4718.491502  
4717.875902  
4706.91318  
4698.819003  
4697.58131  
4705.367951  
4730.542466  
4711.706545  
4705.437059  
4710.465869  
4715.858436  
4713.262174  
4704.832101  
4708.280558  
4711.913248  
4697.136818  
4697.982885  
4702.422617  
4716.425901  
4710.233376  
4698.615941  
4704.049458  
4704.043327  
4703.968389  
4700.250806  
4707.557573  
4714.229222  
4713.02784  
4703.775166  
4716.16668  
4720.876767  
4723.632354  
4722.432856  
4712.029096  
4707.468944  
4707.369493  
4702.76662  
4696.539937  
4694.558961  
4709.858541  
4723.998127  
4725.970741  
4741.506907  
4734.098433  
4717.969049  
4720.693339  
4720.329238  
4719.034452  
4709.538049  
4703.122187  
4703.447186  
4716.30324  
4716.143629  
4712.375739  
4715.95107  
4713.75673  
4716.614195  
4711.954705  
4702.488731  
4698.714861  
4699.756517  
4702.037181  
4699.199113  
4685.909944  
4683.92647  
4690.648435  
4694.016199  
4703.110066  
4689.287002  
4691.112129  
4697.381857  
4709.294303  
4708.311331  
4702.180421  
4704.887892  
4703.251622  
4718.244667  
4703.824249  
4703.181401  
4709.213827  
4713.311489  
4713.163588  
4700.508963  
4699.988003  
4701.573804  
4710.603261  
4713.114357  
4707.047908  
4707.318327  
4713.084881  
4726.912604  
4713.435857  
4714.304769  
4720.32546  
4728.1211  
4727.327654  
4725.016872  
4731.468831  
4734.442287  
4728.416865  
4729.602519  
4730.676512  
4735.773551  
4721.405397  
4719.785596  
4720.920115  
4735.414398  
4718.768528  
4719.350481  
4716.956455  
4722.215965  
4717.154326  
4730.996835  
4738.854751  
4752.632526  
4744.589318  
4747.517086  
4742.171957  
4753.13768  
4735.526898  
4729.613311  
4727.928663  
4745.491724  
4728.273484  
4724.077416  
4723.543843  
4724.508418  
4733.635468  
4738.461213  
4730.6117  
4710.456572  
4710.086588  
4717.10534  
4725.974233  
4719.156179  
4718.53856  
4717.929688  
4724.576397  
4710.909152  
4705.524801  
4704.717539  
4707.735074  
4696.983944  
4697.597924  
4689.214801  
4701.106558  
4684.868717  
4693.963125  
4691.855982  
4702.622364  
4699.555666  
4708.945145  
4713.391183  
4707.515103  
4711.507622  
4711.986909  
4709.882284  
4699.61403  
4696.071838  
4703.934297  
4703.214863  
4698.539731  
4710.398583  
4718.650187  
4722.016505  
4708.431351  
4697.9985  
4703.125855  
4705.551876  
4710.597695  
4698.906263  
4701.341155  
4708.862251  
4715.170639  
4716.234271  
4707.443152  
4705.246473  
4705.332605  
4715.996378  
4720.661715  
4717.639648  
4728.222337  
4732.997975  
4746.821307  
4734.283529  
4732.373321  
4733.636939  
4737.892255  
4728.692152  
4721.025286  
4723.365363  
4721.390074  
4721.264653  
4699.752632  
4695.795257  
4691.892952  
4707.404302  
4699.547786  
4689.212913  
4687.984831  
4689.187988  
4701.371622  
4688.758674  
4690.759484  
4683.9617  
4695.412293  
4693.763938  
4692.669399  
4694.783123  
4702.420658  
4715.306409  
4698.778215  
4706.215333  
4701.889451  
4715.919  
4715.4668  
4707.643869  
4705.527333  
4709.032042  
4713.517954  
4708.328736  
4707.833341  
4710.239444  
4718.854905  
4704.338478  
4705.496569  
4707.774627  
4718.016666  
4702.616465  
4697.550577  
4694.992398  
4704.186135  
4713.611265  
4720.691543  
4705.732638  
4719.893186  
4720.794348  
4704.778151  
4704.586481  
4710.957601  
4720.226684  
4718.043484  
4716.265933  
4700.623895  
4701.496398  
4700.828074  
4708.746481  
4698.713097  
4695.111778  
4699.268662  
4696.281257  
4703.697188  
4697.948021  
4692.885353  
4691.240015  
4705.564488  
4703.553785  
4706.933381  
4713.962846  
4729.602777  
4721.037615  
4707.47478  
4708.951363  
4709.195358  
4712.539553  
4708.330146  
4713.115701  
4710.035187  
4714.075866  
4703.632032  
4708.182442  
4723.966312  
4731.056075  
4719.821575  
4722.524411  
4712.267955  
4719.278411  
4713.347914  
4722.686468  
4716.082185  
4731.140269  
4728.151559  
4724.965303  
4724.719013  
4728.051599  
4734.214121  
4745.280139  
4744.506161  
4747.228246  
4751.476817  
4749.177507  
4747.666166  
4741.379949  
4752.685014  
4731.219975  
4730.1981  
4736.942505  
4741.103803  
4774.913176  
4771.063277  
4760.326797  
4760.860166  
4753.227399  
4743.356988  
4739.423333  
4750.767146  
4749.95968  
4735.410212  
4719.906614  
4721.22864  
4716.737411  
4715.908808  
4717.569447  
4730.652155  
4731.319115  
4725.385149  
4718.763222  
4726.648471  
4719.991875  
4712.16118  
4718.45912  
4723.845468  
4708.607113  
4698.743006  
4702.045069  
4706.201468  
4716.972762  
4709.013966  
4712.246109  
4711.571521  
4723.711239  
4709.591111  
4721.444181  
4714.512172  
4725.226221  
4712.973662  
4714.915355  
4714.072838  
4730.542863  
4724.932754  
4726.920708  
4731.298824  
4740.67187  
4734.797372  
4732.007026  
4735.112068  
4744.046676  
4745.848763  
4734.855413  
4734.173867  
4734.169024  
4743.526047  
4724.055622  
4715.430355  
4715.945267  
4724.890124  
4713.749348  
4721.405687  
4727.296391  
4720.267134  
4716.247394  
4728.14533  
4745.771771  
4741.418711  
4735.75459  
4745.984744  
4753.72025  
4751.665283  
4764.456405  
4765.561308  
4760.115214  
4760.747882  
4782.899772  
4771.880795  
4770.608704  
4756.501342  
4752.283408  
4755.743933  
4749.662286  
4740.689797  
4714.414509  
