3742.703584  
3735.987777  
3733.330519  
3730.054834  
3735.451597  
3738.515422  
3734.055106  
3732.611549  
3735.666968  
3738.165791  
3739.128402  
3729.147968  
3730.332885  
3733.754915  
3734.707785  
3731.09906  
3732.291863  
3736.74091  
3725.822754  
3724.984226  
3720.590275  
3728.516638  
3724.717676  
3717.368067  
3724.378702  
3717.61632  
3730.990957  
3720.951964  
3713.375419  
3717.566821  
3721.923112  
3725.602425  
3720.7921  
3715.258902  
3714.816579  
3716.390163  
3706.433033  
3705.079996  
3711.699321  
3729.232514  
3723.021049  
3715.740297  
3719.560991  
3721.418967  
3722.722195  
3711.890351  
3719.470379  
3770.452174  
3766.846752  
3755.922105  
3747.462618  
3751.78549  
3741.321372  
3723.747314  
3743.817864  
3746.841347  
3743.208553  
3738.015137  
3725.462181  
3727.059218  
3742.495936  
3739.463893  
3728.416996  
3726.298696  
3730.786846  
3745.848891  
3730.058705  
3735.193443  
3738.872988  
3746.467628  
3728.939865  
3724.193808  
3716.875079  
3730.545295  
3739.490465  
3725.880819  
3738.770644  
3730.10054  
3740.039613  
3719.80672  
3734.436905  
3738.201899  
3726.384579  
3729.352019  
3737.159168  
3722.122949  
3736.90485  
3736.487457  
3728.675053  
3738.727448  
3727.887694  
3721.687262  
3727.071483  
3713.303782  
3701.943359  
3702.897525  
3708.179979  
3713.408247  
3721.531662  
3713.128578  
3699.216352  
3693.685936  
3705.85633  
3706.121525  
3723.583235  
3705.842899  
3709.059473  
3724.582809  
3741.026835  
3739.666709  
3727.799922  
3733.465902  
3735.654994  
3735.248624  
3725.103616  
3722.013813  
3721.221051  
3736.059745  
3718.704313  
3703.279933  
3694.271418  
3710.515568  
3704.872052  
3706.367299  
3702.184787  
3712.026803  
3710.222508  
3700.820064  
3703.665773  
3700.982697  
3708.470958  
3701.974352  
3700.485574  
3745.699103  
3746.152358  
3730.299591  
3734.578634  
3725.050365  
3722.065719  
3725.695015  
3729.755828  
3723.03489  
3713.312579  
3705.867567  
3713.189262  
3711.355375  
3734.774474  
3730.265041  
3735.210855  
3743.03491  
3744.643054  
3751.406856  
3732.861668  
3744.217758  
3744.520473  
3736.084616  
3724.663075  
3725.170586  
3739.241695  
3749.463522  
3750.223172  
3748.659541  
3748.459858  
3746.70438  
3746.753852  
3749.638984  
3735.119483  
3721.0418  
3725.256437  
3710.985886  
3720.467359  
3722.093613  
3733.06287  
3751.357834  
3793.947096  
3795.876953  
3757.284402  
3767.931707  
3767.233943  
3749.933942  
3749.569514  
3748.598851  
3749.124817  
3748.783768  
3755.383169  
3765.090619  
3773.628309  
3765.009243  
3768.513594  
3763.743966  
3782.358379  
3780.713323  
3759.029262  
3756.233911  
3745.935608  
3742.476389  
3729.940712  
3730.038368  
3729.587853  
3735.933848  
3745.277227  
3726.54565  
3724.959331  
3719.057058  
3735.35903  
3721.001453  
3711.454842  
3715.634389  
3715.522633  
3724.346301  
3723.265921  
3717.069325  
3730.228592  
3730.212531  
3737.040865  
3731.202144  
3725.039221  
3727.319783  
3731.930455  
3737.591138  
3729.057613  
3724.121382  
3723.556892  
3725.114242  
3731.065271  
3730.18695  
3723.835347  
3723.182613  
3724.830034  
3733.81196  
3724.525388  
3715.883451  
3715.934547  
3721.095473  
3708.130916  
3712.906065  
3720.904309  
3717.532349  
3727.951794  
3727.190857  
3723.224428  
3724.4059  
3729.321617  
3716.744656  
3721.37895  
3714.283777  
3725.031363  
3737.777518  
3752.83452  
3756.270226  
3750.433491  
3764.867806  
3760.199221  
3754.974915  
3738.33133  
3772.660983  
3808.148612  
3781.361395  
3789.339111  
3772.81817  
3767.427383  
3762.055787  
3758.050684  
3762.198189  
3756.723333  
3731.69239  
3716.955196  
3737.137052  
3743.960397  
3739.282773  
3746.081231  
3748.872583  
3755.393578  
3748.285602  
3750.868585  
3747.738481  
3752.22718  
3749.724342  
3744.939903  
3752.759779  
3751.738392  
3771.852841  
3764.439241  
3751.197712  
3738.959203  
3746.519213  
3750.583334  
3745.302697  
3753.73768  
3756.682822  
3762.210197  
3786.018079  
3776.400598  
3782.967714  
3784.988432  
3771.590674  
3775.752464  
3764.780507  
3777.807355  
3779.690125  
3772.723192  
3759.026835  
3763.54034  
3758.940667  
3756.456948  
3751.167609  
3742.680188  
3759.93091  
3758.554434  
3742.560239  
3735.267432  
3751.219575  
3744.343707  
3725.810311  
3721.463423  
3730.949635  
3733.898036  
3762.066645  
3768.024398  
3769.793814  
3772.447718  
3767.63749  
3761.391414  
3754.513334  
3740.708225  
3746.217839  
3757.19673  
3753.308935  
3727.42806  
3724.907887  
3738.655077  
3747.048092  
3750.201011  
3735.395648  
3721.753178  
3740.682537  
3733.975601  
3730.90964  
3728.672649  
3731.914802  
3730.928187  
3747.036243  
3756.325887  
3751.352164  
3743.16505  
3748.326163  
3735.696552  
3742.742794  
3739.889814  
3724.831903  
3732.897137  
3734.76141  
3740.219782  
3727.473653  
3735.384424  
3735.519399  
3743.88883  
3740.935301  
3748.199149  
3741.522837  
3732.504015  
3736.600287  
3731.454939  
3733.139306  
3722.735528  
3734.652255  
3728.470007  
3720.139506  
3718.952721  
3726.515788  
3720.87554  
3725.998188  
3730.795312  
3744.659249  
3741.219923  
3737.828455  
3729.981718  
3742.182194  
3739.564104  
3740.582653  
3737.870955  
3733.385997  
3743.97372  
3739.193044  
3731.396756  
3726.535591  
3735.079768  
3745.873617  
3751.269352  
3745.918723  
3740.988424  
3735.959155  
3738.42124  
3731.029433  
3727.299437  
3724.757837  
3739.555971  
3745.308261  
3723.294076  
3729.830397  
3736.655816  
3732.98579  
3745.531778  
3729.746394  
3722.340842  
3720.110234  
3728.176295  
3727.572813  
3714.292536  
3719.626189  
3723.869204  
3729.617371  
3717.350975  
3722.400631  
3730.863116  
3745.782738  
3738.662402  
3733.665643  
3722.715529  
3717.271874  
3743.913373  
3721.456859  
3713.443159  
3711.457709  
3729.626235  
3729.018655  
3716.616033  
3725.968416  
3717.3085  
3723.002204  
3728.544653  
3730.672524  
3733.009446  
3747.549603  
3759.464203  
3744.917618  
3741.035727  
3737.660583  
3750.23754  
3740.005891  
3738.874548  
3744.871424  
3752.106707  
3740.197382  
3728.739216  
3724.162689  
3729.690808  
3727.15931  
3724.77295  
3724.486372  
3724.469961  
3727.851413  
3727.696047  
3731.641406  
3742.931634  
3747.900879  
3737.725932  
3729.446989  
3726.66395  
3730.309138  
3723.50766  
3716.048559  
3705.574091  
3714.723502  
3723.895716  
3718.489698  
3722.046658  
3717.196552  
3719.902135  
3695.885965  
3694.866289  
3685.928796  
3701.918431  
3688.626382  
3729.818945  
3725.794422  
3733.697303  
3724.674073  
3713.106346  
3712.489219  
3704.960373  
3713.950532  
3743.913673  
3722.83576  
3726.205277  
3713.797484  
3704.199165  
3686.076825  
3699.004133  
3714.384291  
3691.230513  
3722.026185  
3697.558171  
3744.652528  
3695.291662  
3704.149219  
3715.540998  
3706.904617  
3734.827845  
3730.777663  
3736.851693  
3724.588909  
3724.781937  
3722.84138  
3718.887978  
3712.250647  
3716.222787  
3719.028236  
3748.524994  
3734.72323  
3716.626557  
3725.002809  
3740.661261  
3730.014521  
3716.55983  
3702.065379  
3702.27223  
3700.0456  
3710.675264  
3701.72654  
3712.337018  
3729.737644  
3735.373449  
3730.145105  
3753.940072  
3738.54565  
3744.815795  
3755.124515  
3757.417928  
3741.810185  
3739.994183  
3746.876261  
3744.976091  
3752.889524  
3735.145502  
3722.371418  
3723.327376  
3720.88198  
3718.5308  
3710.469093  
3699.942123  
3699.474327  
3701.629529  
3699.042964  
3687.182728  
3684.044556  
3703.463935  
3702.297934  
3705.22747  
3706.536499  
3714.793453  
3712.144331  
3695.666605  
3704.014643  
3699.629859  
3715.122244  
3701.97281  
3696.909839  
3712.649142  
3713.5491  
3712.530572  
3701.234933  
3689.314131  
3697.938328  
3690.334348  
3698.721324  
3682.047961  
3682.341408  
3691.975925  
3689.339275  
3688.271481  
3705.797093  
3734.335933  
3706.079064  
3710.607924  
3716.834036  
3722.11348  
3712.505605  
3690.58142  
3691.937218  
3680.683802  
3692.194699  
3687.921404  
3678.606298  
3687.557637  
3698.739756  
3698.710977  
3692.197391  
3691.075656  
3695.243867  
3685.709277  
3692.848322  
3692.949801  
3683.407702  
3688.485224  
3694.301603  
3706.692856  
3681.678705  
3667.895935  
3700.854092  
