5238.728986  
5221.654263  
5212.688172  
5205.740006  
5200.192456  
5189.077463  
5195.915053  
5201.998257  
5187.905036  
5173.2146  
5164.91296  
5167.625205  
5184.002527  
5200.008349  
5211.213431  
5208.387247  
5208.660865  
5203.334014  
5185.397366  
5186.823415  
5187.001067  
5175.630808  
5160.924132  
5144.423575  
5134.457258  
5121.378868  
5111.733274  
5113.092094  
5117.655503  
5135.536176  
5148.35512  
5156.947475  
5158.400941  
5169.790138  
5176.883698  
5185.070026  
5184.97169  
5179.819677  
5188.428481  
5188.156909  
5188.967006  
5194.390314  
5198.684736  
5201.794608  
5206.710931  
5200.199102  
5193.154663  
5184.484988  
5189.339733  
5189.741715  
5188.396211  
5203.046803  
5212.214671  
5210.072342  
5202.552698  
5187.513037  
5192.228844  
5198.301622  
5202.467855  
5199.697515  
5190.467666  
5185.295368  
5191.03624  
5203.882761  
5195.115597  
5188.943459  
5184.47998  
5180.791343  
5181.922815  
5184.205465  
5178.508115  
5164.130737  
5152.751959  
5141.510074  
5155.765918  
5167.053555  
5169.423085  
5158.102331  
5156.781543  
5163.897297  
5170.896647  
5167.393944  
5162.472329  
5171.124638  
5176.689134  
5174.245011  
5164.034387  
5168.110207  
5178.690407  
5178.567418  
5185.36959  
5210.8637  
5186.908724  
5198.120856  
5210.377934  
5230.362479  
5228.070757  
5217.336737  
5202.290325  
5192.048842  
5203.818071  
5212.459888  
5212.398944  
5204.993148  
5208.663481  
5233.624642  
5251.99882  
5257.522126  
5273.090422  
5251.777191  
5238.542959  
5235.730671  
5233.165605  
5225.877705  
5217.103468  
5204.815393  
5194.846824  
5194.736375  
5182.221087  
5170.150269  
5167.211951  
5175.798987  
5181.979207  
5185.580076  
5180.019133  
5192.374542  
5199.685954  
5195.608404  
5183.358831  
5183.143207  
5177.096633  
5180.630849  
5167.788811  
5165.485117  
5169.526805  
5172.155671  
5176.709627  
5175.824424  
5169.622452  
5172.136268  
5178.418257  
5181.06598  
5177.670478  
5182.101261  
5189.644337  
5191.003034  
5179.999487  
5178.405755  
5178.254508  
5180.860925  
5182.336101  
5178.04388  
5181.132137  
5183.549192  
5179.604072  
5176.464696  
5176.467284  
5182.409473  
5180.138218  
5181.698661  
5172.867642  
5170.455955  
5185.868874  
5194.063589  
5192.573842  
5185.147731  
5186.146874  
5186.271253  
5195.186212  
5199.143278  
5191.573724  
5189.165751  
5187.119333  
5186.010961  
5180.816768  
5166.378573  
5163.122184  
5169.647075  
5170.356872  
5157.828319  
5157.391312  
5155.228926  
5158.77792  
5160.795981  
5161.431217  
5161.710345  
5173.223751  
5180.903042  
5177.556545  
5176.014335  
5175.209008  
5184.203944  
5185.974983  
5186.1409  
5180.667696  
5186.576476  
5185.712294  
5187.379957  
5186.42637  
5182.391081  
5179.89381  
5178.548563  
5178.246646  
5174.652986  
5176.574499  
5177.677841  
5175.88359  
5172.776716  
5160.18502  
5169.820115  
5184.729896  
5193.819359  
5199.434636  
5208.578251  
5212.069137  
5214.839998  
5207.38113  
5202.518694  
5198.675318  
5198.151504  
5195.64803  
5178.556512  
5172.200732  
5172.466243  
5187.071964  
5192.630136  
5185.212652  
5186.290841  
5192.749058  
5191.727894  
5184.020405  
5188.287356  
5186.664946  
5184.379675  
5173.483019  
5179.182587  
5183.932127  
5186.773805  
5180.276241  
5178.459424  
5186.571707  
5186.353361  
5182.250688  
5189.132931  
5194.322442  
5199.012801  
5189.628777  
5193.91834  
5207.499233  
5206.206218  
5205.981433  
5198.274472  
5191.146158  
5191.9651  
5187.493963  
5182.874064  
5175.666346  
5169.843788  
5178.828016  
5191.078552  
5190.097337  
5200.189311  
5193.270684  
5187.472641  
5193.002788  
5193.051556  
5194.337083  
5183.806064  
5188.147875  
5198.368551  
5204.5886  
5198.637645  
5198.57047  
5202.212358  
5198.897168  
5198.323457  
5187.911547  
5169.204998  
5164.282431  
5176.198024  
5180.462817  
5174.279236  
5159.333377  
5154.881208  
5159.108263  
5165.672215  
5162.072491  
5153.715779  
5154.618947  
5168.24346  
5170.919803  
5169.661234  
5164.910576  
5169.060582  
5171.728601  
5169.543655  
5169.192308  
5172.585579  
5182.57832  
5187.703074  
5179.200407  
5173.229038  
5172.4742  
5175.573294  
5180.836287  
5176.371389  
5174.480275  
5175.465481  
5182.920839  
5190.305044  
5186.98195  
5188.972148  
5193.716092  
5197.961866  
5197.140756  
5202.91557  
5206.911566  
5202.911765  
5191.585175  
5199.365254  
5200.258675  
5192.23364  
5194.24162  
5187.808108  
5190.262751  
5187.532059  
5180.837492  
5180.70364  
5184.06686  
5185.472689  
5188.303256  
5201.562546  
5202.854631  
5207.363737  
5202.219326  
5201.700418  
5209.161571  
5207.542935  
5206.169554  
5203.14081  
5207.545563  
5205.518359  
5192.486809  
5187.90981  
5180.516641  
5189.69419  
5191.449547  
5192.91201  
5184.351305  
5171.959155  
5167.333994  
5175.026268  
5174.679633  
5172.330682  
5171.539265  
5171.083356  
5170.813855  
5165.884157  
5166.345453  
5164.657594  
5155.913755  
5150.189063  
5159.453719  
5157.60558  
5154.121876  
5152.129973  
5158.051252  
5165.209231  
5172.889469  
5171.935847  
5180.353263  
5186.990314  
5180.193623  
5186.617406  
5179.481908  
5172.58679  
5166.677599  
5168.133367  
5169.657204  
5167.487016  
5166.025582  
5178.93668  
5181.362302  
5177.43393  
5165.330473  
5166.225891  
5166.983803  
5170.504022  
5164.917619  
5160.603456  
5163.315815  
5165.054222  
5175.203341  
5166.217516  
5160.544426  
5161.168076  
5159.467732  
5166.461707  
5166.145031  
5168.831639  
5174.495907  
5189.648162  
5191.388874  
5183.505817  
5187.429374  
5184.056407  
5190.026674  
5183.040206  
5185.200914  
5193.090564  
5195.282541  
5182.594494  
5173.329105  
5167.488262  
5169.861598  
5166.894957  
5163.511152  
5153.299427  
5156.047178  
5161.721066  
5157.526897  
5155.597944  
5153.621808  
5150.756324  
5155.697748  
5154.050636  
5153.024773  
5162.72346  
5169.117415  
5166.593032  
5164.183677  
5173.75702  
5177.17243  
5181.892944  
5175.786546  
5179.539485  
5183.629503  
5187.860939  
5183.54069  
5181.532638  
5188.421911  
5193.171755  
5186.662116  
5179.452853  
5181.018692  
5183.246146  
5179.486293  
5175.129672  
5173.672125  
5181.372684  
5185.10868  
5190.43811  
5202.778811  
5197.78551  
5200.236617  
5197.681088  
5184.839255  
5188.801922  
5196.380821  
5197.586814  
5194.625673  
5180.979905  
5174.127935  
5179.494587  
5181.858917  
5183.580988  
5170.038382  
5169.206672  
5175.684106  
5174.369818  
5172.713947  
5162.321894  
5166.861478  
5166.918958  
5171.635215  
5172.136035  
5178.126502  
5179.690783  
5186.786993  
5178.380536  
5177.093985  
5176.685779  
5181.453218  
5174.687859  
5173.679754  
5184.8921  
5187.571723  
5182.19154  
5180.261425  
5185.473912  
5187.00625  
5184.926292  
5179.181253  
5180.76706  
5175.824008  
5176.36868  
5171.841872  
5182.090223  
5183.440773  
5186.814214  
5185.909502  
5183.55336  
5185.588469  
5186.743993  
5185.376015  
5188.362705  
5188.348474  
5196.884615  
5197.474937  
5201.530836  
5204.160719  
5200.438614  
5192.44462  
5187.966633  
5195.055294  
5196.741923  
5183.67316  
5202.853565  
5211.754067  
5209.310589  
5201.498543  
5184.690176  
5178.402995  
5178.890679  
5186.975538  
5181.614069  
5170.798938  
5164.930328  
5163.536218  
5154.466411  
5159.186334  
5165.97013  
5173.573556  
5171.254243  
5174.339964  
5169.653716  
5170.986453  
5167.354246  
5163.956728  
5159.481992  
5155.855845  
5152.55571  
5154.254351  
5150.228549  
5163.219107  
5156.395488  
5155.122627  
5164.679496  
5165.524305  
5167.118573  
5168.492603  
5174.554593  
5175.571297  
5174.683054  
5163.526477  
5170.979347  
5177.398755  
5178.355313  
5174.507582  
5177.190935  
5183.598372  
5186.475205  
5182.805856  
5182.129197  
5186.604098  
5187.814894  
5183.427732  
5181.102436  
5186.277826  
5190.148123  
5195.058777  
5180.876129  
5182.127096  
5184.692629  
5185.305581  
5173.719861  
5182.347432  
5189.146674  
5187.00539  
5176.005606  
5186.717568  
5195.138985  
5197.330492  
5195.810736  
5199.350029  
5206.129082  
5195.656793  
5194.711724  
5180.927221  
5190.5859  
5190.718414  
5191.676716  
5193.491479  
5194.394483  
5184.467494  
5181.709824  
5190.344164  
5185.92218  
5171.474215  
5153.106975  
