5986.106662  
5971.565213  
5969.882733  
5969.17659  
5973.069377  
5968.187034  
5972.314661  
5972.825908  
5968.414555  
5962.35994  
5956.044197  
5955.348175  
5950.816075  
5946.958787  
5942.255068  
5951.069484  
5952.406512  
5951.283447  
5956.152872  
5956.995055  
5956.993042  
5963.365415  
5962.719138  
5959.105514  
5954.563174  
5960.283035  
5947.080807  
5955.663798  
5951.492177  
5962.24877  
5952.235526  
5960.10194  
5955.002572  
5960.999215  
5961.209533  
5959.91952  
5962.9851  
5959.233266  
5961.228895  
5955.999188  
5957.373208  
5952.620354  
5950.674859  
5943.665564  
5947.170755  
5950.293407  
5950.603453  
5948.980579  
5957.467781  
5959.222068  
5957.975271  
5968.28108  
5963.140722  
5976.478353  
5969.429527  
5958.9396  
5958.268526  
5960.210788  
5964.593781  
5964.634149  
5960.143672  
5962.510732  
5965.87457  
5969.290041  
5967.137188  
5966.404754  
5962.413695  
5959.453375  
5966.106235  
5959.610421  
5954.859531  
5965.789128  
5969.613169  
5971.955804  
5965.333753  
5953.709255  
5951.755744  
5957.72977  
5953.885188  
5951.080734  
5947.770275  
5953.340069  
5950.307278  
5939.139863  
5941.680564  
5942.637927  
5953.728819  
5954.129663  
5954.565521  
5956.805999  
5965.61859  
5970.68963  
5960.751728  
5961.260515  
5959.282953  
5963.895157  
5957.568445  
5953.817889  
5956.137951  
5947.171109  
5954.591188  
5945.563509  
5951.245959  
5953.036226  
5954.023105  
5959.882183  
5959.172888  
5959.715732  
5957.457398  
5968.516657  
5972.020632  
5964.393116  
5966.790765  
5964.837562  
5966.718254  
5967.768994  
5960.175393  
5958.034506  
5959.106883  
5960.412927  
5963.860259  
5954.671602  
5958.577601  
5956.391078  
5959.292959  
5965.177307  
5959.646636  
5972.814849  
5968.555344  
5971.366706  
5965.391982  
5961.592275  
5953.651055  
5955.594807  
5948.18599  
5942.008552  
5940.669636  
5937.258094  
5942.564224  
5940.513652  
5941.949711  
5941.137197  
5945.503088  
5952.174892  
5945.988542  
5951.138547  
5956.175752  
5967.597482  
5966.430488  
5969.759906  
5966.088691  
5967.157122  
5965.490576  
5960.562283  
5957.417217  
5950.578103  
5947.822462  
5938.383346  
5944.332505  
5935.930508  
5950.784493  
5948.302606  
5943.360274  
5941.460701  
5944.694108  
5946.78307  
5944.984653  
5944.555344  
5951.360373  
5945.134652  
5952.210462  
5948.993816  
5949.184033  
5949.463305  
5945.841943  
5949.160362  
5947.345751  
5938.773159  
5941.466023  
5942.078359  
5946.821451  
5946.323851  
5944.095589  
5946.271941  
5951.968822  
5954.477369  
5949.040203  
5946.183932  
5943.980136  
5937.233765  
5945.362839  
5942.698538  
5932.036754  
5931.30732  
5944.158621  
5952.828246  
5958.688325  
5952.128813  
5955.270758  
5950.921765  
5953.876144  
5953.877036  
5939.621154  
5944.314757  
5945.617748  
5952.978223  
5954.270095  
5946.45193  
5948.783505  
5953.252268  
5961.499149  
5967.612976  
5956.212409  
5961.896737  
5959.412682  
5958.314155  
5964.208805  
5955.703293  
5943.060876  
5945.214636  
5944.218902  
5955.341376  
5951.698117  
5945.808539  
5948.331078  
5956.572951  
5957.083321  
5956.693652  
5953.306847  
5952.059075  
5948.728386  
5958.114085  
5966.267519  
5960.03905  
5956.787646  
5956.595737  
5959.915843  
5962.1812  
5959.121935  
5969.261818  
5976.056172  
5984.333369  
5970.054096  
5973.870756  
5973.098149  
5973.659169  
5975.922745  
5969.62068  
5965.774381  
5965.539954  
5971.432094  
5964.383707  
5958.445979  
5959.966701  
5962.9183  
5966.390837  
5961.123213  
5965.232651  
5969.495799  
5973.838061  
5974.047501  
5969.168778  
5965.304826  
5973.115195  
5970.399089  
5975.063548  
5969.60141  
5967.46578  
5974.037104  
5981.260302  
5983.147909  
5980.814163  
5969.538334  
5970.599012  
5970.151942  
5977.974059  
5968.527028  
5966.470544  
5965.175936  
5965.732419  
5967.032086  
5967.071814  
5965.011878  
5966.03481  
5973.034387  
5972.30666  
5965.326306  
5970.361035  
5975.142076  
5990.650795  
5981.713402  
5981.709653  
5973.703169  
5983.992483  
5981.242236  
5969.207146  
5972.306145  
5969.735631  
5977.197336  
5976.000395  
5972.971633  
5978.508279  
5986.6696  
5982.929181  
5982.651128  
5978.467956  
5979.865167  
5983.959532  
5961.776471  
5970.727242  
5964.165135  
5968.990666  
5963.861416  
5956.764724  
5963.27723  
5962.406395  
5978.495598  
5981.060191  
5972.794787  
5984.867723  
5983.129307  
5983.029209  
5973.527529  
5973.423834  
5964.606384  
5971.942965  
5969.518572  
5961.654161  
5959.017569  
5963.357792  
5966.908686  
5968.936855  
5961.748807  
5972.493721  
5971.226137  
5982.329207  
5977.684594  
5978.800761  
5978.356059  
5986.009262  
5980.085152  
5973.320671  
5975.132291  
5975.488041  
5969.834742  
5966.456476  
5962.118337  
5965.349259  
5964.110226  
5966.378059  
5947.227637  
5964.842856  
5957.921542  
5980.875592  
5961.906356  
5972.782988  
5953.34722  
5986.597618  
5895.96757  
5897.185385  
5983.219737  
5939.590878  
5960.421451  
5940.600481  
5956.398744  
5935.246937  
5942.980538  
5931.051755  
5929.455882  
5911.250424  
5906.995268  
5904.829886  
5909.874412  
5895.812944  
5910.695791  
5926.460267  
5933.375042  
5937.86075  
5940.460556  
5929.799843  
5937.059025  
5935.00705  
5945.088849  
5934.33639  
5927.106212  
5929.049245  
5936.346337  
5931.611742  
5940.999348  
5927.781262  
5932.45206  
5938.450472  
5948.436113  
5948.625449  
5943.116381  
5942.657573  
5951.055522  
5946.616713  
5951.126962  
5941.128916  
5941.966637  
5941.693943  
5951.193453  
5957.584235  
5954.087755  
5950.876496  
5950.962092  
5954.633757  
5958.96199  
5949.38898  
5952.949972  
5953.72156  
5953.312735  
5950.374431  
5936.726724  
5936.221515  
5939.122659  
5939.772641  
5939.089349  
5939.052588  
5939.533486  
5949.600474  
5964.38248  
5967.666876  
5964.609969  
5966.174202  
5969.898802  
5959.607283  
5960.276097  
5967.771106  
5959.630927  
5968.035235  
5969.182712  
5962.700583  
5959.026508  
5954.468104  
5958.196923  
5954.540036  
5943.415358  
5950.146794  
5955.216  
5958.562102  
5962.506895  
5957.972274  
5961.413703  
5975.781245  
5975.685509  
5987.284308  
5978.698343  
5969.182565  
5971.702005  
5964.779906  
5965.942767  
5962.262521  
5950.045915  
5948.686114  
5942.889606  
5944.692623  
5949.145443  
5944.102628  
5951.69795  
5957.925812  
5966.810517  
5962.220764  
5970.286192  
5966.388282  
5966.855949  
5968.531263  
5968.895358  
5961.147852  
5965.683526  
5960.933728  
5955.167292  
5966.656798  
5968.282728  
5973.874089  
5972.507021  
5955.441399  
5953.723932  
5957.552213  
5951.292943  
5945.580911  
5941.92641  
5938.451662  
5937.996129  
5947.107719  
5941.952133  
5943.882754  
5951.621595  
5954.237472  
5953.945454  
5953.484958  
5964.727508  
5963.811655  
5968.110369  
5953.705142  
5956.793518  
5960.996241  
5952.597687  
5948.450918  
5938.540297  
5938.662358  
5950.777506  
5947.956682  
5959.410179  
5953.524791  
5947.621225  
5948.673504  
5950.06284  
5952.787257  
5949.95333  
5950.526954  
5949.127882  
5941.648103  
5946.926873  
5940.352676  
5949.2692  
5944.045274  
5954.493665  
5956.507917  
5951.928853  
5956.296585  
5955.592476  
5963.084408  
5965.941826  
5958.52675  
5956.941522  
5962.71857  
5962.560343  
5959.398656  
5950.346983  
5947.562128  
5946.684042  
5949.837222  
5948.424934  
5938.571553  
5948.231471  
5952.040273  
5956.901142  
5952.865755  
5955.381377  
5959.432659  
5963.494952  
5965.90118  
5956.948013  
5964.00905  
5964.837824  
5975.493809  
5971.704955  
5965.202365  
5968.113637  
5963.392913  
5964.009804  
5959.025437  
5956.259823  
5960.183495  
5959.888924  
5961.599853  
5961.257462  
5958.259823  
5962.365102  
5959.14005  
5964.221902  
5966.306997  
5954.104424  
5959.986845  
5955.192297  
5961.186414  
5960.838122  
5954.030214  
5969.03598  
5972.573105  
5977.720576  
5976.400874  
5963.905001  
5967.971693  
5969.115187  
5966.040776  
5961.779143  
5963.627028  
5944.151171  
5910.89496  
5903.00594  
5924.359072  
5945.657  
5957.053089  
5958.124561  
5947.408009  
5945.017017  
5938.963069  
5932.033396  
5921.483104  
5905.970429  
5892.071554  
5880.473738  
5867.035952  
5863.214623  
5872.54181  
5878.786989  
5893.0137  
