3063.937809  
3058.103615  
3062.105949  
3060.926533  
3059.673454  
3057.053299  
3061.686783  
3052.862919  
3062.297038  
3059.819159  
3056.042807  
3055.482562  
3056.777144  
3058.343836  
3056.397346  
3057.21435  
3054.800317  
3058.94899  
3061.121804  
3057.470492  
3057.560886  
3056.800244  
3059.368807  
3072.241061  
3065.913665  
3061.25805  
3054.760203  
3055.89906  
3066.763733  
3054.466727  
3050.937901  
3052.122319  
3054.181004  
3058.6008  
3059.675822  
3053.881689  
3060.25437  
3062.389806  
3058.801032  
3055.167555  
3060.3103  
3061.179551  
3059.443317  
3051.646361  
3052.97046  
3054.774598  
3039.563285  
3053.225344  
3055.197189  
3059.685505  
3060.731272  
3053.510695  
3059.827016  
3066.059064  
3061.753943  
3061.47753  
3058.525703  
3064.726408  
3069.728877  
3062.869283  
3060.416493  
3058.879005  
3063.327702  
3059.847274  
3062.072098  
3066.973559  
3062.511141  
3073.499771  
3068.992659  
3059.065256  
3060.665365  
3062.500419  
3065.106309  
3067.47899  
3063.088456  
3057.924982  
3057.624447  
3054.869324  
3048.883429  
3048.487198  
3050.133318  
3059.925725  
3061.547371  
3059.623837  
3061.386963  
3060.886344  
3064.998837  
3068.167446  
3062.636463  
3063.272204  
3065.456205  
3064.041164  
3059.85128  
3055.996789  
3057.673201  
3066.668596  
3069.107662  
3060.788594  
3064.997154  
3060.984802  
3063.635683  
3066.176259  
3063.909019  
3069.878321  
3063.672789  
3066.110627  
3069.298075  
3063.207763  
3055.849329  
3063.546789  
3072.132764  
3056.558439  
3052.138615  
3059.437954  
3064.395542  
3066.131482  
3061.714437  
3055.865044  
3065.510717  
3062.274676  
3061.653432  
3056.98073  
3066.371196  
3062.349007  
3067.173484  
3069.675057  
3062.940111  
3063.809748  
3065.951255  
3061.287934  
3063.816265  
3054.583463  
3059.52667  
3058.821766  
3048.692987  
3052.767734  
3050.930832  
3050.551319  
3054.354101  
3054.893346  
3053.777989  
3051.603043  
3050.488464  
3058.298259  
3053.773516  
3057.951802  
3050.772706  
3057.494693  
3065.585932  
3060.867468  
3054.722508  
3057.521484  
3060.376479  
3056.985102  
3051.312043  
3055.906855  
3052.127854  
3054.36906  
3053.983704  
3051.676635  
3052.232989  
3051.552574  
3058.388132  
3058.181374  
3056.726278  
3056.097439  
3056.111119  
3058.087521  
3054.801389  
3054.571683  
3057.292482  
3054.130259  
3055.014317  
3053.254615  
3055.007335  
3053.935723  
3052.907785  
3054.15133  
3047.665341  
3059.639918  
3054.213794  
3054.582199  
3063.888011  
3050.111773  
3053.806962  
3059.759669  
3051.834335  
3055.005694  
3052.366851  
3054.864544  
3056.772148  
3058.619877  
3057.121959  
3052.7343  
3060.695217  
3061.859525  
3059.700858  
3053.498703  
3053.398262  
3060.480223  
3058.484606  
3058.600528  
3048.792121  
3049.475673  
3054.38452  
3057.180337  
3051.674515  
3054.231183  
3056.648056  
3056.022567  
3056.873728  
3064.862971  
3054.324203  
3052.699383  
3059.043657  
3058.770586  
3058.916009  
3058.615676  
3052.75705  
3051.324973  
3050.231299  
3045.067719  
3054.143142  
3050.908582  
3049.606245  
3054.191095  
3054.449897  
3050.765099  
3056.685666  
3051.631003  
3054.416649  
3057.276696  
3057.703328  
3053.31036  
3056.643162  
3059.505469  
3056.420481  
3061.905893  
3052.738127  
3047.873682  
3050.24226  
3054.428679  
3053.610127  
3056.738459  
3051.187191  
3052.349111  
3057.195226  
3053.860147  
3055.376769  
3045.18461  
3050.394991  
3059.036798  
3059.67317  
3053.713063  
3052.517265  
3061.314593  
3064.24991  
3059.676395  
3056.549483  
3062.805603  
3059.210253  
3048.038041  
3050.933141  
3053.989893  
3049.125789  
3052.992274  
3063.035787  
3054.94101  
3056.373272  
3060.428181  
3066.725841  
3059.121188  
3061.058972  
3064.765714  
3058.922747  
3065.275653  
3067.956568  
3062.874773  
3064.645778  
3063.600179  
3060.060971  
3062.346529  
3059.286513  
3066.677517  
3057.648846  
3062.303057  
3052.87507  
3056.18446  
3059.674005  
3056.633435  
3058.240751  
3053.32553  
3057.888395  
3050.788364  
3062.36063  
3056.883635  
3058.182049  
3050.050811  
3049.894524  
3058.674082  
3046.463803  
3047.262295  
3061.460994  
3056.959989  
3057.288317  
3059.281281  
3050.501442  
3050.300147  
3050.112609  
3057.438301  
3051.734191  
3053.405228  
3054.763152  
3047.702663  
3053.115473  
3049.628491  
3056.485906  
3061.308323  
3052.811388  
3059.97804  
3062.70159  
3064.122727  
3054.187013  
3051.959935  
3048.77268  
3053.610724  
3049.357691  
3051.536865  
3056.147525  
3054.113492  
3059.533316  
3059.026606  
3057.79953  
3051.51656  
3052.06962  
3049.885759  
3060.831873  
3056.087124  
3060.102858  
3065.170878  
3065.737552  
3055.584359  
3057.529812  
3049.430809  
3058.55162  
3046.79555  
3054.840135  
3048.313345  
3051.627169  
3056.406114  
3056.72188  
3057.718325  
3053.23671  
3057.913929  
3056.343371  
3049.328222  
3060.701135  
3075.048883  
3122.270978  
3103.63456  
3066.762139  
3063.24098  
3068.569123  
3075.295986  
3072.938194  
3070.218731  
3071.236698  
3066.508097  
3055.925304  
3055.231306  
3053.031562  
3054.228077  
3054.521953  
3055.483137  
3057.549321  
3060.06165  
3065.738765  
3070.332763  
3068.155132  
3067.513992  
3067.879206  
3062.531925  
3067.804738  
3066.588349  
3058.515555  
3056.266932  
3061.844581  
3062.66026  
3064.53598  
3070.710493  
3062.324044  
3066.637971  
3061.925329  
3069.773669  
3061.708194  
3060.638996  
3069.106337  
3067.566528  
3073.163135  
3072.728635  
3068.410962  
3068.536487  
3066.35092  
3068.856036  
3065.863412  
3070.210351  
3058.747708  
3067.961645  
3073.524597  
3078.520934  
3078.99397  
3070.575037  
3083.179372  
3074.61113  
3076.093943  
3073.077476  
3072.229914  
3069.257272  
3070.676385  
3066.568863  
3064.275523  
3065.989565  
3073.34098  
3074.517484  
3067.617624  
3071.408451  
3064.310606  
3069.928837  
3076.531454  
3068.573323  
3066.578943  
3068.627781  
3074.106148  
3079.126403  
3066.932305  
3077.535309  
3074.797251  
3081.464606  
3067.824662  
3069.548877  
3063.9479  
3074.694029  
3076.599849  
3069.998273  
3064.533305  
3070.903458  
3070.07232  
3079.233826  
3077.329828  
3085.647886  
3071.201881  
3070.765947  
3071.74257  
3061.695172  
3065.719394  
3065.681007  
3062.896068  
3066.548972  
3065.759456  
3060.577853  
3065.914712  
3071.862109  
3073.848264  
3060.585182  
3055.259348  
3065.435243  
3063.947788  
3061.355693  
3061.500444  
3058.507898  
3059.658931  
3060.185141  
3054.037597  
3059.019669  
3060.014899  
3060.758859  
3065.44468  
3057.549873  
3055.566785  
3059.637953  
3055.530719  
3047.053535  
3056.880704  
3055.721677  
3047.823588  
3063.11054  
3055.73001  
3062.392522  
3051.374055  
3059.383041  
3060.650454  
3063.639255  
3060.203292  
3066.791038  
3065.241858  
3056.380322  
3068.738958  
3066.849967  
3066.595012  
3059.787103  
3059.227045  
3059.847797  
3061.222429  
3061.035674  
3060.553098  
3060.586487  
3056.016954  
3061.857259  
3056.516514  
3066.091961  
3056.509169  
3060.570039  
3056.369179  
3062.388789  
3061.659787  
3061.030808  
3058.470898  
3056.339462  
3056.815871  
3057.282497  
3052.798455  
3059.824368  
3058.345009  
3065.864721  
3061.183053  
3063.40414  
3066.182144  
3063.477323  
3071.062232  
3065.693315  
3062.248735  
3063.555411  
3059.591587  
3058.984636  
3061.933479  
3063.730643  
3052.195909  
3057.764482  
3060.84167  
3056.603382  
3062.619007  
3065.328897  
3065.699976  
3063.723282  
3061.358624  
3066.616551  
3068.955907  
3063.987765  
3062.651286  
3065.156994  
3061.640106  
3057.85222  
3057.218908  
3060.07435  
3062.924446  
3057.557278  
3058.959492  
3058.786112  
3061.109697  
3059.149317  
3053.507861  
3048.424856  
3057.98801  
3055.298168  
3054.793815  
3056.742737  
3057.403647  
3061.108546  
3064.361086  
3067.932049  
3060.383644  
3075.879015  
3069.970387  
3067.692076  
3063.502734  
3055.674147  
3062.257274  
3056.945192  
3062.185972  
3065.526366  
3071.90913  
3077.311491  
3069.070654  
3069.269777  
3067.391698  
3076.351177  
3070.392616  
3064.840208  
3064.990828  
3062.262749  
3052.96484  
3051.624151  
3045.296319  
3034.188745  
3031.992851  
3029.017548  
3031.588128  
3043.506895  
3043.924536  
3039.270547  
