6023.118424  
6018.060561  
6003.694319  
6001.871551  
5992.311596  
5987.753474  
5985.365162  
5981.237186  
5979.07446  
5972.749777  
5967.239883  
5975.22108  
5974.647729  
5979.495449  
5973.99984  
5966.232273  
5982.145121  
5980.107952  
5984.078119  
5991.010976  
5994.938995  
5983.338374  
5991.891462  
5986.48315  
5981.908911  
5975.317229  
5956.418325  
5955.617174  
5964.297113  
5964.146971  
5970.765679  
5967.776185  
5966.446694  
5980.864067  
5982.165002  
5987.690498  
5978.44603  
5965.143353  
5960.463669  
5958.954143  
5967.490044  
5965.226345  
5956.673774  
5963.68765  
5967.673255  
5978.84245  
5993.214822  
5978.105448  
5980.018181  
5981.337873  
5986.085703  
5984.706588  
5981.618997  
5991.220458  
5996.834554  
5995.630579  
5990.288881  
5980.708121  
5983.572099  
5980.117012  
5986.654699  
5986.404862  
5988.550147  
5986.41293  
5985.948478  
5994.381624  
5982.738555  
5983.683087  
5984.396974  
5983.79976  
5992.499232  
5982.625865  
5985.995539  
5990.336763  
5994.239695  
5996.697978  
5997.146541  
5985.821716  
5983.564793  
5984.220107  
5983.747327  
5983.275235  
5978.165053  
5987.028036  
5989.396979  
5992.93981  
5992.695371  
5982.387066  
5984.842768  
5990.724357  
5989.629872  
5991.222174  
5982.032879  
5982.917133  
5982.777388  
5982.268261  
5985.315368  
5974.205885  
5970.388726  
5974.026479  
5982.377802  
5986.859881  
5972.110391  
5971.950948  
5980.885546  
5979.315883  
5985.062348  
5976.511488  
5978.824507  
5985.96808  
5986.871674  
6002.226801  
5995.514423  
6002.518864  
6003.808476  
6008.072903  
6010.667958  
5998.668651  
5996.396947  
5994.2062  
5990.718668  
5987.193404  
5976.014074  
5973.998781  
5977.666755  
5979.908019  
5986.446466  
5973.080079  
5983.598898  
5979.424281  
5988.654736  
5985.977051  
5977.348538  
5981.778063  
5981.707861  
5979.953213  
5982.367585  
5969.741758  
5963.108274  
5972.448034  
5968.520185  
5976.006954  
5975.045305  
5970.962881  
5977.171165  
5980.20811  
5991.874547  
5989.666203  
5982.486901  
5982.687925  
5982.887261  
5995.078045  
5993.473232  
5988.961095  
5982.92462  
5993.294909  
5995.858339  
5998.774714  
5991.56784  
5984.390879  
5987.331827  
5986.945339  
5979.502777  
5977.210312  
5967.244246  
5964.880126  
5976.087704  
5979.320121  
5981.048176  
5977.742563  
5983.655851  
5983.677453  
5985.937508  
5989.782449  
5980.631146  
5981.772692  
5980.643352  
5980.992844  
5981.257341  
5969.397982  
5970.667263  
5976.413837  
5980.534458  
5988.784162  
5980.963093  
5980.486923  
5988.421573  
5982.676165  
5985.337409  
5982.487089  
5973.540843  
5979.149161  
5982.106421  
5997.304947  
5999.243344  
5986.427171  
5987.771611  
6001.035766  
5996.06578  
5995.327329  
5981.511374  
5989.16332  
5990.515909  
5995.386494  
5987.433909  
5980.248446  
5988.218315  
5987.286715  
5989.227053  
5990.116063  
5982.133498  
5988.760839  
5993.053292  
5997.275497  
6002.040613  
5994.573465  
5983.010091  
5988.959338  
5983.2434  
5994.899502  
6015.610798  
6012.501828  
6004.62313  
6001.364958  
5988.90542  
5988.644902  
5992.618507  
5990.63265  
5979.754312  
5972.48783  
5968.384567  
5956.906175  
5961.828279  
5960.148683  
5966.545153  
5964.801265  
5959.356649  
5962.962002  
5966.444781  
5978.13734  
5972.342325  
5973.571609  
5987.435143  
5986.563946  
5998.784665  
5995.275609  
6000.338452  
6004.059754  
6006.33662  
6006.212905  
5999.127076  
5996.812105  
6005.627987  
6001.97759  
5999.409203  
5987.579554  
5993.725188  
5995.670466  
5992.731407  
5996.948279  
5983.613191  
5985.391751  
5986.603423  
5994.549285  
5993.665999  
5985.93083  
5983.963726  
5999.649556  
6001.178657  
6001.862311  
5990.506995  
5995.035302  
5996.556143  
5998.369873  
5995.980954  
5981.094499  
5987.097381  
5988.47812  
5986.417277  
5983.8778  
5979.420943  
5983.275814  
5988.169017  
5994.427536  
5992.408778  
5988.486239  
5996.958842  
5997.534321  
6003.793852  
5992.170029  
5983.540915  
5991.322041  
5989.945054  
5999.701342  
5997.218236  
5996.007829  
6008.264314  
6010.191668  
6009.286046  
6000.430543  
5984.744582  
5981.275968  
5982.540467  
5987.248866  
5975.887478  
5966.854883  
5975.341867  
5989.177074  
5998.405666  
5996.465141  
5986.474378  
5982.66442  
5994.72385  
5991.231731  
5993.468678  
5972.695428  
5980.185335  
5983.486171  
5988.239937  
5990.194494  
5980.029989  
5990.032086  
5993.046327  
5993.327196  
5994.21247  
5974.279501  
5980.549821  
5973.762108  
5979.480759  
5977.065425  
5971.226815  
5975.681459  
5985.253255  
5988.265146  
6000.858208  
5996.076118  
5993.772804  
6001.242858  
6002.599728  
5999.585871  
5984.409448  
5980.778679  
5994.066434  
5996.956261  
6003.667028  
5994.319601  
5996.873471  
6005.679526  
6004.171092  
6008.660366  
5994.565797  
5994.064551  
6001.197448  
5994.704138  
6011.481759  
6016.121043  
6036.365067  
5971.064259  
5975.190881  
6016.950775  
6024.362055  
6009.75999  
6010.119878  
6018.67003  
6008.799368  
6007.19159  
5993.510156  
5977.941513  
5981.076613  
5996.55888  
6007.466491  
6017.811172  
6016.271493  
6012.222443  
6024.850819  
6029.411489  
6026.681979  
6026.393602  
6004.182717  
5999.922294  
6005.217388  
6004.480566  
6004.264336  
5997.454046  
5989.949034  
5988.923866  
5995.42603  
6003.800809  
5996.790909  
6004.955004  
5994.177715  
5989.390111  
5990.547374  
5998.428425  
5999.279262  
5996.617876  
5995.978967  
5986.914644  
5991.874581  
5989.088284  
5992.719352  
5993.143451  
5981.166572  
5978.279268  
5978.3516  
5977.329058  
5982.47856  
5978.708974  
5975.601192  
5977.900744  
5986.052897  
5982.787013  
5984.349289  
5985.030998  
5970.401946  
5978.826692  
5983.419732  
5987.87152  
6000.855098  
5988.958394  
5980.139543  
5983.734015  
5987.164351  
5987.716863  
5989.048137  
5982.074063  
5975.474455  
5983.29344  
5984.42792  
5987.19856  
5987.1566  
5983.474296  
5990.822738  
5992.492857  
6000.128843  
5994.290309  
5986.114637  
5993.783279  
5996.931537  
5999.046712  
5994.871866  
5988.403638  
5996.51587  
5995.897441  
6005.840155  
6007.67824  
5998.221076  
6000.852735  
6002.274068  
6015.380932  
6023.266937  
6019.170569  
6014.047264  
6013.308678  
6017.328177  
6015.124444  
6008.408263  
5996.19757  
5993.860383  
5992.502448  
5992.281646  
5993.579048  
5987.298241  
5991.397127  
5994.283079  
6002.737688  
6011.009864  
6013.146876  
6001.190774  
6007.875291  
6014.833865  
6015.389315  
6014.465678  
6001.37742  
6010.898346  
6014.56791  
6005.817235  
6000.055517  
5987.23171  
5998.670979  
5992.945024  
5997.655726  
5991.171972  
5980.979213  
5987.849687  
5989.261093  
5989.519752  
5983.455445  
5983.85767  
5989.46105  
5989.792082  
5992.45603  
5989.083012  
5980.773373  
5980.47278  
5981.020181  
5979.509707  
5970.980817  
5965.283634  
5970.158038  
5974.045549  
5983.592434  
5983.512829  
5972.728972  
5975.673605  
5986.252688  
5983.049967  
5983.530949  
5975.005689  
5981.820066  
5988.008085  
5983.148699  
5993.253787  
5977.58512  
5980.775814  
5983.200269  
5988.77663  
5995.010947  
5987.471808  
5993.496395  
5996.741108  
6003.808895  
6006.026472  
6000.495923  
6003.415353  
6007.848911  
6008.892542  
6007.790132  
5995.793262  
5999.108786  
5998.251624  
5995.932944  
5991.366402  
5986.135636  
5990.960738  
5994.61681  
6000.19586  
6001.183231  
5989.747506  
5996.527055  
6001.365461  
6001.743449  
6001.573796  
5985.501476  
5989.953357  
5991.015808  
5990.815064  
5993.006839  
5980.593231  
5981.832636  
5983.883516  
5990.391293  
5999.329126  
5992.529178  
5984.239795  
5988.628668  
5996.10232  
5996.546071  
5993.401444  
5981.152074  
5986.333884  
5985.725511  
5984.256732  
5986.07278  
5982.466533  
5990.362907  
5996.322076  
6003.494347  
5999.437127  
5990.182446  
5995.905083  
5998.165669  
6002.63643  
6003.591521  
5999.547037  
5995.169909  
6009.173123  
6028.022408  
6018.703883  
6016.208382  
6003.292975  
6011.767973  
6029.858797  
6033.507014  
6030.846335  
6025.457416  
6001.53001  
5985.632566  
5977.789491  
5978.04778  
5977.293323  
5977.962038  
5969.265534  
5947.805337  
5947.01357  
5960.666808  
5972.73251  
5987.611437  
5985.53926  
5974.625245  
