1.199229587  
1.24073902  
0.9811355089  
1.112646219  
0.4286884167  
0.6150580662  
0.6678636779  
0.5294760437  
0.602492331  
0.1834307982  
0.1610642599  
-0.3283913659  
-0.12586808  
0.004420650982  
-0.1286647462  
-0.2573252687  
-0.4421353132  
-0.4003985479  
-0.006020745216  
-0.336993446  
-0.1162302065  
-0.0711164554  
-0.2601862126  
-0.3562936736  
-0.1880339105  
-0.1345061187  
-0.506107586  
-0.2580524233  
-0.3283277786  
0.09920470589  
-0.01544564342  
-0.1015372652  
-0.1647746254  
-0.03662559735  
-0.1836211364  
-0.2263429228  
0.0954594547  
0.007599175833  
0.5129880994  
0.4967177178  
0.3602627052  
0.3400669171  
0.5115023411  
0.3423380182  
0.3431430403  
0.08271091281  
0.4957187583  
0.6866570166  
0.9156396938  
0.3906934526  
0.6985368039  
1.578215749  
1.014538583  
1.433095111  
0.5791495877  
0.509547865  
0.253430358  
0.08087020593  
-0.008757737508  
-0.3315429067  
-0.1261406835  
-0.01966525627  
0.2625547414  
0.2054608692  
-0.158041052  
0.4078732728  
0.06267276  
0.09637171033  
-0.3665975427  
-0.4563020895  
-0.648211477  
-0.3533331511  
-0.2593208821  
-0.5303599101  
-0.2298843541  
-0.220009751  
-0.08464958419  
0.0768554463  
0.5980922757  
0.334887388  
0.4934237571  
0.5674577333  
0.6593253243  
0.6289843771  
0.705279119  
0.3417554751  
0.2335467907  
0.1255271626  
0.2354605987  
0.2813398087  
0.09909708121  
0.05519299928  
0.3719869701  
0.8532152975  
0.4073178077  
0.1824129108  
0.5413659985  
0.0704215355  
-0.2999259472  
-0.1272300211  
-0.03151697048  
-0.3682439478  
-0.3433013295  
-0.4092384826  
-0.5623653458  
-0.2360784226  
-0.6191857008  
-0.4949888673  
-0.9927335239  
-0.442448164  
-0.8495002837  
-1.108669637  
-0.8271629413  
-0.7799043831  
-0.7759796988  
-0.6615176406  
-0.5229781698  
-0.5265894632  
0.2593147723  
0.548470278  
0.1364693218  
-0.1084032571  
0.4047214239  
0.287490566  
0.08881404495  
0.1258750727  
0.2836688362  
0.2585417804  
0.1263814052  
0.3014969079  
0.108640809  
0.0989708463  
-0.3216016994  
-0.5968856976  
-0.6501316441  
-0.6196398513  
-0.5951981399  
-0.5925725395  
-0.8983970809  
-0.9603388464  
-0.7886231961  
-0.7494854417  
-0.4598674519  
-0.1775378887  
-0.6403471086  
-0.1366478057  
-0.3576222395  
-0.1035933183  
0.04599302776  
0.2851187253  
0.2757726608  
-0.09470174412  
0.6510947345  
0.2043023624  
0.05026085709  
0.01469031259  
-0.0581972692  
-0.5811337014  
-0.8022942654  
-0.6151471661  
-0.9589510513  
-0.9229191054  
-1.059681626  
-1.247285263  
-0.7633552977  
-1.367267903  
-0.882806935  
-1.512246482  
-1.312537511  
-1.355814892  
-1.069198061  
-1.468379888  
-1.341651307  
-1.060696945  
-1.225789117  
-0.9165296673  
-0.9264308478  
-0.8767810025  
-0.6059631428  
-0.3932564916  
-0.4945783551  
-1.069887901  
-0.8111055218  
-0.6251355445  
-0.6576202743  
-0.7894009591  
-0.9511729602  
-1.380524636  
-1.240942854  
-1.566406807  
-1.368191485  
-1.338257997  
-1.614663017  
-1.466303352  
-1.069256641  
-0.8001898432  
-0.9180581123  
-0.7396944508  
-0.5216908357  
-0.7554790686  
-0.7030515532  
-0.8400261374  
-1.048630886  
-0.699143333  
-0.509880475  
-0.2259233798  
-0.3973490531  
-0.2124568286  
-0.1045010263  
-0.1469464906  
-0.001386811722  
0.2312697429  
-0.2985626395  
0.09651883386  
0.7115181666  
0.4619329354  
0.4962072393  
-0.02360287788  
-0.3015251653  
-0.3389609744  
-0.6038283691  
-0.6631324221  
-0.1921934773  
-1.026664132  
-0.6081009394  
-0.08233618206  
-0.6795804589  
-0.634068652  
-0.4949652062  
-0.6761215081  
-0.5481703507  
-0.2502906718  
-0.4705795823  
-0.5306751194  
-0.3395386575  
-0.2825538714  
-0.7118576251  
-0.1800022521  
0.1878518814  
0.5806122243  
0.7570931038  
0.8932784193  
0.5710696688  
0.9966190513  
1.185344335  
1.266644502  
1.422741163  
1.220030551  
1.283312796  
0.7163785742  
0.6402612444  
0.4523388224  
-0.08246363333  
0.08685006212  
0.1595998062  
0.5933393576  
0.4889207507  
0.8899144122  
0.7362275912  
0.9306034648  
0.8548577669  
0.7234635507  
0.8312776676  
0.9836380737  
1.305375058  
1.250661737  
1.082746202  
0.9972849377  
2.097356917  
1.678840791  
1.564985096  
1.314434251  
1.534885439  
1.125538361  
0.8763669953  
0.8013814243  
0.3633572081  
-0.2330039932  
0.04923424743  
-0.2516982199  
-0.4242932801  
-0.4072544736  
-0.5056725649  
-0.2911944637  
-0.02253309484  
0.1854011186  
0.1465159051  
0.7550769604  
0.8299455716  
1.268028696  
0.8115931193  
1.346096732  
1.056546896  
1.172570474  
1.456346185  
1.324243194  
1.323257392  
1.353510428  
1.287656911  
1.296113178  
0.8567069004  
0.9687855063  
0.7606713786  
0.3971168167  
0.2380119504  
0.1733345262  
0.7025161331  
0.4068308027  
-0.1486906364  
0.3834154893  
-0.140122824  
0.2903321595  
0.1955340981  
-0.07441556513  
0.2129481619  
0.4609322276  
0.4841014779  
0.255424912  
0.6347622289  
0.7804066613  
0.1173576993  
0.24977592  
0.3339756473  
0.471613017  
0.4351478128  
0.3985962353  
0.6714203563  
0.09908397809  
0.7353490413  
0.8305311827  
0.7941429963  
0.8748004216  
1.155808179  
1.331759  
1.333088603  
1.46504027  
1.149224446  
1.502849767  
1.388788262  
1.323873122  
0.8709884198  
0.8877827322  
1.151454627  
1.161314969  
0.06158677873  
0.1134155125  
0.002266361928  
0.4239938249  
0.3291448335  
0.02808037705  
-0.1029392358  
-0.04402111468  
-0.03503190318  
0.7137544123  
-0.4418118488  
-0.1904148012  
-0.5273234658  
1.169596743  
-0.4306444284  
-2.840089336  
0.9548210014  
-1.380993371  
-0.5920638879  
-1.780921988  
-0.9669680063  
-1.434039588  
-1.236494532  
-1.479039485  
-1.192158243  
-1.41307355  
-1.632155471  
-1.235484806  
-1.05098147  
-1.446151988  
-0.6635026478  
-0.6571460203  
-0.3857288367  
0.05693893585  
-0.0111674973  
-0.3474548341  
0.3852775087  
-0.3320714416  
-0.03906531577  
-0.1976488432  
-0.3649706504  
-0.6992743594  
-0.3608807236  
-0.5895388797  
-0.995993316  
-1.16618875  
-1.256160236  
-1.227263835  
-0.4874332691  
-0.7161819239  
-0.3790191716  
-0.2058689666  
-0.06368639426  
-0.1846752361  
-0.04890214577  
-0.3640618899  
-0.2030954199  
-0.2794428576  
-0.2171617331  
-0.3605562257  
-0.3958070277  
-0.5585460267  
-0.2253509157  
-0.3839953459  
-0.01767855814  
-0.1016126163  
-0.0565640247  
0.01648336767  
0.3336288581  
0.01715880929  
0.03501357985  
-0.3784114779  
-0.7883338068  
-0.6311213799  
-0.8437745134  
-0.6934171871  
-0.2393587709  
0.06596728961  
0.868249369  
0.4000285547  
0.5005361678  
0.7838261186  
0.8933462345  
0.8663994563  
0.8513531407  
1.391053826  
1.188057905  
1.865345171  
0.9302701003  
0.4894511267  
1.15914071  
0.8916690594  
-0.1884910429  
0.4615642497  
-0.4586760085  
-0.2969052546  
-0.1469001324  
-0.6316542741  
-0.4237183567  
-0.9044901926  
-0.3846445911  
-0.1508252652  
0.231989281  
0.5843227511  
0.3793321321  
0.5300052  
0.5487017881  
0.1054015497  
0.01889289402  
-0.03732958047  
-0.3380954107  
-0.1080676067  
0.05956700528  
-0.05780558772  
0.05017450428  
-0.2216206034  
0.3897443833  
0.1906438167  
0.2793316328  
0.1298305216  
0.5947551489  
0.8008846138  
0.6007644776  
0.7031933103  
1.452240615  
1.333394383  
1.000102784  
1.215250185  
0.9397299718  
1.213100103  
1.27157553  
1.037894615  
1.03818474  
0.3140143155  
-0.3170634646  
0.0431196666  
-0.6167574753  
-0.88895558  
-0.8476662117  
-0.6982369132  
-0.6662907301  
-0.05421053623  
-0.5696857477  
0.1021357465  
0.3622444385  
-0.2518506918  
-0.03620999992  
0.3363126585  
0.8854532633  
0.7325585264  
1.057806261  
0.2221817398  
0.7212265135  
0.2217046627  
0.1103448963  
-0.8039255413  
-1.042927965  
-0.6272918286  
-0.3195662558  
-0.375814373  
0.1478728041  
-0.07302445401  
-0.5615298338  
-0.2846211484  
-0.7291567747  
-0.3527129652  
-0.4729292539  
-0.7928998376  
-0.9201590011  
-0.9916909872  
-0.7539285699  
-1.115564958  
-0.8498517541  
-0.7791611925  
-0.4823883795  
-0.1910072952  
-0.06624558878  
0.09007240246  
0.03970343839  
0.003419239688  
-0.172028423  
-0.409156817  
-0.1768546864  
-0.3712245882  
-0.2382133801  
-0.7828397948  
-0.8684398284  
-0.7752293427  
-0.5652839605  
-0.4688394594  
-0.4775720704  
-0.344075719  
-0.1702588981  
0.1668041895  
-0.193367635  
-0.1455393832  
0.02328592793  
-0.329605131  
-0.2052050833  
0.2101686462  
-0.1505245154  
0.1869448289  
0.4013093638  
0.7658011103  
0.9531438839  
0.6651761727  
0.9064242016  
0.3577163679  
0.8126556286  
0.5055966867  
-0.2381922074  
-0.4734002082  
-0.4522717322  
0.08990775006  
-0.4089525012  
-0.2403179997  
0.1728519099  
0.1968726111  
0.0969316012  
0.1528894209  
-0.183787492  
-0.06393751441  
-0.06548807926  
-0.008759840514  
-0.142579089  
0.03443808651  
0.6287033147  
0.9818803573  
0.4187308474  
0.5753680516  
0.4475273406  
0.8206185121  
0.9379149038  
0.9069265245  
0.7072554535  
1.291537944  
0.7846844106  
0.253310925  
-0.3157916676  
-0.2033412038  
-0.2039890805  
0.4281327504  
-0.2021083315  
-0.5673693417  
-0.5961295276  
-0.1899628978  
0.1825165471  
0.1899258766  
-0.3815924208  
-0.9281302871  
-1.299577384  
-1.404437302  
-1.805394913  
-1.513030136  
-1.259298938  
-0.6862823302  
1.725725425  
1.494229791  
0.6961703639  
0.7189217326  
-0.2564690393  
0.1277599541  
0.08789512247  
-0.02443890059  
-0.5165251651  
-0.2741959648  
-0.1993253216  
-0.08596291515  
-0.09693833148  
-0.2198821345  
-0.2280116904  
-0.2443905523  
-0.04884239886  
-0.1836883439  
-0.2859660621  
-0.2898910448  
-0.6944423895  
-0.5840482733  
-0.2098120723  
-1.015068719  
-0.6744137141  
-0.6330556856  
-1.633455729  
-1.49864833  
-1.037296896  
-0.7400792946  
-0.4313346823  
-1.012689523  
-0.9368500013  
-0.6653909464  
-0.312115385  
0.203698362  
0.1998164636  
-0.669962764  
-0.6401833508  
-0.9586722159  
-0.7120287605  
-0.1832370818  
-1.123509727  
-0.5855484605  
-0.686269551  
-0.03257184218  
0.501706011  
0.1123523299  
0.06572270336  
0.2975513112  
0.5502008459  
0.7051050805  
0.6052428831  
0.8550830737  
0.910997817  
0.4993505538  
0.3204246214  
-0.37148735  
0.1071802034  
-0.1257079215  
0.3337415791  
0.1777209868  
0.6342262096  
0.9526203985  
0.8207628728  
1.103681533  
0.7537037438  
1.214654856  
0.6608250477  
0.6356582993  
0.636235547  
0.232212645  
-0.01483654704  
0.4626011354  
0.4056959483  
0.6645697471  
0.5621442157  
0.1453093901  
0.1121755985  
0.118544466  
0.2130573543  
0.2779457915  
0.3309256481  
0.5011454797  
0.647631226  
0.4773614095  
0.7544202524  
0.4005472044  
0.5444906573  
0.1284370529  
0.4233561526  
0.7088544079  
0.1212251072  
-0.2627619581  
-0.1562051759  
0.03071578212  
-0.04705496271  
-0.4530878327  
-0.8306519851  
-0.8843254439  
-0.3943132756  
-0.7120893037  
-0.8377425914  
-0.4301855468  
-0.05026380449  
-0.05371846476  
0.3541938737  
0.1901324234  
0.27923245  
0.7230979166  
0.7416541462  
1.305588382  
0.6286851621  
1.103121605  
1.094096328  
1.707058517  
1.513056525  
1.055354682  
1.100116915  
0.5760205599  
0.9652975124  
0.3723515233  
-0.005334063382  
-0.3874243945  
-0.09891957016  
-0.02715280862  
0.3938478338  
-0.3074609825  
0.2892165832  
-0.08424086572  
0.4099992512  
0.05789753229  
-0.1730441398  
-0.2438583131  
-0.4010444477  
-0.5539151424  
-0.3970556195  
-0.683931474  
-0.8788511954  
-0.7083265483  
-0.9083925418  
-0.7383154801  
-0.5446676207  
-0.7394951421  
-0.8237551443  
-0.3159008412  
0.3805892814  
-0.009817056928  
0.06725486483  
-0.2300568582  
0.3447890047  
0.4206159162  
1.109536615  
0.2994754936  
0.4499256942  
0.7591378935  
0.4268075678  
1.192971163  
0.8376657921  
0.1061154055  
0.0944728237  
-0.2906714174  
-0.9923194153  
-1.11191696  
-1.781427969  
-1.619626057  
-1.107140025  
-0.9550605847  
-1.037078248  
-1.0379793  
-0.7723402558  
-0.7038734904  
-0.3242583522  
-0.3626858434  
-0.5752712371  
-0.9697063741  
-0.8327281944  
-1.193152534  
-1.409399918  
-1.516184336  
-1.30236042  
-1.089850863  
-1.203121682  
-1.118625265  
-0.9569683692  
-1.074540979  
-0.5962220951  
-0.9316194177  
-0.488636661  
-0.6927658906  
-1.202108446  
-0.01155866291  
-0.1933302378  
0.09230638975  
0.3325714003  
-0.2992247801  
0.07402463114  
0.0003467543123  
0.06835740498  
0.2277989924  
-0.01881245896  
-0.08352795008  
0.3233068813  
0.2233094763  
0.2590819076  
0.05328569873  
0.8097522221  
0.8748315434  
0.7860451019  
1.116011065  
0.5649449346  
0.497560066  
0.9555835403  
0.710609514  
1.047245562  
0.7627351375  
-0.2169939839  
0.221806468  
0.31111545  
0.3004543999  
1.32268966  
0.8245281446  
1.179753884  
1.633204154  
0.408203765  
0.770365522  
1.140469626  
0.2957343517  
0.400964555  
-0.07995755136  
-0.0283594479  
-0.9287486458  
-1.002336792  
-1.146741159  
-0.5166290497  
-0.6322609722  
-0.7854505256  
-0.9621016002  
-0.5771896062  
-0.3288967568  
-0.360932555  
-0.2932803474  
0.3576287554  
0.1204551944  
0.727348763  
0.1024851819  
0.367796587  
0.4602285884  
0.8489711694  
1.084784299  
0.565253877  
0.4634037888  
1.164189392  
0.9760041592  
0.9366851924  
0.7217046237  
0.9561356415  
0.5623241306  
0.902715008  
0.08882927704  
-0.3091596513  
-0.2877975399  
-0.3471861221  
-0.00585229448  
0.3121621554  
-0.4547385024  
0.09171354185  
0.5328537937  
0.7568323353  
0.5672216373  
-0.3562373969  
0.6994711591  
0.9272686116  
0.596328276  
0.7130695109  
-0.2528374684  
-0.1785762282  
0.2869996914  
-0.317299759  
-0.02246760348  
-0.3745127737  
-0.1653618097  
-0.1414271965  
-0.03100575372  
-0.0845260182  
0.10561688  
0.9080562793  
0.664789583  
0.7886710069  
0.5212161635  
0.3679675056  
0.6858702272  
0.4435314274  
0.950582327  
1.081346054  
0.8412185673  
1.440069689  
1.614636549  
1.147627599  
1.287850341  
0.3918690709  
0.411936723  
0.4458001823  
0.04404487351  
-0.5445204489  
-0.6386942418  
-0.605715415  
0.2130255091  
0.08411193031  
0.2069465099  
0.08752474824  
0.1074832434  
0.8657827799  
-0.1300362886  
-0.01929566428  
-0.6785153244  
-0.6688529446  
-0.5401958473  
-0.6068596714  
-0.4091585901  
-0.6791987782  
-0.123233633  
-0.7509801341  
-0.5351697466  
-0.5185904391  
-1.201426847  
-1.235421123  
-1.841041543  
-1.315324443  
-1.289295083  
-1.497600306  
-1.009824051  
-0.7532748362  
-0.6351980477  
-0.4629239821  
-0.9655342749  
-0.6019518898  
-0.3429478612  
-0.3621746915  
-0.3174782534  
-0.9074823249  
-0.7134496406  
0.08773089784  
-0.2436074567  
1.018729479  
0.17164369  
0.7840597211  
0.9593987339  
1.137670136  
1.160505822  
0.2241884153  
-0.4295671013  
-0.2298663235  
-0.5445567038  
-0.04876857732  
0.6869069666  
1.525819741  
-0.6251594517  
-0.9211936255  
0.2006864755  
-0.06301433831  
-0.6357187239  
-0.3027869802  
0.1347458302  
-0.08176281582  
0.1149536518  
-0.5923953334  
-0.9541695363  
-0.8597916759  
-0.318346119  
-0.1650544767  
0.8915233845  
0.6438863261  
0.8803844238  
1.064848598  
1.389482698  
1.122675221  
1.721570739  
1.021070441  
0.368100407  
1.195581467  
0.5575332923  
0.6009768863  
0.376521926  
0.02926406276  
0.5691311331  
1.076173807  
1.058828945  
0.6974805795  
0.9482571295  
0.2904914427  
-0.02962347059  
-0.3434458669  
0.07409456301  
0.03474047905  
0.04562348548  
-0.3488178399  
-0.6268221159  
0.2132613472  
-0.2371346402  
-0.3169413406  
-0.2020620344  
0.006433466231  
-0.5102871939  
-0.3408545383  
0.2117482077  
0.2641299397  
0.2224860276  
-0.2428658716  
-0.2425522901  
-0.01366358404  
0.137996943  
0.018953897  
-0.4607446917  
-0.8461800989  
-0.5605644844  
-0.8551759254  
-0.4953698168  
0.2476071459  
0.02329160494  
-0.7208703581  
-0.6804189206  
-0.4796889605  
-0.5560152353  
-0.2862915958  
-0.5897309955  
-1.011781203  
-0.785198979  
-0.4209644323  
-0.637692474  
-0.5111093843  
-0.925321088  
-0.6662501447  
-0.02761165107  
0.05481352159  
0.4721607021  
-0.3111255343  
0.2455505098  
0.3089191664  
0.540245012  
0.2112576778  
0.5334196775  
0.812379405  
0.9383471897  
1.160778358  
1.105894117  
1.186865134  
1.27612141  
1.277689807  
1.816411299  
2.090741538  
1.55652457  
1.191769102  
1.353984307  
1.512750504  
1.105314668  
1.177319685  
0.8640487081  
0.6146370326  
0.9128591679  
0.7942812992  
0.7073466728  
0.3818270502  
0.8311073411  
0.8523995509  
0.9895804604  
1.097420513  
1.013559822  
0.551940895  
0.6525503902  
1.056303922  
1.46970504  
1.2976967  
1.042775903  
1.309553021  
1.627413655  
0.9915105353  
0.8904870848  
0.6718378942  
0.8193349011  
0.9346923902  
0.6084070607  
0.7034952719  
0.1280389266  
0.3746073516  
0.2613805792  
0.0316269941  
-1.045594876  
-0.8817055281  
-0.9055907225  
-0.6582888082  
-0.8823940503  
-0.897320271  
-1.312658114  
-0.63110749  
-1.051359124  
-1.175226701  
-1.241254576  
-1.612284167  
-1.534930418  
-1.357232998  
-1.650527064  
-1.3627744  
-1.462591274  
-1.304435611  
-1.237882192  
-0.8966238101  
-0.7591688756  
-1.33345925  
-0.902481066  
-0.4978328692  
-0.6798671121  
-0.3883402653  
-0.8082632962  
-0.3736652115  
0.03804011275  
0.008242167637  
0.4136777245  
-0.5254525357  
-0.5768404619  
-0.1780175931  
-0.08297018889  
0.2608783217  
-0.4885264365  
-0.2790581505  
-0.1827215934  
0.2788627109  
0.000361003432  
-0.6543127626  
-0.1487244293  
-0.2772552704  
-0.198695327  
-0.4456907685  
-0.9777143376  
-0.7393740807  
-0.3093914596  
-0.426151053  
-0.1466176615  
-0.3955552925  
-0.3308312943  
-0.3804625516  
-0.07385969078  
0.1662014529  
-1.081718401  
-0.9884451382  
-0.3473856036  
-0.3915607424  
-0.5102484372  
-0.5949650419  
-0.6712201366  
-0.502950868  
-0.08429744855  
-0.01015312465  
-0.5885782878  
-0.8343501104  
-0.1856358699  
-0.136154464  
-0.4745890733  
-1.074308277  
-0.6208380542  
-0.7808319553  
-0.6764763932  
-0.9896701136  
-0.6362991306  
-0.7487515648  
-0.02458513329  
0.1392022769  
-0.1046123397  
0.0008273273323  
-0.2327995915  
-0.3487089784  
0.1659034475  
0.02156231069  
0.6919917519  
0.5513896961  
0.1229707542  
1.006113608  
1.782752651  
1.452058311  
0.957071594  
0.3873673615  
0.4142790684  
0.637766392  
0.6201198023  
1.184755609  
0.7285994412  
-0.1518007438  
-0.6849130046  
-0.9385775654  
-0.7487991976  
-0.7493603837  
-0.6180348044  
-0.5747102481  
-1.476471615  
-1.609741853  
-1.376920276  
-1.085735865  
-0.6520058638  
-0.7248155221  
-0.7119491535  
