0.3516286059  
0.2861590615  
-0.056090425  
0.02563793551  
0.5840973502  
0.1127341901  
0.1277589007  
0.04890075398  
0.2228387291  
0.009613426869  
-0.1928943684  
-0.6012406151  
-0.009469449626  
-0.4181459161  
-0.2729362432  
-0.4159364753  
-0.1211122921  
-0.2945543603  
0.1210866153  
0.0170452236  
-0.320134495  
0.1429934083  
0.0434912066  
0.4932759496  
0.2482094385  
0.1774213228  
-0.316003489  
-0.2346802736  
-0.008190461544  
-0.1710710601  
-0.723728308  
-0.2075172936  
-0.1899560707  
-0.1904973928  
-0.04107757474  
0.3294944802  
0.2338830754  
0.0386258453  
0.5909484778  
0.3588360958  
0.1071034818  
0.4565699192  
0.0540280174  
-0.152010767  
-0.4862774228  
-0.05672239061  
-0.3660674342  
-0.7470035854  
-0.4997937457  
-0.005353721739  
-0.3246205944  
-0.3516673561  
-0.2217280624  
0.7704367925  
0.3124300502  
0.6875729421  
0.05395595015  
0.2797528266  
0.4741513174  
0.4769807898  
0.4111750033  
0.5344980111  
0.4257700629  
0.2266558599  
-0.1815799846  
0.004604477466  
-0.3127749671  
0.1236310873  
0.2379291802  
0.4960525057  
-0.04943188359  
0.5303951512  
0.2619555661  
0.2699584797  
0.07447869595  
-0.1858157607  
-0.4650590123  
-0.6909756749  
-0.5785492856  
-0.3124970734  
-0.3549605668  
-0.2874479895  
-0.0429227314  
-0.3300162208  
0.02660324829  
-0.7029762142  
0.2225950644  
0.3191336925  
0.3679111447  
-0.2313488336  
0.01229167486  
0.5394233717  
0.2208368419  
-0.4413924056  
-0.02537543031  
0.08797390802  
-0.1067044364  
0.09176254865  
-0.3442591535  
-0.1834417141  
0.2875813196  
0.2743426024  
0.1333644194  
0.5338440494  
0.9610507512  
0.7648985928  
0.9357733082  
0.7663844149  
0.5608509284  
0.5232722263  
0.8675893303  
0.4522135342  
-0.03953560719  
-0.1473568467  
-0.0386107897  
0.01184815318  
-0.7674703351  
-0.6695307332  
-0.1089512771  
-0.07182129687  
-0.2137084749  
0.01213853316  
0.3955404387  
0.4549374968  
0.6244296323  
0.7278860899  
0.4665557722  
0.5940174193  
0.5374129873  
-0.0738875312  
0.5923850238  
-0.6718255123  
-0.6447867646  
-0.5563264711  
-0.4914632851  
-0.7136496855  
-0.9475904155  
-0.7667108806  
-0.5363523796  
-0.5833279038  
-0.4830747466  
-0.8652026686  
-0.5901527465  
-0.3854971667  
0.06415394879  
0.04663871453  
0.5141944235  
0.2055340065  
0.4869620511  
0.2411243539  
0.2279716539  
-0.02244122288  
0.4679778897  
-0.1289327794  
-0.4741045511  
0.03998191956  
-0.2818444666  
-0.03989428301  
-0.289857241  
-0.6285684044  
-0.1414106893  
-0.04571631693  
0.05105995715  
-0.04301461774  
-0.02654291479  
-0.4239927526  
0.07800768539  
0.3345011198  
0.07707703609  
-0.2209727279  
-0.09652014145  
-0.462381289  
-0.09978023717  
0.3319555743  
-0.4319637928  
-0.09848115308  
-0.2336114788  
-0.5433746324  
0.3169886804  
-0.03821232232  
-0.005849119113  
-0.1956384492  
0.4313107486  
-0.05193226979  
0.1376139417  
0.1444730408  
-0.2304434773  
-0.478188052  
-0.1833439526  
-0.4551545189  
-0.4319080441  
0.06800572824  
-0.2383165064  
0.2658472275  
0.2341544037  
0.2821496165  
0.283186951  
-0.2815851775  
-0.06949191201  
-0.1209457419  
0.08006494255  
0.03320788506  
-0.3108139029  
-0.2331368409  
0.1657473995  
0.4551832162  
-0.3049714814  
-0.1933184434  
-0.3387701449  
-0.4236511387  
-0.4723571275  
0.1767512947  
-0.3380051101  
-0.5191304776  
-0.07422524348  
0.04353106522  
-0.4729460247  
-0.7763561377  
-1.118863091  
-0.7039865699  
-0.3005865402  
-0.9656458883  
-0.9371588667  
-0.6598261978  
-0.5931556739  
-0.1847421862  
-0.3314513337  
-0.3757296452  
-0.2825007778  
-0.7181491013  
-0.4027546309  
-0.3527864349  
-0.3784537264  
-0.664246044  
-1.0100262  
-0.150468791  
0.2268188072  
-0.4639817418  
-0.3122186758  
-0.8175100383  
-0.1812486461  
0.2616636602  
-0.1845077304  
-0.3276675058  
-0.3046961342  
0.009948123255  
0.4477299794  
-0.09000635959  
-0.3765864297  
-0.6384294903  
-0.6562670069  
-0.2016322353  
0.1133174615  
0.1498313313  
-0.2151086037  
0.6102269784  
0.2580094146  
-0.173944468  
-0.3426490309  
0.1002469927  
0.02613724015  
-0.4604599055  
-0.5066716457  
-0.3066935392  
-0.4984435678  
-0.2105100827  
-0.2194472706  
-0.4674562663  
-0.1448105704  
0.263001328  
0.116505666  
-0.2526494201  
-0.4338290513  
-0.04838001068  
0.04811798692  
-0.01275392626  
0.5911276669  
0.1532633827  
0.4667148315  
0.4298136872  
0.94018409  
0.8826288332  
0.1091045258  
0.7265077779  
0.2718898256  
0.1839783808  
0.07819080174  
0.0946075684  
0.1705623173  
0.3966584734  
-0.2604826235  
0.1063181364  
0.01486459228  
0.03295079699  
0.5560567485  
-0.5136325781  
-0.82457909  
-0.7611448574  
-0.3947889076  
-0.2233949795  
-0.7514157282  
0.2735791241  
0.2025270953  
0.3361042706  
0.2555274197  
-0.07945845474  
0.3743225479  
0.1143771421  
-0.4523963511  
0.0276904533  
0.01375679103  
-0.1199292669  
0.1316411663  
-1.095899674  
-0.5787635593  
-0.8880623986  
0.01721833143  
0.269062366  
0.2821616207  
0.9055831953  
0.05186130189  
-0.09943457429  
-0.1805418265  
-0.3964915051  
-0.5454949014  
-0.2401804583  
-0.05803182287  
-0.5281664913  
-0.5600345012  
-0.3248609052  
0.04769947576  
-0.1204747509  
-0.454563999  
-0.09469810109  
0.635965784  
0.06184419403  
0.5094262533  
0.4321667629  
0.4533876121  
0.5712758435  
0.5246977611  
0.416823505  
0.3066683518  
0.03787962945  
0.006396263595  
-0.3117276987  
-0.375284126  
-0.02207265883  
-0.3304818278  
0.04298419407  
-0.2242112557  
-0.2182500422  
-0.2441319991  
-0.09976691368  
-0.02781275199  
-0.493836564  
-0.2188206284  
1.62320649  
2.06082359  
1.647624007  
0.9705147656  
0.08683464327  
1.509377307  
0.7054732957  
1.124274367  
0.7183682624  
0.2021517846  
-0.5093150953  
-1.022752596  
-1.542770504  
-1.180077031  
-1.403568576  
-1.050695386  
-0.8601238121  
-0.6521880754  
0.2227149609  
0.03872652464  
0.1936307081  
0.02086345878  
0.3533079544  
0.2002545171  
0.3158551129  
0.3856144293  
-0.1707223192  
-0.1528980477  
-0.4857857423  
-0.3771256943  
-0.3721961183  
0.2520488372  
0.06920374807  
-0.3166211166  
-0.1532668863  
0.3858368335  
0.4615383142  
-0.07767153385  
-0.4257870191  
0.6411328219  
-0.1755696137  
0.3633340515  
0.01744548845  
-0.5217397276  
-0.4374611095  
-0.05662344086  
0.04210874459  
-0.3922137117  
0.1865648772  
0.328743835  
0.3306827118  
0.1747822001  
0.03977143377  
0.4850612355  
0.398454881  
0.8587261872  
0.839395636  
0.337731149  
0.1551998905  
0.3934294517  
0.05118575834  
0.1324354154  
-0.4714949179  
-0.119335163  
-0.4837563135  
0.06548758061  
-0.3507467284  
0.1335336849  
0.3720193245  
-0.0554953693  
0.4238880698  
1.021545475  
0.4049935888  
0.2012826978  
0.7659347328  
0.5797123161  
0.9512994105  
0.8016968283  
0.9246734885  
0.9761464366  
1.097172558  
0.5994913432  
0.7051802036  
0.8269429165  
0.7047328738  
0.9710176724  
0.5926754362  
0.8333263032  
1.408637066  
1.081936919  
1.389792639  
1.845239506  
1.118844589  
1.468613287  
0.3664402508  
0.451671196  
0.8716474858  
-0.1323184488  
0.06015412929  
0.413547951  
0.1849056646  
0.2708513072  
-0.2296865745  
0.4405240193  
0.6805891887  
0.1966277261  
0.1819644777  
-0.07756147958  
0.09516027308  
0.123248629  
-0.06960811456  
0.3093114777  
-0.3282488196  
-0.1777210574  
-0.01698697629  
-0.05556403367  
0.2114175425  
0.05202304846  
0.2533533426  
0.1948700438  
-0.2201612111  
0.02008376906  
0.0610431834  
-0.4244875491  
-0.6578229468  
-0.3350707829  
-0.4235121446  
-0.569676945  
0.1265626959  
-0.1685772327  
-0.424713013  
-0.1452289849  
0.3333925922  
0.08661245649  
0.1041073923  
0.1916817709  
0.3409425415  
0.8280786293  
-0.05760379956  
0.192688358  
0.3796717908  
-0.03321257146  
0.1132741079  
-0.1287746  
-0.0262918572  
0.2709477589  
0.02819779787  
0.1829008637  
0.1451690063  
-0.006242409116  
-0.2542157693  
-0.9247089667  
-0.2291605613  
-0.6691838452  
-0.2304946017  
-0.3339397982  
-0.1313325306  
0.172127422  
0.1131575086  
0.1810065214  
-0.1463959499  
-0.2294710622  
-0.2177944074  
-0.5189096705  
0.1338069036  
0.1006261804  
0.1825217653  
0.5292318341  
0.2680006843  
0.7717427299  
0.2818736547  
0.9324548095  
0.7122628983  
0.447930693  
0.1220077863  
0.04910142175  
-0.0805168649  
0.1313307671  
-0.02409695496  
-0.02509240669  
-0.06383070589  
0.1509482043  
-0.03312507588  
-0.1047645068  
-0.1240792943  
0.2029247916  
0.09959128646  
-0.2964786191  
0.2257913711  
0.4002715733  
0.7173069948  
0.07321587363  
0.4594007392  
0.706031803  
0.2317428745  
0.06916414297  
0.1160843956  
-0.5423795104  
-0.140565738  
0.008986360898  
-0.1970308393  
-0.06049673656  
-0.1612896282  
-0.3278729727  
-0.7185105047  
-0.7009132739  
-0.3651981255  
-0.7859114261  
-0.3450331867  
-0.5025517786  
0.04338524624  
-0.2133318863  
0.6372290019  
0.5435895253  
0.7443215773  
0.5961894964  
0.4579556565  
0.2715315133  
0.3775802556  
0.5197948557  
0.004531922427  
0.4687879568  
0.6279671699  
0.1991938484  
0.6135053857  
-0.3068335487  
-0.1247863121  
0.4428808569  
0.8111018644  
0.5303460487  
0.03176654335  
-0.1561047744  
-0.2805145411  
-0.7194446622  
-0.8879761109  
-1.966889559  
-2.310870746  
-1.974666321  
-2.752127411  
-2.366910054  
-1.7773437  
-1.311297521  
-1.07583736  
0.2937347997  
0.3952523004  
0.3074824068  
0.6496497256  
1.373123734  
0.640361926  
0.4183257679  
0.886045441  
0.8480322968  
-0.457431285  
-0.6143654447  
-0.3878707906  
-1.020216849  
0.3848345259  
-0.06344036844  
-0.5228829296  
0.3389470681  
0.690364765  
0.8910234156  
1.080676583  
0.5231764768  
0.9206511779  
0.5219492733  
0.6411153978  
0.5807585108  
0.1328613214  
-0.3212453328  
-0.7634460457  
-0.4303932222  
-0.1962403531  
-0.06912310902  
0.2179089513  
0.4284692022  
0.5126889874  
0.6902982419  
0.003611583597  
0.08330580102  
0.06098994181  
-0.1374050021  
-0.470753797  
-0.6943211732  
-0.2901716519  
-0.2651985918  
-0.8714981261  
0.0005832762518  
0.409635279  
0.3539740282  
0.2114933147  
0.3264120729  
-0.05116227725  
-0.1204785844  
0.5595509305  
-0.1427113282  
0.4166141444  
0.2937803358  
0.3888976055  
0.6621260827  
-0.6047540467  
0.1103910519  
-0.459697545  
0.03269644319  
0.1234715126  
0.1929227697  
-0.4284630841  
-0.3299386745  
0.5226403462  
-0.1067299034  
-0.1636875261  
-0.2386236181  
0.1319673483  
0.4231466736  
0.2899470805  
0.4554483679  
0.7138264313  
0.8710632593  
0.9882223402  
0.7812101917  
-0.1509909948  
0.1414139246  
0.5386110819  
0.09906226929  
0.07775175962  
-0.3560672335  
-0.1935664878  
-0.03503551215  
-0.01564076273  
0.0859776318  
-0.5898341169  
-0.4248791091  
-0.01005841041  
0.0936427474  
0.4174059177  
0.1981510072  
-0.09880526071  
-0.06491825916  
-0.4160925541  
-0.2698099465  
-0.5077551897  
-0.6384246984  
-0.5120055652  
-0.3528049842  
-0.1243079692  
-0.5701633042  
-0.8088224515  
-0.6411823221  
-0.6189579456  
-0.4061457562  
-0.6633750267  
-0.5963057289  
-0.5261535501  
0.3273534534  
0.5128342536  
-0.05131711803  
0.1611516362  
-0.2141778746  
-0.2147659284  
-0.1704293456  
-0.3574099723  
0.178218427  
-0.761910077  
-0.2875387725  
-0.3134111667  
-0.3963345761  
-0.4180311977  
-0.1954941766  
0.4963764076  
0.3460205334  
0.2436307875  
0.2780988768  
0.5831782686  
0.4127705126  
0.7570215995  
0.6250403747  
0.1532496224  
0.3420203055  
0.4200998093  
0.3050577867  
0.1785146558  
-0.08552328661  
0.4046895822  
0.3710822464  
0.1607046935  
-0.2258050463  
-0.8713086292  
-0.1578919609  
-0.6429984796  
-0.3326414561  
-0.2728603103  
-0.3064000666  
-0.6740218837  
-0.6845561671  
0.06581844433  
-0.4350478497  
-0.007051480917  
-0.1978373689  
0.5042024429  
0.2030595956  
-0.05582805779  
0.06328791806  
-0.569111635  
-0.1572857946  
-0.1785520098  
0.4611976394  
-0.386450698  
-0.282760201  
-0.8406423679  
-0.5306046756  
-0.5602376328  
-0.7091563189  
-0.813564553  
-0.7578629199  
-0.3088212941  
-0.2440436615  
-0.5389787499  
-0.6293993829  
-0.2575640496  
-0.4156942773  
-0.6888174396  
-0.7580036116  
-0.8523188387  
-0.8441937128  
-0.4616153358  
-0.3155579415  
0.5400081697  
-0.4770586681  
-0.3920967001  
-0.1288528553  
-0.4389749334  
0.1471527704  
0.5074239121  
0.05116845441  
-0.0081648567  
0.3916949147  
0.9646064412  
0.6876126213  
0.07091604984  
-0.009273355499  
0.186174447  
0.09976726331  
-0.04325543367  
-0.8311292159  
-1.166782953  
-0.8496066688  
-0.359172497  
-0.07937482234  
-0.5153955715  
-1.133193429  
-0.8912452847  
-0.4388157632  
-0.3750769865  
-0.4678224161  
-0.1491399244  
0.350945542  
0.375104564  
0.5490476432  
0.327765874  
-0.2016919234  
-0.1172519731  
0.6520620633  
0.6913418287  
1.238153646  
1.400972329  
0.7184858272  
0.8345055156  
0.2245002716  
0.4174618878  
0.3344694702  
0.1251514962  
-0.2734961317  
-0.08109340734  
-0.5261239641  
-0.6870698851  
-0.5955107531  
-0.7317403006  
-0.2476713814  
-0.7438129002  
-0.5025017779  
-0.5367323453  
-0.5087271144  
0.7484305678  
0.1108680899  
0.1350468447  
0.08650012201  
0.05849114671  
0.5245937045  
-0.4354141773  
-0.06229568674  
-0.8235811102  
-0.1304281542  
-0.05494989347  
-0.4910068136  
-0.506482396  
-0.2999374593  
0.004887496399  
0.2398590078  
-0.05360212918  
-0.6775842106  
-0.4241810578  
-0.6503741559  
-0.1561206049  
-0.8606979647  
-0.5245011036  
-0.4205201799  
-0.3171646841  
-0.594884604  
-0.8152833809  
-0.3255696249  
-0.293493013  
-0.3927925329  
0.258100512  
-0.225893384  
0.01031957711  
0.09405643123  
-0.2358451137  
-0.09678996722  
-0.5424677566  
0.1259443891  
-0.8229036481  
-0.5623737818  
-0.7956557546  
-0.903784772  
-0.4785447756  
-0.4335410123  
0.01534921083  
0.2227566256  
-0.400693501  
-0.07075140319  
0.2916428108  
1.084429891  
0.9146650336  
0.1466162771  
0.4192796809  
0.7134929184  
0.7036372766  
0.2715314942  
0.1351411843  
0.6508710542  
0.6656458869  
0.6725571431  
0.2479531179  
-0.1722038654  
-0.3317764384  
-0.1831412397  
0.2081956516  
-0.08881481404  
-0.4800537808  
-0.2771559346  
-0.09471862843  
0.2166708206  
0.1499827028  
-0.594221228  
-1.029479548  
-0.543306248  
-0.05893196055  
-0.01638991049  
-0.3690938637  
-0.8410821774  
-0.8989661249  
-0.407869753  
-0.2482821194  
-0.6181924521  
0.03458413461  
0.02964461176  
0.1911048937  
0.3632371186  
-1.053265501  
-0.8625865218  
-0.335547708  
-0.2786667697  
-0.4375627604  
-0.7849348095  
-0.2699286487  
-0.3873994275  
0.1850232268  
-0.1490475026  
-0.3259037217  
-0.6374850278  
-0.4500014856  
-0.1420287642  
-0.3161542083  
-0.9233464618  
-0.5283723088  
0.1550340241  
0.1452495567  
0.8746674918  
0.2632405628  
0.3953213157  
0.8827230429  
0.9695022136  
0.9128745339  
-0.1424235374  
-0.4161668791  
-0.5453361011  
-0.2987251123  
0.4107782374  
-0.08901904644  
0.5063173878  
-1.185170041  
0.4848111208  
1.553863359  
1.984717573  
1.940737945  
1.92062619  
1.623949384  
1.137909197  
0.8921778411  
0.3800934803  
-0.05582979814  
0.1182465693  
1.056685365  
0.981394504  
1.559842487  
0.9885883656  
0.4691949713  
1.053915258  
1.120172291  
0.7905278292  
0.8420614288  
0.6531536975  
0.1636845192  
0.750209696  
0.2951718795  
0.4008455977  
0.249062579  
-0.5908533857  
-0.3492448746  
-0.1588025989  
0.3410228138  
-0.5368716259  
-0.1005648235  
-0.6780013047  
-0.6541351229  
-0.2367444413  
-0.1941527187  
-0.2032180958  
0.2581400975  
0.6176593839  
-0.005668426521  
0.08169525717  
-0.3592458001  
0.5002544032  
0.5086037576  
-0.1132812197  
-0.639567055  
-1.168924496  
-0.7035628386  
-0.3098232558  
-0.7069688081  
0.01289105731  
0.0248214693  
-0.07528085639  
-0.2997552326  
0.3688766655  
-0.1728734919  
-0.3199952067  
0.1981688741  
0.2102256747  
0.6023616995  
0.4186244228  
0.5300975458  
0.6427504903  
-0.1583141256  
0.06357905586  
0.3753020904  
0.3806888183  
0.7278896697  
0.1110557996  
0.5824244149  
-0.1105225005  
0.07233557096  
0.2150069261  
-0.07366049076  
-0.07314004009  
0.4598505313  
0.8745606151  
0.5319056844  
0.09680755504  
0.2916304529  
0.6072010334  
0.4855071705  
0.8596506825  
0.3364102784  
0.3784585751  
0.4214429092  
0.5535678224  
0.671240675  
0.1915590776  
0.2178483174  
0.1719905456  
0.2249982264  
0.4255797743  
0.2838270019  
0.29145227  
0.4649242916  
0.394172624  
0.2117180929  
-0.1027609624  
-0.8032524865  
-0.838139652  
-0.4504046155  
-0.7191633002  
-0.2291469403  
-0.8295055376  
-0.2740519432  
-0.1857724573  
0.1541107403  
0.6879876794  
0.2978974666  
0.1955484841  
0.4611270064  
0.644956355  
-0.1906708451  
-0.4696384238  
-0.4447385373  
-0.430558436  
-0.4126724077  
-0.6756869257  
-0.5827110098  
-0.9149051741  
-0.6050972073  
-0.5439432728  
-0.6229853131  
-0.6574259072  
-0.1538867849  
0.2994651054  
0.4051672955  
0.8184319865  
0.2115539079  
-0.1008783077  
0.05844745553  
0.4973969267  
0.7631729695  
0.1808417231  
-0.1964997096  
0.266334872  
0.5435343276  
0.6496953447  
-0.2651012702  
0.195866805  
-0.01852291738  
0.205550671  
0.4160787661  
-0.1337730491  
-0.4173204331  
-0.5878950017  
0.1833560294  
-0.09341130638  
0.5826711427  
-0.01131137278  
0.5284607269  
0.2680769454  
0.1468045469  
0.3333147355  
-0.1097774852  
-0.07863627622  
0.06812969672  
0.1556092328  
0.5733403724  
0.1500089148  
-0.2569320711  
-0.5259881971  
0.1394164164  
-0.02703230142  
-0.2270286208  
0.3321451278  
0.5672713338  
0.6513244756  
-0.4336976654  
-0.8295186876  
-0.7339604578  
-0.5785428025  
-0.5223624859  
-0.6614808332  
-0.722417509  
-0.3246391667  
-0.3422357842  
-0.01196047128  
-0.05334679755  
-0.2323183214  
-0.8039131377  
-0.1755261124  
-0.3251785957  
-0.4161522763  
-1.358556241  
-0.6007796622  
-0.3241617965  
-0.6191100249  
-0.8473836215  
-0.8832591575  
-0.7299123578  
-0.7029542778  
-0.4348111665  
0.3427493985  
-0.5752710847  
-0.4648074226  
-0.462087068  
-0.5363044864  
-0.4692094163  
-1.431985345  
-0.8178266617  
-0.3340680222  
-0.9378050889  
-0.2360440178  
-0.3929500882  
0.5772304518  
0.02997719031  
0.3575477847  
0.7170119684  
0.3489812667  
0.3380292862  
0.677379232  
0.6871478851  
0.4119458399  
0.3553018434  
0.2896051296  
-0.1285745241  
0.8337734889  
1.044904792  
0.5274972763  
0.5272433406  
1.668508727  
1.435082381  
2.174756959  
2.376304947  
1.45941723  
1.914458314  
0.5304605504  
0.115114751  
-0.4044288242  
-0.3271596821  
0.01480492174  
-0.8828998072  
-0.7337240701  
-0.6910806714  
-0.686157137  
-0.3130218315  
0.021648827  
0.2311704633  
0.122579212  
-0.6052458741  
