3029.92367  
3030.192335  
3025.159197  
3033.663823  
3030.829179  
3024.622583  
3024.187082  
3028.28463  
3030.362121  
3023.318855  
3024.014859  
3026.865513  
3023.684622  
3024.155542  
3025.032374  
3025.333758  
3031.385404  
3031.647477  
3031.604102  
3030.108581  
3026.694667  
3031.820544  
3036.755235  
3028.822368  
3032.738077  
3024.067799  
3024.902432  
3018.678282  
3026.408087  
3027.409744  
3024.575471  
3025.382835  
3024.389841  
3028.081157  
3026.628433  
3026.313332  
3025.120423  
3022.849447  
3032.801267  
3021.201288  
3020.819856  
3025.441836  
3017.423874  
3016.529443  
3022.191956  
3019.965022  
3028.355513  
3019.011223  
3023.300981  
3025.455583  
3032.169935  
3034.701906  
3025.803165  
3030.979033  
3028.094164  
3034.057895  
3035.209031  
3030.275447  
3024.748185  
3023.035903  
3016.870573  
3025.702809  
3025.833982  
3027.058816  
3026.566677  
3027.106477  
3023.241122  
3024.199809  
3027.520703  
3021.762147  
3026.561246  
3024.126546  
3030.195844  
3027.605903  
3027.8366  
3030.966122  
3031.476785  
3031.943955  
3032.45457  
3030.903203  
3025.199011  
3024.284674  
3023.586606  
3023.642663  
3028.134832  
3030.129088  
3027.539246  
3024.988599  
3034.401344  
3028.813687  
3020.65591  
3028.974465  
3027.847233  
3030.524537  
3020.873861  
3017.627425  
3026.103048  
3024.799948  
3026.046248  
3019.326727  
3026.449808  
3025.633835  
3020.346058  
3020.464525  
3021.482315  
3022.540634  
3017.671109  
3020.527741  
3015.870413  
3018.93113  
3025.830525  
3024.11604  
3026.98531  
3026.40305  
3022.066868  
3027.082732  
3023.792392  
3022.18323  
3022.122208  
3020.838751  
3021.180156  
3024.19464  
3016.310875  
3013.80907  
3019.303194  
3028.96428  
3027.794278  
3024.675753  
3028.155837  
3025.604353  
3028.005627  
3027.413287  
3025.389042  
3028.751585  
3030.503049  
3033.631422  
3019.075741  
3019.187397  
3020.699759  
3026.498624  
3020.878245  
3026.552929  
3023.957483  
3020.308837  
3029.643198  
3023.605147  
3029.372581  
3019.050895  
3024.667462  
3020.557105  
3027.682105  
3028.115736  
3027.99924  
3021.331105  
3022.929976  
3021.605896  
3027.310138  
3024.357814  
3023.995402  
3021.596298  
3021.061432  
3020.983797  
3025.354635  
3025.136244  
3014.064158  
3016.89003  
3020.260146  
3017.551644  
3020.389592  
3016.16735  
3014.053488  
3020.928092  
3019.029916  
3022.893214  
3020.005462  
3022.796778  
3021.241531  
3019.726278  
3019.058157  
3017.685734  
3021.792803  
3024.942418  
3019.651721  
3022.957346  
3020.719142  
3020.903493  
3016.586567  
3021.244248  
3021.550786  
3017.148299  
3020.440325  
3020.504758  
3027.939999  
3024.800831  
3025.712153  
3022.310806  
3022.002331  
3027.050866  
3029.709285  
3025.228257  
3021.001221  
3018.141301  
3015.314795  
3027.211866  
3023.321339  
3018.613126  
3019.689407  
3025.50721  
3018.090319  
3021.569388  
3015.699522  
3017.677934  
3026.118397  
3020.165359  
3023.624279  
3019.965598  
3017.279216  
3020.759854  
3026.285259  
3028.727717  
3034.000457  
3036.54122  
3029.193822  
3030.007652  
3022.219104  
3027.101434  
3030.116954  
3026.676564  
3020.702834  
3023.89922  
3024.47105  
3018.18301  
3016.340829  
3021.766338  
3021.285392  
3019.614175  
3026.407543  
3026.281638  
3022.229763  
3023.934912  
3026.545808  
3021.58538  
3030.161779  
3027.832773  
3030.638785  
3023.121238  
3029.849784  
3023.153082  
3022.194395  
3028.604406  
3022.234623  
3020.313301  
3019.094074  
3023.311189  
3022.77044  
3021.679179  
3020.353357  
3019.259801  
3024.892478  
3026.891231  
3018.255319  
3017.454918  
3026.006365  
3023.758484  
3024.972135  
3017.853677  
3022.866918  
3021.840083  
3027.470441  
3026.950181  
3019.602713  
3026.917188  
3030.617837  
3026.953477  
3025.524148  
3019.277592  
3027.054851  
3024.923163  
3020.688167  
3020.45136  
3013.529755  
3019.096855  
3020.478376  
3030.33051  
3027.10419  
3024.385647  
3028.984177  
3021.199405  
3031.87127  
3029.798322  
3024.882147  
3026.378101  
3026.314238  
3031.422888  
3030.429016  
3030.739748  
3032.415763  
3033.463186  
3030.280884  
3026.899735  
3026.035617  
3018.255625  
3022.038101  
3031.270412  
3027.461136  
3013.717461  
3020.203138  
3030.567069  
3024.371751  
3024.468308  
3025.350739  
3020.322939  
3017.674768  
3023.006022  
3025.936831  
3018.264482  
3017.789912  
3020.449228  
3022.122117  
3019.559969  
3023.297368  
3026.388845  
3022.839605  
3023.500279  
3024.379306  
3018.661663  
3020.24016  
3022.046342  
3027.549805  
3023.648009  
3014.073745  
3017.665492  
3024.772332  
3030.13841  
3028.791134  
3022.626647  
3020.889653  
3026.437967  
3026.343314  
3025.621892  
3021.297191  
3019.114336  
3025.308893  
3023.675408  
3030.500342  
3023.861963  
3024.772887  
3033.061357  
3030.401051  
3027.950252  
3025.586286  
3022.927247  
3024.064039  
3019.185523  
3029.898043  
3028.60438  
3034.027939  
3010.319225  
3020.683164  
3026.455229  
3040.368514  
3035.004355  
3029.844193  
3037.498889  
3034.490827  
3031.600993  
3028.506462  
3024.282693  
3023.12216  
3030.375399  
3028.533789  
3031.655057  
3033.503541  
3031.736786  
3037.52487  
3034.036546  
3034.294684  
3033.074158  
3028.644136  
3033.161768  
3032.664857  
3036.057181  
3033.231299  
3028.535948  
3025.314801  
3027.512671  
3028.742573  
3025.7455  
3020.326827  
3026.870823  
3022.591543  
3022.62477  
3026.169726  
3023.79956  
3017.635423  
3028.359903  
3025.94806  
3018.777932  
3022.675661  
3025.518493  
3029.310861  
3022.214628  
3028.003792  
3027.746571  
3021.564486  
3023.955573  
3029.796709  
3026.350129  
3023.844606  
3025.041243  
3032.42401  
3024.855071  
3027.477908  
3028.34142  
3026.343436  
3021.41876  
3026.078903  
3030.497579  
3032.257299  
3025.137716  
3021.819918  
3019.38647  
3029.56859  
3027.127069  
3022.848884  
3025.130111  
3024.096184  
3027.03535  
3029.585136  
3024.685158  
3027.167045  
3019.406998  
3026.788011  
3030.961237  
3025.945237  
3024.92521  
3027.405767  
3029.914111  
3022.884188  
3030.329768  
3027.634474  
3029.714752  
3027.095676  
3027.616908  
3032.309595  
3029.530283  
3023.817733  
3022.176788  
3027.656473  
3025.941016  
3030.278873  
3030.147139  
3025.944193  
3027.162633  
3030.265997  
3030.419829  
3025.714583  
3016.994976  
3023.130003  
3025.472568  
3027.357758  
3020.709506  
3022.566123  
3022.773981  
3027.951063  
3026.756568  
3027.385952  
3024.374972  
3022.411787  
3027.067796  
3021.825195  
3024.779844  
3029.151005  
3027.719902  
3033.773946  
3024.825978  
3024.613342  
3022.542951  
3021.933697  
3024.472125  
3016.659088  
3017.237852  
3020.615995  
3018.91262  
3016.920391  
3024.142986  
3023.45716  
3027.740938  
3025.648429  
3026.688819  
3028.867427  
3025.835499  
3031.046006  
3025.959411  
3032.13829  
3032.078078  
3034.888301  
3022.234927  
3020.015374  
3027.510298  
3028.553045  
3028.027453  
3027.939625  
3021.449721  
3024.295795  
3027.611617  
3027.717186  
3025.624047  
3028.84235  
3030.469295  
3034.177738  
3029.29456  
3033.069941  
3022.766009  
3026.109799  
3028.588138  
3029.194119  
3023.730351  
3020.863997  
3025.048588  
3027.991925  
3029.832355  
3031.822169  
3029.68547  
3031.807525  
3026.034206  
3030.586267  
3032.247942  
3023.948645  
3026.161364  
3025.885155  
3027.831516  
3026.209188  
3021.39178  
3026.831539  
3024.860473  
3029.448156  
3034.825829  
3023.290995  
3026.17312  
3029.123888  
3032.398121  
3020.675959  
3017.278648  
3027.415783  
3023.471715  
3025.273825  
3025.299774  
3027.346745  
3021.678996  
3023.499784  
3024.191222  
3031.349167  
3020.593173  
3030.20916  
3020.558855  
3025.823524  
3028.98505  
3021.805415  
3019.588112  
3019.178184  
3026.392771  
3021.685682  
3024.367528  
3029.23724  
3027.534034  
3025.845169  
3030.254176  
3030.085274  
3029.806664  
3029.443416  
3028.929348  
3030.375972  
3031.899317  
3019.133946  
3020.130439  
3035.321281  
3039.717549  
3028.101004  
3027.266775  
3035.527998  
3032.577687  
3043.781877  
3045.747674  
3039.75153  
3040.408266  
3037.229066  
3028.267463  
3028.790317  
3022.801757  
3025.221394  
3023.443575  
3024.215865  
3020.106107  
3017.865576  
3029.171565  
3020.358707  
3027.434352  
3025.663025  
3022.315416  
