2875.58338  
2867.094328  
2866.176467  
2862.530528  
2865.797987  
2863.752126  
2860.453993  
2863.20249  
2864.567684  
2859.897839  
2855.689211  
2854.829854  
2848.310602  
2857.955624  
2849.841809  
2851.954135  
2853.311437  
2853.395668  
2853.529768  
2861.995014  
2860.88037  
2865.441554  
2867.837646  
2854.644052  
2860.635573  
2859.649001  
2854.003968  
2861.297309  
2847.935202  
2850.134956  
2846.87399  
2855.938607  
2856.660757  
2859.44048  
2860.50489  
2872.091322  
2866.248291  
2866.743566  
2861.905337  
2861.122058  
2867.813106  
2863.769501  
2866.058807  
2858.252719  
2862.954029  
2863.073559  
2860.689447  
2856.07377  
2856.874675  
2856.625363  
2863.774051  
2860.932329  
2855.326358  
2870.328138  
2873.305061  
2858.154859  
2858.066311  
2866.083355  
2859.85169  
2863.458574  
2866.802269  
2869.026465  
2862.017939  
2871.134972  
2864.901294  
2867.141711  
2860.754417  
2866.404709  
2867.620057  
2871.670734  
2862.075839  
2861.885604  
2861.696136  
2867.30989  
2858.644563  
2855.769527  
2853.180799  
2853.606543  
2856.299996  
2852.790521  
2844.205936  
2860.155655  
2870.567948  
2857.390848  
2854.848269  
2860.135315  
2860.74219  
2861.823241  
2866.111308  
2866.288156  
2862.523296  
2863.063417  
2856.120079  
2858.71644  
2859.555746  
2861.395644  
2858.686897  
2850.636384  
2864.650924  
2852.34311  
2862.6777  
2854.794086  
2872.14175  
2867.994391  
2870.647241  
2870.921018  
2865.281614  
2863.923001  
2859.725746  
2868.197259  
2863.206758  
2856.281794  
2852.453188  
2847.853997  
2850.031461  
2864.228341  
2850.839031  
2853.296936  
2859.589649  
2856.678037  
2859.788474  
2855.107541  
2862.757382  
2864.952871  
2873.440702  
2861.78201  
2871.167737  
2866.048721  
2862.616178  
2863.354019  
2861.028161  
2859.800371  
2854.542976  
2847.898541  
2854.447561  
2851.204514  
2845.665602  
2843.85206  
2859.549648  
2846.208077  
2849.226289  
2851.525568  
2854.036399  
2867.432447  
2859.266329  
2852.632304  
2864.737131  
2861.349302  
2858.268644  
2864.047729  
2858.749981  
2856.79  
2859.480306  
2857.852136  
2859.67796  
2853.690372  
2860.653269  
2849.775241  
2847.456265  
2852.922294  
2856.795462  
2859.468684  
2849.842927  
2855.815173  
2852.416572  
2854.332619  
2854.607309  
2853.225442  
2857.662143  
2847.746974  
2857.152261  
2852.1924  
2849.300944  
2853.893069  
2858.473298  
2849.738143  
2853.841581  
2847.291182  
2846.15366  
2850.273115  
2851.932481  
2854.235753  
2852.439399  
2855.885601  
2854.62896  
2860.240286  
2847.774602  
2854.791834  
2845.835423  
2849.250297  
2858.019477  
2851.20745  
2859.205715  
2848.69088  
2861.023474  
2864.28233  
2860.994608  
2844.937826  
2859.272778  
2854.75462  
2865.912567  
2860.762862  
2847.399824  
2856.084358  
2860.101908  
2854.236404  
2854.383057  
2849.702183  
2856.319762  
2853.922664  
2858.231368  
2858.953312  
2855.532867  
2855.360782  
2861.647726  
2862.514759  
2857.585758  
2854.165281  
2848.732563  
2847.412859  
2849.737319  
2849.171621  
2851.541777  
2845.756363  
2844.245174  
2857.355985  
2861.59364  
2853.830958  
2861.247215  
2856.044936  
2856.88573  
2854.008836  
2860.728963  
2851.035793  
2850.61898  
2850.512458  
2861.976916  
2855.880446  
2851.461186  
2860.474824  
2855.660242  
2863.056203  
2858.932562  
2860.262293  
2856.113487  
2855.007471  
2862.342599  
2863.146402  
2858.613533  
2854.769342  
2859.326358  
2857.272106  
2854.418975  
2858.925334  
2856.099888  
2856.906937  
2860.453712  
2858.525793  
2855.219461  
2853.609093  
2856.543772  
2853.237681  
2842.994313  
2850.356608  
2855.410519  
2863.434043  
2861.486431  
2853.020836  
2856.414278  
2850.859308  
2852.390871  
2860.231146  
2853.985639  
2865.95522  
2863.284773  
2863.700358  
2863.101563  
2857.497671  
2868.385574  
2869.490394  
2865.56434  
2865.216191  
2866.358219  
2860.162096  
2866.032158  
2860.788247  
2854.250054  
2859.88949  
2860.822853  
2864.050716  
2859.02303  
2862.110273  
2853.738347  
2858.060619  
2867.85797  
2855.640859  
2859.692997  
2857.139888  
2859.279422  
2851.858659  
2861.322832  
2860.00955  
2858.50209  
2867.474115  
2860.571974  
2859.632651  
2865.622189  
2860.153644  
2857.456058  
2857.379272  
2862.13948  
2852.493809  
2853.917002  
2850.677701  
2858.038284  
2846.001965  
2856.629954  
2860.835927  
2862.433508  
2862.331934  
2867.870508  
2869.595982  
2862.306322  
2855.222911  
2851.012609  
2856.959499  
2854.8101  
2847.491303  
2855.051219  
2858.60595  
2858.226149  
2849.610148  
2852.901451  
2854.909534  
2857.309423  
2863.678805  
2857.928998  
2859.877239  
2862.02187  
2873.323445  
2866.713372  
2866.35919  
2861.743829  
2857.826273  
2859.770587  
2853.657806  
2850.32109  
2847.354217  
2855.084585  
2857.152698  
2851.86547  
2856.423164  
2858.071368  
2867.301763  
2852.338276  
2858.929825  
2856.519363  
2888.122195  
2942.146426  
2901.746748  
2858.449507  
2866.346808  
2869.295568  
2874.91599  
2866.446051  
2865.396564  
2858.536007  
2852.44344  
2845.490993  
2834.17536  
2838.689379  
2841.690166  
2847.387769  
2842.464789  
2852.104917  
2855.555899  
2852.815425  
2860.073048  
2856.790398  
2860.06032  
2857.292397  
2855.198189  
2864.388096  
2861.729327  
2852.857833  
2850.857438  
2863.154718  
2855.276244  
2850.933208  
2853.808754  
2856.556604  
2850.60132  
2859.831438  
2860.442033  
2861.022658  
2854.362776  
2852.159455  
2859.501998  
2863.810603  
2861.882315  
2851.566888  
2851.65133  
2865.39378  
2862.759228  
2850.450545  
2853.483228  
2858.995276  
2859.710436  
2864.146901  
2865.961007  
2860.819039  
2866.82405  
2864.483535  
2869.23386  
2868.854468  
2864.980485  
2855.303476  
2865.604791  
2869.787335  
2856.068976  
2855.872832  
2851.70443  
2860.868138  
2860.471637  
2864.946939  
2862.43423  
2868.877563  
2881.79779  
2869.040357  
2871.197668  
2867.76824  
2868.429483  
2869.90403  
2873.092073  
2876.541649  
2867.059241  
2874.96679  
2861.330708  
2858.346654  
2866.073033  
2858.002269  
2866.739189  
2865.615462  
2858.594177  
2872.737479  
2870.793241  
2874.817378  
2876.443  
2873.714846  
2871.338088  
2867.903651  
2858.056283  
2855.74093  
2863.887362  
2858.582511  
2855.436919  
2856.050186  
2861.32584  
2862.644577  
2863.631194  
2863.22564  
2860.741317  
2868.505609  
2858.022972  
2861.614612  
2860.463947  
2860.550548  
2865.280048  
2854.490267  
2859.034691  
2859.757707  
2859.362185  
2857.438996  
2857.270815  
2861.644819  
2861.378861  
2874.801812  
2856.227836  
2859.015829  
2853.755038  
2859.01554  
2857.223556  
2851.366531  
2850.78138  
2854.732336  
2859.586948  
2853.502722  
2854.525592  
2862.963618  
2861.053088  
2863.181559  
2863.89319  
2865.406679  
2864.721991  
2871.735702  
2865.154838  
2861.471358  
2869.014995  
2857.420104  
2863.793533  
2861.331291  
2850.360994  
2853.823028  
2853.435008  
2857.20798  
2858.955362  
2854.95992  
2851.22186  
2850.269121  
2854.539628  
2846.092429  
2852.791242  
2849.498554  
2853.815606  
2858.247522  
2854.701458  
2858.70967  
2854.996454  
2862.569561  
2859.466106  
2852.141945  
2857.625542  
2850.946682  
2865.226437  
2871.515112  
2867.167658  
2861.686978  
2867.96013  
2869.885417  
2870.489531  
2858.345596  
2864.077168  
2860.406161  
2861.723918  
2864.471669  
2861.575084  
2853.401062  
2863.489868  
2861.534531  
2861.642244  
2854.234604  
2860.556101  
2863.471034  
2861.966376  
2858.408914  
2858.610322  
2850.754605  
2863.501077  
2862.940221  
2860.299497  
2858.262886  
2863.118841  
2863.259413  
2858.750903  
2856.837025  
2852.988493  
2851.791756  
2867.210354  
2859.444771  
2852.771789  
2856.234431  
2856.239588  
2857.960648  
2856.387921  
2858.438402  
2856.139613  
2862.603774  
2860.917558  
2866.543194  
2862.593201  
2869.932316  
2861.543199  
2863.430185  
2867.315536  
2857.757936  
2863.109442  
2856.52561  
2856.201256  
2858.073997  
2862.695847  
2865.07783  
2862.837067  
2852.237365  
2852.81805  
2852.837952  
2871.849779  
2871.212867  
2863.505777  
2860.855322  
2861.244847  
2854.156495  
2849.539778  
2840.597311  
2827.980827  
2818.52821  
2820.819997  
2821.685404  
2832.738536  
2832.140274  
2846.692699  
