1.156432612  
0.5708226923  
0.4626452863  
0.2729343392  
0.4944728768  
0.3462645863  
0.1108526808  
0.2671712693  
0.4292671359  
0.04133463117  
-0.2237797655  
-0.3021798401  
-0.77786756  
-0.08286750296  
-0.6962257196  
-0.4869909679  
-0.3650369125  
-0.3844571274  
-0.3822477089  
0.2068467851  
0.1142866357  
0.5101673689  
0.6412136046  
-0.2696890825  
0.1347091031  
0.06851231103  
-0.3325782254  
0.1658363348  
-0.7765407369  
-0.5993543145  
-0.8360990678  
-0.2373926557  
-0.1483094772  
0.002126984084  
0.130050569  
0.907473243  
0.5311766712  
0.553315285  
0.2096323898  
0.1087870578  
0.6059605621  
0.2799879171  
0.4989753228  
-0.05434439773  
0.2622265022  
0.2384329926  
0.1235963823  
-0.1752445801  
-0.1563491111  
-0.1981749145  
0.3396337867  
0.1243660212  
-0.2717207064  
0.7371194715  
1.021804962  
-0.0802605584  
-0.115212654  
0.5056552238  
0.0549044855  
0.3135218759  
0.5532783081  
0.6957602373  
0.1831902637  
0.8717837541  
0.4338462588  
0.5732235196  
0.1528075124  
0.536134914  
0.6112380839  
0.9050960685  
0.2297718212  
0.2275803261  
0.2224796597  
0.5841035274  
-0.008230622124  
-0.2276326333  
-0.4173081795  
-0.3429894772  
-0.1738634328  
-0.4302780204  
-1.031248418  
0.1247944002  
0.7955171435  
-0.1000614861  
-0.2912812627  
0.1135920715  
0.1505543787  
0.2004841137  
0.5113164562  
0.4719745877  
0.2385056  
0.2385280201  
-0.2317888028  
-0.0039794858  
0.06390879443  
0.1516401457  
-0.01055116666  
-0.5857303868  
0.3771355856  
-0.4702053745  
0.2580755475  
-0.2753581578  
0.9701289735  
0.6319565717  
0.8004411272  
0.8121006647  
0.4328486283  
0.3127617426  
0.0500300243  
0.6515532718  
0.3009373301  
-0.2053033367  
-0.4510813761  
-0.7221669759  
-0.5821199072  
0.3564357685  
-0.5695202863  
-0.4061213582  
0.0631363469  
-0.1814718146  
0.06978677809  
-0.2971887986  
0.2625094791  
0.4212194038  
1.042456495  
0.1623131069  
0.8200296138  
0.4793338546  
0.2351604143  
0.3206666546  
0.1516783835  
0.07771901444  
-0.3260952873  
-0.7584145055  
-0.32235744  
-0.5379527242  
-0.9002306802  
-1.066394842  
0.03662407028  
-0.8913700355  
-0.6938091072  
-0.5155361883  
-0.3547804829  
0.6327876705  
-0.007200332883  
-0.4734314169  
0.3930384463  
0.1809773945  
-0.04296803216  
0.3429306725  
0.009220826085  
-0.1447645448  
0.02968076343  
-0.07299084553  
0.07900604496  
-0.3227670349  
0.09707100652  
-0.5856728149  
-0.7767628128  
-0.4048459318  
-0.1662374683  
0.04316181801  
-0.629269528  
-0.1948455211  
-0.4538492097  
-0.3125675652  
-0.2860681752  
-0.3903225759  
-0.08501223029  
-0.7648306852  
-0.1080642576  
-0.4748457378  
-0.6415337537  
-0.3375514557  
-0.05387428482  
-0.6308278989  
-0.3868018989  
-0.8197893712  
-0.8976763646  
-0.574823669  
-0.4659007267  
-0.3448482591  
-0.4329535674  
-0.2166403421  
-0.2983046593  
0.09212761299  
-0.7442312023  
-0.2597061301  
-0.9051219527  
-0.6435461288  
-0.02576648246  
-0.4923456751  
0.02075090847  
-0.6702789727  
0.164739399  
0.4180179011  
0.1203611418  
-1.01277508  
0.03565481681  
-0.2818084443  
0.4715313105  
0.1546692595  
-0.8318811856  
-0.2323137735  
0.05919483704  
-0.3135829388  
-0.329172522  
-0.6455085136  
-0.1714200905  
-0.3467155133  
-0.08669647916  
0.01251855922  
-0.2339764627  
-0.2167428798  
0.1906213398  
0.2638709668  
-0.06991685983  
-0.2921451667  
-0.6765564482  
-0.7778152069  
-0.6337007535  
-0.6952362316  
-0.4828106297  
-0.8962284195  
-1.041304153  
-0.1192655901  
0.2094426524  
-0.3861455232  
0.1647140963  
-0.2334778451  
-0.1109801115  
-0.3348394461  
0.1434434458  
-0.547139893  
-0.5466359605  
-0.5456718932  
0.2670326934  
-0.2234891935  
-0.5177110913  
0.1248984158  
-0.2026914747  
0.2889767882  
0.03210842131  
0.115966428  
-0.1582202027  
-0.237195272  
0.2251029992  
0.2935982116  
-0.01617409955  
-0.2681237138  
0.03518062809  
-0.08624318506  
-0.2999815161  
-0.004384466556  
-0.157797023  
-0.1462402831  
0.1454312259  
0.01045217583  
-0.2667422495  
-0.3562271537  
-0.1708034001  
-0.3937038269  
-1.10699299  
-0.6092985105  
-0.2453214003  
0.3300897152  
0.1781246134  
-0.4027545422  
-0.1454209729  
-0.5836068758  
-0.4797762657  
0.09541951597  
-0.3503378448  
0.5475655507  
0.2837194127  
0.3240755051  
0.3290088007  
-0.1501034859  
0.6529060407  
0.6887371809  
0.4851590552  
0.4279988586  
0.4663432417  
0.08215863581  
0.4870734482  
0.1435422343  
-0.3214544578  
0.04587093904  
0.1636998799  
0.3991120988  
0.0481707042  
0.2709670607  
-0.3108762128  
-0.06151836749  
0.6918918818  
-0.2195841485  
0.03381242346  
-0.1111211052  
0.0553156511  
-0.4577576142  
0.209661149  
0.08372299878  
0.01149687665  
0.6124794862  
0.1153526666  
0.04454312775  
0.4836251423  
0.1080327479  
-0.1002001218  
-0.1017697843  
0.2719514836  
-0.4284857365  
-0.339542917  
-0.5589522792  
-0.05354804598  
-0.8927161875  
-0.1590448123  
0.1558427296  
0.2528998029  
0.2401044277  
0.6610109475  
0.7409105541  
0.2578009115  
-0.2633663398  
-0.5489498731  
-0.1047444783  
-0.2747587103  
-0.8005250463  
-0.234385229  
-0.004190739015  
-0.005908625969  
-0.593507808  
-0.4163912746  
-0.283576533  
-0.08811307801  
0.3390360956  
-0.03487478493  
0.09403788578  
0.2297909548  
1.06746728  
0.5412231023  
0.5037374911  
0.2350110953  
-0.02624695322  
0.08917989489  
-0.3333996933  
-0.573238861  
-0.8106909837  
-0.2460912258  
-0.1232030984  
-0.4606493957  
-0.1671825869  
-0.03002081037  
0.5654336721  
-0.4507739004  
0.0664964583  
-0.1695236782  
2.061168795  
5.653459543  
2.85110807  
0.01027739587  
0.5116816766  
0.7164702508  
1.134533303  
0.5492270357  
0.4592211727  
0.004440924289  
-0.3997640517  
-0.9035901267  
-1.710019998  
-1.372718831  
-1.174200858  
-0.8036196271  
-1.116104088  
-0.4834739631  
-0.2455294559  
-0.4173409332  
0.06707259214  
-0.1056766664  
0.09324246451  
-0.1062395136  
-0.2832812529  
0.3827860449  
0.2099389132  
-0.4409145281  
-0.5934039747  
0.2804779705  
-0.2435271711  
-0.5762697794  
-0.3921985594  
-0.1428960756  
-0.6315685667  
0.07313318547  
0.07749154798  
0.1821141822  
-0.333263507  
-0.4553935999  
0.02515553732  
0.3709306478  
0.2012130251  
-0.4715387175  
-0.5151371689  
0.4654674789  
0.2713657248  
-0.5843989909  
-0.3543721685  
-0.002460849327  
0.04764947162  
0.3658512524  
0.4681358867  
0.1577649046  
0.5731596911  
0.4145034611  
0.6668373508  
0.698555765  
0.4298630648  
-0.2844611872  
0.4123474324  
0.7729825301  
-0.1758176359  
-0.2052461077  
-0.4879094488  
0.1369880192  
0.08987428431  
0.4005229556  
0.2689681874  
0.6974822374  
1.572614413  
0.6573701331  
0.8415138912  
0.6155074112  
0.6611240292  
0.7650829538  
0.9615991456  
1.171703077  
0.5585511028  
1.099211949  
0.1773112042  
-0.06115030486  
0.4792504041  
-0.06439422675  
0.5478669934  
0.5154875396  
-0.01757588769  
0.9809887201  
0.8106776351  
1.088549201  
1.223466289  
1.038820719  
0.8689601976  
0.6483170958  
-0.04951003583  
-0.1763731451  
0.3319669266  
-0.0526684441  
-0.2270127636  
-0.2137473159  
0.1542844916  
0.2303314024  
0.3456547922  
0.2955381793  
0.1033897155  
0.6848877205  
-0.05432212112  
0.138333427  
0.1210552787  
0.111718534  
0.4560409092  
-0.29975912  
0.01072627307  
0.06462505997  
0.02164406289  
-0.1078071637  
-0.1134923829  
0.1929146975  
0.1683144488  
1.115914458  
-0.1469360736  
0.02464798528  
-0.3395526865  
-0.006730216469  
-0.1333448168  
-0.5170647379  
-0.5612208429  
-0.2746554795  
0.08452631719  
-0.3512122766  
-0.3254563158  
0.2633147277  
0.1542709333  
0.2968036472  
0.3383012105  
0.466928957  
0.4107724414  
0.8936448845  
0.4471819127  
0.1304370975  
0.7386138396  
-0.09901315019  
0.3220211365  
0.1739999274  
-0.6102395979  
-0.3604683197  
-0.359029467  
-0.143991793  
-0.04968490102  
-0.2682519146  
-0.5151130374  
-0.6049656432  
-0.273677073  
-0.8949401812  
-0.3930416754  
-0.6512477436  
-0.3767571988  
-0.02797809182  
-0.2855951798  
-0.04400352645  
-0.2448749881  
0.2615402953  
0.02425444807  
-0.4472213223  
-0.09324998136  
-0.5410793832  
0.4458699843  
0.8482142178  
0.6015213316  
0.1953814612  
0.6411406683  
0.7803207503  
0.7734582179  
-0.03113497092  
0.3305436696  
0.1471369551  
0.2412646991  
0.3794562557  
0.1987174901  
-0.3823371378  
0.3162939966  
0.1562766813  
0.1817225458  
-0.3534663054  
0.1017100403  
0.3113915731  
0.2254755558  
-0.04902554746  
-0.02220600562  
-0.5641443506  
0.3244214001  
0.280491617  
0.1373005009  
-0.04114957947  
0.3357516511  
0.3315419339  
0.02131551785  
-0.1192642896  
-0.4030358941  
-0.4835585493  
0.5915259125  
0.01115439042  
-0.4240270715  
-0.188881696  
-0.2020772516  
-0.01582694463  
-0.1481331271  
-0.04151469959  
-0.2150649968  
0.2007797826  
0.1238734327  
0.5131328502  
0.2263143564  
0.7534591488  
0.1525629434  
0.2832903891  
0.6203483443  
-0.05609585717  
0.2857041038  
-0.1347240366  
-0.2323944852  
-0.05035155516  
0.2807916182  
0.4206794023  
0.2649097055  
-0.4448230579  
-0.3890296533  
-0.4164236046  
0.9511614262  
0.8389975563  
0.3683499572  
0.1782673733  
0.1739580478  
-0.2992950191  
-0.625020009  
-1.247157853  
-2.131540395  
-2.779524751  
-2.613889338  
-2.535411606  
-1.818360859  
-1.843772747  
-0.8212689404  
0.7436478642  
0.8061814057  
0.4039267526  
0.3004897821  
0.5685457474  
0.2160658698  
0.4542497829  
0.4636367076  
0.4044040596  
-0.4804113687  
-0.67882899  
-0.6970443823  
-0.7033503798  
0.2986085033  
-0.2613190684  
-0.1514618546  
-0.03033249313  
0.3146078084  
0.4960255251  
0.7908751194  
0.2382338341  
0.1642717981  
0.5609970282  
-0.1301762631  
-0.650059863  
0.1088279188  
-1.198725455  
-0.8376172451  
-0.4714906819  
-0.4458604254  
-0.15131811  
-0.3687957131  
-0.3094382127  
0.1965507915  
-0.03589872898  
0.08613332106  
0.3130727107  
-0.2962827903  
-1.013473719  
-0.6437641472  
-0.664386628  
-0.4854172976  
-1.131096721  
-0.3559815293  
-0.789884955  
-0.7395316482  
0.2507509146  
0.2127473964  
0.02300957735  
-0.2597862755  
0.05226476959  
-0.2233711789  
-0.5686226694  
-0.3925161496  
-0.4226785148  
-0.2898750795  
-0.03307516008  
-0.608669962  
-0.5168962062  
-0.2702795832  
0.4701511341  
0.5550041415  
-0.7763985345  
0.06745178339  
0.03998760016  
0.01706855279  
-0.3146435486  
0.07897902458  
-0.4783240966  
-0.1254548714  
0.4083257088  
-0.4161142398  
0.5803092292  
0.6950742588  
0.4031827895  
0.6762362368  
1.03618232  
-0.01010821533  
0.3634313972  
0.210703305  
0.2069139991  
0.157425751  
-0.5174144897  
-0.5144947981  
0.1561796695  
0.3752105959  
-0.005363722068  
-0.3882844366  
0.01882141617  
-0.1413257118  
0.2465464372  
0.4450266202  
0.4259211449  
0.2602829809  
0.03465763485  
-0.07809000262  
0.1426922398  
0.1420122551  
-0.5218935715  
-0.698827754  
0.427279682  
0.1115111677  
0.2288200805  
-0.1652397652  
-0.3714831859  
-0.3248848497  
-0.586473385  
-0.5602824705  
-0.7296278239  
-0.04377592505  
-0.1735199678  
0.2630837988  
0.1884166735  
0.2841095802  
0.02684361003  
0.4310758678  
0.7498270999  
-0.098803162  
-0.1699071528  
-0.4463534703  
0.1608847431  
-0.1134537632  
-0.3643359511  
-0.1147580623  
-0.152408833  
0.3550300484  
0.4547776984  
0.3991369923  
-0.2517497875  
0.5880413959  
0.6970886359  
0.7233238814  
0.257186697  
0.1957266645  
0.2355314195  
0.5644070829  
0.306969282  
0.3037240471  
-0.1148510568  
-0.1547956628  
-0.3785124546  
-0.2389957072  
-0.3858082101  
-0.3553129418  
-0.4255339004  
-0.5619897001  
-0.4851779648  
0.03768616335  
-0.189706478  
-0.2761583845  
-0.4474968893  
0.02472888446  
0.77671493  
-0.1727219978  
0.5264169757  
0.3705990626  
0.8105039703  
0.3363210328  
0.3623880193  
-0.3434413045  
0.0008064117929  
0.1296320964  
-0.1301787205  
0.1231728925  
-0.6495973904  
-0.6139086639  
-0.7151154173  
-0.3008533765  
-0.6991721574  
-0.3832446619  
-0.708473721  
-0.7051673627  
-0.3252535177  
0.02618050886  
-0.3987266238  
0.03474617284  
-0.4120397786  
-0.2811261367  
-0.3884786689  
-0.6692979259  
-1.034789879  
-0.3487566393  
-0.824171525  
0.3837053651  
0.1768420158  
0.1308955575  
0.3231143693  
0.2538128862  
0.6208727002  
0.2474310417  
0.07245967353  
0.3416370573  
0.03187637935  
0.5269602701  
0.9053213595  
0.1534753444  
0.6912147151  
0.5729785881  
0.2790692409  
0.1872040295  
0.02633998904  
-0.7440610661  
-0.6997862198  
-0.001954870014  
-0.487891982  
-0.1227374708  
-0.5270057966  
-0.168381282  
-0.3296532268  
-0.773598643  
-0.2337890831  
-0.242681836  
0.2541949179  
0.1803093015  
0.323681549  
0.3381299211  
-0.02509686009  
-0.101875045  
0.9350280741  
1.162084377  
1.324093596  
1.479194078  
1.142746964  
1.026144972  
0.6736009599  
0.2123896361  
0.04649303916  
0.2777500656  
-0.6834758488  
-0.266641472  
-0.2803285778  
-0.7124211231  
-1.210635119  
-1.053274837  
-0.5702286068  
-0.7760894891  
-0.7335452298  
-1.065592818  
-0.6400699172  
-0.2852284484  
-0.5733658845  
-0.7744327223  
-0.4973775216  
-0.3918165669  
0.3244174062  
-0.1851494593  
-0.2906919948  
-0.2051818889  
-0.09089383602  
0.2006387709  
-0.1674968033  
-0.199787759  
0.3136665454  
0.739501945  
0.258761666  
0.4878408192  
-0.09664371828  
-0.07721899319  
0.4530536923  
-0.3611487621  
-0.9128333532  
-0.4863713127  
-0.5106474635  
-0.4035420306  
-0.358796682  
-0.6525960106  
-0.6171336806  
0.2075539279  
0.4516317621  
0.0627594854  
-0.2091171407  
0.1727999304  
0.2594188231  
0.310437945  
0.4631914199  
0.007801601726  
-0.4579070418  
-0.3333545418  
-0.09382174907  
-0.2940092058  
-0.4534140087  
-0.6464054147  
-0.5991923751  
0.02132200667  
-0.06987576931  
-0.1201236732  
0.4343036503  
0.4025389322  
0.6786388259  
0.588826879  
0.3820964033  
-0.2589678323  
0.3248264299  
0.9240453697  
0.3930868748  
0.5895249721  
0.293494589  
0.01442107853  
0.8527784491  
-0.00580487677  
-0.1610650542  
-0.5337675906  
0.03331891189  
0.08634956297  
0.09815420735  
-1.098848656  
-0.6488819252  
-0.1554225758  
-0.08992755949  
0.1881036069  
-0.1966469797  
-0.02952560607  
-0.06868457035  
-0.03853413998  
-0.1720204009  
-0.4131112976  
-0.3768415334  
-1.030542885  
0.08683790561  
-0.3006982963  
-0.5678181642  
-0.1747527497  
-0.2677830317  
0.005134570207  
-0.07643479174  
-0.6776286236  
-1.020391955  
-1.03637267  
-0.5674419775  
-0.3347203707  
-0.9584849192  
-0.2291809701  
-0.1099252364  
0.4645420385  
0.5476053719  
0.1604111544  
-0.4853765393  
0.2388579142  
0.07592394094  
0.175449569  
-0.1068520773  
-0.5950176131  
-0.008172057414  
-0.07480859899  
-0.08822441714  
-0.651190976  
0.6032578285  
0.3923990996  
0.2312937891  
0.6937206191  
-0.1730471883  
-0.1807890443  
0.1012192817  
-0.1030118735  
0.3825690192  
0.471011535  
0.2714615769  
-0.4869059975  
0.9193510396  
1.486545792  
1.51749768  
1.461360802  
1.386213379  
1.492327801  
0.6064990217  
0.5673437802  
-0.1950734544  
-0.4803930055  
0.01340438339  
0.06168414024  
0.8784578094  
1.481037433  
1.371193959  
1.012336707  
1.796256591  
1.427109517  
1.667869494  
1.435739243  
0.6684767609  
0.7187706131  
0.9967167999  
0.6909246125  
0.2902871852  
-0.1398489237  
-0.628379634  
-0.430771058  
-0.5053947674  
-0.1915192597  
-0.2166590886  
0.1356900442  
-0.1341618013  
-0.3021503822  
0.2758784544  
0.8129712781  
0.5555710329  
0.3175313988  
0.7908414236  
0.2961735118  
-0.007010236137  
-0.1121879576  
0.08759320087  
0.4929233625  
-0.2876816223  
-0.9303980759  
-1.264718947  
-0.827746131  
-0.8626066086  
-0.5362272129  
-0.8848707051  
-0.6083668015  
-0.5354356197  
-0.4159068394  
-0.9461776695  
-0.6086266755  
-0.9680562094  
-0.05219932541  
-0.2974900169  
-0.06146195022  
0.324121437  
-0.1734712094  
-0.1921456689  
0.5005333921  
-0.4200687509  
-0.4112038442  
0.3622026159  
-0.03946746823  
0.1669560999  
-0.2394491109  
-0.1361810737  
0.3100708545  
0.4284610084  
0.1943819756  
-0.01627076323  
0.4789279246  
0.1599522379  
0.319397007  
0.1035885353  
0.4846865286  
0.119526361  
0.4116273018  
0.4497499045  
0.08432241158  
0.6634337425  
-0.1301759548  
0.2608519016  
0.200028989  
0.1360993552  
0.1027332713  
0.4811081363  
0.2202302827  
0.4277051823  
0.6053079701  
0.9576978289  
0.5316427477  
0.07895655044  
-0.03239015428  
0.3444940944  
-0.6672247503  
-0.6017514642  
-1.095990222  
-0.2214630071  
-0.5423448059  
-0.9202302696  
-0.3905016311  
-0.9431704865  
-0.2035222028  
0.6563836118  
0.4680112969  
0.423021966  
0.5712096158  
0.08769262106  
0.5727694997  
0.2515623734  
0.04611521238  
-0.08459059854  
0.1366116041  
0.1178217655  
0.06109788839  
-0.4797243966  
-0.6772456623  
-0.323936659  
0.2239434283  
-0.1234894764  
-0.4520291044  
-0.03457535486  
-0.0728190666  
0.5353549665  
0.1800733284  
-0.242451369  
0.2499564673  
0.203097447  
-0.1320809245  
-0.3317039623  
-0.5640529325  
-0.5915177288  
-0.0603677721  
-0.4187542654  
-0.8025908672  
-0.5761434147  
-0.7319669729  
-0.8213982302  
0.3949995102  
0.04912621676  
0.259789182  
-0.3715382688  
-0.3251929436  
0.1020830043  
0.4398749296  
0.03629274141  
0.1035115507  
0.2184897731  
-0.2149465177  
0.2248499867  
0.3571360186  
-0.1850908923  
0.2042405377  
-0.3010054056  
0.06504984091  
0.09272632799  
-0.0176663466  
0.1559690046  
0.707074814  
0.2406546281  
0.1988330762  
0.5728355715  
0.5256732427  
0.4191470561  
0.450717223  
-0.2924003914  
0.002762653732  
0.1585026232  
-0.4172635325  
-0.07442644883  
0.05890022389  
-0.4634333131  
-0.300942194  
0.370446328  
0.6009365065  
-0.5374417276  
-0.363574717  
0.2088970423  
-0.05649949736  
-0.04811242373  
-0.5365441348  
-0.3030874278  
-0.3192929745  
-0.4231730271  
-0.6491553163  
-0.6014813722  
-1.041435533  
-0.2398493283  
-0.314238575  
-0.09553464234  
-0.2025116713  
-0.3221881867  
-0.4673841633  
0.2728058984  
-0.1185412219  
0.02077786764  
-0.5387073151  
-0.5357150894  
-0.5224685012  
-0.2352054798  
-0.3113236912  
-0.6427799041  
-0.1290201239  
0.4178763329  
0.7674565642  
0.2472342064  
0.2900910301  
1.094312154  
0.5233612292  
1.066711997  
0.5943318921  
0.7356209804  
0.08195824824  
0.7891579668  
0.8451343794  
0.517104413  
0.7853164604  
1.195840649  
1.039722713  
1.593245527  
2.015150892  
1.901234259  
1.496432658  
0.8792668148  
0.1008633826  
-0.6181070112  
-0.1877239811  
-0.3087751277  
-0.3735347718  
-0.7418675872  
-1.021705761  
-1.29766044  
-0.9856057415  
-0.8291345131  
-0.1686879484  
-0.4067185629  
-1.024071689  
