5474.285377  
5471.543403  
5463.770168  
5460.03364  
5456.451844  
5449.969424  
5449.100252  
5442.041812  
5445.001883  
5438.95417  
5432.576438  
5433.223901  
5434.094483  
5437.442383  
5425.692634  
5426.701044  
5435.232089  
5444.144818  
5449.514658  
5456.639096  
5461.625297  
5454.400073  
5464.144557  
5461.130685  
5452.930799  
5453.860285  
5434.293248  
5428.304375  
5434.456891  
5437.066691  
5434.267501  
5435.645712  
5435.53663  
5450.360402  
5454.085258  
5453.992996  
5448.529794  
5435.414512  
5436.8223  
5431.673943  
5431.279399  
5432.456324  
5423.48612  
5427.243324  
5424.354254  
5429.279483  
5442.835085  
5432.413752  
5435.171001  
5434.081868  
5440.682631  
5444.851602  
5442.585809  
5449.402214  
5445.698451  
5450.284655  
5454.243025  
5439.478637  
5439.438808  
5439.049147  
5444.912642  
5441.532542  
5437.391148  
5440.449804  
5436.81329  
5440.909118  
5425.676248  
5427.060696  
5431.01844  
5433.927648  
5433.690974  
5434.485402  
5439.435622  
5446.822858  
5449.126621  
5454.179141  
5457.269502  
5445.918963  
5439.735436  
5438.656385  
5444.04882  
5442.723849  
5434.217218  
5433.073752  
5436.056845  
5440.25727  
5441.373321  
5426.51376  
5436.081396  
5442.347486  
5443.268787  
5448.172168  
5439.544919  
5443.758224  
5432.262032  
5431.892011  
5439.607146  
5428.169753  
5425.286785  
5426.96466  
5433.465785  
5438.292364  
5434.540547  
5430.473272  
5437.120799  
5436.129459  
5436.210402  
5431.868624  
5426.107126  
5431.254643  
5437.082876  
5442.706425  
5445.052572  
5445.9175  
5452.030012  
5447.23516  
5451.663424  
5438.305908  
5447.296955  
5429.382825  
5435.263277  
5438.863119  
5427.126756  
5431.829257  
5436.188993  
5438.204718  
5445.73944  
5435.153205  
5442.422732  
5444.380338  
5451.421133  
5447.88407  
5438.886599  
5444.985652  
5444.036587  
5444.614207  
5441.098771  
5426.157745  
5428.396214  
5434.989561  
5432.955493  
5434.44811  
5433.286371  
5422.931352  
5429.636836  
5430.491811  
5439.007171  
5434.998659  
5427.47668  
5425.370983  
5430.026162  
5439.461254  
5440.930758  
5436.621718  
5434.259041  
5441.569067  
5449.344039  
5445.6159  
5440.966033  
5432.627179  
5436.786356  
5434.511188  
5434.277652  
5426.14992  
5419.087296  
5418.635368  
5425.581184  
5428.932496  
5428.977348  
5424.491186  
5426.576856  
5424.117185  
5428.663606  
5432.698506  
5428.462991  
5425.503039  
5424.868431  
5425.314668  
5425.713723  
5422.000081  
5417.427645  
5422.937992  
5423.615953  
5431.03869  
5426.846348  
5419.665277  
5425.59987  
5426.36685  
5428.653955  
5428.753962  
5422.566948  
5425.569823  
5435.535473  
5446.955195  
5449.620333  
5445.221364  
5441.881768  
5449.445589  
5449.648274  
5443.986015  
5430.375981  
5428.707339  
5430.561323  
5432.678068  
5424.880411  
5419.69637  
5426.052382  
5428.358818  
5433.138757  
5433.065993  
5427.18136  
5429.283198  
5444.281271  
5450.298782  
5449.845701  
5445.022035  
5435.355856  
5438.667697  
5442.843674  
5442.19773  
5461.579391  
5464.029354  
5457.481019  
5450.505882  
5433.229757  
5435.461615  
5445.952828  
5438.538193  
5437.06163  
5430.67459  
5432.901781  
5420.200855  
5428.173393  
5427.457265  
5429.959215  
5425.769747  
5419.490196  
5425.39925  
5426.729987  
5440.008231  
5436.389718  
5438.526607  
5437.839805  
5441.976061  
5451.761506  
5445.780786  
5443.68512  
5447.301529  
5449.687401  
5454.415963  
5447.722143  
5443.973657  
5446.527413  
5446.007488  
5450.328995  
5433.576793  
5433.615587  
5435.49365  
5439.869913  
5438.441181  
5426.448669  
5422.423184  
5425.061865  
5436.417867  
5437.760063  
5430.353081  
5435.189689  
5444.07359  
5450.366293  
5452.67983  
5444.58932  
5448.514572  
5451.94029  
5448.745709  
5446.106941  
5436.623395  
5442.457945  
5438.091051  
5440.369331  
5433.249462  
5424.654431  
5428.76058  
5428.296121  
5438.705824  
5437.767047  
5432.628972  
5440.792068  
5444.393487  
5454.258236  
5453.242488  
5446.883588  
5447.678539  
5445.821007  
5455.582446  
5446.004515  
5445.501457  
5453.400651  
5448.067061  
5456.937861  
5452.599612  
5435.870105  
5434.383578  
5435.425348  
5437.248297  
5433.487369  
5426.785627  
5430.934462  
5442.878478  
5453.250531  
5448.805594  
5435.091353  
5433.633992  
5442.995236  
5443.324409  
5440.938146  
5432.904792  
5435.702799  
5435.848764  
5439.945224  
5438.612758  
5429.928097  
5437.916644  
5440.384087  
5447.874976  
5446.22693  
5433.390761  
5431.706015  
5436.802866  
5437.110151  
5434.631683  
5422.579182  
5428.865192  
5434.216261  
5440.469586  
5449.118672  
5442.464958  
5445.495333  
5447.403398  
5451.874334  
5451.086808  
5440.80906  
5443.289232  
5452.119108  
5450.715023  
5458.997987  
5447.027971  
5447.493926  
5456.857334  
5459.382305  
5459.960496  
5452.416977  
5442.869253  
5449.368534  
5439.695938  
5462.443844  
5461.064968  
5477.270576  
5415.195416  
5421.204056  
5473.247384  
5481.592595  
5478.897033  
5477.692095  
5490.277149  
5482.42776  
5480.542274  
5477.071915  
5455.303196  
5457.993658  
5465.933676  
5477.176602  
5489.396182  
5488.420896  
5488.168125  
5499.067551  
5506.989161  
5504.21075  
5496.381095  
5489.47277  
5484.186954  
5486.277347  
5488.064979  
5486.336779  
5479.867336  
5467.656325  
5467.582146  
5470.983205  
5478.159937  
5469.566242  
5473.361056  
5467.068037  
5462.756951  
5464.74398  
5472.213017  
5477.578085  
5480.59323  
5478.467517  
5464.292351  
5469.407406  
5464.848864  
5470.718069  
5470.212373  
5461.632917  
5460.810756  
5461.619623  
5463.406794  
5462.303761  
5462.759886  
5455.006401  
5455.364189  
5458.115943  
5463.479345  
5467.567876  
5462.159498  
5453.300546  
5459.617121  
5465.890623  
5473.473027  
5476.047063  
5471.774213  
5457.845023  
5458.987417  
5461.380801  
5457.16122  
5458.792154  
5452.313631  
5445.33297  
5451.226885  
5450.298686  
5458.098247  
5456.561952  
5450.768744  
5461.601841  
5461.195279  
5466.890931  
5459.851928  
5456.351745  
5456.7447  
5456.047647  
5455.64872  
5458.18374  
5455.337747  
5448.218453  
5449.958317  
5458.767963  
5460.946773  
5456.010146  
5446.23383  
5450.999783  
5464.24562  
5475.904971  
5468.788577  
5463.513612  
5458.998842  
5462.865666  
5461.826  
5454.859643  
5442.491291  
5437.552391  
5442.292253  
5440.613123  
5437.41608  
5430.329068  
5439.790058  
5445.072615  
5459.822134  
5460.576801  
5470.762673  
5462.34311  
5467.992538  
5472.196552  
5472.794022  
5472.123669  
5461.142852  
5463.90353  
5458.064511  
5451.383739  
5446.961961  
5438.619517  
5435.339325  
5438.816798  
5443.906837  
5434.877221  
5436.982151  
5445.532005  
5445.669527  
5444.830896  
5448.343101  
5450.910144  
5453.620926  
5461.801897  
5461.907888  
5461.161008  
5449.173725  
5451.865962  
5453.414198  
5455.27827  
5448.566959  
5442.398214  
5446.770621  
5444.769812  
5456.250276  
5459.099976  
5445.237619  
5447.121367  
5447.409006  
5451.609485  
5457.866566  
5449.952179  
5453.13233  
5462.51116  
5462.215954  
5465.0613  
5455.758099  
5456.194726  
5463.686891  
5462.422842  
5471.577416  
5459.928593  
5465.451974  
5461.852143  
5466.531056  
5477.767734  
5474.22635  
5475.906389  
5478.956966  
5483.493483  
5481.728203  
5465.990607  
5469.367615  
5463.313809  
5468.210961  
5464.640001  
5456.72307  
5462.303749  
5463.816307  
5469.09929  
5474.049139  
5463.699869  
5466.289654  
5470.263315  
5477.372522  
5470.862461  
5459.289946  
5458.966685  
5462.688124  
5468.512449  
5461.482129  
5455.157786  
5452.229848  
5454.63682  
5459.04056  
5463.537146  
5460.375868  
5455.567835  
5459.295051  
5456.492753  
5460.172092  
5457.781246  
5457.294485  
5460.315916  
5453.504311  
5456.086768  
5454.30223  
5450.89849  
5447.26143  
5459.28256  
5467.084143  
5468.824603  
5455.572114  
5455.1599  
5452.450786  
5460.862209  
5457.199123  
5458.994646  
5448.473928  
5478.430603  
5490.040037  
5470.527386  
5476.10244  
5484.827848  
5488.442539  
5507.547385  
5514.890298  
5510.748092  
5512.900438  
5499.046205  
5483.641716  
5474.405875  
5473.800324  
5468.812923  
5460.704503  
5458.996211  
5445.076948  
5438.294278  
5443.074029  
5448.90459  
5461.054856  
5454.166117  
5444.173286  
