0.6130954273  
0.3086968795  
0.1155861436  
-0.06201066349  
0.1617884307  
0.01424244724  
0.07259867994  
-0.1997150736  
-0.1167075985  
-0.2379095706  
-0.3222608391  
-0.4270401456  
-0.3464301349  
-0.1709841127  
-0.43817462  
-0.2581529813  
-0.1060521922  
-0.1450585346  
0.2171444868  
0.1420812873  
0.1967738846  
0.1866429549  
0.34473532  
0.3309725802  
0.03849347205  
-0.1315184988  
-0.3323702455  
-0.2631534437  
-0.4024125403  
-0.6202955009  
-0.8536381144  
-0.3700999397  
-0.6172450884  
-0.4654950691  
-0.4643423809  
-0.3463685314  
-0.02551585958  
-0.4007478429  
-0.1665810797  
-0.2804071443  
-0.3539821508  
-0.4646364539  
-0.2928932528  
-0.6615616977  
-0.3768091962  
-0.4040582344  
-0.6839224565  
-0.7917667878  
-0.375460421  
-0.2745837385  
-0.424089467  
-0.3495069867  
-0.16844333  
0.1565709776  
0.07708285111  
-0.07934914443  
0.1584312075  
0.1608152466  
0.3519873179  
0.07321227408  
-0.01050639806  
-0.002153999938  
-0.0390076769  
0.1271512844  
-0.3674212548  
-0.1986849313  
-0.08170588426  
-0.04507502328  
0.06794532627  
0.0001945687758  
-0.05124020561  
0.4797491255  
0.3127053725  
0.559243143  
0.5137471408  
0.1171195776  
-0.1037910451  
-0.05838101656  
0.02882350969  
-0.237702678  
-0.4745301779  
-0.1953283582  
-0.1278856438  
-0.4493612382  
-0.4658754383  
-0.3448335474  
-0.0714204551  
0.2959357046  
0.2609991049  
0.2399453048  
0.4193684317  
0.5167303512  
0.1673789752  
0.1323415486  
0.02643959288  
0.2325633568  
0.150882546  
0.04044770079  
-0.2060929099  
-0.06177412574  
0.2514493603  
0.09979491262  
0.1559178861  
0.205463292  
0.2772060181  
0.5049280051  
0.4832963628  
0.4265444674  
0.44619704  
0.9282682322  
0.9827516403  
0.7576525587  
0.9208468198  
0.9293650267  
1.138976986  
0.8935269786  
0.4645599308  
0.5165439226  
0.5588685381  
0.4353337266  
0.2917536372  
0.2960662689  
0.3070240116  
0.2430995729  
0.6183231622  
0.7575863724  
0.6370466797  
0.8650183929  
0.9585832146  
0.9189744078  
0.7171680054  
0.4202242359  
0.1231433067  
0.0481724323  
-0.2277549258  
-0.4673816899  
-0.5181770037  
-0.470730987  
-0.3797974344  
-0.5793946117  
-0.4580592842  
-0.5801244588  
-0.3956585053  
-0.1737394265  
-0.3535498706  
-0.1140259504  
0.06444321123  
0.3726221595  
0.282046475  
0.3369519953  
-0.1813566255  
-0.04424509094  
-0.1413113446  
-0.5378332757  
-0.7649830969  
-0.90780284  
-0.4950838635  
-0.7130738337  
-0.7772234246  
-0.7529951347  
-0.4338833543  
-0.3343794391  
-0.6325025079  
-0.5654326956  
-0.2525186944  
-0.2596746416  
-0.1038109822  
-0.2698190333  
-0.3369679328  
-0.4962740819  
-0.1586836459  
-0.2264495741  
-0.5077339745  
-0.5798750326  
-0.532985605  
-0.1657145283  
-0.2941539624  
-0.6259147444  
-0.5536792404  
-0.609088043  
-0.3672318856  
-0.4978298291  
-0.4928222404  
-0.4352848637  
-0.2330500798  
-0.1543261761  
-0.4236224508  
-0.3258565028  
-0.4173509779  
-0.5378088614  
-0.2507992752  
-0.1932368426  
-0.6535016199  
-0.5293382821  
-0.3924451632  
-0.205142749  
0.1622000191  
-0.3407271968  
-0.1022799671  
-0.3703137029  
-0.02036456756  
-0.05956731658  
-0.5232183299  
-0.3412436127  
-0.2775233851  
-0.009918316377  
-0.02652488865  
-0.3916498662  
-0.3495462238  
-0.3246961864  
0.2041673516  
0.3769265793  
-0.106006579  
0.1355063026  
0.1280579795  
-0.1006992637  
0.2992716864  
-0.04606915328  
-0.2308160855  
-0.1825088178  
-0.5241959576  
-0.005314579105  
-0.04926684351  
-0.3334179589  
-0.2840495552  
0.1232515311  
-0.01259043745  
0.1383591708  
-0.04502669805  
-0.2415191405  
-0.2654474397  
-0.337994619  
-0.2884373371  
-0.4977991306  
-0.5156256872  
-0.6338083563  
-0.4434914232  
-0.3426257124  
-0.5583139263  
-0.3076480904  
-0.3263658049  
-0.01531357399  
-0.1840265385  
-0.07925822109  
-0.186697459  
-0.4219581861  
-0.1514205618  
-0.4783353724  
-0.5202161557  
-0.6162923232  
-0.5670858396  
-0.5375288358  
-0.622517748  
-0.8455130786  
-0.55584329  
-0.1520902855  
-0.08591130045  
-0.1833422423  
-0.2696178606  
-0.06344377084  
0.08448315097  
-0.2495148873  
-0.3862089429  
-0.2397390222  
-0.5930938845  
-0.2867681601  
-0.545832633  
-0.685663555  
-0.4967987191  
-0.3736921916  
-0.25926778  
-0.300723492  
-0.4253500195  
-0.4222366147  
-0.2322778962  
0.2823071115  
0.1452146358  
0.1414624571  
0.2535653587  
0.5014047653  
0.4665925648  
0.3881778039  
0.214312032  
0.1568066935  
0.1875360609  
0.4091032653  
0.07206350718  
0.148393729  
0.1411212383  
0.3260131305  
0.004472389715  
-0.2872660703  
-0.3382333308  
-0.2167544618  
-0.2389425259  
-0.3630914361  
-0.4217365355  
-0.4346858149  
-0.2761285675  
-0.3838843352  
-0.5536839485  
-0.4540820285  
-0.1041258565  
-0.1258088638  
0.03270002862  
-0.1670527928  
0.06720069577  
-0.2945409667  
-0.5479492622  
-0.3866442425  
-0.6592722622  
-0.4281939827  
-0.4466020101  
-0.5009174651  
-0.5602907262  
-0.4446554031  
0.1353948958  
-0.007096908042  
-0.3004840945  
0.1631787159  
-0.01215450396  
0.1309901226  
-0.1790500011  
-0.1932779677  
-0.5796800517  
-0.3123417923  
-0.4061421156  
-0.6331017956  
-0.7405959236  
-0.5526382256  
-0.3712623907  
-0.3175023245  
-0.5358589125  
-0.4218453122  
-0.3013746406  
0.1502012175  
-0.0411223342  
-0.1796308687  
-0.3185501969  
0.02245078947  
-0.01898921311  
-0.1796031941  
-0.2639171766  
0.03702477194  
0.06806800038  
-0.1233612329  
-0.5660982462  
-0.3859846308  
-0.2984205991  
-0.3363155497  
-0.6403851595  
-0.2403396046  
-0.6069647188  
0.367873524  
-0.2284097045  
-0.3454005992  
-0.8986849041  
1.149232407  
1.257177538  
0.226042961  
1.924995204  
0.5942086679  
1.273514649  
1.078475214  
1.658008879  
1.306633665  
1.505060517  
0.8227454695  
0.6062567097  
0.03553519482  
-0.4158056678  
-0.612158252  
-0.7027928127  
-0.6521046577  
-0.3258561857  
0.146903663  
0.737985436  
0.8889969813  
0.6913372941  
0.4226464283  
0.5143233465  
0.3688998122  
0.5868940575  
0.3634703408  
0.2358281838  
0.20032602  
0.4768296094  
0.4116172056  
0.6892991795  
0.4660844916  
0.5552078339  
0.6823948884  
1.07935046  
1.101395276  
0.9914595554  
0.7217045938  
0.8196313707  
0.6774171402  
0.8177944301  
0.5828295324  
0.6371555518  
0.5997602711  
0.9057248573  
1.133039156  
0.962895674  
1.206787119  
1.33532368  
1.715056891  
1.799307306  
1.471771578  
1.451884865  
1.521345331  
1.403045319  
1.492744497  
0.9998245234  
1.130045285  
0.8746619774  
0.7816205485  
0.8891972097  
0.6499769634  
0.7088301079  
0.7845191342  
0.6525991165  
0.6783404758  
0.631484678  
0.5458154  
0.7542024408  
0.5746315765  
0.4424392252  
0.6857472132  
0.5390645728  
0.9880839651  
0.9691553977  
0.6315723902  
0.755218051  
0.7239572649  
0.8686767891  
0.7809019183  
0.4233402545  
0.7993861224  
0.8089223002  
1.142759778  
1.314694752  
1.10860988  
1.182456592  
1.549787323  
1.582099775  
1.923713622  
1.746114829  
1.373534635  
1.556014144  
1.20698065  
1.404044622  
0.9849703643  
0.5394496987  
0.3142856656  
0.4379917788  
0.523631501  
0.4322676007  
0.4315572024  
0.5630949962  
0.5903478286  
0.5244083523  
0.3091872303  
0.5468034849  
0.4752477087  
0.4241257314  
0.3395300493  
0.363606274  
-0.01950318805  
-0.1099187012  
0.0826576377  
-0.3251233627  
0.01468712666  
0.2499793131  
0.382032048  
0.3948419795  
-0.09676125377  
-0.08854089237  
-0.08422528799  
-0.3663410482  
-0.4624059134  
-0.6871914111  
-0.6518445463  
-0.7788577346  
-0.5683727136  
-0.6973467099  
-0.8000264846  
-0.6365375109  
-0.7119192506  
-0.7130842856  
-0.5884718034  
-0.2438671493  
-0.1512162622  
-0.03882723042  
-0.4147646194  
-0.3121126104  
-0.4877350627  
-0.3625634346  
-0.4239790768  
-0.3486821383  
-0.4240677861  
-0.06553046147  
0.0627855507  
0.61457839  
0.3120279431  
0.1479798756  
0.3678940428  
0.410841013  
0.6335927622  
0.3675402644  
-0.006571141946  
-0.04006312669  
-0.2103471391  
-0.2091388857  
-0.560967946  
-0.3941596107  
-0.6847303997  
-0.1939058626  
-0.1572544821  
-0.5444133669  
-0.4256717371  
-0.2760360576  
-0.07167230409  
0.2392016719  
0.1780655914  
0.1067155995  
0.2447016842  
0.4043331586  
0.2075720347  
0.08610270705  
-0.3001528868  
-0.2732876573  
-0.009054725977  
0.07910954268  
-0.3232848964  
-0.3753982891  
-0.1462381227  
0.01242912036  
-0.3220671577  
-0.2072024506  
-0.1586361258  
0.1388099752  
0.4511370859  
0.007926108298  
0.08116399709  
0.2343690376  
0.541464097  
0.5637827584  
0.320689267  
0.4775970183  
0.4428027829  
0.452414081  
0.3236489419  
0.07807304742  
0.1401504814  
0.08196109787  
0.166028696  
0.1258735546  
-0.3833275788  
-0.2492875349  
-0.5009339831  
-0.3735125587  
-0.3133163724  
-0.6138607016  
-0.1976898568  
-0.4470292866  
-0.1318344883  
-0.1131282157  
-0.2914530701  
0.07127011033  
0.4128537584  
0.7869145692  
0.5599410918  
0.1867658657  
0.2443792473  
0.1380261327  
-0.1961271157  
-0.0157815381  
0.2940542489  
0.102385845  
-1.370123348  
-2.049710276  
-1.071667771  
-0.1848342377  
0.2861544325  
0.274024696  
-0.019047861  
-0.3961316141  
-0.7756998127  
-0.9295812442  
-1.617548608  
-2.14976475  
-2.454897472  
-3.104201598  
-3.383715411  
-3.479599016  
-3.020887853  
-3.008384458  
-2.493241201  
0.9100609054  
0.8019352433  
0.5539626494  
0.4087876792  
0.3106423269  
0.07499856288  
0.06285086281  
-0.2233466754  
-0.1137384329  
-0.3611444661  
-0.6219709057  
-0.5582728879  
-0.5672785592  
-0.4477013034  
-0.9013417121  
-0.8514361727  
-0.5265389656  
-0.1922075533  
0.05712154452  
0.298950293  
0.5179964272  
0.2226646286  
0.5612028343  
0.4844715337  
0.1440418453  
0.1807145673  
-0.5395314646  
-0.7378366141  
-0.5282990248  
-0.4427315271  
-0.510396484  
-0.5059545123  
-0.4950054931  
0.07239083243  
0.1771818966  
0.17475501  
-0.07094110773  
-0.5245075383  
-0.4859093373  
-0.6553246101  
-0.6600266524  
-0.6136191285  
-0.9602443308  
-0.7547403728  
-0.8599796809  
-0.7046621903  
-0.2110700135  
-0.5840575757  
-0.4841211972  
-0.5648849397  
-0.3206198197  
-0.1945390559  
-0.291507952  
0.0284229382  
-0.1276671433  
0.03354007733  
0.2181662667  
-0.3606855912  
-0.3710587704  
-0.3463303795  
-0.1427500967  
-0.2512712899  
-0.4549857972  
-0.3497672194  
-0.48651486  
-0.3150485314  
-0.8958390749  
-0.8303609705  
-0.6775009692  
-0.5656004265  
-0.5625685648  
-0.5476735255  
-0.390197151  
-0.1001957191  
-0.02029584732  
0.1471291803  
0.2907826655  
-0.1449774561  
-0.3964347601  
-0.3796157391  
-0.2028271531  
-0.2649741911  
-0.5338836151  
-0.5640151012  
-0.4734835177  
-0.3111005954  
-0.2684529986  
-0.8549274893  
-0.532486817  
-0.2436131836  
-0.2329785001  
-0.0530468329  
-0.4124173504  
-0.1877143464  
-0.6310925968  
-0.636572788  
-0.3587886782  
-0.7966340133  
-0.9029948002  
-0.8089718517  
-0.5898919303  
-0.4021909496  
-0.5331084599  
-0.7006579826  
-0.4293469423  
-0.4835346354  
-0.5019657155  
-0.6164309199  
-0.85202701  
-0.6332899884  
-0.4087067816  
-0.2054245113  
-0.1491504444  
-0.1084872743  
0.1124596498  
-0.05723702484  
0.07988349597  
-0.4311271447  
-0.07766120761  
-0.7551713019  
-0.5118435017  
-0.3748904373  
-0.8345131146  
-0.6325563328  
-0.4863205106  
-0.3792990233  
-0.1378112957  
-0.5425179198  
-0.263882371  
-0.1729233704  
0.0916958976  
-0.04202688933  
-0.3746842277  
-0.1166236847  
-0.1523865677  
-0.09397583161  
-0.2457525876  
-0.8178333589  
-0.7482519349  
-0.5101272552  
-0.5844732047  
-0.5162321517  
-0.5628175562  
-0.9985117106  
-0.7106573725  
-0.6984299704  
-0.3324852269  
-0.5145505379  
-0.8307397717  
-0.8869163633  
-0.7296945519  
-0.3955573252  
-0.3730127338  
-0.519645667  
-0.5978700239  
-0.315252434  
-0.01144744307  
-0.1667449566  
-0.3060856712  
-0.635388119  
-0.4431293292  
-0.5218186857  
-0.5301951355  
-0.8051392021  
-1.039906776  
-1.051013796  
-0.8214525099  
-0.6933315894  
-0.6948218807  
-0.8977268784  
-0.8017181905  
-0.910584594  
-0.7328735297  
-0.5716999664  
-0.7468929574  
-0.8813698787  
-0.871157292  
-0.8641354384  
-0.8362998607  
-0.9793546302  
-1.147752442  
-0.915884567  
-0.927879643  
-0.6807707908  
-0.8288028096  
-1.064104979  
-0.8172352409  
-0.7887497815  
-0.7517144064  
-0.7471450938  
-0.9830013923  
-0.8923575998  
-0.5133262988  
-0.0843769562  
0.01521755319  
-0.1628130214  
-0.2746833063  
0.06015579359  
0.02602742824  
-0.1770527783  
-0.7100515534  
-0.7711471182  
-0.6728745051  
-0.6315000079  
-0.919511181  
-1.130841431  
-0.8707059156  
-0.8145563721  
-0.5870345025  
-0.6146837649  
-0.8500851434  
-0.7517229545  
-0.1580957221  
0.07284622477  
0.03499782988  
-0.1740200117  
-0.5515099415  
-0.3739936348  
-0.2571122588  
-0.2676361013  
0.4696541555  
0.5445595012  
0.3005225391  
0.04634867162  
-0.6122822319  
-0.5187153277  
-0.1151420936  
-0.3966172467  
-0.4646521506  
-0.7110848676  
-0.6247193264  
-1.101201676  
-0.7889318009  
-0.761268248  
-0.6904762354  
-0.8662663498  
-1.089896699  
-0.8484572295  
-0.7791971431  
-0.2772557859  
-0.4346040006  
-0.3656019029  
-0.3765434915  
-0.247740206  
0.1181574173  
-0.1340802607  
-0.1826001227  
-0.06347965052  
0.03101510439  
0.2327447312  
-0.05246401508  
-0.2005032921  
-0.09869927482  
-0.1275475488  
0.05090049436  
-0.5578852831  
-0.5348785799  
-0.4594358894  
-0.3361457988  
-0.3673173793  
-0.8253167079  
-1.009632143  
-0.8811718107  
-0.4491069766  
-0.3816980709  
-0.6663172943  
-0.4924185605  
-0.1772605251  
0.05661273465  
0.1246126329  
-0.1918204656  
-0.04499891606  
0.09039812169  
-0.03803044289  
-0.1325535678  
-0.501826583  
-0.2537938187  
-0.4101613765  
-0.3117560983  
-0.5661196075  
-0.8786464536  
-0.7146164756  
-0.715497063  
-0.3470783878  
-0.4117111793  
-0.6158270729  
-0.3105590416  
-0.2311531605  
0.1744221376  
0.1363826956  
-0.126742616  
-0.05990981529  
-0.132361564  
0.2454650552  
-0.1125758634  
-0.1211616165  
0.1703344622  
-0.03374428873  
0.2949973935  
0.1273419954  
-0.5168953944  
-0.5795403576  
-0.5228508926  
-0.4526049827  
-0.5543827125  
-0.8455084947  
-0.6809879792  
-0.2153937733  
0.197667781  
-0.00324785712  
-0.5611976658  
-0.5788956945  
-0.2328685995  
-0.2290176474  
-0.2684364484  
-0.5809152999  
-0.4679387508  
-0.4463780919  
-0.3162329352  
-0.34523708  
-0.7032968619  
-0.3879000615  
-0.2484110458  
-0.005741212184  
-0.04495884362  
-0.5467720603  
-0.6340670846  
-0.4094304581  
-0.4248043611  
-0.5128351088  
-0.9423103724  
-0.7571361736  
-0.5228840502  
-0.2715387612  
0.05673927134  
-0.1600570409  
-0.07301309483  
-0.02715380861  
0.1647588095  
0.1101340952  
-0.2753632108  
-0.1811074893  
0.1413938037  
0.05905737324  
0.3803568379  
-0.09440829934  
-0.1014265203  
0.2538470078  
0.3905989591  
0.3985930933  
0.0876897189  
-0.2472636375  
0.0371998041  
-0.317352555  
0.608111043  
0.5796890865  
1.170795306  
-1.295379044  
-1.067374326  
0.9414523143  
1.288355676  
1.177488328  
1.111341612  
1.614063397  
1.303997191  
1.225253818  
1.128979829  
0.2786771167  
0.3465268926  
0.6868323224  
1.058572274  
1.524563193  
1.49347507  
1.428483742  
1.84187697  
2.126292338  
2.033935417  
1.767564017  
1.479772833  
1.29032141  
1.356272785  
1.406601635  
1.360994769  
1.121903005  
0.6574685051  
0.6700522567  
0.8284170615  
1.117406266  
0.7652390953  
0.9010404008  
0.6578268854  
0.4829693919  
0.5867496693  
0.8674165985  
1.059690793  
1.170948673  
1.089028693  
0.5624213972  
0.7562492752  
0.6079017569  
0.8064579758  
0.766565731  
0.4772073001  
0.4439927159  
0.472938003  
0.5686775233  
0.5059057303  
0.507257681  
0.2201749813  
0.2748806725  
0.3847698097  
0.6058228828  
0.7325137586  
0.5338345187  
0.1911657121  
0.417571191  
0.665428516  
0.9593986625  
1.04335266  
0.8612432028  
0.3322296885  
0.3863519063  
0.5036948523  
0.3225627255  
0.4210592637  
0.1723675017  
-0.1249957651  
0.1539479576  
0.09618575377  
0.3586305779  
0.3339949624  
0.09777150001  
0.4859248174  
0.4843385981  
0.7143918116  
0.410783186  
0.2808163351  
0.2946342051  
0.3014210116  
0.273069389  
0.3366840559  
0.2460866082  
-0.03197056062  
0.05383288582  
0.3690833081  
0.4415355858  
0.2636737654  
-0.130372506  
0.1080623235  
0.5626848696  
1.016807047  
0.749679985  
0.5409034306  
0.378362374  
0.5168674707  
0.4795265509  
0.2791489646  
-0.2272345596  
-0.4512262974  
-0.2106897882  
-0.2810238958  
-0.4122389085  
-0.7026412194  
-0.3216380009  
-0.1290656578  
0.4446288682  
0.4461077636  
0.8141151711  
0.4562696697  
0.7200086141  
0.8980097572  
0.8869592788  
0.8452173435  
0.4260399038  
0.5693990887  
0.3224154795  
0.09955700351  
-0.08240227221  
-0.390978524  
-0.4982893689  
-0.3363730687  
-0.1579418275  
-0.5324318965  
-0.4250115625  
-0.07540042872  
-0.1242518794  
-0.1570500439  
-0.01971935109  
0.08682281628  
0.1842920497  
0.5268893586  
0.507873522  
0.4979605611  
0.04097112123  
0.1561940998  
0.2344257323  
0.2973112825  
0.02099137191  
-0.2368686031  
-0.0691441875  
-0.1290797481  
0.2903549338  
0.3896016079  
-0.1447431776  
-0.08346081306  
-0.05676050143  
0.1021769368  
0.3748522238  
0.05268860103  
0.142192383  
0.5112624213  
0.47833797  
0.5805046746  
0.2343767368  
0.2740447573  
0.570807608  
0.5125822564  
0.8422524448  
0.3931397533  
0.6125095213  
0.4957953828  
0.6540197364  
1.093920731  
0.9252419246  
1.007332332  
1.149387604  
1.305980265  
1.227998953  
0.614618931  
0.7941738768  
0.5542046808  
0.7191928113  
0.5379711969  
0.2747095379  
0.5322343936  
0.5645214656  
0.7824370245  
0.9689859205  
0.5597874269  
0.6701445592  
0.8241682643  
1.099726419  
0.868149431  
0.3895951127  
0.388439218  
0.5480132139  
0.7792879059  
0.5021970901  
0.2411279183  
0.1301884556  
0.2733656537  
0.3952848252  
0.590268027  
0.4296082599  
0.25247347  
0.3824137964  
0.2749869799  
0.4290639149  
0.3165632176  
0.3131369723  
0.4535426874  
0.2043157762  
0.2874946355  
0.1837566008  
0.06956797941  
-0.05067550899  
0.4323177644  
0.7138788553  
0.8102889781  
0.2727568565  
0.276731105  
0.1618570871  
0.4635070553  
0.3087374846  
0.3884067255  
-0.001638727785  
1.147888185  
1.605082058  
0.8658975125  
1.067354715  
1.361213982  
1.476098101  
2.203392245  
2.505272619  
2.309052453  
2.357386914  
1.826968384  
1.231830799  
0.8980253116  
0.8660922076  
0.6937132313  
0.38658249  
0.3492194634  
-0.1758064585  
-0.35993935  
-0.1860896345  
0.04700069565  
0.5148010153  
0.2325313622  
-0.1629750404  
