5465.997816  
5455.093427  
5450.837956  
5446.586433  
5453.077071  
5448.661718  
5449.612129  
5441.140219  
5444.700874  
5441.096769  
5437.616623  
5435.574802  
5438.336617  
5443.286155  
5436.399483  
5440.860279  
5444.543189  
5444.27709  
5454.44736  
5452.753628  
5452.730601  
5455.372979  
5458.465752  
5458.145862  
5449.065687  
5444.104113  
5437.428742  
5440.613519  
5435.666768  
5429.431508  
5423.376458  
5435.90863  
5428.577731  
5432.521976  
5432.985741  
5437.165307  
5445.080462  
5435.374522  
5441.540776  
5439.576516  
5437.928354  
5435.244671  
5439.237993  
5429.609655  
5437.944741  
5436.341116  
5429.505314  
5426.293723  
5438.227111  
5439.640303  
5436.212316  
5437.875641  
5443.327967  
5453.39432  
5450.075501  
5445.155612  
5451.592925  
5451.752043  
5457.083833  
5450.463944  
5446.40335  
5446.203037  
5445.837786  
5449.954134  
5436.860065  
5440.960185  
5442.562339  
5442.912209  
5446.982128  
5445.040591  
5443.376928  
5457.470001  
5456.007557  
5463.402017  
5462.519852  
5450.423886  
5445.150604  
5446.730418  
5448.412737  
5442.325965  
5435.667717  
5442.7542  
5444.230346  
5435.404142  
5435.496549  
5439.232803  
5445.909099  
5454.512212  
5453.673046  
5452.406635  
5458.657628  
5461.042677  
5452.088368  
5450.163347  
5445.888175  
5450.923226  
5449.597639  
5445.883731  
5439.621786  
5443.760948  
5453.352363  
5449.110978  
5451.717645  
5451.87837  
5455.687249  
5463.159403  
5462.102916  
5460.834025  
5460.607464  
5474.628064  
5476.893653  
5470.992357  
5475.228757  
5475.076017  
5480.738547  
5474.350506  
5462.877117  
5463.034139  
5463.416205  
5460.518462  
5456.494208  
5456.160679  
5456.020479  
5455.453989  
5465.552578  
5471.409906  
5468.03234  
5474.346082  
5475.828926  
5475.597738  
5468.315365  
5458.992073  
5450.263571  
5449.038457  
5439.404328  
5434.376386  
5432.382884  
5433.040128  
5435.91844  
5431.36996  
5434.511443  
5429.793892  
5435.284114  
5441.464432  
5436.449127  
5442.534485  
5446.859977  
5455.505514  
5452.960255  
5455.186897  
5440.801663  
5444.064084  
5440.8527  
5430.491951  
5423.521353  
5420.686218  
5430.546227  
5426.442393  
5424.714983  
5424.371172  
5435.476603  
5437.518799  
5429.223225  
5431.674701  
5439.567545  
5439.658085  
5442.96215  
5438.530147  
5437.047949  
5432.79866  
5440.597438  
5438.413165  
5430.078501  
5428.191746  
5430.692395  
5440.276123  
5437.42214  
5429.118248  
5430.481407  
5428.258324  
5436.129192  
5431.126568  
5431.110146  
5432.463534  
5439.69961  
5440.866824  
5433.615408  
5435.260705  
5432.167733  
5429.913331  
5437.64634  
5439.947723  
5427.211819  
5430.371785  
5434.437245  
5440.829345  
5450.423281  
5436.836046  
5442.536152  
5436.366047  
5444.362674  
5444.557845  
5432.792987  
5438.150271  
5439.055164  
5447.340302  
5445.760402  
5437.00246  
5438.464723  
5438.492901  
5452.430065  
5457.637432  
5444.228742  
5450.022088  
5450.103136  
5444.523824  
5455.519314  
5445.376282  
5438.983367  
5440.007597  
5431.613  
5446.439227  
5444.710689  
5436.6456  
5438.243102  
5449.341748  
5446.514051  
5450.628328  
5446.406138  
5440.250357  
5438.952026  
5436.552107  
5438.124968  
5431.688503  
5429.612924  
5426.242031  
5433.576665  
5435.93924  
5431.123569  
5437.27624  
5438.103702  
5446.042017  
5440.751566  
5444.227546  
5442.069768  
5435.974174  
5443.050392  
5434.264718  
5432.37464  
5428.915993  
5431.093577  
5430.286326  
5428.3767  
5423.333542  
5430.538952  
5442.481136  
5444.756351  
5441.810698  
5439.477087  
5444.285165  
5449.555266  
5440.42404  
5436.472764  
5440.196578  
5430.82662  
5438.722534  
5432.286178  
5427.535002  
5432.611913  
5436.872728  
5440.376602  
5439.333285  
5435.910122  
5435.175286  
5441.40603  
5454.602024  
5451.040432  
5451.380853  
5454.090304  
5461.668634  
5460.45294  
5458.945285  
5452.773154  
5451.190077  
5452.509947  
5456.380202  
5448.15664  
5449.292127  
5451.181504  
5456.281227  
5448.233761  
5440.357773  
5438.352519  
5440.833886  
5441.337239  
5438.237935  
5436.385691  
5435.221762  
5439.587019  
5436.704135  
5430.859785  
5433.553877  
5442.474582  
5440.543096  
5445.076823  
5439.56915  
5446.094913  
5437.442757  
5429.660184  
5433.338832  
5428.361634  
5434.138057  
5432.704503  
5429.687015  
5430.231506  
5432.54004  
5449.235732  
5446.265449  
5438.547064  
5449.753326  
5445.846244  
5450.623533  
5441.53196  
5439.827144  
5430.571025  
5437.019182  
5434.467718  
5429.071367  
5425.670824  
5430.684287  
5435.743074  
5438.097216  
5432.763431  
5435.583762  
5439.666749  
5451.392303  
5446.499527  
5442.035458  
5439.339726  
5447.507073  
5447.635882  
5442.875264  
5440.441178  
5448.562295  
5449.222042  
5442.739127  
5431.529683  
5435.334362  
5438.097574  
5436.522029  
5427.245368  
5439.639989  
5429.170104  
5456.217237  
5442.218255  
5439.108641  
5423.642013  
5479.299799  
5477.05392  
5447.350444  
5503.219831  
5464.661104  
5483.332441  
5477.658117  
5494.636344  
5484.134818  
5489.979152  
5470.146283  
5464.244814  
5447.75227  
5435.454793  
5429.323284  
5426.423393  
5427.714892  
5437.654688  
5450.545045  
5466.101162  
5471.597532  
5466.632044  
5459.014311  
5460.796937  
5457.089355  
5462.795762  
5456.774757  
5452.834216  
5451.838682  
5459.630838  
5457.687659  
5466.550579  
5459.966638  
5463.251355  
5465.436623  
5477.232009  
5477.371548  
5474.468391  
5468.072825  
5468.756656  
5465.99386  
5470.743924  
5463.378388  
5463.742107  
5462.764736  
5472.066202  
5479.771342  
5476.608074  
5482.68131  
5486.914731  
5498.076647  
5501.300235  
5492.318389  
5492.084405  
5493.595277  
5491.270923  
5492.201776  
5478.830672  
5480.939305  
5473.415548  
5471.508718  
5473.636106  
5466.379568  
5467.800727  
5469.602357  
5467.966707  
5467.00297  
5466.458987  
5464.770374  
5470.670129  
5465.064301  
5461.312619  
5468.257636  
5465.409416  
5477.585138  
5477.109503  
5468.207543  
5471.172157  
5470.724825  
5473.985038  
5472.073878  
5462.755232  
5471.303771  
5472.184828  
5481.45902  
5486.585307  
5481.963867  
5484.15199  
5494.242602  
5495.492553  
5506.027607  
5500.414955  
5490.504293  
5494.730619  
5485.693344  
5490.692614  
5479.090598  
5465.983655  
5459.470555  
5461.222403  
5463.659301  
5460.46725  
5458.650682  
5462.435458  
5461.48842  
5461.199878  
5454.210638  
5459.141989  
5456.617276  
5457.081914  
5455.400004  
5455.593535  
5445.501921  
5443.992769  
5448.410729  
5437.5389  
5445.913277  
5452.146142  
5455.250491  
5457.094384  
5444.059021  
5443.17131  
5443.98897  
5436.571057  
5433.51167  
5427.343555  
5427.350151  
5424.609424  
5429.396549  
5427.030147  
5424.170902  
5428.351832  
5426.996526  
5427.271906  
5430.033005  
5438.359882  
5442.906003  
5445.721142  
5436.601502  
5438.826322  
5434.41555  
5437.334658  
5436.063118  
5438.260096  
5436.154204  
5446.72396  
5450.528301  
5465.457811  
5455.987967  
5453.390205  
5459.068462  
5460.780713  
5465.512834  
5457.43207  
5446.327593  
5444.937486  
5440.378055  
5440.848971  
5430.718393  
5434.364439  
5427.140801  
5441.030707  
5442.49929  
5430.622885  
5434.412606  
5436.279817  
5442.724209  
5451.621662  
5449.484489  
5448.135479  
5453.306729  
5458.56988  
5452.705244  
5448.726271  
5438.306815  
5440.995598  
5447.166651  
5449.7227  
5438.641784  
5437.740943  
5442.105311  
5448.789679  
5438.540296  
5441.89167  
5443.929499  
5451.459163  
5460.818132  
5447.779584  
5451.215742  
5455.475686  
5463.774142  
5464.500136  
5457.889555  
5461.128597  
5460.208783  
5459.827365  
5455.423001  
5448.289097  
5449.626889  
5449.167183  
5451.957593  
5449.945261  
5436.332729  
5439.935395  
5433.94701  
5436.878887  
5440.643323  
5431.262509  
5442.822483  
5435.899372  
5444.67543  
5445.719129  
5441.694259  
5451.435262  
5461.637677  
5471.323532  
5466.109607  
5455.123938  
5455.901741  
5452.949152  
5443.702784  
5449.495234  
5456.665814  
5453.355933  
5413.484134  
5396.688017  
5423.65886  
5447.94268  
5459.733847  
5459.554115  
5450.667404  
5438.458755  
5427.660132  
5422.065038  
5402.520323  
5387.924037  
5378.173612  
5360.443678  
5351.050897  
5348.753069  
5361.27417  
5362.412343  
5376.419521  
