6304.049159  
6305.338984  
6299.391552  
6307.577302  
6306.540749  
6295.218062  
6296.94652  
6301.271811  
6302.624607  
6296.026217  
6283.574948  
6286.233268  
6288.769687  
6287.486193  
6285.586886  
6290.369506  
6295.711419  
6297.598093  
6288.847621  
6288.064474  
6289.182816  
6299.32864  
6297.618929  
6295.329356  
6286.52456  
6289.513003  
6286.228284  
6290.546622  
6283.282525  
6296.928526  
6285.664389  
6289.493195  
6289.277906  
6280.089421  
6292.690751  
6300.746362  
6289.332158  
6293.409539  
6302.566047  
6295.585122  
6302.020379  
6298.801  
6301.678996  
6299.578134  
6298.052342  
6293.885512  
6293.455751  
6293.950768  
6289.242997  
6287.633336  
6290.526436  
6293.079614  
6288.7898  
6298.663498  
6293.570913  
6291.798748  
6290.122403  
6288.27082  
6299.37294  
6291.664285  
6294.1703  
6285.29335  
6292.207367  
6291.027779  
6293.607039  
6293.384906  
6293.790385  
6304.069399  
6292.802996  
6286.924293  
6292.601489  
6293.705607  
6298.13993  
6297.894369  
6299.568035  
6293.870735  
6300.924012  
6301.636615  
6289.817955  
6298.532107  
6296.462159  
6293.752019  
6289.775605  
6279.779473  
6289.989848  
6289.214876  
6294.246507  
6294.381938  
6292.911664  
6299.499552  
6296.708485  
6307.706329  
6300.481142  
6303.434765  
6298.399456  
6304.284633  
6303.405012  
6299.319295  
6294.835727  
6289.75042  
6305.278304  
6301.361381  
6308.280543  
6299.983  
6298.876918  
6299.2896  
6296.444696  
6291.641686  
6291.242797  
6299.2111  
6299.606459  
6298.76878  
6298.164653  
6295.454754  
6302.718869  
6290.658577  
6293.781041  
6289.822855  
6288.264886  
6293.678675  
6291.480957  
6294.183102  
6299.645019  
6294.809921  
6290.422895  
6300.339678  
6301.866386  
6308.055666  
6301.428824  
6304.781229  
6293.359434  
6299.794425  
6295.308375  
6304.956648  
6297.035357  
6303.769509  
6292.709429  
6296.189277  
6297.970129  
6295.530821  
6292.587308  
6299.502088  
6300.617126  
6300.101738  
6293.455431  
6300.363332  
6296.80499  
6306.481545  
6298.121704  
6300.741198  
6297.375928  
6293.80619  
6297.618051  
6287.549734  
6287.87564  
6289.829208  
6286.928005  
6287.024759  
6291.326337  
6285.314098  
6298.190822  
6286.296261  
6290.330206  
6292.592354  
6283.579847  
6292.246336  
6288.732032  
6292.609658  
6295.382623  
6285.346379  
6281.123948  
6280.954764  
6286.964368  
6277.05883  
6285.320523  
6283.902519  
6278.871819  
6287.317226  
6283.784718  
6286.047186  
6292.161525  
6290.490049  
6287.897761  
6285.890987  
6288.238129  
6288.706639  
6288.513059  
6286.391027  
6286.180453  
6280.868231  
6281.205258  
6283.342186  
6283.008298  
6280.480622  
6289.085576  
6290.813464  
6292.81348  
6294.242523  
6293.78684  
6288.448111  
6297.434713  
6300.684577  
6292.71617  
6285.909385  
6286.564059  
6296.66639  
6287.146869  
6287.103424  
6295.996909  
6295.605918  
6296.572386  
6288.401783  
6292.505746  
6290.835013  
6294.366933  
6299.071386  
6293.003623  
6289.919705  
6288.720265  
6295.911615  
6287.56308  
6288.288267  
6280.715563  
6283.915117  
6284.177595  
6298.693858  
6296.368521  
6289.600688  
6287.885682  
6282.41087  
6286.071566  
6280.485373  
6284.466922  
6289.76037  
6287.471493  
6290.620294  
6302.122855  
6287.034582  
6282.439962  
6282.972973  
6293.421379  
6291.835217  
6284.960021  
6288.95378  
6292.015049  
6288.773079  
6285.587968  
6285.56086  
6279.559094  
6289.632704  
6281.158324  
6290.368827  
6289.070592  
6288.06502  
6289.626062  
6294.372586  
6291.546343  
6294.99694  
6293.957911  
6291.864099  
6289.764859  
6278.534183  
6288.16648  
6288.894715  
6292.830375  
6286.83589  
6281.63658  
6277.078317  
6279.876455  
6278.006777  
6281.250685  
6281.890267  
6275.682412  
6283.917992  
6284.364877  
6288.230709  
6303.829116  
6299.953598  
6295.768713  
6299.947487  
6302.589546  
6289.556624  
6300.759607  
6299.513166  
6300.106341  
6298.167516  
6293.529085  
6299.885751  
6286.595743  
6288.221241  
6289.777642  
6290.764815  
6292.888167  
6291.072868  
6296.261313  
6287.557753  
6284.650485  
6276.781141  
6284.907597  
6281.029012  
6289.355552  
6300.523491  
6290.917216  
6281.55278  
6285.007453  
6282.108739  
6285.000744  
6281.539081  
6281.766216  
6275.824163  
6272.89712  
6281.046973  
6276.170897  
6278.11899  
6276.118033  
6273.525842  
6285.437772  
6285.343359  
6285.211494  
6297.625441  
6291.035387  
6297.171344  
6289.527157  
6292.473755  
6292.474121  
6290.294634  
6290.119275  
6291.91737  
6285.878781  
6287.288206  
6291.461962  
6289.606973  
6288.197665  
6296.913247  
6297.555463  
6292.937684  
6294.482109  
6302.876123  
6299.568833  
6304.780479  
6297.720432  
6292.007648  
6293.479574  
6293.007716  
6301.987906  
6284.505948  
6285.83054  
6294.522364  
6297.653184  
6291.367573  
6281.487016  
6293.502832  
6287.798745  
6294.551719  
6285.32456  
6298.32177  
6282.404344  
6310.812662  
6288.747451  
6300.63296  
6315.93842  
6310.220227  
6310.306523  
6303.833909  
6309.261288  
6303.507751  
6314.547313  
6298.972102  
6305.300283  
6289.959086  
6290.014606  
6287.743721  
6286.242401  
6282.180579  
6285.318537  
6297.958044  
6298.205961  
6307.345363  
6302.497205  
6294.924923  
6302.577421  
6302.064428  
6305.243022  
6297.64973  
6297.445422  
6296.931585  
6296.508655  
6297.416689  
6306.430947  
6295.707544  
6294.073579  
6296.215784  
6298.970466  
6294.199863  
6298.242943  
6296.780729  
6296.210674  
6289.231883  
6292.746317  
6287.330611  
6294.234079  
6283.597735  
6296.522732  
6303.301428  
6298.445957  
6305.6108  
6301.84876  
6304.210621  
6312.617137  
6310.807039  
6315.938558  
6325.424566  
6322.452002  
6318.839761  
6308.246343  
6312.268909  
6308.406094  
6305.323063  
6305.659975  
6296.842006  
6304.403625  
6304.670427  
6314.818036  
6306.939017  
6306.61484  
6308.461024  
6312.848478  
6297.041788  
6305.380961  
6311.911686  
6304.167503  
6309.971413  
6304.169493  
6313.178848  
6310.734165  
6305.824802  
6299.707583  
6309.162759  
6296.809524  
6296.743711  
6302.913529  
6306.086348  
6313.385443  
6303.411635  
6310.513322  
6311.501135  
6306.263802  
6306.926631  
6304.965849  
6309.789504  
6313.724753  
6303.258726  
6313.422904  
6302.929999  
6301.479011  
6300.699897  
6304.564632  
6306.014833  
6308.361566  
6300.200382  
6306.712623  
6301.938281  
6304.953476  
6297.625548  
6299.788198  
6298.122121  
6299.363133  
6299.788671  
6292.989546  
6293.078802  
6295.489308  
6300.389864  
6286.893065  
6289.969255  
6290.914216  
6300.432349  
6292.954632  
6287.526215  
6293.854457  
6297.847611  
6287.854633  
6290.491838  
6288.691027  
6289.195588  
6283.425339  
6293.05495  
6288.537217  
6296.60319  
6294.429735  
6280.700082  
6277.950096  
6284.284059  
6289.024611  
6294.870644  
6292.019198  
6292.038558  
6298.240566  
6296.355436  
6292.743895  
6293.883186  
6292.462582  
6294.161635  
6297.852546  
6284.942728  
6296.123476  
6287.636158  
6286.856314  
6288.436873  
6300.778181  
6297.175398  
6287.619979  
6294.332434  
6300.443547  
6298.841676  
6295.941629  
6293.182023  
6297.972576  
6289.547059  
6292.990468  
6286.202175  
6287.998492  
6293.59496  
6293.769554  
6294.404248  
6294.341452  
6286.751359  
6290.047039  
6296.607722  
6302.399088  
6292.87713  
6298.097227  
6293.151124  
6297.724148  
6297.202769  
6286.610055  
6287.645273  
6296.174707  
6297.994661  
6294.704619  
6293.747295  
6290.837243  
6289.037072  
6292.379938  
6294.680481  
6292.685241  
6291.767389  
6306.605811  
6304.662264  
6297.506656  
6292.089378  
6300.407293  
6297.896229  
6293.890812  
6295.074862  
6289.584514  
6296.829698  
6295.095799  
6300.506191  
6295.293876  
6296.746487  
6299.704368  
6294.848076  
6292.505106  
6291.524702  
6296.336115  
6293.705991  
6290.461778  
6295.572368  
6291.256947  
6293.603691  
6300.668925  
6298.357716  
6300.415322  
6303.71147  
6302.421388  
6297.229157  
6292.278528  
6290.96303  
6291.074428  
6290.905743  
6287.175381  
6279.822656  
6263.982164  
6275.692905  
6286.277032  
6304.849647  
6296.309969  
6292.126287  
6292.328707  
6288.352307  
6284.646558  
6289.857894  
6275.425442  
6271.717802  
6270.516879  
6254.55  
6252.497633  
6260.510586  
6259.129016  
6268.365357  
