3031.669431  
3032.960845  
3031.925828  
3037.162111  
3048.106308  
3037.09954  
3033.624408  
3041.020191  
3040.331766  
3020.213062  
3017.829512  
3020.896563  
3011.092028  
3033.081798  
3026.157846  
3019.137356  
3032.588518  
3037.680851  
3040.886751  
3043.680957  
3035.037342  
3041.505114  
3035.102801  
3037.082011  
3036.079609  
3029.293979  
3022.070842  
3015.165985  
3020.464799  
3024.059561  
3026.225781  
3030.572784  
3033.607391  
3034.995126  
3037.575427  
3027.130115  
3028.389332  
3028.354931  
3025.084923  
3019.886936  
3016.356018  
3022.654372  
3022.984957  
3013.954635  
3027.167837  
3033.42158  
3032.624998  
3030.328952  
3032.203326  
3026.455399  
3025.407582  
3035.89785  
3025.391358  
3033.688577  
3031.680213  
3033.067656  
3037.011321  
3017.768932  
3028.889452  
3020.17989  
3027.389077  
3029.066204  
3030.014279  
3020.843789  
3021.907727  
3035.166426  
3025.407983  
3024.72528  
3023.695614  
3028.949385  
3033.604458  
3031.591462  
3034.283845  
3038.194947  
3040.70456  
3042.498379  
3039.344875  
3024.842278  
3029.511712  
3035.302852  
3028.756683  
3028.114907  
3021.801032  
3024.225289  
3026.53669  
3026.647115  
3028.437525  
3018.023989  
3020.613844  
3026.994339  
3028.851166  
3033.853849  
3030.452734  
3025.746748  
3026.121988  
3020.544324  
3022.952065  
3019.206407  
3017.205936  
3019.243114  
3021.544015  
3025.062486  
3018.507707  
3014.728737  
3017.381901  
3017.745168  
3021.015905  
3016.843002  
3018.15162  
3019.119463  
3032.168184  
3035.012669  
3026.524936  
3029.920733  
3023.641278  
3023.992316  
3024.624065  
3021.583223  
3030.1235  
3015.641343  
3022.948154  
3022.284379  
3021.370967  
3020.728918  
3024.259044  
3034.435408  
3032.419079  
3030.817322  
3031.216461  
3036.125753  
3033.578794  
3038.921303  
3036.587441  
3029.413408  
3032.140174  
3033.528989  
3032.074607  
3030.067043  
3025.798191  
3033.339322  
3032.845352  
3029.805932  
3023.735662  
3013.813034  
3024.602632  
3016.917148  
3022.095186  
3022.679863  
3022.463928  
3016.723417  
3016.631998  
3027.954088  
3020.229665  
3026.980359  
3024.249567  
3034.910593  
3029.873506  
3026.16553  
3027.97209  
3018.058966  
3024.848121  
3024.208551  
3034.226907  
3021.420726  
3022.620641  
3014.182811  
3018.878381  
3018.450441  
3016.070193  
3014.495384  
3015.247659  
3022.289255  
3023.286504  
3018.524774  
3017.41952  
3023.029754  
3020.673749  
3016.259952  
3015.310367  
3013.79201  
3014.075683  
3020.072956  
3022.031055  
3035.339932  
3019.744482  
3021.154099  
3025.001484  
3020.39936  
3029.438043  
3034.75353  
3028.110858  
3027.107431  
3033.206072  
3041.957069  
3037.701885  
3028.289361  
3026.93126  
3030.052513  
3028.63612  
3026.557915  
3014.439456  
3009.432082  
3014.192012  
3021.435666  
3026.003731  
3019.051766  
3009.481546  
3013.492208  
3020.308334  
3021.247693  
3020.142267  
3025.002379  
3032.484505  
3032.909518  
3035.445744  
3032.297389  
3024.134665  
3025.231116  
3037.403869  
3038.27326  
3046.114544  
3048.851598  
3038.345509  
3040.094711  
3031.098099  
3033.591582  
3032.38898  
3029.504186  
3023.220254  
3025.631871  
3019.173483  
3016.629714  
3017.773854  
3015.949013  
3023.435444  
3015.520958  
3019.140912  
3018.864568  
3019.243316  
3038.653117  
3028.782509  
3029.251251  
3028.458705  
3028.145712  
3035.091806  
3020.229204  
3026.155137  
3014.374191  
3024.860248  
3026.372264  
3019.729222  
3019.221885  
3022.642111  
3027.19561  
3030.623621  
3026.197622  
3016.705744  
3020.339275  
3017.111462  
3024.675788  
3013.868116  
3018.912636  
3020.434585  
3022.024616  
3017.822071  
3014.403325  
3021.981538  
3022.481789  
3020.789692  
3030.789474  
3023.401616  
3026.921566  
3028.325266  
3023.374288  
3025.766931  
3018.688412  
3028.958705  
3014.530477  
3018.35215  
3015.135283  
3013.302753  
3019.97651  
3020.370047  
3027.16079  
3030.557279  
3020.919012  
3025.787945  
3031.340819  
3043.796049  
3041.268608  
3029.536051  
3033.544028  
3038.023689  
3037.839984  
3031.105918  
3028.859006  
3036.792193  
3037.33782  
3037.377291  
3030.76024  
3024.607268  
3021.907952  
3024.120815  
3030.316286  
3025.254046  
3019.740532  
3022.851298  
3025.616301  
3030.420937  
3029.456624  
3017.6987  
3010.94262  
3018.546752  
3026.10757  
3026.749725  
3021.527954  
3014.128457  
3013.046506  
3020.543779  
3023.281756  
3017.646919  
3027.565937  
3027.272189  
3029.749202  
3032.628297  
3010.979758  
3013.599365  
3021.648687  
3022.94603  
3020.106744  
3014.863829  
3022.972783  
3021.129182  
3029.83082  
3024.450764  
3021.891585  
3017.17262  
3019.694372  
3024.439888  
3022.058229  
3012.652464  
3019.031138  
3029.369081  
3029.416207  
3040.469632  
3031.030739  
3033.462311  
3040.676278  
3042.233586  
3040.937547  
3024.857337  
3020.671902  
3018.559295  
3022.641698  
3033.256322  
3025.439402  
3034.767406  
3009.01291  
3034.645533  
3051.038114  
3057.712132  
3056.802004  
3056.60778  
3052.037026  
3044.8823  
3041.030704  
3033.060315  
3026.381662  
3028.559871  
3043.311668  
3042.41599  
3051.051646  
3042.166484  
3034.431836  
3043.382793  
3044.015947  
3039.110335  
3039.987185  
3036.996925  
3029.670615  
3038.51986  
3031.668855  
3033.206432  
3030.650688  
3018.057289  
3021.582522  
3024.250003  
3032.109633  
3018.859602  
3025.365301  
3016.349494  
3017.082572  
3023.021893  
3023.797907  
3023.809458  
3030.716808  
3036.508377  
3027.032589  
3028.38865  
3021.610027  
3034.688055  
3034.73063  
3025.229303  
3017.062891  
3008.791004  
3016.060541  
3021.972639  
3016.031037  
3027.153458  
3027.155815  
3025.505697  
3022.074981  
3032.44764  
3024.306206  
3021.888554  
3029.9064  
3030.037403  
3036.064177  
3033.297369  
3035.130589  
3036.792174  
3024.521746  
3028.123832  
3032.703221  
3032.994865  
3038.043568  
3028.716289  
3035.81631  
3025.26814  
3028.074468  
3030.32763  
3025.97833  
3025.824256  
3034.25339  
3040.397259  
3035.227735  
3028.55986  
3031.355855  
3036.202272  
3034.513965  
3040.481442  
3032.285737  
3033.043296  
3033.45866  
3035.471157  
3037.129795  
3029.940576  
3030.525106  
3029.646551  
3030.320029  
3033.911183  
3031.611658  
3031.515673  
3034.009816  
3032.902725  
3030.272219  
3025.517728  
3014.350516  
3014.13606  
3020.353497  
3016.065615  
3023.707916  
3014.165373  
3022.579188  
3024.36457  
3029.163763  
3037.668308  
3031.895332  
3029.928118  
3034.424289  
3036.909709  
3024.219968  
3019.795598  
3020.339896  
3020.42319  
3020.697826  
3016.524637  
3018.193782  
3013.270173  
3017.633879  
3018.875397  
3017.320264  
3017.058951  
3024.49203  
3031.752811  
3033.182984  
3039.55597  
3029.910305  
3025.482745  
3027.711672  
3034.191672  
3038.678662  
3029.469931  
3023.797716  
3031.098554  
3035.417959  
3036.860417  
3022.770188  
3030.341085  
3026.910395  
3030.191603  
3033.397996  
3024.883199  
3020.567493  
3017.975581  
3029.839122  
3025.27947  
3035.766291  
3026.656921  
3034.825707  
3031.262117  
3029.057512  
3031.957161  
3025.202372  
3026.011003  
3028.042729  
3029.104532  
3036.035013  
3029.021897  
3022.704338  
3018.667173  
3029.121661  
3026.126863  
3023.289547  
3032.09435  
3035.507236  
3036.721092  
3020.214954  
3014.411038  
3015.584721  
3017.678369  
3018.881891  
3016.583408  
3015.818815  
3021.646422  
3021.710937  
3026.63103  
3025.650437  
3023.267601  
3014.64045  
3024.113326  
3022.092072  
3020.596701  
3006.148772  
3017.865646  
3021.778519  
3017.330057  
3013.874346  
3013.445671  
3015.673661  
3015.94124  
3020.302392  
3032.034969  
3018.016777  
3019.922432  
3019.798409  
3018.859007  
3019.772502  
3005.0254  
3014.492847  
3021.84633  
3012.397604  
3023.454723  
3021.115472  
3035.944435  
3027.547441  
3032.43073  
3037.739264  
3032.275485  
3032.042894  
3037.459013  
3037.678314  
3033.351331  
3032.691853  
3031.357975  
3025.187817  
3039.876826  
3043.040492  
3035.187905  
3035.166682  
3052.774374  
3048.987152  
3060.283739  
3063.529971  
3049.305859  
3056.531907  
3035.253253  
3028.505214  
3020.60628  
3022.320276  
3027.514616  
3013.497626  
3015.853371  
3016.648415  
3016.235564  
3022.14428  
3027.150972  
3030.594706  
3028.773162  
3017.412839  
